N			X			Y			Z
0     | 0.0070357436247611791075  | 0.0049851150490461335063  | -0.00014181201532144276718 |
1     | 0.0074168427636125472055  | 0.0043937808169366718639  | -0.00014748166097945205927 |
2     | 0.0014269570889123811119  | 0.0080565593477889222568  | -0.0016543993056292213405 |
3     | 0.0061210756426124390828  | 0.0010081732567895252024  | 5.2438865583766624645e-05 |
4     | 0.0089533931643168175596  | 0.0080048101879130872244  | 0.00080433892866179723755 |
5     | 0.00071213313316228707157 | 0.0010089905710079941168  | -0.00073475237365817219499 |
6     | 0.0022601063991109613012  | 0.0095792230542966830265  | -0.0013362045990859706263 |
7     | 0.0069361218085241824541  | 0.0031999979857113168211  | -0.0009574450744247942546 |
8     | 0.0060891147985219938252  | 0.0089792008702241424278  | 5.2674505914867945661e-05 |
9     | 0.0038247714794180137816  | 0.00037056265837220327911 | 0.00084407245185195555609 |
10    | 0.0086525663628639649938  | 0.0068970868581767407965  | 0.00085380853066295645665 |
11    | 0.0097136192114648245433  | 0.002281323211980650946   | -0.0016608954733004438822 |
12    | 0.0032198602672685902419  | 0.00606780276310530612    | -0.00045612397372074483257 |
13    | 0.00087378780391869984023 | 0.0046576174966505021549  | -0.0011354784682438554596 |
14    | 0.0035511275051596049614  | 0.0088994562299105090669  | -0.00045822989558173279033 |
15    | 0.0060657889363503894944  | 0.0051867895152409122447  | -0.00092029257666422187127 |
16    | 0.0079247748645202200496  | 0.0069063233589702092627  | -0.00053308016200797085291 |
17    | 0.0060930350087651354365  | 0.00081534184140437339274 | 8.9358098194914649913e-05 |
18    | 0.0075095869036047365602  | 0.0018053163345970347099  | -0.0014402238269501841349 |
19    | 0.0090644791764475061979  | 0.0079481449921600267478  | -0.00061969327847544901713 |
20    | 0.0058113342526507887759  | 0.005441827988699992312   | -0.00025403547783488348048 |
21    | 0.0018881867012935094063  | 0.0086923181876639356996  | -0.00058788017578342540229 |
22    | 0.009310633061483148884   | 0.0019856129116265779262  | -0.00037342885416101744564 |
23    | 0.003453669888170119405   | 0.0059408489716489551805  | 0.00080466154820763968313 |
24    | 0.0058553892715380168044  | 0.0074339951219094145204  | -0.00055369408317731299337 |
25    | 1.8986366871006058637e-05 | 0.0085213554201379933944  | -0.0012941847644127248314 |
26    | 0.0052187056801062340489  | 0.0049357086499691778941  | -0.0002019605324528606896 |
27    | 0.0045055837850703052763  | 0.0029061427464348349621  | -0.0014676893874149142712 |
28    | 0.0033675045364477984057  | 0.0072468362494355923961  | -0.00031958919006357241685 |
29    | 0.0020439102736164449503  | 0.0096860442921735262489  | -0.0010326140138682876526 |
30    | 0.002425364779269032281   | 0.0047971328668527457931  | -0.0015411632685431993044 |
31    | 0.0071681627650835941928  | 0.0085389017460556857625  | 0.00090262231235757530313 |
32    | 0.0083692572638583359601  | 0.0011575227626574892664  | 0.00070874065553772503528 |
33    | 0.0094470546987717451959  | 0.001063102553427085423   | 0.00013992897521988937335 |
34    | 0.005811680405543210616   | 0.0070963737727245956854  | -0.00062729490942485446187 |
35    | 0.0056085042368652637812  | 0.0034854671648658405031  | 0.00076784202278162220871 |
36    | 0.0037582120937690445366  | 0.0065309763188586738084  | -0.0010565845163174952207 |
37    | 0.0067792804128846322412  | 0.007441847828074612918   | -0.00015732408696997495011 |
38    | 0.0035328575191713950353  | 0.0069892100423511373947  | -0.00037004661370335030545 |
39    | 0.0068930604669208174473  | 0.0065487236352158115921  | -0.00052357351296274676558 |
40    | 0.0047959180087447364146  | 0.0076076187468232213396  | -0.0012594392173100497304 |
41    | 0.0032221569184746477917  | 0.0031372038552972395832  | -0.0013681249418365272474 |
42    | 0.0037592510840101806685  | 0.0063208871046866905996  | 0.00056221026059239970901 |
43    | 0.0089792406288783915141  | 0.0067526096876167627028  | 0.00026709385738429174996 |
44    | 0.0092246706376351902262  | 0.0098175948094471991723  | 0.00033715671320780956494 |
45    | 0.008496192063769596875   | 0.0077850460408444548815  | -0.00038316243799414235376 |
46    | 0.0099319656955828596046  | 0.0070021969403244316288  | -0.0006062517407803824903 |
47    | 0.0015453383269866188213  | 0.0022486935781524603276  | -0.00079692603792237345917 |
48    | 0.0087322615625882414603  | 0.00063777990220580680139 | -0.0012315395443556814356 |
49    | 0.001601913390012247489   | 0.0081067375389350243564  | -0.00064615949795076004381 |
50    | 0.0071350048353074147292  | 0.0024684064113070901952  | -0.0011793216790548254926 |
51    | 0.0071595852000139303256  | 0.0020557263233045527419  | 0.00051561500740140379234 |
52    | 0.0031557513102506455291  | 0.00031304849068170551496 | -9.8665489995911038416e-05 |
53    | 0.0017820706409764333535  | 0.0023337190513592945794  | 0.00071830615555024384528 |
54    | 0.0050046685930451081242  | 0.0051255377177906085231  | -0.0013989209532943222818 |
55    | 0.0082877646445506120837  | 0.0010279101454943177004  | 0.00091999602182739966157 |
56    | 0.0054369734467909431111  | 0.006332627167207859932   | -0.0015198316128867978697 |
57    | 0.0025832641793087792424  | 0.003624534684573914485   | -0.00080723847961615977434 |
58    | 0.0060913059684336891275  | 0.0030898125129308496445  | -0.00095861937137696300038 |
59    | 0.009156303103547754757   | 0.0078234142613474392386  | 0.0005813233166560164214  |
60    | 0.005308987301414123082   | 0.0070210666289258569922  | -0.0007531820995863484176 |
61    | 0.0079412007852878770814  | 0.0068262520345886692694  | 0.00077292237178894858309 |
62    | 0.004263072985806975676   | 0.0057604422431783725705  | -0.00077085024083850648031 |
63    | 0.0018551366186226880828  | 0.0099337763908848106947  | -0.00011744565220941859097 |
64    | 0.0089994241934554450313  | 0.0065581573360075483964  | -0.0015709558139200322478 |
65    | 0.0093153399389485618681  | 0.00090759704296480966587 | -0.00065255926428158428539 |
66    | 0.0055421455358529853052  | 0.0018430765442011686362  | -0.0008671195253463064587 |
67    | 0.0046634484827622890712  | 0.0053649566471424990285  | 0.00015825829992875060622 |
68    | 0.0062432159633315992622  | 0.0032163469221511763012  | -0.00083474801195220188054 |
69    | 0.0044806014915443311344  | 0.0060284139378522427419  | 0.00014456946378876912624 |
70    | 0.007709404297500971337   | 0.007137679709093057781   | 0.00072561985715421852688 |
71    | 0.0086442235017173824074  | 0.0063824345276152208081  | -0.00014572654083301787658 |
72    | 0.0081541131202228257779  | 0.0045882573090792831     | -0.0010101577446098278148 |
73    | 0.0013670104680880803324  | 0.003935122857407695289   | -0.001120861407413607097  |
74    | 0.0021137342728753324983  | 0.0044818679922441996208  | 0.00036115472363835451159 |
75    | 0.0071326991137926386635  | 0.0017318034493778986828  | -0.00013594303900186277046 |
76    | 0.0066958400181135555723  | 0.0085243967213918820508  | -0.0010407961561978000022 |
77    | 0.0070494344936145869607  | 0.0077414936953698757285  | -0.0015489541537207799846 |
78    | 0.000998056304910421117   | 0.0087103166940872452095  | -0.0016163122300326077194 |
79    | 0.0077127653550101331684  | 0.0031602184339739850145  | 0.00015811434729598818939 |
80    | 0.007862364576674822636   | 0.0023397482122693709188  | -0.0011430334111037032761 |
81    | 0.0043430709888740729949  | 0.0031186961417649680488  | -0.0010815985261501974337 |
82    | 0.0056007384384161853705  | 0.0036883112953397206683  | 0.00044973313401751432907 |
83    | 0.0022176375707869755774  | 4.3469658680278350194e-05 | 0.0004847790038936042583  |
84    | 0.0064083037486081413647  | 0.005464856132665655078   | 0.00041384072721146564168 |
85    | 0.0097983117061965930433  | 0.0053278622822400699063  | -5.8672772979093977866e-05 |
86    | 0.0051881839033659036403  | 0.0048441856025724736728  | -0.0013864769180512569614 |
87    | 0.0019313680545280124609  | 0.0093856206621655020178  | -0.00089215456449758044448 |
88    | 0.0031385543541806544196  | 0.005305195676029127172   | -0.0011560804549493514971 |
89    | 0.0091628173831902245267  | 0.0064081047676159729257  | 0.00059247817158183859604 |
90    | 0.005534411850532222274   | 0.0043154751551465701104  | -0.00056302077743736829354 |
91    | 0.0096443412032855939386  | 0.0011256752555608563575  | 0.00050732789572548089158 |
92    | 0.0036975276425075861292  | 0.007323655548272631384   | 0.00061342878681213287156 |
93    | 0.0035762911513934144032  | 0.0045411148439233823063  | -0.0014587634168406185195 |
94    | 0.0031033344310231413508  | 0.0060096438323545648894  | -0.00069017609820909702357 |
95    | 0.002040949876217498099   | 0.0025624183604781619779  | -0.00053251755820335814045 |
96    | 0.0019077298894675652919  | 0.0086228910585844399661  | 0.0007189871488647173528  |
97    | 0.0038187287956497552484  | 0.0085543598964675886254  | -7.4151711416994015307e-05 |
98    | 0.0057033085090795881955  | 0.00096613144250513210195 | 0.0006306214334628771831  |
99    | 0.0055868510329785663754  | 0.0076127697683124207623  | -0.00071386265872253724073 |
100   | 0.006646357328274466944   | 0.0033367332523077091605  | 0.00091314153677543629176 |
101   | 0.0026107773918221501355  | 0.0099909915968520932039  | 0.00084600913701702305011 |
102   | 0.0055847003918461975841  | 0.0098721359297370483987  | -0.0010748164801920824171 |
103   | 0.0098979081931259687427  | 0.0078863724835187345996  | -0.001317361120419616085  |
104   | 0.005452461853504807221   | 0.0032113699058142482039  | 0.00020573966053323409662 |
105   | 0.0069751322851020610902  | 0.0031153743610738372435  | 6.8082653603802743185e-05 |
106   | 0.0094397964480774556456  | 0.0093482250191926716948  | -0.00039285704993222847351 |
107   | 0.0055017438951005413414  | 0.0052122020581639970371  | 0.00089874668505657891865 |
108   | 0.0044559270087875307506  | 0.0014459528809160091065  | 0.00012994203927501398344 |
109   | 0.0069724080574904622951  | 0.0028560418596143642006  | -0.00029352013171581335443 |
110   | 0.0066139695156475124607  | 0.0089616577395911396764  | -0.00052380532157770924844 |
111   | 0.0020065716193084985434  | 0.00079368820606688346778 | 0.00046772104104274780326 |
112   | 0.001767280026331354394   | 0.002438598156663513046   | 0.00046147686098907956306 |
113   | 0.0068699862454544456322  | 0.0018584493869483495292  | -0.0012483039339155565205 |
114   | 0.0067370877121231088555  | 0.0045468533992563718929  | 0.00014735036487217788542 |
115   | 0.0071879627107224288232  | 0.003211980256835323972   | -0.0010344880998456700005 |
116   | 0.0086912260325183628151  | 0.0056305596463181511666  | 0.00099578037415790163905 |
117   | 0.00086152908839206209998 | 0.0093263233783173627583  | -0.0011736395607424335817 |
118   | 0.0019665050829458931118  | 0.005489942962790665161   | -0.00053580808266089118355 |
119   | 0.0025629972204255237721  | 0.0012608707809259338175  | -0.00067448929524478685657 |
120   | 0.0067759816782809317859  | 0.008026388118913905384   | 0.00014824375766226170282 |
121   | 0.0028819607882951923938  | 0.0017865342427586081327  | 0.00043067323355360236266 |
122   | 0.0031596454552682315224  | 0.00031858181152695670951 | -3.9416429986170235214e-05 |
123   | 0.003786948137048812453   | 0.0032478422618629288268  | 0.00068609685648381418116 |
124   | 0.0035481399077339644509  | 0.0050357063322212939141  | -8.2278074033726767995e-05 |
125   | 0.0097036894427685090742  | 0.0046490236340841562326  | 0.000374086030986706293   |
126   | 0.0031046921442913506112  | 0.0018483645504579055124  | -0.000112231964826698641  |
127   | 0.0076338733112005013534  | 0.0027139536120504245166  | 0.00036060705131481143437 |
128   | 0.0027531539391097161439  | 0.0070901028770761183664  | -0.0010680998198291380419 |
129   | 0.0092067589771739240245  | 0.0057504629388147278021  | 0.00051787451597446105579 |
130   | 0.0067830444318531324735  | 0.00050501976435935727258 | -0.00068187787961472871509 |
131   | 0.0063502030009420376913  | 0.0023679416484571787216  | 0.00081949848512912013693 |
132   | 0.0053045423735843333715  | 0.0054227156634732718091  | -0.0012024645009017398845 |
133   | 0.0067090433494643563622  | 0.0047748940298519690004  | -0.00053115451785143311201 |
134   | 0.0083950774083482049975  | 0.0016776483461679329769  | -0.0013896218792307471913 |
135   | 0.009890749177045085952   | 0.0088604722350701346778  | -0.00065990187406554635073 |
136   | 0.00082926260767336972945 | 0.0044033350529227317099  | -0.00045528317238586817842 |
137   | 0.0081223531177152877292  | 0.0087611896918057801525  | -0.00042585637173529050908 |
138   | 0.0060449434787547638021  | 0.0026245825948867998467  | 0.00055899248212619033396 |
139   | 0.00061378835361159235842 | 0.0073390985429675967278  | -0.0014570555050780777378 |
140   | 0.0067106856865603182333  | 0.0048782059106537460288  | 0.00074554406818264692264 |
141   | 0.0052610471151779370988  | 0.005111372522148865255   | -0.0003012758672981465948 |
142   | 0.0044040014520247937335  | 0.0014855886912382093926  | -0.00020290478757677943527 |
143   | 0.0089977578202618362091  | 0.0084841466651399913973  | -0.00044494909702685544756 |
144   | 0.0095880768615758185658  | 0.0032873793139621366663  | -0.0010625991367123447957 |
145   | 0.0016490890581891805376  | 0.0015427612714782848631  | -0.00084045064201390727934 |
146   | 0.0010009757669202094983  | 0.003510242774634164762   | -0.00098872354435964844924 |
147   | 0.0096224977395702303989  | 0.0054541776803847469637  | -0.001082612216908657209  |
148   | 0.0080638431949143496436  | 0.0019851505041412770974  | -0.00094825621653585854837 |
149   | 0.0034233106806936890697  | 0.0046462805371865261925  | 8.7986823733648356831e-05 |
150   | 0.0061246050525384058971  | 0.0036029137581423411295  | -0.00065278644122853692316 |
151   | 0.0068347184337452203395  | 0.0021332989780218076896  | -0.001060355031218583946  |
152   | 0.0086675190657064995342  | 0.0041676305999869918059  | -0.00011279459530691055588 |
153   | 0.0077203909138966672621  | 0.0066931924607108294473  | 0.00059439427958717355044 |
154   | 0.0079992556263573898201  | 0.0071382611843382208147  | 0.00035702450043050611844 |
155   | 0.0016317913831339595117  | 0.0034034830347378260129  | 0.00029565959477113271797 |
156   | 0.0013548956795882618077  | 0.0067544293464651501344  | -0.00040631549042852513082 |
157   | 0.0039947501680327093115  | 0.0026769805605865604897  | -0.00044892134834375295189 |
158   | 0.0079499715125870753368  | 0.007684495275622442792   | -0.0014425931517457531595 |
159   | 0.0062034891356469671481  | 0.00091364626447212838808 | 0.00016172629461835521429 |
160   | 0.0020593227804508677098  | 0.0038387120616890976071  | -0.0013920690655403074581 |
161   | 0.0046441821020318640317  | 0.0041724687227802908368  | 0.00092637535999625948008 |
162   | 0.0026870936830103750274  | 0.003543197077874591424   | -5.5881592777786494612e-05 |
163   | 0.0049627068469061301828  | 0.0089605531988377166985  | -0.00046487321164652699746 |
164   | 0.0078945852058838611454  | 0.0067410595807719719472  | -0.0013152354812896492955 |
165   | 0.0093640778824682739667  | 0.0053737180957462646336  | -0.0016623285219745716646 |
166   | 0.00457384652654871382    | 0.0091286472150675680715  | 0.00071506768373679439887 |
167   | 0.0050285223163262851576  | 0.0057947162051520907308  | -0.00016247991982379987835 |
168   | 0.0038007293409561106537  | 5.367794605185220166e-05  | -0.00041076523752406405828 |
169   | 0.0088217099178593567227  | 0.0088599704002591400664  | 0.00079739181659261779405 |
170   | 0.0097980553465509354766  | 0.0058905006596995657109  | -0.00058771760940480339153 |
171   | 0.0029206059263306395277  | 0.0082313696903801008425  | -0.00061077300785671018429 |
172   | 0.0091520940326324691505  | 0.00010516062973437252041 | -0.0012814192173579578085 |
173   | 0.0058333395986363209551  | 0.0072649125365999824358  | -0.0011670068360595336164 |
174   | 0.0069327982542558182211  | 0.0058469750471109183804  | -0.00066000626344148583934 |
175   | 0.0077183503424538071891  | 0.0021386672821061538871  | -4.7073471562401114968e-05 |
176   | 0.0061259670702675066145  | 0.0062904657659769791858  | 0.00023222722721818534527 |
177   | 0.00885008168360884237    | 0.00024626305824052040824 | 0.0008396592509958387832  |
178   | 0.0029702261895182880715  | 0.0067105851250960357746  | -0.00051439615268949686906 |
179   | 0.0002869575444297802402  | 0.0090583306373428502251  | -0.00051593986105807790148 |
180   | 0.006456564639050131095   | 0.00013005689148403584633 | -0.0016058465892948967004 |
181   | 0.00034789734718201773336 | 0.00021470241829979342242 | -0.0016357382812264961627 |
182   | 0.0040077689470774547492  | 0.0097861591972325974453  | 0.0001115634745740772091  |
183   | 0.0051946377013057740829  | 0.0067339367974100523134  | -0.0003982177491084229427 |
184   | 0.00089725890736905527904 | 0.0068578272317665637733  | -0.00095186607147661867444 |
185   | 0.0031604639109005065734  | 0.0086922529814447615365  | 0.00032175339594756209843 |
186   | 0.0051135527256612189895  | 0.001312049513472082372   | 0.000102319918032586386   |
187   | 0.0096279747077975888492  | 0.0030955379540886680811  | -0.0011221076882328305437 |
188   | 0.0037031733589033607318  | 0.006157375786382875138   | 0.00045986076150948240315 |
189   | 0.0090254011476195959707  | 0.0025751335402360462853  | -2.6470821333850241597e-05 |
190   | 0.0079611862636154977907  | 0.0072830801568998923198  | -0.0013449402208197335732 |
191   | 0.0022743524927989386929  | 0.0067675164256870380328  | -0.0013806089456200015386 |
192   | 0.0010404198728854304953  | 0.0058038483356944638863  | 0.00029732820462014463662 |
193   | 0.0029763701959436583179  | 0.0044734995089803662391  | -0.00049520268244275934648 |
194   | 0.0021724118551167998122  | 0.00094099159235137299316 | -0.00033767824737302766253 |
195   | 0.0039776047886733757741  | 0.0050525253151935418244  | 0.00091907621489493605479 |
196   | 0.0029130828281560090451  | 0.0048137003786074012562  | -0.0013510259321794860013 |
197   | 0.0032031223916461778155  | 0.0086748788545505470943  | -0.00077172443097291772585 |
198   | 0.0065212464255692062509  | 0.00093950251378206045289 | -0.00049507521818494427263 |
199   | 0.0048212172166121319145  | 0.0075741460674962268404  | 0.00051044461227438883005 |
200   | 0.00026070584990545852969 | 0.0060208725209336538819  | -0.0012165411648725756814 |
201   | 0.0062424348599274441865  | 0.0011259899078895501973  | -0.00059798938724170208007 |
202   | 0.0061175903427408955676  | 0.0004211918672425828819  | -0.0010358930189143225522 |
203   | 0.0017704099347438952659  | 0.0082491472231431862971  | -0.0013854670884509694573 |
204   | 0.0081341486816365916879  | 0.0095572079980432711466  | -0.00048081849085299734363 |
205   | 0.00069600310302252795143 | 0.0082745727501690336664  | 0.00094524588024422640659 |
206   | 0.0085723462936085608604  | 0.00091304866661587357531 | -0.0015402265488114925702 |
207   | 0.0062740546595999278912  | 0.0030746882761803419511  | -0.00038635630063466611323 |
208   | 0.0060253353361304591226  | 0.0070365485771895028982  | -0.0015672564324430210067 |
209   | 0.0040499939695261616066  | 0.0061709746207017452876  | -0.00045740421610375182329 |
210   | 0.0052533786705751235949  | 0.0040955252585513158073  | 2.8260133318069444641e-05 |
211   | 0.0098915352884514883003  | 0.0076515346129559010796  | -0.00049484262617117979761 |
212   | 0.0066549923146171250862  | 0.0045572830314490730269  | 0.00056132804500600341682 |
213   | 0.0099355871939223131678  | 0.0082717596535355798759  | -0.00054810772261167095554 |
214   | 0.0058520571020627678779  | 0.002942173047484843932   | -0.00076655425222633380607 |
215   | 0.0033855910698062270658  | 0.0055237739786690312829  | 0.00040404879506016018248 |
216   | 0.0069651044125013756789  | 0.0065808454386079373935  | 0.00054132875301334763135 |
217   | 0.0058348132873116652364  | 0.0098209480869622441807  | 0.00016997512140261191978 |
218   | 0.0086936273533230312011  | 0.0011503879197371578557  | -0.00027822662782083130853 |
219   | 0.0038078730561527072973  | 0.0027146631017997409178  | -0.00019085129434685864716 |
220   | 0.00042422537299395708926 | 0.0015207099688219129652  | -0.0012201081332647303272 |
221   | 0.0038787570491142973027  | 0.0074705247950985990274  | -0.00041118893200699056659 |
222   | 4.1534210350305830577e-05 | 0.0079683041765531113787  | 0.00054728046601665064803 |
223   | 7.8945065893246599005e-05 | 0.0071126619862514617321  | 0.00074280074802762167258 |
224   | 0.0090505819628474270394  | 0.0026029435318627872423  | 0.00073055199315895402203 |
225   | 0.0070813999305132805176  | 0.0073184580600608390225  | 0.000256910218024306242   |
226   | 0.0059606406023394765958  | 0.0023954413991269531657  | 0.00013283360945365351238 |
227   | 0.00057602738087850094504 | 0.0049582498220957088586  | -0.0012854820361218014142 |
228   | 0.0028217797020908094892  | 0.0071211784055612518257  | 0.00032163971969218922752 |
229   | 0.0049059791468373829468  | 0.0079600109735878249451  | -0.00078097568529965463897 |
230   | 0.0075606062787989857313  | 0.0048916068950963917036  | -0.00075526936669867851103 |
231   | 0.0035111138608005863608  | 0.0065177312672226794463  | -6.0791514910175242521e-05 |
232   | 0.0028318587887981049901  | 0.0093268654353062824952  | -0.0010113531597456132134 |
233   | 0.0098958524684237738483  | 0.0043317934478685465177  | -0.00042038644559710031156 |
234   | 0.0091757814717078715894  | 0.0093192621791016172494  | -0.0015393860894471497833 |
235   | 0.0011083463753581062131  | 0.0057856979959532576011  | 0.00090659831129174899261 |
236   | 0.0022913390812893219377  | 0.0023372771361573198116  | -2.0957480421128598774e-05 |
237   | 0.0077445362333152713979  | 0.0059752485130155352788  | 6.0244761332794782372e-05 |
238   | 0.0050337840224557589552  | 0.0032361068198715164761  | 0.0003625545896874298661  |
239   | 0.0059901673471685380756  | 0.0011062024506210876764  | -0.00037865209584141942866 |
240   | 0.0081391300426484590458  | 0.0092191074907041221237  | 0.00020387895688663560377 |
241   | 0.0091438555431709468008  | 0.0016074999648937624095  | 0.0003168536197668330931  |
242   | 0.0005739847247717170739  | 0.0043383914428453866988  | 0.00090252752592417679472 |
243   | 0.0015354182699975800486  | 0.0019795862284531185946  | -0.00056267753746635346644 |
244   | 0.0024003964916418370039  | 0.0048387114850905986463  | -0.0011902217915790616175 |
245   | 0.0055009836760166229766  | 0.00160643849238223781    | 0.0004886316982453653944  |
246   | 0.0030281529602333347867  | 0.005833322438343253348   | -7.1242966189174348676e-06 |
247   | 0.0052648150733264568318  | 0.0082252739595468811473  | -0.00042154793536613001728 |
248   | 0.00881172634231318537    | 0.0011172949534282391494  | -0.00077347724479421892021 |
249   | 0.0086675092188612766486  | 0.0053874486533644263403  | 1.9926257144282340315e-05 |
250   | 0.0011344064785134900294  | 0.0055800723487589931962  | 0.00064650206419648772321 |
251   | 0.0083271547191640683805  | 0.0017371394928141436174  | -0.0012377253511356603281 |
252   | 0.0013857423453652148622  | 0.0045990933148372433598  | -0.00064472697221281522438 |
253   | 5.1564741689476216555e-05 | 0.005585805735151636725   | -0.0013075860630460053868 |
254   | 0.0010021011490244874451  | 0.0036074991776480665184  | -0.0012396391850127777296 |
255   | 0.0078950022276533752402  | 0.0077020269100540016127  | -0.0012660770898522426178 |
256   | 0.0062428507554111185157  | 0.0066630875055152527509  | 0.00099220168508235440791 |
257   | 0.0069405617974596300543  | 0.0053919408380359371002  | -0.0011175459191863125214 |
258   | 0.0089516336986819912414  | 0.0058379257960155320206  | 5.7356586031001128786e-05 |
259   | 0.0036747877476276864274  | 0.0011656682186648701944  | 0.00069827177822531208331 |
260   | 0.0096091082339762861481  | 0.0055389213157976766727  | 0.00035799425888045736943 |
261   | 0.0052260862358719621656  | 0.00068207691430986533334 | 0.00043229945502228789029 |
262   | 0.0035736001916984133468  | 0.0031029587914814158421  | -0.0010065873268495057705 |
263   | 0.0091032448437683433085  | 0.00029191640011428049515 | 0.00053617181485624606369 |
264   | 0.0057187307496363703335  | 0.0034175485914341762264  | 0.00091324667601771624282 |
265   | 0.0094802701276139149378  | 0.0067570191322496187675  | 0.00088493442766601152633 |
266   | 0.0020972442404358321126  | 0.0069882615248491996435  | 0.00013802710766362756394 |
267   | 0.0088979898082564741479  | 6.8601997794447817057e-05 | 0.00017286551755839411068 |
268   | 0.0046017798133472379365  | 0.0030665721013784959237  | 8.7269747506475020288e-05 |
269   | 0.0077524587990765682008  | 0.0070639812183013574523  | -0.00012403878958852063196 |
270   | 0.0042967515149680210462  | 0.0035491534898783832878  | -0.00090055286103926039231 |
271   | 0.0062595170998759001174  | 0.0023110499950298058619  | 0.00013623217690906662576 |
272   | 0.00075832453804009435604 | 0.0015237167888093846105  | -0.0013571255931022268779 |
273   | 0.0078788354889836736961  | 0.0044849257817339907572  | -0.0014517332221874108041 |
274   | 0.00043475320530641175338 | 0.0063515769223835829779  | -0.00020312015650553936997 |
275   | 0.00094106075929806460093 | 0.0059849629096044168822  | -0.00089419311424492812883 |
276   | 0.0075459722448675712811  | 0.0075085619372455923021  | -0.00078759345565571796995 |
277   | 0.007126400102811265326   | 0.0079805790519800277188  | 0.00070219173593824167536 |
278   | 0.00021842438030853246326 | 0.0030457339281507599289  | 0.00023741679922089059095 |
279   | 0.0064729262051525836633  | 0.0033747307457731821889  | -0.00077068723512199971241 |
280   | 0.0021424577611437512804  | 0.0046642575790286832857  | 0.00035230797035590662907 |
281   | 0.0087614480260983697985  | 0.0067161447906045309078  | 0.00036003449652415481534 |
282   | 0.0091095689248628514134  | 0.00014055666994650282899 | -0.0011585479640039532748 |
283   | 0.0071703508551222948364  | 0.0043312125904722423644  | -0.0008797243511233724788 |
284   | 0.0035540317196887825577  | 0.0051174547827785689738  | -0.00094704074756034664628 |
285   | 0.0009115596062159028257  | 0.0078772090780811748062  | -0.00044691280580675513644 |
286   | 0.0026563522080404159027  | 0.0044679258552442089811  | -0.0014282776661572135248 |
287   | 0.0037957477805287808542  | 0.0071961638855463872996  | -0.00017835432962431594078 |
288   | 0.0037238105706456072971  | 0.0061403154833710813648  | 0.00054615420969210913809 |
289   | 0.0040743364509337248389  | 0.00078578210260636107646 | 0.0006885428228600097263  |
290   | 0.0030456904154331164956  | 0.0068895022204429482229  | -0.00061426360343565537727 |
291   | 0.0040423354954028101194  | 0.00095706585652476170584 | -0.0012310557503687744908 |
292   | 2.1263037204608635765e-05 | 0.0074076526501949263581  | -0.0013056861310868337917 |
293   | 0.0097722103072465996143  | 0.0076500202969998834512  | 0.0004288322092938707847  |
294   | 0.0054769567212285272598  | 0.006885926077283626226   | -0.0016192762986158701008 |
295   | 0.0053514151151150216729  | 0.0018440247442624542809  | -0.0010021222233498135092 |
296   | 0.0032383788258664785928  | 0.0092957071766610992192  | -0.0016045384955518404192 |
297   | 0.0046203031918226750152  | 0.0030435949988987819927  | -0.00042901670353906874548 |
298   | 0.002705749003180019964   | 0.002860965729496269417   | 9.9243044258063534504e-05 |
299   | 0.0030301321267685757226  | 0.00071598097699239167738 | 2.6321222480152845294e-05 |
300   | 0.006807713577345290458   | 0.0092038103107880686604  | 0.00017296521054884704234 |
301   | 0.0023870107787918033553  | 0.0011330389574023579709  | 0.00011379043934578431498 |
302   | 0.00062726505904729039191 | 0.0070688999876159664543  | -0.001011407174383129005  |
303   | 0.00052284701465300418254 | 0.0035158007000014200247  | -0.00076953768894301183973 |
304   | 0.0084625525787560603591  | 0.0076041456922556708437  | -0.001313644553730639996  |
305   | 0.0046158698922224598513  | 0.0035525968346429705018  | -0.00051847020687940720187 |
306   | 0.0092143303661975407837  | 0.0067202184546169005733  | -0.00086913831746414631912 |
307   | 0.0053090939314698794987  | 0.0070469872044996509364  | -0.00032416399715870633427 |
308   | 0.0060946497758448663767  | 0.0060438244580723193833  | -0.0015857008132879712569 |
309   | 0.0033996957963401321784  | 0.0048533361431498753952  | 0.00073121801296227671024 |
310   | 0.0032939574533127121553  | 0.0092571260793110603932  | -0.00075505478658538852359 |
311   | 0.0031890655296639767828  | 0.00027342975307286876765 | -0.00099137095500426955681 |
312   | 0.0039305633640597335138  | 0.0023924067857899072344  | 0.00010304656532841654192 |
313   | 0.00083863096338291319692 | 0.0060552874050505463982  | -0.00084253084537999395256 |
314   | 0.0097897139135466708371  | 0.006548283314907185626   | 0.00037733552212520702056 |
315   | 0.002005228357840330676   | 0.0012690614715335393585  | 0.00025659061116231564239 |
316   | 0.0070560040848585666232  | 0.0070521849180283551276  | -0.0012723149536710612589 |
317   | 0.0011747846670803012686  | 0.0083237667550215867218  | -0.00069621332216812713365 |
318   | 0.0040871257461257267871  | 0.0039441036717862351657  | -0.001024689130350727893  |
319   | 0.0058036992090128320526  | 0.0081420495377273541249  | -0.00087262932669031714229 |
320   | 0.0027892831383041247033  | 0.007912325517525875887   | 0.00018689512160641874724 |
321   | 0.0090022934176827995589  | 0.0025182899801337987195  | -0.00039089790801376212911 |
322   | 0.0058094822097274276262  | 0.0023865759681291828787  | -0.0014312038087077965081 |
323   | 0.0023528371572738302278  | 0.0019812063082320129428  | -0.00016975797174891300704 |
324   | 0.00015984483743341704122 | 0.0034723882246781296972  | 0.00034118829488314765834 |
325   | 0.0026328447268046191627  | 0.0044400578341835484839  | -0.00093536124098074783974 |
326   | 0.0025856790679041935684  | 0.0066459780297292679607  | 0.00013278737475649188531 |
327   | 0.0012043103205056785235  | 0.0042172596747037729981  | 0.00098815961854215299959 |
328   | 0.0016390549398955483584  | 0.0023244702698331505368  | 0.00059450906989721150932 |
329   | 0.0068539189227029761672  | 0.0053166219113592282086  | 0.00040655382958763896292 |
330   | 0.0053738397546155385054  | 0.0041898630629825794891  | 0.00081804820324625233258 |
331   | 0.0035428786882186237561  | 0.0088903503466791974907  | -0.00049306492858930428026 |
332   | 0.0030146588930456165445  | 0.0022028219926530875385  | -0.00080074515804244149764 |
333   | 0.0051041644352817321095  | 0.00079684376962322277758 | 0.00051710843904020074337 |
334   | 0.0056075880704733243806  | 0.0013070734030593152662  | 3.3496979773996464654e-05 |
335   | 0.0050017055808768756328  | 0.002452027562659738532   | -0.0011880426601075958024 |
336   | 0.0080679520332454287418  | 0.0078456688345049201139  | -0.00085897401522206794262 |
337   | 0.0093246869056611506738  | 0.0083751670436049661939  | 0.00076104643126142807602 |
338   | 0.0041962778476341017903  | 0.00070376594316469301502 | -0.00044425801158299942605 |
339   | 0.003549854038093827862   | 0.0050223779580166145672  | -0.0014680338456505874142 |
340   | 0.0047843890312976719223  | 0.0038405939161936580514  | 1.3923787598523039991e-05 |
341   | 0.0020386484550213531709  | 0.0062231227921630775241  | -0.00082439051723906585454 |
342   | 0.0063138452921171284507  | 0.0072065653607621526361  | 0.0003080297113278614423  |
343   | 0.0004835359446100499     | 0.005541211822343480517   | -0.00031849701840056150737 |
344   | 0.0014270335837707145716  | 0.004674357095182708581   | -0.00075848321129124221529 |
345   | 0.0061436322339921576804  | 0.0052241544172299215695  | 0.00057407069315295201212 |
346   | 0.009391221407462704146   | 0.0060093317173461118993  | -0.00069633669518586892213 |
347   | 0.0086442683232017172162  | 0.0071577472995811410386  | -0.0010125256107370336593 |
348   | 0.0063758254302867332225  | 0.0066119236423108039558  | 0.00047333462866749106274 |
349   | 0.0093242963344052007257  | 0.0029756651663923501527  | -0.0012749328543856131447 |
350   | 0.0082218762287825462171  | 0.0091001454735703899562  | 0.00058358575554006298508 |
351   | 0.0074432949354640513123  | 0.0060171817591635600592  | 0.00045153942512204172386 |
352   | 0.0034255966541616514331  | 0.0047372249950762782694  | -0.00042111951019591098173 |
353   | 0.0059534555569582961812  | 0.0034594258249433279713  | -0.00059610850207938677944 |
354   | 0.0028014552808482296592  | 0.0033927007637928746631  | 0.00058555166304128259541 |
355   | 0.0052848868352261581249  | 0.0035023834032362893831  | -0.0012863816280250914195 |
356   | 0.0063137635276439545845  | 0.0083772306218557052171  | -5.8140920362415635764e-05 |
357   | 0.0029677916446921360528  | 0.0046675077580936577201  | -4.7220117926703435054e-05 |
358   | 0.00035841799747750698523 | 0.0072516761613982336221  | -0.00059746385515988724782 |
359   | 0.0093625549016660269269  | 0.0034062379489578865563  | -0.00092236970253814325182 |
360   | 0.0055516057874731520455  | 0.0074460799523302541314  | -0.00092754732836224703524 |
361   | 0.0055133618059857551763  | 0.0074311248717375258041  | 0.00095315152011759976883 |
362   | 0.0049550618545156277159  | 0.0058660185004818839877  | 0.0009548863655988995211  |
363   | 0.0047484016824450372973  | 0.0084502286547479509016  | 0.00010531405911803009374 |
364   | 0.0044484927174997766774  | 0.0077421139207222468281  | -0.0008586746137630609085 |
365   | 0.001005046240195549322   | 0.0007775602857895692584  | -0.00092970986774071351106 |
366   | 0.0016526325631725665398  | 0.0023875158453547226309  | -0.00096670869452168965881 |
367   | 0.002894272084943352516   | 0.0040298765865166355504  | -0.00046758060926598298034 |
368   | 0.0055202200213198436216  | 0.0022796248003849450131  | -0.001563406353922923344  |
369   | 0.0028320237737205333078  | 0.0059944919120012143607  | 0.00015389607198977670738 |
370   | 0.0078775702380441941369  | 0.0072101234933876585595  | 0.0009439772530064607578  |
371   | 0.0056684067153822811566  | 0.0048273029081704549662  | 4.1280211916464802082e-05 |
372   | 0.0060621821658409470387  | 0.0059623691394369900814  | -0.0015278063227290767951 |
373   | 0.0067925412838937288679  | 0.003871361456430124845   | -0.00071279023414233858534 |
374   | 0.0090852247806120483425  | 0.0089689452943796238449  | -0.0013233978828733731787 |
375   | 0.00028527955769886695001 | 0.0069878015779014646114  | -0.0005740164853271735243 |
376   | 0.0032341597400007788751  | 0.0010632236697317896338  | -0.00094991320953758621309 |
377   | 0.00042336209834884728489 | 0.0034023667389528836763  | -0.0015212651751924670309 |
378   | 0.0091486058636586504306  | 0.0011678371715804160193  | 0.00030200773426176843583 |
379   | 0.0044142707947234923957  | 0.0092081060644920338654  | -0.00022000190105000606172 |
380   | 0.0023997193100999971403  | 0.002657423876906566361   | -0.0010230853113990081085 |
381   | 0.0061493118447897981982  | 0.0056057200564690471203  | -0.0010076870124102923609 |
382   | 0.0080530576428958604296  | 0.0047445318849753002552  | 0.00047052640457607378816 |
383   | 0.0048146259811611951535  | 0.0048426744142212214961  | -0.0016189158235115983907 |
384   | 0.0048491558207098108338  | 0.0053524928446595908954  | 0.00047935508779486360378 |
385   | 0.0092719926326806090255  | 0.008109080109404394679   | 0.00047622214301881304194 |
386   | 0.0051642547696063283852  | 0.0053736009627174804656  | -0.00078206780767264979463 |
387   | 0.0044027355621608695729  | 0.00052735701283519232675 | -0.00154355620557059545   |
388   | 0.0060034062670202281708  | 0.007675387199049058147   | 0.00072784273994871886287 |
389   | 0.00048896314720641646367 | 0.0052163263297389942177  | -0.0009103326487554016383 |
390   | 0.001992286855444755627   | 0.0014214220513786451384  | 0.00022213022586543547474 |
391   | 0.0037083047475709295798  | 0.003500482120710158955   | 0.00010583487525547164581 |
392   | 0.0047399490663937718024  | 0.0064539569682812315127  | -0.00041609554902929615392 |
393   | 0.0085208907453728291448  | 0.0075168327248533017143  | -0.0011705713828126140981 |
394   | 0.0025498653437998342053  | 0.0067770084955591572418  | 0.00014370832556189188506 |
395   | 0.00023285898311147272197 | 0.0049460076650725305625  | -0.00073841974499488417533 |
396   | 0.0017641465538973065668  | 0.0060980280923910801585  | -0.00022266930106497179989 |
397   | 0.0010484579826919194091  | 0.0021353828905100844145  | -0.00095681266357511155288 |
398   | 0.0095665600450913768071  | 0.006040377584513735576   | 0.00040140694531121730998 |
399   | 0.0064205689665084190662  | 0.0032184806021450869558  | 0.00067262620822887420058 |
400   | 0.0024030885942144491856  | 0.0024213411132820456678  | -0.00050565807603872477138 |
401   | 0.007601133675322010487   | 0.00037022256573765693725 | 0.0001809154451718359433  |
402   | 0.00092079688055463331658 | 0.009200280088411710161   | -0.0010647859665733319569 |
403   | 0.0099267502446425976564  | 0.0063896653767067873933  | 0.00083240603140637050433 |
404   | 0.0032805068786181126005  | 0.0084278818664820648321  | 0.00099598699602075017184 |
405   | 0.0035290655556692585026  | 0.0047761769317037428353  | -0.00027182816494601057212 |
406   | 0.0027015733733043514886  | 0.0028341364284335565475  | -0.00031471969007214729928 |
407   | 0.0094102488343296049333  | 0.0036652635933306586778  | -0.00058935833893076800417 |
408   | 0.0035049678648135782801  | 0.0032483539775232080429  | -0.0011270204680962577805 |
409   | 0.0075882137619024620304  | 0.0097180849240925733928  | 0.00069167985913514817148 |
410   | 0.0033522753898847586392  | 0.0046886448508379847608  | -0.0010414233424526301436 |
411   | 0.0045421188889380936446  | 0.005811507274957521639   | -0.0010312898152180112726 |
412   | 0.0067345660005420091357  | 0.0022912546449150297465  | 0.00046748561267909464687 |
413   | 0.0035431214140116081869  | 0.0022636928918965530146  | -0.000144950560240583498  |
414   | 0.0008599044528306405916  | 0.0015952856211081879907  | -0.00083962165871395277178 |
415   | 0.0025043740300995705889  | 0.0071796655395860962956  | -0.0013296568341759804847 |
416   | 0.0023332323559295924109  | 0.0048593641100287904636  | 0.0009619109661628917271  |
417   | 0.008009061751310999136   | 0.0022884946495607422917  | -0.0016138173726136517683 |
418   | 0.0088671826509309874254  | 0.0039560274320769072201  | 0.00074458959164317491813 |
419   | 0.0046356256478118596995  | 0.00397743055734025696    | 0.00037835063582003936739 |
420   | 0.0061428611281862484025  | 0.0039671611229544385957  | -0.00052561188076878867861 |
421   | 0.0022946183682191114567  | 0.0063847186068617797425  | -0.00072522105075282811571 |
422   | 0.0011254103295379586352  | 0.0090298022716722003284  | -9.9497900357142438142e-05 |
423   | 0.0055335137255155611435  | 0.0051139265937941184512  | -0.00063219654607322940329 |
424   | 0.0091165812809725528532  | 0.0066771303738742309244  | -0.00034775366099584910894 |
425   | 0.0074787042018898278531  | 0.0044208672048097917215  | -1.0394536975639266082e-05 |
426   | 0.003610574455977037453   | 0.0072506907543036132335  | 0.00041767906699876770947 |
427   | 0.0032159528763290074101  | 0.0058009674097960189226  | 0.00022249290132593470184 |
428   | 0.0048680126537213371657  | 0.002628975567146484265   | -0.0010068187863822859306 |
429   | 0.0057176830945110598825  | 0.0031492886444991598574  | -0.0013937722164355185323 |
430   | 0.0028875766561692636607  | 0.0013408752437444845015  | -0.00014186498989155970859 |
431   | 0.0023034186878156518753  | 0.0039868857576117701022  | -0.00052793442993377627439 |
432   | 0.0043084847022435302649  | 0.00037284432258733601765 | -0.00086003765366147208286 |
433   | 0.0030123801313605602821  | 0.0072419818814317181779  | -0.00043861548533937475599 |
434   | 0.0048849180126431662741  | 0.0030796225027341058225  | -0.0014101681452817909929 |
435   | 0.0012971141351577866914  | 0.0081302658123664564571  | -0.00073699473912810077678 |
436   | 0.0041650375313879578476  | 0.0088788250573063852433  | -0.00017646263711821241413 |
437   | 0.0023831264512176294004  | 0.0052466584074996056378  | 0.0004483981252352420158  |
438   | 0.0077852722744799502524  | 0.0031198674458371715608  | 0.00061717517769584954307 |
439   | 0.0056857884813588241077  | 0.00079655233820105576965 | -0.00098275469738472631849 |
440   | 0.0052405483719671795348  | 0.0089002419173411853603  | -0.0015973185285523170632 |
441   | 0.0067150663338798009805  | 0.0054330865849270514045  | 0.00061427137742725134578 |
442   | 0.0047949120891945147538  | 0.0062507938548487552988  | -0.00029512490814420644369 |
443   | 0.00924812063212837078    | 0.0027782353646685080568  | -0.0013579122162207829961 |
444   | 0.0091818898429160081959  | 0.0026603955772578650671  | -5.8067710822701865266e-05 |
445   | 0.0061657795871497928994  | 0.0038954016263656439725  | -0.00026820760076120213995 |
446   | 0.0047573125303761306867  | 0.0072197196132085866491  | 0.00066889911058793717104 |
447   | 0.0093120400782426976383  | 0.0077050268095504659618  | -0.00031199819480341413943 |
448   | 0.0048431444309445133289  | 0.0017565034882847888748  | -0.0016479476164667906761 |
449   | 0.0054584944477691164227  | 0.0033173942350707493094  | -0.00072053797372665208745 |
450   | 0.0028787110941736878886  | 0.0064154842745417894195  | -0.0015921682097016468145 |
451   | 0.00067677723723493974327 | 0.0071210296984474249701  | -0.00042897818572992362646 |
452   | 0.0047308122801541820091  | 0.0050221527573797520097  | -0.0014787407465548178375 |
453   | 0.0049508019279066693696  | 0.0097599363212099131404  | 3.5293199704741725676e-05 |
454   | 0.0048292762956311918038  | 0.0062013075264096368874  | -0.0012683455515287616125 |
455   | 0.00043991759453868603362 | 0.0061472827837732403264  | 0.00014493655956917010294 |
456   | 0.0066393714180050461895  | 0.009993744100000430397   | -0.00031529267747250707852 |
457   | 0.0097199810899781333845  | 0.0031875002018175867431  | -0.0013825507659463347546 |
458   | 0.0048374373854328384104  | 0.0067219073370857933616  | -0.0012041713150299740865 |
459   | 0.0041517785250262222163  | 0.0083541373183218716608  | -0.0016032596541114539114 |
460   | 0.002803310483304631822   | 0.0028153898305204685427  | 0.00036558358171217240906 |
461   | 0.0010780739756556566647  | 0.0058116882882226859192  | -0.00037530082798324431934 |
462   | 0.0060361980909986205288  | 0.0041827067566817454844  | 0.00096650167199018467007 |
463   | 0.0081475739689714117564  | 0.0061187094339108481778  | -0.00021771224802337370849 |
464   | 0.001714228528886589404   | 0.0043061148566979345897  | -0.0012667097454175857071 |
465   | 0.0052438994018867597646  | 0.0074110403188392915894  | -0.00070038362032418964489 |
466   | 0.0070753194779964948685  | 0.0088606250416324913027  | 0.00082749574915265324687 |
467   | 0.0045923132838114385373  | 0.0030173237355202451107  | -0.0010492266977037241135 |
468   | 0.006430985197898894494   | 0.0028028079520871218566  | -0.00024703026407126179014 |
469   | 0.0093949895914358493715  | 0.0049977809868600505533  | -0.0010406588812686265108 |
470   | 0.0087552971380610630087  | 0.0038403010232112753074  | -0.0011623366879683885624 |
471   | 0.0024922266843858146765  | 0.0080539252382310771994  | -0.00079053217060330702084 |
472   | 0.0036422397065486293057  | 0.0052328016986677768768  | -0.0011147468387455519712 |
473   | 0.0024230813842952766968  | 0.0037379304345026079237  | -0.00087355542034091109276 |
474   | 0.004645607980446560259   | 0.0045669446054814235442  | -0.0013358314869041608679 |
475   | 0.0065398912764000503503  | 0.0017978455911134652058  | -0.0014306704725430110028 |
476   | 0.0060386181095560516677  | 0.00030399168870226490544 | 0.00019180279958476605107 |
477   | 0.0099408854360577680181  | 0.0032603728728235964809  | -0.00068215311744349547973 |
478   | 0.0061984119573202899056  | 0.0081188690898025793474  | 0.0003010255582930171348  |
479   | 0.0085807037928741364263  | 0.0058514762364684337961  | 0.00087918067937721975941 |
480   | 0.00024420810025807673316 | 0.0092819609528034599522  | 0.00014338378748204449065 |
481   | 0.008578462446181054149   | 0.0029948496849776210134  | -6.9419204765087271945e-05 |
482   | 0.0045426706113173374174  | 0.0091974041863562908117  | 0.00038871338761611764611 |
483   | 0.0021136077584695107077  | 0.003628326121345559329   | -0.00031302698672747874447 |
484   | 0.0046620009972590760114  | 0.0041324733413160711151  | -0.0014678527613328725722 |
485   | 0.0067518601544790859265  | 0.0027681524623930317021  | 0.00041203132375358577505 |
486   | 0.0099515006518308447847  | 0.0087068881521382285316  | 1.1248185618672335226e-06 |
487   | 0.0021921754240993148941  | 0.0025402269115324003709  | 0.00025073770486174417563 |
488   | 0.0041500132431295097199  | 0.0090419356632434437493  | -0.001522880711861745659  |
489   | 0.0028937252407144793687  | 0.0018937760560310272669  | -0.00081730457239703670387 |
490   | 0.00016210891581597448863 | 0.0063107832549846882425  | 0.00017664782651816059861 |
491   | 0.0082210725773435907454  | 0.0037794532070250536765  | -0.0010179881808449070275 |
492   | 0.00028296204486748743022 | 0.0031639615168399552389  | 0.00032744074504953511046 |
493   | 3.4800677849238828533e-05 | 0.0081662321515592814491  | -0.0015643457076745816668 |
494   | 0.00061956647797823045151 | 0.0012144934343322416961  | -0.00018211948540154839198 |
495   | 0.0042292160343115432417  | 0.0068414052108540443498  | 0.00010243071000985053479 |
496   | 0.0075858279698668585472  | 0.0082949224591650737304  | -0.0015461089626777496132 |
497   | 0.0044948791547320607331  | 0.002350115919808357795   | -0.0007070437089541932842 |
498   | 0.0097504152016817547538  | 0.0064455332435962601687  | -0.00015637622739811743444 |
499   | 0.0055401453509315015319  | 0.0038992301872692461742  | -0.0010232113987928056348 |
500   | 0.0086507560716780305954  | 0.0018825989016643264028  | -0.0011296973853911641134 |
501   | 0.0049646640857029973593  | 0.0041024269598018440683  | -0.0007833482806559131234 |
502   | 0.0082666316557284923172  | 0.0032056009347467065429  | 0.00043684209065394507404 |
503   | 0.0058437333286419411785  | 0.0049716491346061030335  | -0.00091603821527953366126 |
504   | 0.0031701613393426315846  | 0.0049198882872200176003  | 0.00031409632848938254159 |
505   | 0.0089030834615266389587  | 0.0081114851162534650636  | -0.00062735211158288634297 |
506   | 0.0020857379254455238674  | 0.0032345295816110118323  | -0.0010251366404895395027 |
507   | 0.006769705344789632602   | 0.0051250596529628898723  | -0.0012866915180087194325 |
508   | 0.004755044332002986672   | 0.0029261084372358679186  | 0.00067721032606721308193 |
509   | 0.0069704934965542043532  | 0.0051533746669837144153  | -0.00084727086600244283596 |
510   | 0.0063384519917232375399  | 0.0015265867633907069002  | -0.00094632805564760964518 |
511   | 0.0030952013956034858493  | 0.0033338809057008923255  | -0.00037130525329151167638 |
512   | 0.00082859412369922706525 | 0.0058866522665443014178  | -0.0016407568893937701619 |
513   | 0.005297646906084068491   | 0.0070332256932185178988  | -0.00090478538624494115987 |
514   | 0.0069510919415881854133  | 0.0053570286395489951498  | -0.00026047360954045570497 |
515   | 0.0035986689666671223958  | 0.0023001013823145373752  | -0.00025723157456810133957 |
516   | 0.0020111064062271906926  | 0.0062447425319917711228  | -0.00021091793951468344498 |
517   | 0.0079602259527485307034  | 0.0027840934835180273371  | -7.4762427192015160722e-05 |
518   | 0.0061307911552425453997  | 0.0066318794914307062707  | -0.0012279606321272174864 |
519   | 0.0087357162670842983948  | 0.0043836688245075736137  | -0.00015257271360309039858 |
520   | 0.00098843588718452654596 | 0.0047096583923216840672  | -0.00076501078475507276917 |
521   | 0.0048317290675860468871  | 0.00068667629485202170102 | -0.0010593356861673297771 |
522   | 0.0083868995115155206554  | 0.007509728206704840113   | 0.00026911361706022780783 |
523   | 0.0074019318646736075029  | 0.0055051531819000545237  | -0.0010584190328958736384 |
524   | 0.0044462799928099011604  | 0.0030496814576064022566  | -0.0010341101801225082487 |
525   | 0.0046945006187963248326  | 0.0023101428098418236474  | -0.0002407940641518454964 |
526   | 0.0080732542637715117712  | 0.0012813803821024834836  | -0.00047615722960152030664 |
527   | 0.0040307716248594730249  | 0.0030800600845656209148  | 0.00025926553093827479609 |
528   | 0.0044387096627507248436  | 0.0043240618448956982464  | -0.00017250729297644537075 |
529   | 0.0021844086259660299744  | 0.0038689029340886142011  | -0.0011989083648009889443 |
530   | 0.0064569574256574521418  | 0.0045310592934023246128  | -0.00080433178828581003428 |
531   | 0.0052881191640947152258  | 0.00096185957028907607524 | -0.00032036622320253749577 |
532   | 0.0051377627604259831773  | 0.00065906567182376135563 | 0.00022661163681909522131 |
533   | 0.0081539626715665045054  | 0.0019591846465778499538  | -0.00054571800854829124756 |
534   | 0.0007114705439817468717  | 0.0017951444564148098457  | -0.0010246147422174431852 |
535   | 0.0092192439570884555933  | 0.0025256033223938481255  | -0.0015667051846702064778 |
536   | 0.0093237454865042028451  | 0.0054170024462612985025  | -0.0010938751457856784634 |
537   | 0.0016370980090764902359  | 0.0097115032034790285675  | 0.00059129986599784590748 |
538   | 0.00076326033212033761368 | 0.0018923312410063851223  | 0.00069357095215170482677 |
539   | 0.0092950200405076226218  | 0.0062206178180665349861  | -0.00036213831772416866508 |
540   | 0.0094406166742052842478  | 0.0047202768156336628522  | -0.00084083071277442963248 |
541   | 0.003915084061946083778   | 0.0049406758922813020715  | -0.0001911189262197538841 |
542   | 0.002475072209536349245   | 0.0016167810928431496954  | -0.0012203653227991547586 |
543   | 0.0066340330341118948498  | 0.001262864690376844061   | -1.5088044015368800159e-05 |
544   | 0.0048853536185685603535  | 0.0087836137255518365041  | -0.00013399287707425514287 |
545   | 0.0010321123149950833624  | 0.0036935562437996932901  | -0.00056499869966246168886 |
546   | 0.0069318576528834031925  | 0.0054248001294274136863  | 0.00020447567509273333942 |
547   | 0.0035090019069644001574  | 0.0076615500516886139368  | -0.00050879730059635885388 |
548   | 0.0046226177597806505926  | 0.0084114213113653992643  | -0.00041758088490860859835 |
549   | 0.00072403995002333636395 | 0.0043576535421970897036  | -0.00077768517222091165016 |
550   | 0.0054808802518419678929  | 0.0088182211844307929055  | 0.0007626420757403198393  |
551   | 0.0072333857213031042127  | 0.0042798764761095798789  | -0.00026766092003752172193 |
552   | 0.0047356147242377157752  | 8.4641157481627813763e-05 | 0.00065158103281130839296 |
553   | 0.0033934618482697330617  | 0.0037281349551068444434  | 0.00022892985922923691708 |
554   | 0.00054112296327145240418 | 0.0093822482052934048219  | -0.0015491722980601472289 |
555   | 0.0079010966872644586984  | 0.0044788685889431221337  | -0.0014628292898724005143 |
556   | 0.00075382994456169776041 | 0.0070274003318957414116  | -0.001361434348981080053  |
557   | 0.0087991161186272461026  | 0.0033351313214036279638  | -0.0012762101419863470034 |
558   | 0.0092574646132817014349  | 0.0054564897126324904755  | -0.0015934175624408568762 |
559   | 0.0051285312306000594221  | 0.0059953624829543316482  | 0.00089323333703924916172 |
560   | 0.0035293737263172547496  | 0.0031586111016213267756  | 0.0006305177563016866769  |
561   | 0.0056978631311934320458  | 0.0061538720144449264929  | 0.00089895663690024978781 |
562   | 0.0048408409853130749539  | 0.0015373840370730921384  | -0.00026827334121205516316 |
563   | 0.0071266249064156558801  | 0.0042484955990597312106  | -0.00017684864310874357082 |
564   | 0.0012128280934559487053  | 0.0064031719001170876726  | 0.00025684961883070154621 |
565   | 0.0032992676509346965941  | 0.0039560623407491023185  | 7.44429158991554579e-05   |
566   | 0.005604667197997374381   | 0.0048170986897315987846  | 0.00059649197462893158855 |
567   | 0.0017689410881412870238  | 0.0036993067048279727575  | -0.00033179369498095525768 |
568   | 0.00085385003457720055117 | 0.0070390084974155187406  | 6.7023135054084247457e-05 |
569   | 0.0035524866686034483124  | 0.0027296907965080174224  | 0.00011284925664277412006 |
570   | 0.0083122973682437477361  | 0.0061762536092110431954  | -0.00040119950633833771853 |
571   | 0.0076257722474642524943  | 0.0038378248629029883092  | -0.00093249102605381115408 |
572   | 0.0067164508523217796715  | 0.0097894182928383657871  | -0.0015240102914269833614 |
573   | 0.0068627081059084967321  | 0.0057098530812118696715  | 0.00056684998723175545818 |
574   | 0.0094781823265595241401  | 0.0063748878510118444154  | 0.00043985454408237978363 |
575   | 0.0079304349900828890324  | 0.0063515568562200978159  | -0.00070372433997129967432 |
576   | 0.0025195555958208797585  | 0.005529948298555842183   | -0.0014705994129397726052 |
577   | 0.0064699663036909124333  | 0.0090822067277428336629  | 0.00040324011027219244102 |
578   | 0.006537038814594920387   | 0.0074410979480692496582  | -0.0006947047307743937786 |
579   | 0.0042227134944434266406  | 0.0016838648587817381906  | 0.00065428686981898204894 |
580   | 0.0091641621100301603325  | 0.0061757527799580057976  | -0.001160187628054464579  |
581   | 7.4672309717667439445e-05 | 0.0066337030987346527408  | -0.00032484128970332391394 |
582   | 0.0090149198252907260936  | 0.0079013998190063678556  | -0.00025024412421380129792 |
583   | 0.0036675139817286496122  | 0.0052975025161378459446  | -0.0010954760314283275638 |
584   | 0.0067557385836727887676  | 0.0031610177864003366835  | -0.00043898172844318681003 |
585   | 0.0087042600783200311382  | 0.0048316924602039169195  | -0.0013446554776050596066 |
586   | 0.0042356316973537174245  | 0.0023314471705019315304  | -0.00044749290277728512874 |
587   | 0.0082040155822797576624  | 0.0071203023173854245939  | -0.00081163313217280544203 |
588   | 0.00065857400669613636209 | 0.0056842398276341918675  | -0.00013937273105503049679 |
589   | 0.0061344524796130986757  | 0.0029765325412999020863  | -0.00065030490396152692938 |
590   | 0.0087355982988120556287  | 0.0024892705164586180835  | 0.00044137309853292851095 |
591   | 0.00093916794152056905752 | 0.0095045995341556093611  | -0.0013999587677064934035 |
592   | 0.0050485672337204651888  | 0.005464366699477676316   | -0.0016146944321578395303 |
593   | 0.0056257068476273201785  | 0.0082708282281346041237  | -0.0010081362797121854596 |
594   | 0.0079249524392042813153  | 0.0066727931531634556567  | -0.0013439141491185743488 |
595   | 0.0097978127449183799458  | 0.0042529723221207673886  | 0.00084486473416206834489 |
596   | 0.0063796756971449550613  | 0.0058678878352201582422  | -0.00051375318792211432418 |
597   | 0.0012675441554760163987  | 0.00053186657508302382421 | -7.3594649523126784993e-05 |
598   | 0.0035121330372756805541  | 0.001572726863476827568   | 0.00016086310096898360253 |
599   | 0.0039549439410242522713  | 0.0031110375761285065377  | -0.00094560785824593048855 |
600   | 0.0012125866357328750691  | 0.0022896602913529406909  | -0.00125415651364075534   |
601   | 0.0082793157810954094711  | 0.0037293086829223586094  | -0.00016371018813419893709 |
602   | 0.0037843697616117962998  | 0.0072325148634828084759  | 0.00010734796899384012369 |
603   | 0.0079926042688527078328  | 0.003486236905653151627   | -0.00047891227427387407772 |
604   | 0.0087232132509677141191  | 0.0064582146987908692348  | -0.00051450664817209810359 |
605   | 0.0044472163927769762376  | 0.002424882598018515082   | 0.00064585241165769202015 |
606   | 0.0040736884508078014672  | 0.0072426630572231366981  | -0.0010794875444577237654 |
607   | 0.00090200520668801923308 | 0.0021035842520158174254  | -0.0010854263778949308546 |
608   | 0.00048325491407893490401 | 0.0044105327251198036057  | -0.0007268992272604090938 |
609   | 0.0096026183415417829675  | 0.0094519009408311916581  | -0.0010631566470872535687 |
610   | 0.0083527943072922734152  | 0.0046591618313712489588  | -0.00052769210897810113568 |
611   | 0.0038427454443146981562  | 0.00066502324374940579698 | 0.00029436628007693989165 |
612   | 0.0094189566909099187164  | 0.0057882416473780213748  | 0.00035075888485920322154 |
613   | 0.0050223893005842427592  | 0.0072612745692307197054  | -0.00079686916258009745945 |
614   | 0.0088159619367566936787  | 0.0045969063859661743812  | -0.00072239151165923078807 |
615   | 0.0025917210829706060354  | 0.0072017789694102784387  | -0.00012280342911017094959 |
616   | 0.00856257588195493205    | 0.0039407765446288593736  | 0.00083761799176836331665 |
617   | 0.0068981849473271879616  | 0.0033093891721632049535  | -4.7640773784168810535e-05 |
618   | 0.0048588129424063583595  | 0.0082544649686508379111  | -0.00064872385555770695816 |
619   | 0.0045931041543480020245  | 0.0042550841725784004782  | -0.00029113183372109403563 |
620   | 0.009838495174986619865   | 0.0091837034858760456524  | -0.00060074102259932715426 |
621   | 0.0070626235361149342085  | 0.0098784690004640705874  | -0.0011059368442154252857 |
622   | 0.0094012753665348950532  | 0.004897107968658559983   | -0.00062481627665335684203 |
623   | 0.0079608287975053895064  | 0.0057639880852640408906  | 0.00081805767596378458489 |
624   | 0.00015585657369409952979 | 0.0073477183151157863736  | -0.00087994036367774791825 |
625   | 0.0061364300211710328184  | 0.002214712972485496402   | 0.00080726006935222683475 |
626   | 0.0035618103176204931638  | 0.00094827234304914454193 | -0.0013087425056081609161 |
627   | 0.0018013775898753792842  | 0.00051869407707400894993 | -0.0012263153928717279457 |
628   | 0.0048789837809076336272  | 0.0091537770801288602385  | 0.00066332379354785801773 |
629   | 0.0014993628480364225124  | 0.0033129137565830425391  | -0.00060400965463536183866 |
630   | 0.0071116903092013584661  | 0.0071366397407928820751  | -0.00064986459344241076942 |
631   | 0.0054119231132548411764  | 0.0040583066961286688376  | 0.00081159781589418820459 |
632   | 0.0011394212752500038326  | 0.0079540344023308184179  | -0.00044600480245793637036 |
633   | 0.0093347089617908784315  | 0.0020302399499454865106  | -0.00069922113358155703593 |
634   | 0.0033817805266536733917  | 0.0067388781402045070876  | -0.0014407383394088868478 |
635   | 0.007098103120631985008   | 0.0063718853094286405717  | -0.0006336460705909153536 |
636   | 0.00053795127292855838847 | 0.0021615108156548381094  | 0.00028672009280594095738 |
637   | 0.0044889269970857879205  | 0.0074528746718998100523  | -0.00012270927376559944409 |
638   | 0.0026766639859573692663  | 0.00065071414908424521101 | 0.00098886263786199506826 |
639   | 0.0094177510081613815401  | 0.0047716220247468639493  | -0.00084562413559717683129 |
640   | 0.0028879570217694287317  | 0.0086401465463342604079  | 0.00089107195803311226717 |
641   | 0.0092190412577789482285  | 0.0029906549076177965998  | 3.9294121177775814899e-05 |
642   | 0.0050284862085753275623  | 0.0063186090081988532594  | -0.00045896495712445821349 |
643   | 0.0070779776613642923777  | 0.0080180458013194098182  | -0.00047948440868549090446 |
644   | 0.0069471694062355942093  | 0.0054299522107878065227  | 0.0003460608262426736483  |
645   | 0.0094875227172979085394  | 0.0051011425432276533143  | 0.00018785131940551958525 |
646   | 0.004427722022387392542   | 0.0072998480618848022444  | -0.0012589786537497045515 |
647   | 0.0058009446948068237732  | 0.0069570024347028885936  | -0.00047272164842269797074 |
648   | 0.0049438984724208606333  | 0.0076756433056287742475  | 3.0162861373205754507e-05 |
649   | 0.009069436241775011634   | 0.0059927449406167133603  | -4.3432181430253897711e-05 |
650   | 0.0026640869472767040975  | 0.0010548798450188032975  | 0.00023027180168235726306 |
651   | 0.007129954540915438288   | 0.0035314827948266353484  | 0.00045248909338570410124 |
652   | 0.00072323768145814593556 | 0.0048470903804804805343  | -0.0014413460846608328481 |
653   | 0.001083587417350373016   | 0.0080830636605198884909  | -0.0010847745105413380932 |
654   | 0.0035312284765034521183  | 0.0035813352477996693995  | 0.00028554781439369666734 |
655   | 0.0016299375182254438165  | 0.0060818453455717081876  | -0.00010187078461807828487 |
656   | 0.0029584712278010356912  | 0.0085617275820707230971  | -0.00016796587862775655148 |
657   | 0.001970990500114675522   | 0.0058885913664645942248  | -0.00078079250690071453321 |
658   | 0.0090551473150224780911  | 0.0035293008337810198929  | 0.00046300798443555990546 |
659   | 0.0051670620745437895877  | 0.00037249693876330352204 | -0.0009882000305401134662 |
660   | 0.0030222812990523604919  | 0.00049415267430564157811 | -0.00069783231381307113308 |
661   | 0.0032191563820604634887  | 0.007127581353510173412   | -3.6595367414055117352e-05 |
662   | 0.0044093961001323948856  | 0.0012107578844668446215  | -0.0016176759779939489051 |
663   | 0.0014410140995341038424  | 0.0091503346381702609785  | -0.00055748133581136262871 |
664   | 0.0044304108193393212933  | 0.0096930015501657997706  | -0.0015429175624554183812 |
665   | 0.00019865516427370531706 | 0.0037344461278701265861  | 0.00036329853966642376229 |
666   | 0.0015884078633181396463  | 0.004555151686306176291   | -0.00078058598257916449788 |
667   | 0.0052355891801925229234  | 0.0041398394292211544709  | 2.0817229228551529483e-05 |
668   | 0.0068043188265665679668  | 0.00336865787989091333    | 0.00061607871767736712559 |
669   | 0.0055886973322907401718  | 0.0033917580769212960813  | 0.00018081984553602859465 |
670   | 0.0069583600428370449148  | 0.0022376204918348203271  | -0.00085714397587635248084 |
671   | 0.0080009884656969034594  | 0.0077907111991134935652  | 0.00068369807812375556471 |
672   | 0.00022642861369121254742 | 0.0064427055436089338686  | -0.0013168524964377375727 |
673   | 0.0047781012014322188711  | 0.0058776489488047648641  | 0.00017093198319972934852 |
674   | 0.0065224428719897944301  | 0.0038310862807511914321  | -0.00076391368802141562666 |
675   | 0.0043615411944929330726  | 0.0049900012441852388545  | 0.00064884462642857219233 |
676   | 0.0084119817994286350676  | 0.0040286422894643169126  | -0.0010509357221664226024 |
677   | 0.00020134735874337202641 | 0.00021824682293368507418 | -0.00059231902071810909119 |
678   | 0.0023214639838333452591  | 0.0069491987151129707562  | -0.0015408713989958774341 |
679   | 0.0019067857921195045714  | 0.0041789102808316913248  | -0.00044310298057092053657 |
680   | 0.0076992096335191080939  | 0.0058762406356897322127  | 0.00023007258488173256642 |
681   | 0.0049004865073092890998  | 0.0094984723442542787208  | -0.0006719158197433133025 |
682   | 0.0078967911185943949481  | 0.0065832471859945543638  | -0.00051889182992677373735 |
683   | 0.0060158122281860574448  | 0.0079437127087590604646  | 0.00086778690528482253091 |
684   | 0.0092169213942303734877  | 0.0096016773487271767779  | 0.00084366368100986116347 |
685   | 0.0018467157639880922657  | 0.0049883636593300358791  | -0.0014764133959540002607 |
686   | 0.0019277872451468566241  | 0.0058135743051215401853  | 0.00035121787394628135957 |
687   | 0.0048753810780569617478  | 0.0019358734360130080976  | 0.00059477587961482419887 |
688   | 0.0010567799198529445603  | 0.0044471382339458936928  | 0.00031497628884276108454 |
689   | 0.0080420223438408232342  | 0.0055574292700445223486  | 0.00019431730782585522241 |
690   | 0.001028744858586669482   | 0.0090803800871916209858  | -0.00060458280237303616955 |
691   | 0.0036989943283246484382  | 0.0047963503346493676846  | -0.00051113601496830451607 |
692   | 0.0073209744137711120493  | 0.0013943804992668368259  | -0.00071339306692782958937 |
693   | 0.0011498925005601616945  | 0.0017818810816770604306  | -0.0008947649198083756656 |
694   | 0.001959307157644520677   | 0.0021954787298658824148  | -0.0002135028256501350836 |
695   | 0.0064612143797006223525  | 0.0048822544592039907388  | -0.00053420011931507125225 |
696   | 0.0069858272027439266907  | 0.0036805948777534724763  | -0.0013399810037179561359 |
697   | 0.0070886089663830175941  | 0.0078961861644139177269  | -0.0010590944262514438712 |
698   | 0.0072821805796024763335  | 0.0017348023385642884989  | 0.00060695245315132918991 |
699   | 0.0065390699417299889135  | 0.00085141828410942343216 | 0.00088673838257529152135 |
700   | 0.0038251725249313795613  | 0.0089073157338019556817  | -0.00050583358657993611994 |
701   | 0.0049614827893174279563  | 0.0048009755130732755662  | -0.00070949267004834703707 |
702   | 0.0066154124331731139     | 0.0061155069630955821713  | 2.7047799353365170431e-05 |
703   | 0.0021014670937676673337  | 0.0046797669890098819376  | 1.8793165464031102193e-05 |
704   | 0.007638991034014347252   | 0.0036459423923789436792  | -0.0013825273851124702737 |
705   | 0.0036997109032363248611  | 0.0041692660404597488635  | 0.00034727512286806519384 |
706   | 0.0067928287079341027194  | 0.0065221520980655138533  | -0.0008917510833911797925 |
707   | 0.00060931228847236967253 | 0.0095510255536679581484  | 0.00034473567223588293812 |
708   | 0.0099166386745929702151  | 0.0016533306708358518761  | -0.0009883130444211924142 |
709   | 0.0045308066354304036769  | 0.0039449513829258268244  | 0.00045774061048007696345 |
710   | 0.00011928093313590217614 | 0.00097237691456068385976 | -0.0012263792130905747969 |
711   | 0.0044099804390894826317  | 0.0063130720250965752932  | -0.00063646264961983694663 |
712   | 0.0046624631031694559885  | 0.0048113721710808347864  | 0.00021819471508373062402 |
713   | 0.0084221324470605523488  | 0.0038763682127871228189  | -0.00068500328957163967095 |
714   | 0.0044246471220860741913  | 0.0031751634848955546421  | 0.00091978988372760754361 |
715   | 0.0060454993088865883674  | 0.0080110806601038867664  | -0.0014010064914539868772 |
716   | 0.0017936321132410843436  | 0.002604005774216126487   | -0.00093074785117994130682 |
717   | 0.0036971711233358696934  | 0.0085121013488710928208  | -0.00079952887472159916895 |
718   | 0.0069028035119956315455  | 0.0029519183254781765184  | 0.00022487158947824981842 |
719   | 0.0030117214527856572479  | 0.0027091843206982139762  | -0.0014598168623722682785 |
720   | 0.007246245443857759691   | 0.0097380546221797446849  | -0.00010456937180814599266 |
721   | 0.0029466309709401672379  | 0.0066214620529853182238  | -0.001156851215706313895  |
722   | 0.0003069929385730523581  | 0.0043258138979289512127  | -0.00023965978165880642424 |
723   | 0.0063858436600072003564  | 0.0022555137425325330787  | -0.00033522387326333512357 |
724   | 0.0013189801876229596822  | 0.00043239837156874968895 | -0.00034606172420034589723 |
725   | 0.0053617692621907983228  | 0.00093775353919472092742 | -0.001631854624619255914  |
726   | 0.0018264477804816299858  | 0.0044322437477832292083  | -0.00049601640771564775838 |
727   | 0.0010741634987705020541  | 0.0028210462974301627609  | 0.00099021283257323938071 |
728   | 0.0067905871265607911993  | 0.0091654930527904614895  | -0.0011919749835548883003 |
729   | 0.0078221033053350371572  | 0.001630013361739863359   | -0.0011839914540842939438 |
730   | 0.0068601641334530196609  | 0.0090017659780481807524  | -0.0015760891971433263221 |
731   | 0.00710975021682489286    | 0.0039903283983714343819  | -0.0014974690067003698299 |
732   | 0.0049168788111918163702  | 0.0028478800274689274226  | -0.00053711830072685135592 |
733   | 0.0086791632607068468913  | 0.00096661528811711392144 | -0.00084132987929087636476 |
734   | 0.0013428230152754973802  | 0.0092845597429742181272  | 0.00033224025436360323654 |
735   | 0.0027530124232833701539  | 0.0091845515231958850533  | -0.00016763897595589366605 |
736   | 0.0023029633277084913048  | 0.0064121631248136344919  | 0.00046776407834172000887 |
737   | 0.001045995754742544805   | 0.0064672518148672190896  | -0.00020002243139523320586 |
738   | 0.00046866685319511087668 | 0.0066306120679635949591  | -0.0010701034101989954136 |
739   | 0.0073670744512378755556  | 0.0067437459712155383221  | -0.00099282371113494074719 |
740   | 0.0096900659912380216615  | 0.0066297697892494867125  | 0.00063731348976325905703 |
741   | 0.00051067889058351869334 | 0.0045947480245324048148  | -0.0012768448977754653668 |
742   | 0.00429809842774400621    | 0.0056787638396528089535  | -0.00031013158426835586712 |
743   | 0.0082896226088215573674  | 0.0069025235487392725894  | 0.00035025140051819276697 |
744   | 0.0008434645725952919686  | 0.0057723525007332392861  | -0.0010601192867910121543 |
745   | 0.0013708321797093268434  | 0.0059959848129445990003  | -0.0008932812641094890543 |
746   | 0.00053506872352043386657 | 0.0073446719040474398726  | -0.0011377830941753932451 |
747   | 0.0053904342329049274862  | 0.0013998248647416158038  | 1.5605669876777241594e-05 |
748   | 0.0097764552883238872022  | 0.0068153147942873878659  | -0.0008966879857819910456 |
749   | 0.0075470148836263599088  | 0.0066556968537797292149  | -0.001225219982391423032  |
750   | 0.00081011690604073228854 | 0.0014545713054956047137  | -0.00051445705924089599973 |
751   | 0.00082357484100159940137 | 0.004501790970902566115   | -0.00037617468127764671715 |
752   | 0.0058030459331167493983  | 0.0023301557935595409825  | -0.0013607222427166412466 |
753   | 0.0082780038539139906562  | 0.004951955750752714408   | -0.0003571067498150398028 |
754   | 0.0072115980096327126497  | 0.0018367773613990432281  | -0.00045416007035921005094 |
755   | 0.0052470278672962613123  | 0.0051275881417055333561  | -0.0012162785485264613391 |
756   | 0.0041617543330979755653  | 0.006675165060487572681   | -0.00050416419356021546956 |
757   | 0.0059880228965950629133  | 0.0058967433831080984935  | -0.00029317695268199744484 |
758   | 0.00028165983831112811073 | 0.0071810677087027416365  | 0.00024505705027610345239 |
759   | 0.0048321260473126372709  | 0.0064499105855682107788  | -0.00036881250139252173131 |
760   | 0.0012860766988832079624  | 0.0077095013878662570217  | 0.00095972871717330595492 |
761   | 0.0011331473457148559785  | 0.0076587151094545009855  | 0.00078270494884598697596 |
762   | 0.00047705042999975115969 | 0.0046677715422567675127  | -0.00075228910978561414589 |
763   | 0.0015978247078707807308  | 0.0093335866804547182318  | 0.00048953382506973768667 |
764   | 0.0053847838541874366858  | 0.0091742114498934955458  | -0.0011656980075718432772 |
765   | 0.0072630916072589143256  | 0.0095146988077733953004  | -0.00074125638739060248535 |
766   | 0.0055443466809196604098  | 0.0011396667469001104528  | 0.00021416690823484083278 |
767   | 0.0043782621667903696625  | 0.0054841275582723824147  | -0.001258821578593140875  |
768   | 0.0097971039571848814176  | 0.0094116834083621415258  | -0.0016081761443015514003 |
769   | 0.0097898802870741742643  | 0.005166848007650447043   | -0.00090200843276895699679 |
770   | 0.0038601104280348644271  | 0.00068185911071759258348 | 9.9430240163610700374e-06 |
771   | 0.008306304380791813477   | 0.0007501645071742909501  | -0.00017684027701216485542 |
772   | 0.0050598355456458604662  | 0.0045119522754275293713  | 0.00021785523950276124497 |
773   | 0.0053205077109905280983  | 0.0032897791985274514766  | 0.00025108898002955301306 |
774   | 0.0028821525472696152802  | 0.0074516407623396738527  | 0.00093196617524451703246 |
775   | 0.0055400901593365501491  | 0.0093934269892618355025  | -0.0012485269702180753874 |
776   | 0.0054169026948507423974  | 0.0056890335696012260189  | -0.00034865087440755687708 |
777   | 0.0074794317018758160742  | 0.00083154739538727128964 | -0.00055109819926468415433 |
778   | 0.00881853949499906975    | 0.0099959199143503027485  | -0.0012952321271199359991 |
779   | 0.0051855829756498666647  | 0.0047973443729935703189  | -0.0003469056431081116317 |
780   | 0.0089335872254963297201  | 0.0059131086989965709472  | -0.00058928224472020243607 |
781   | 0.0062316700684299343796  | 0.0022784818238224301482  | -0.0013364799452968783265 |
782   | 0.0025134561136223258077  | 0.0023696109720892635439  | 0.00021140482212045639881 |
783   | 0.0037454441129840063823  | 0.00011808901928417039819 | 0.00041744674728837004698 |
784   | 0.0052088097689812380697  | 0.0055358788505128998444  | -0.0010640731625410251426 |
785   | 0.0070798019723164826861  | 0.0035057442378310936688  | 0.00021390648262984530373 |
786   | 0.0055655067617309990358  | 0.00018904924126487366513 | -0.00098109354485847815285 |
787   | 0.0090554719366497896799  | 0.0052785333549977605377  | -0.00041831310248614388429 |
788   | 0.0063267322356662346328  | 0.0025595919791197743569  | 0.00062348707658612268628 |
789   | 0.0040504187491306664279  | 0.0062803203206116368917  | 0.00010803868682708513962 |
790   | 0.0015471477390817743158  | 0.0062867945085386357437  | 0.00056117828485446278469 |
791   | 0.0033586890079290755706  | 0.0026532963858069786786  | 0.00034768029922212326677 |
792   | 0.0084549154229255733817  | 0.0051944273186422624741  | 0.00010816670191404814596 |
793   | 0.0098779264868420306456  | 0.0043899549860350337363  | -0.0015599994644207772904 |
794   | 0.0031735933736791164562  | 0.0012649204633650508629  | -0.00018693032656907080432 |
795   | 0.0076659602835202666007  | 0.0033237484847161236426  | -0.0015397493171793188126 |
796   | 0.0059752728479875588663  | 0.0051258976720329396323  | 0.00042541051213194973043 |
797   | 0.0021323438016293224696  | 0.005634642669116296694   | 0.00038959847335770601134 |
798   | 0.0074107410084318621826  | 0.0026586756407668411632  | 0.0005395085708533939187  |
799   | 0.0043248957459165624992  | 0.0072845060650377994188  | 0.00051315069617692121023 |
800   | 0.0067082234367784364729  | 0.0092433472139244743371  | 1.7813787215417981448e-05 |
801   | 0.0063540971782327206399  | 0.0073557930758748144712  | -0.0015192949499371537041 |
802   | 0.0031409457868715098122  | 0.0045746119829473382359  | 0.00077272769078065464514 |
803   | 0.004935999984456378338   | 0.0097547979814818081001  | -0.0014725788952061741582 |
804   | 0.0030373782950484421415  | 0.0060327111557785121146  | -0.00055815152265337663554 |
805   | 0.0013448722595444584024  | 0.0044082106525390749377  | -0.00011783926251756926843 |
806   | 0.0076422097768546349422  | 0.0063240933812160971331  | 0.00048334768358136785378 |
807   | 0.0062255876089074178512  | 0.00505946403023995947    | -0.00012400402805562069346 |
808   | 0.0085158696453680477606  | 0.0042285835812547710455  | 0.00095820973779027571876 |
809   | 0.0051954976181812443509  | 0.009702751190766054773   | -0.0010647920762927162372 |
810   | 0.0056474420467587521655  | 0.0046943384177871297011  | 0.0002985893045096784694  |
811   | 0.0094027186473358524699  | 0.00068093417852737323295 | -0.0010434010277695232333 |
812   | 0.0096468928387179950223  | 0.0089629621199105152102  | 0.00074777684514271223343 |
813   | 0.0012106648899335339508  | 0.0022176678138128174712  | -0.00062327525655254500773 |
814   | 0.0063527688970937135071  | 0.00015844205922036955995 | 0.00014203088245890523218 |
815   | 0.0055136583388318283205  | 0.0040944562005311505026  | -0.0012682448424008972709 |
816   | 0.0086532051292145008292  | 0.0099827056436726530758  | -0.00043888633003171277289 |
817   | 0.0079824523067771342016  | 0.0071160936275522683817  | -0.00053179119690933073731 |
818   | 0.0073597742373928782753  | 0.0056779557433946246589  | -0.0013419862673684607949 |
819   | 0.0034507524625687377266  | 0.0036331738947119377424  | 0.00043462910691360813649 |
820   | 0.0079725000507878552441  | 0.0017412420641011395941  | -0.00020253435946896247255 |
821   | 0.0035665828673908956531  | 0.0085864055493285289244  | 0.0004083078938845564952  |
822   | 0.0077474176861355714685  | 0.0080586911033855134628  | -0.0016482384304940997898 |
823   | 0.0041102624268804137733  | 0.0049432248581481727165  | -0.00064753465214809318839 |
824   | 0.0035833665982569241903  | 0.0096592551505819967961  | -0.0011958941628120930978 |
825   | 0.0038425693216019361602  | 0.0094772694461256450776  | -0.00046844813673875735933 |
826   | 0.0011669184550727332642  | 0.0076447998233388622311  | -0.001279799596383330608  |
827   | 0.0088961127425158659232  | 0.0083806494520680310106  | -0.0010518847515478214807 |
828   | 0.0094785262239637149001  | 0.0098213376262267591127  | 3.3171623608089910269e-06 |
829   | 0.0069678392166282396292  | 0.008147450739096891853   | 0.00082551867348750699455 |
830   | 0.00037314184156737981342 | 0.005023246830121085027   | 0.0007597331497697827965  |
831   | 0.0081658640359853797153  | 0.0057142332941894176043  | -8.1011954547743325584e-05 |
832   | 0.0076689619606116251477  | 0.00201422862039621689    | -0.00064156365988084424531 |
833   | 0.0037863064562107702493  | 0.003684703351570827682   | -0.0012591920326418721849 |
834   | 0.0013076861500767348549  | 0.0059828600837195317422  | -0.00060066590366131061233 |
835   | 0.00013573242973234067566 | 0.0027887313090076536887  | -0.0012650533752191625222 |
836   | 0.0071102689629766544638  | 0.0046561398582071313393  | 0.00054961291756299985971 |
837   | 0.0022891334741678790593  | 0.0031045311353819372152  | 0.00043732150759737700935 |
838   | 0.0037056812991309645219  | 0.0013170854869038587688  | -0.00035124364652613736639 |
839   | 0.0087852611814212121927  | 0.0067143746619422158342  | -0.00035987850073055776537 |
840   | 0.0016765411873954367671  | 0.0067589717290800072069  | -0.0014025184242498719457 |
841   | 0.0086782217125120578866  | 0.0067389905467903563063  | 0.00049155044577349742835 |
842   | 0.0055412961208039131222  | 0.0068061282852948708916  | -0.00089892002032273654166 |
843   | 0.0084584090952022975007  | 0.0087856039460503625171  | -0.0011351379791368276448 |
844   | 0.00012730855525139954105 | 0.0076533102178465584747  | -0.00062664062290023543784 |
845   | 0.008921573754496887193   | 0.0050937343454343069621  | 8.1300631426106859914e-06 |
846   | 0.0083465143572127569599  | 0.00044143740101372275263 | -0.00088945518413734224288 |
847   | 0.0099184709272136413472  | 0.0057217749154254999439  | 4.6393641775366832591e-05 |
848   | 0.0067978461453388708963  | 0.0098448895467132101905  | 0.00072077274743671381624 |
849   | 0.0044455328294253134563  | 0.0071185609621465494035  | 0.00022437623102455198153 |
850   | 0.00060097226078376618248 | 0.0031071259603478911318  | 8.2283921736412291709e-05 |
851   | 0.00043931513071672787874 | 0.0024931523489138411771  | -0.0013071704145609225594 |
852   | 0.0019457390279113244425  | 0.0027142206539528040618  | -0.0014265196378925213642 |
853   | 0.0064574853311407639025  | 0.0035978759447423233793  | 0.00026074987913892214934 |
854   | 0.0063818130161844696321  | 0.0005440731992093900387  | -0.00017685307436513797159 |
855   | 0.0036845698153540606956  | 0.0045820005852978363745  | -0.00048706109770544790336 |
856   | 0.002597243573690823093   | 0.0019538153589890847918  | -0.00080034486646449187752 |
857   | 0.0033938507780694538232  | 0.0094249606713795036628  | -0.0014061683011968913876 |
858   | 0.0091489859349133013933  | 0.0035344230962150095625  | -0.00016037069363846435878 |
859   | 0.0090369839667551743467  | 0.0032156756424205341742  | 0.00089312944675447227677 |
860   | 0.0028673720958414892351  | 0.0040198298112645719504  | -0.00045493219333492859301 |
861   | 0.00022923278264143026411 | 0.002491826868856748204   | -0.0011451877559455166718 |
862   | 0.0012180737242344001712  | 0.0035613751958478790174  | 0.00058408994519944116078 |
863   | 0.0018451354047094978197  | 0.0077249728554056942831  | -0.00089260983857383173045 |
864   | 0.0037103235806360433321  | 0.0054180392130428658287  | 0.00063695119267509568012 |
865   | 0.0095080294661133244599  | 0.0016003465225684510714  | -0.00028929496853215757668 |
866   | 0.0061094088053525036353  | 0.0028685187601783968155  | -0.00076732036637349495655 |
867   | 0.0052859408406814622008  | 0.00095321623022861492937 | -0.00037379140714489375369 |
868   | 0.0072178469484834211281  | 0.0091841777843963291056  | -0.0011835136710556853814 |
869   | 0.00099325186139931288982 | 0.0067360937961092560641  | 0.00056825120028618659324 |
870   | 0.002564346406653551444   | 0.0088860209000751876757  | -0.0010402951996654515986 |
871   | 0.0071793135211184831018  | 0.0067490328884123682723  | -0.00068830507820326857198 |
872   | 0.0012811980636760289618  | 0.00318203948583066238    | -0.00050459313858377229101 |
873   | 0.0086310849772415782627  | 0.00063221016259079056924 | -0.00025198586972566961025 |
874   | 0.002462151146630929717   | 0.00054829007828442039279 | -4.9228431242166180188e-05 |
875   | 0.0039508129037462641833  | 0.0078401004545045789584  | -0.0011737673971925111256 |
876   | 0.0035007359940039659875  | 0.0036034557113594416038  | -0.00065373143877597709225 |
877   | 0.0048193489938575060499  | 0.000252016136820895902   | -0.00070409275612385462985 |
878   | 0.0065288673109562492952  | 0.0051704155775053077179  | -0.0011596373353730466457 |
879   | 0.0082452128793955251768  | 0.0075612394753652280646  | -6.1375106812518317404e-05 |
880   | 0.0047265512717853813696  | 0.0087940606749486328192  | -0.0012162220719003997895 |
881   | 0.00084569009624469457589 | 0.0047432174730773048535  | -0.00084746166285581416532 |
882   | 0.0033006917083038419224  | 0.008128164053212365292   | -0.0010808760657537263943 |
883   | 0.0061075223112671377101  | 0.0012918549919325183779  | -0.0010086433515412893906 |
884   | 0.0035133264317443301666  | 0.0027374312080049889064  | -0.00057428077430770815837 |
885   | 0.0084841286152481567434  | 0.0074911134465735912391  | 0.00015634858190286416574 |
886   | 0.0015291794180472141184  | 0.0085938240060068806642  | -0.00035103308078362403756 |
887   | 0.003657644304459688623   | 0.0019957115400347186056  | -0.00073883641823568944711 |
888   | 0.0043790941160598544774  | 0.0065536072567693101631  | -9.4188884992963203694e-05 |
889   | 0.0057757877236230313958  | 0.0066574827596780402489  | -0.0010328617729855737051 |
890   | 0.0022954693067002850289  | 0.0018664883181227849736  | 0.00064976343185688535502 |
891   | 0.0025166793753896845795  | 0.0097254600382480418941  | -0.00023169614113825330506 |
892   | 0.0012496035312563637254  | 0.0031507472035094234719  | -0.0012399999679511882617 |
893   | 0.0064305706207653480153  | 0.00020970409350740224375 | -4.9433136226371158985e-05 |
894   | 0.0099695971749582338456  | 0.0058856794217266817856  | -0.0013392694070776505876 |
895   | 0.0062214025203860068639  | 0.0049077814943999879121  | -0.0010238717593096390186 |
896   | 0.0079980365979650646507  | 0.0038409101365425289167  | 0.00068238232536817645252 |
897   | 0.0097990462358107863206  | 0.0039076901296015934678  | -0.0011574034054026422196 |
898   | 0.0086581064930052100553  | 0.0055766763436107900237  | -7.3352096496033126886e-05 |
899   | 0.0098544299293766412368  | 0.0083865368721873587848  | -8.5797939475399525883e-05 |
900   | 0.001676537706767411819   | 0.001659301726798375785   | 0.00024020565340702407925 |
901   | 0.0039957462602320118275  | 0.0016674525029733114779  | 0.00082264339068498703797 |
902   | 0.0064487002716843381395  | 0.0069134503337629042707  | 0.00094948730628859317332 |
903   | 0.0032166969355860541672  | 0.0042173835511872554555  | -4.5954600003937770211e-05 |
904   | 0.0095952097581944763294  | 0.0067353450755953192877  | 0.00030917275855217525625 |
905   | 0.0081284696839186553613  | 0.0083510864104205870251  | -0.00091317456347514338461 |
906   | 0.0045077947976087627546  | 0.0015679958299890503406  | -0.0010028626888190991795 |
907   | 0.0038351943578103743146  | 0.002995150827482131236   | 0.00077328634842749191872 |
908   | 0.0095370788776127351366  | 0.0060702660648752652592  | 0.00063682477064332478935 |
909   | 0.0029152052564124664863  | 0.0026289632273693019915  | 0.00061704146126854292342 |
910   | 0.0063725451887596219411  | 0.0021908400613820239178  | -0.00079503022176891059106 |
911   | 0.0088486439930930919223  | 0.00034097192158896207081 | 9.7842673249322410279e-05 |
912   | 0.0092957646759251836427  | 0.0019858829622010744712  | -0.00053594290451182511215 |
913   | 0.0043028378060189532983  | 0.00037675838873236177067 | -0.001528448960238249334  |
914   | 0.0025341485202853742016  | 0.0087274795791346775065  | -0.00046626534736069218025 |
915   | 9.811729919293550508e-05  | 0.0024891337125365980108  | 0.00059037750483581768329 |
916   | 0.0030007634042280668593  | 0.0055855674499385018703  | -7.4582937919940713533e-05 |
917   | 0.0036568698039045862205  | 0.0088769302431641397555  | -0.00081038150734972960298 |
918   | 0.00070617560610128566386 | 0.0099572277260368650953  | -0.00086184700389166531403 |
919   | 0.004601744643204217812   | 0.0038102949378644229358  | 0.00032765296852532938086 |
920   | 0.0016033606426698434125  | 0.0038743647749942388553  | 0.0007297725461207928534  |
921   | 0.003729675667127301756   | 0.0070528209098977834302  | 2.5846970693708520534e-06 |
922   | 0.0040314758238498005216  | 0.00056247471149321957417 | 8.5937089922954377997e-05 |
923   | 0.0049522207252152708815  | 0.0026060719443030122555  | -0.00013109111421114892962 |
924   | 0.0079034982840549706379  | 0.0074999366976996970774  | -9.8989516567086683111e-05 |
925   | 0.0048432188245297377177  | 0.0076202885193430869998  | 0.00042949262881087095414 |
926   | 0.00044248821767420054617 | 0.0089757606682184590263  | -0.00099915445692250345021 |
927   | 0.0080780177707964369305  | 0.0094622194562895174663  | -0.00066703995873378379034 |
928   | 0.0061798383492641687995  | 0.0037422411552694729436  | -4.4230115521899129839e-05 |
929   | 0.0085207463764612554474  | 0.0091243273194116028546  | -0.0007781738625883382731 |
930   | 0.0065082297219391429394  | 0.0046455631867620382491  | 8.8607443886921726742e-05 |
931   | 0.00035895014659899674662 | 0.007059294890769647092   | 0.00073041947533432783485 |
932   | 0.00428931872065392919    | 0.0012423350740555835076  | -0.0005812847527662328654 |
933   | 0.00095662835247562047133 | 0.0089023265682450988812  | -0.00089407866403444697691 |
934   | 2.4728715651777213083e-05 | 0.0079363132754182302842  | 0.00018410394439557099117 |
935   | 0.0074104687666881859445  | 0.0027655217745294422699  | 6.5490070508933596492e-05 |
936   | 0.0061642730216453882341  | 0.0030145987311167824103  | -0.00055231643948957511933 |
937   | 0.0097811574201531088779  | 0.0038111451107050000123  | -0.00039628880149343098877 |
938   | 0.0027976886921603980052  | 0.0076269332702776308081  | -0.0008159615393923453806 |
939   | 0.0028495773847749370118  | 0.0048429777542680230856  | -0.00063948617717715845223 |
940   | 0.0015618628965272307249  | 0.0044909556825542002595  | -0.0014408014822816417235 |
941   | 0.0043806506876758405725  | 0.0040527231193814997404  | -0.0011026521360306793147 |
942   | 0.0034936764596919635609  | 0.0044245493197879581099  | 4.6958620438184559454e-05 |
943   | 0.0092226650825576201448  | 0.0094234150058271973216  | -0.00085080885594396077256 |
944   | 0.0041733605060089344965  | 0.0031608406699711287524  | -0.00042636085111751726145 |
945   | 0.0047093657626995494292  | 0.0077912656704708805472  | 0.00069740649944098707241 |
946   | 0.0058899029577217576134  | 0.0066299877942276510406  | -0.0001508271916626755557 |
947   | 0.0068261988903566836809  | 0.0015869176769182946098  | -1.0508448813815607161e-05 |
948   | 0.0058973713711977116675  | 0.0070543088150027445649  | -0.00038859475736038846068 |
949   | 0.0060113964533515988967  | 0.0045969604653746075351  | -0.00081345896080708686264 |
950   | 0.0025994880739379200817  | 0.0013763086996488043019  | -0.00052008048230347528242 |
951   | 0.0031971130031802253053  | 0.0099104456971844511609  | -0.0012900117497051640306 |
952   | 0.0046829984130772701542  | 0.0025817325037192683304  | 6.196782613946273232e-05  |
953   | 0.003445353219632494874   | 0.0023001316331701057195  | -0.0011581041074832732277 |
954   | 0.0068191695812469636795  | 0.0097561103082999117708  | 0.00013446223237113225199 |
955   | 0.0074049093984785985256  | 0.0038261213756606345798  | 0.00089819946477121773848 |
956   | 0.0015441566483465573017  | 0.0016112274348231089578  | -0.00039973746845741500158 |
957   | 0.0027660743971161740225  | 0.0068687171595167547181  | -0.00018783060540008867127 |
958   | 0.0043849334609369020749  | 0.0026330513682097937862  | -0.00065550245888341290325 |
959   | 0.0042046168741265536883  | 0.0058580720691731444014  | 0.00017064539378631570637 |
960   | 0.003950220686879406598   | 0.0032269812870788167417  | -0.00037636461830506271137 |
961   | 0.0083430718755567959827  | 0.00040057634824774496695 | 0.00041331156809096183252 |
962   | 0.0048976334924218127218  | 0.0038839248167422389148  | 0.00034690331403641608884 |
963   | 0.0045869407839509079503  | 0.0052199035333788251778  | -0.00071859715423470797713 |
964   | 0.0058106898260934835079  | 0.0031060083073401033998  | -9.8109178702908447062e-05 |
965   | 0.00045201956193361396289 | 0.0070559729615015864476  | 0.0002955592323815097941  |
966   | 0.0014492350088905639558  | 0.008682704498490753306   | -0.00079196951615252990288 |
967   | 0.0090202751796900973447  | 0.0042715508692063499513  | 0.00035504801523505747111 |
968   | 0.0028226820408498091812  | 0.0033681960090546172494  | -0.00052253426595116794339 |
969   | 0.0052564605501414733008  | 0.0086049045209511797888  | -0.0015189951455942779339 |
970   | 0.005337226986368829966   | 0.0069604507232206109732  | -0.0011130305937629200036 |
971   | 0.007531364396488268026   | 0.0022355866748865441292  | 5.8823744118935200522e-05 |
972   | 0.0019222133154097528762  | 0.0026046961243752480425  | 0.00025150803597171617065 |
973   | 0.0031555117912624394173  | 0.0044968062374251402055  | 0.00076844905567432272419 |
974   | 0.002662615933307599294   | 0.0012564467008415343679  | -0.0015625530446509694991 |
975   | 0.0017993358309214039451  | 0.0082537772480214821602  | 0.00087369778676831422876 |
976   | 0.0027310636517130569383  | 0.005126735752358362562   | -0.00042453790424742450125 |
977   | 0.0034508521685135359371  | 0.0027278029653001710508  | 0.00059570011481615160048 |
978   | 0.0087861465711354305025  | 0.0094356750369729569528  | -0.00072995875229412917912 |
979   | 0.0021152969991459821125  | 0.0084794592370702713546  | 0.00030688433811740679219 |
980   | 0.00711121258101943092    | 0.00281658239411925913    | -0.00036244659345463584857 |
981   | 0.0091466299960203563402  | 0.0081935445223548560717  | 9.1024438333465811871e-05 |
982   | 0.0050717204777452774139  | 0.00085749458000427191892 | 0.00092351630029633303282 |
983   | 0.003429145524102059691   | 0.0046229113201025195251  | -0.0012278250800947848511 |
984   | 0.0093809734958545751976  | 0.0015027377843099673158  | -0.0015546721906133133262 |
985   | 0.0046438208622617800983  | 0.0068257445807897842299  | 6.5804658451218525682e-05 |
986   | 0.003403683833092003598   | 0.0017896742739844191325  | -0.0004486835067457737203 |
987   | 0.0064096905673363983522  | 0.0042759346075551020461  | 0.00090433511512282840558 |
988   | 0.0049928862644437726342  | 0.0013218641476951760363  | -0.00086703283545869213895 |
989   | 0.0022275746798950221868  | 0.0012087343052246751155  | -0.0014098141958544044283 |
990   | 0.0066418397680452680859  | 0.0067174651276798906865  | -0.00028746784052620345199 |
991   | 0.0031387150268635459309  | 0.0077859368990196966068  | -0.0012967234485886059911 |
992   | 0.0091673889843496125102  | 0.0059499333330024105002  | -9.4741563788122239284e-06 |
993   | 0.0029516828991747018872  | 0.0014159333217144533332  | -0.00152624082603606279   |
994   | 0.0071123254432296006619  | 0.0062442666761301016121  | -0.001159122337878741105  |
995   | 0.0035788701479109439642  | 0.0028148096282205174214  | -0.0011239264803292270487 |
996   | 0.0040153284940844524709  | 0.0039759204590545018515  | -0.001033170779539447021  |
997   | 0.0039285387045193582989  | 0.0027128261421216267463  | 0.00062609245336892830475 |
998   | 0.008462319740194382614   | 0.0068063215593285588886  | -0.00071542342616592088239 |
999   | 0.0041633139735776317908  | 0.0039267891452085404783  | -0.00058683181868678254388 |
