N			X			Y			Z
0     | 0.0070305999220239790912  | 0.0049746731828651941099  | 0.00051923704618046209909 |
1     | 0.007422346455815598612   | 0.0043976003507784971677  | 0.00051684982695608021677 |
2     | 0.0014232225935443393577  | 0.0080628292686370731795  | -0.00011764181289710782944 |
3     | 0.0061329766939052041824  | 0.0010201932018476082571  | 0.00060102689077270923107 |
4     | 0.0089659533601248887075  | 0.0080114566083583499401  | 0.0009176163910150650577  |
5     | 0.00070902622856993833753 | 0.00099607038670551195474 | 0.00026957794793357002907 |
6     | 0.0022560327232220788417  | 0.0095744577974188286446  | 1.6334905648077998426e-05 |
7     | 0.0069266229803623359171  | 0.0031911405200695840481  | 0.00017581260024212636483 |
8     | 0.0060795239297961461977  | 0.0089932376134162599068  | 0.00060112610775354155361 |
9     | 0.0038123766652560469974  | 0.00038024533968364240908 | 0.00093434629551661287777 |
10    | 0.008641667069160762632   | 0.0069100737904763554625  | 0.0009384456971212448359  |
11    | 0.009718710630805630149   | 0.0022753110901084319141  | -0.00012037704138911464562 |
12    | 0.0032298828979189075222  | 0.0060729120561311437584  | 0.00038689516896010014415 |
13    | 0.00087149867518804421083 | 0.0046637355237821725984  | 0.00010085117126589808402 |
14    | 0.0035526731191359993585  | 0.0088871816456935308348  | 0.00038600846501817389148 |
15    | 0.0060641712962304838638  | 0.0051963367991464679344  | 0.00019145575719400908816 |
16    | 0.0079218601221480982461  | 0.0069074678355776309921  | 0.00035449256336461226454 |
17    | 0.0060836703019536038373  | 0.00082470031477503767496 | 0.00061657183081899184004 |
18    | 0.0075055824115336068972  | 0.0018047444025109853159  | -2.7462663978659410135e-05 |
19    | 0.0090619575354210345902  | 0.0079559785699932980552  | 0.00031802388274713988547 |
20    | 0.005796990786369863452   | 0.0054345280343449054936  | 0.00047198506196419350283 |
21    | 0.0018894938040304692754  | 0.0086847652167637238302  | 0.00033141887335391700823 |
22    | 0.009298936610972401845   | 0.001994701899714984572   | 0.00042171416666893267802 |
23    | 0.0034496389663979817007  | 0.0059357096208341401239  | 0.00091775223082469863361 |
24    | 0.0058484875784870736515  | 0.0074369607264784757389  | 0.00034581301760987654672 |
25    | 9.9197744233694185473e-06 | 0.0085246593172131259614  | 3.4027467615756071609e-05 |
26    | 0.0052261591707810544152  | 0.0049237345019393866791  | 0.00049391135475625343437 |
27    | 0.0044947360166933932393  | 0.0029012266769544523687  | -3.9027110490490838648e-05 |
28    | 0.0033602652845085650112  | 0.0072385694017200507069  | 0.00044438349892123762052 |
29    | 0.0020397487959013665959  | 0.0096921716490125271737  | 0.00014416252047657208534 |
30    | 0.0024286156198594531161  | 0.0047924567570414577933  | -6.996348149186274552e-05 |
31    | 0.0071752989737324992386  | 0.0085426856011991281897  | 0.00095899886836022321408 |
32    | 0.0083816218149164439105  | 0.0011667561867628507572  | 0.00087736448654220002691 |
33    | 0.0094551379825071699831  | 0.0010684702351985151444  | 0.00063786483167110289306 |
34    | 0.0058228319492592767528  | 0.0071003052888063992662  | 0.00031482319603165281538 |
35    | 0.0056156166522061973928  | 0.0034780048855634431403  | 0.00090224927274979555523 |
36    | 0.0037582930415045777764  | 0.0065196016037459923048  | 0.00013406967733996100873 |
37    | 0.0067834005644134753518  | 0.0074523192723423992839  | 0.00051270564759157174865 |
38    | 0.0035361791344124676728  | 0.0069879491708388407137  | 0.00042313826791460975446 |
39    | 0.0068904390835712297364  | 0.0065589018359300454639  | 0.00035849536296357576923 |
40    | 0.0047829518288461311815  | 0.0075987708674402614645  | 4.8657171659173161892e-05 |
41    | 0.0032287367970949176939  | 0.0031368352036456482318  | 2.8947613319107203215e-06 |
42    | 0.0037609524209813722899  | 0.0063292351361867804985  | 0.00081566747814416831058 |
43    | 0.0089813633787724014845  | 0.006757482803682875877   | 0.00069140793995116638267 |
44    | 0.0092135505707504668921  | 0.0098313782599035986348  | 0.00072090808977170930255 |
45    | 0.0085038185058327712962  | 0.0077747678855175413742  | 0.00041761581558079791674 |
46    | 0.0099417309403115987354  | 0.0069877512937716454097  | 0.0003236834775661574749  |
47    | 0.0015341162826407604876  | 0.0022575444413924687995  | 0.00024339956297981081915 |
48    | 0.0087400177470660176532  | 0.00063774979923267001783 | 6.0404402376548008158e-05 |
49    | 0.0015990705238353867049  | 0.0081041811582581065043  | 0.00030688021138915080183 |
50    | 0.0071341205376038475949  | 0.0024557914540914520772  | 8.2390871977139828542e-05 |
51    | 0.0071562033365596177184  | 0.0020643948737206381516  | 0.00079604842416901213514 |
52    | 0.0031655138620233346652  | 0.00032030695899255471172 | 0.00053740400421213487935 |
53    | 0.0017789495671317013484  | 0.0023425420328982570102  | 0.00088139206549483952585 |
54    | 0.0049988531110599157548  | 0.0051318153070281750938  | -1.0071980334867912632e-05 |
55    | 0.008285760123934346813   | 0.0010219028055155289416  | 0.00096631411445469010159 |
56    | 0.0054502853841448487687  | 0.0063438827155681710296  | -6.0981731741870504168e-05 |
57    | 0.0025935250131639045988  | 0.003621941810248668122   | 0.00023905748226668463398 |
58    | 0.0060882686767031344785  | 0.0030772369256082117255  | 0.00017531815942025126922 |
59    | 0.0091434905494730770587  | 0.0078252313817614837371  | 0.00082371508069727008422 |
60    | 0.0053130565768008900657  | 0.0070246077492348213064  | 0.00026181806333196709115 |
61    | 0.0079413101745737946918  | 0.0068284884231791112899  | 0.00090438836706940026796 |
62    | 0.0042607930175575714146  | 0.0057511040104445279933  | 0.00025437884596256826264 |
63    | 0.0018482934180418112216  | 0.0099368692933444659893  | 0.00052949656749083781008 |
64    | 0.0089893620940292000981  | 0.0065681773121328375017  | -8.2507711123717164298e-05 |
65    | 0.0093246680863933190803  | 0.00090989667732927696601 | 0.00030418557293407279957 |
66    | 0.0055358215643075440668  | 0.0018494797111280696349  | 0.00021384441038056818565 |
67    | 0.0046705893321936512233  | 0.005376984273492213702   | 0.00064558244207567393267 |
68    | 0.0062344193404517151552  | 0.0032106219612926208996  | 0.00022747452128303022106 |
69    | 0.0044789232848874410003  | 0.0060253384909106063108  | 0.00063981872159562028484 |
70    | 0.0076983186478717744589  | 0.0071259310129563107825  | 0.0008844715188017762339  |
71    | 0.0086400998220770523078  | 0.0063707330234353352211  | 0.00051758882491240621078 |
72    | 0.0081497825060465600711  | 0.0045821773877323520793  | 0.00015361779174317901036 |
73    | 0.0013563964104193750818  | 0.0039406700913016314697  | 0.00010700572319431359393 |
74    | 0.0021086972831068965216  | 0.0044898536587784200827  | 0.00073101251521627693634 |
75    | 0.0071458205653610225305  | 0.0017383353115480201616  | 0.00052170819410464388394 |
76    | 0.0067058391097591825425  | 0.0085338643374229736227  | 0.00014071740791675902034 |
77    | 0.0070360014323403580194  | 0.0077467145248390914883  | -7.3243854197843334761e-05 |
78    | 0.00099932773903131807101 | 0.0087069342633698445372  | -0.00010160514948780700753 |
79    | 0.0077157188266283333739  | 0.0031509038397101022701  | 0.00064552183044051564438 |
80    | 0.007868573297683350426   | 0.0023290488944457945694  | 9.7670142693155785423e-05 |
81    | 0.0043505082294348924182  | 0.0031094749847344655032  | 0.00012353746267375917498 |
82    | 0.0056033903168876781839  | 0.0036775119208554123834  | 0.00076830868800752680822 |
83    | 0.0022153696828376722751  | 3.8370791384776958301e-05 | 0.00078306484374468434545 |
84    | 0.0064209522536899238387  | 0.0054738015030172879061  | 0.00075319609566800772588 |
85    | 0.0097871559632763862474  | 0.0053298831601846204456  | 0.00055424304295611983434 |
86    | 0.0051982972759694531795  | 0.0048504457356343087804  | -4.8323865479816799546e-06 |
87    | 0.0019368972633002656293  | 0.0093768744209725383987  | 0.00020330334126421258263 |
88    | 0.0031416080851075457378  | 0.0053012598263977714005  | 9.217665054761216498e-05  |
89    | 0.0091640526508957841079  | 0.0064162380767378065366  | 0.00082841186171866889459 |
90    | 0.0055252164315574532963  | 0.0043216493699280121576  | 0.00034188598844746200672 |
91    | 0.0096400543209601459449  | 0.0011160857896980720758  | 0.00079255911398967617693 |
92    | 0.0037089462405510966944  | 0.0073334215499841612015  | 0.00083723317339458227376 |
93    | 0.0035796698109101300102  | 0.0045516427200175133341  | -3.5268807090321199413e-05 |
94    | 0.003102812335040379052   | 0.0060043551461891513446  | 0.00028834690601708414491 |
95    | 0.0020410375681707299683  | 0.0025621675872074299932  | 0.00035472944917739116216 |
96    | 0.0019177425513297416838  | 0.0086137239225783680807  | 0.00088167879952198626586 |
97    | 0.0038143354639578221088  | 0.0085484219933664087193  | 0.000547725595192351776   |
98    | 0.0057070785805940459079  | 0.00096073025563636203945 | 0.00084447218251068514178 |
99    | 0.0055751618106456360402  | 0.0076202473745403216318  | 0.00027837361737980954694 |
100   | 0.0066338809397786316358  | 0.003343760010527303296   | 0.0009634280154853596366  |
101   | 0.0025993253692846909203  | 0.0099853586940583955595  | 0.00093516174190244898048 |
102   | 0.0055849220090922607751  | 0.0098691171501710129449  | 0.00012639306097170864671 |
103   | 0.0098941303782668198891  | 0.0078961043648624554964  | 2.4269001928583887199e-05 |
104   | 0.005457264931367965255   | 0.0032026437016270106403  | 0.00066557459390829878249 |
105   | 0.0069812965011653094552  | 0.0031258425109117610186  | 0.00060761374888618549777 |
106   | 0.0094399359807546563     | 0.0093429190600346680856  | 0.00041353387371278940016 |
107   | 0.0054926818160773932878  | 0.0052187174869079006045  | 0.00095736702528698060938 |
108   | 0.0044444828861688002661  | 0.0014403422307133831315  | 0.00063365980601009271999 |
109   | 0.006971557639503214894   | 0.002851076446299446749   | 0.00045535994454084204042 |
110   | 0.0066071702395480262637  | 0.0089601092967158332825  | 0.00035839775933553443682 |
111   | 0.0020097149965790923713  | 0.00078855918525542361471 | 0.00077588254359710394446 |
112   | 0.0017680240464902228972  | 0.0024479184450711785788  | 0.00077325341515323189195 |
113   | 0.0068766174887216983264  | 0.0018640808818364855079  | 5.3345712035514532279e-05 |
114   | 0.0067427534871470108657  | 0.0045548653836997021749  | 0.00064098962731452737568 |
115   | 0.0071993334130902213522  | 0.0032089177772079173143  | 0.00014337343164382964494 |
116   | 0.0086781184905290950637  | 0.0056425341368018244737  | 0.00099822331543490596534 |
117   | 0.0008492031465045762461  | 0.0093268367663962622321  | 8.4783342845099130469e-05 |
118   | 0.0019795609239382791836  | 0.0054972388465824003137  | 0.00035334396519491319223 |
119   | 0.0025686031075486692211  | 0.0012733022741263613949  | 0.00029495187568671232684 |
120   | 0.0067768926403655622981  | 0.0080211375579269227759  | 0.00064136579269982642998 |
121   | 0.0028824396666767672717  | 0.0017854440195529525364  | 0.00076028346675955879065 |
122   | 0.0031636252933431273371  | 0.00030748049440737593727 | 0.00056235097684810466528 |
123   | 0.003775706695440370856   | 0.003259701379268768566   | 0.00086783025536160598307 |
124   | 0.0035583320993900890289  | 0.0050235553440804723083  | 0.00054430396882743201266 |
125   | 0.0097128838641043213631  | 0.0046511614059378120212  | 0.00073645727620492897753 |
126   | 0.0031124501558779629935  | 0.001843053946879410045   | 0.00053169180428279307765 |
127   | 0.007640387796887952547   | 0.0027162100275869302882  | 0.00073078191634294738504 |
128   | 0.0027573833306369257938  | 0.0070987937927491527243  | 0.00012922112849308894618 |
129   | 0.0092034557278677514569  | 0.0057460600040386564449  | 0.00079699979619994695997 |
130   | 0.006770630977873853644   | 0.00050991570587661638053 | 0.00029184089279389916448 |
131   | 0.0063554367419017864307  | 0.0023735928275254447595  | 0.00092399936215962954339 |
132   | 0.005299266878229183346   | 0.0054313566889996351544  | 7.2646525936116945451e-05 |
133   | 0.0067192901453656641089  | 0.0047718271295807733814  | 0.00035530336090506539149 |
134   | 0.0083926299153354762261  | 0.001675351638021610641   | -6.1565807287087734832e-06 |
135   | 0.009877413458618412162   | 0.0088656381661134618655  | 0.00030109394776197057411 |
136   | 0.0008354330168939652938  | 0.0044020178171983890755  | 0.00038724919057442266229 |
137   | 0.0081091404940905904147  | 0.0087730408781795214679  | 0.00039963942242765950266 |
138   | 0.0060569016206035216493  | 0.0026260201001282769406  | 0.00081431262405294265513 |
139   | 0.00060034345925704182823 | 0.0073323543466947572328  | -3.4549686348200059631e-05 |
140   | 0.006708657194773575555   | 0.0048789406206579703437  | 0.00089286066028743029527 |
141   | 0.0052539569549889140673  | 0.0051042317899952218893  | 0.00045209437166374068923 |
142   | 0.0043991034607595942349  | 0.0014853600833526631186  | 0.00049351377365255640929 |
143   | 0.0090044556196348986971  | 0.0084764972778863540565  | 0.00039160038019927590272 |
144   | 0.009596839165432396318   | 0.0032844259935528360289  | 0.00013153720559470297603 |
145   | 0.0016594907216756359276  | 0.0015441696512412366859  | 0.00022507341388887066366 |
146   | 0.00099359663627422191434 | 0.0035097662546605544638  | 0.000162642718164321908   |
147   | 0.0096328637407513406643  | 0.0054595904839528563643  | 0.00012311064551211736988 |
148   | 0.0080561215758340205123  | 0.0019962922817909523228  | 0.00017968159303746207697 |
149   | 0.0034157254401079354365  | 0.0046349915397254394522  | 0.00061599445209847749488 |
150   | 0.0061288877702276945217  | 0.0035944490735426975342  | 0.0003040899194826796742  |
151   | 0.0068448402053461051761  | 0.002140729386077776155   | 0.00013248209211834329098 |
152   | 0.0086614378236246607895  | 0.0041591795318776086238  | 0.00053145490723914470127 |
153   | 0.0077331142128178780373  | 0.0066858449550856536084  | 0.00082921864403670466487 |
154   | 0.0079957729898426435633  | 0.0071420311902057392536  | 0.00072927347386547627245 |
155   | 0.0016241507789874921192  | 0.0034109041151215600471  | 0.00070343561885088425056 |
156   | 0.0013653436711433210218  | 0.0067426408253327069567  | 0.00040786716192530163456 |
157   | 0.0039937351780444186114  | 0.0026672221689764902611  | 0.00038992785332936125576 |
158   | 0.0079414454405463165421  | 0.00768502129872224507    | -2.8460274419604260305e-05 |
159   | 0.0061926022861216204959  | 0.00090685458500325527142 | 0.00064704265036606613964 |
160   | 0.0020496618908433894383  | 0.0038312519632247750423  | -7.1869749647298063346e-06 |
161   | 0.0046507721165945413791  | 0.0041685471228002117169  | 0.00096900015157737242472 |
162   | 0.0026742246229432575268  | 0.0035413294929584828059  | 0.00055541827672579615477 |
163   | 0.0049607818216119434554  | 0.0089663033430632463339  | 0.00038321127930637143488 |
164   | 0.0078952878348981757328  | 0.006738659557169505987   | 2.5164007878031836537e-05 |
165   | 0.0093661914423608105817  | 0.0053786603238706364241  | -0.00012098043030568147841 |
166   | 0.0045669305856787774725  | 0.0091304082412047796874  | 0.00088002849841578665441 |
167   | 0.0050300404200067207541  | 0.0057946251595597736764  | 0.00051053477060050613673 |
168   | 0.0038129201500760271509  | 4.7020469952951080039e-05 | 0.00040599358420022237798 |
169   | 0.0088213585398822531164  | 0.0088511098048645164144  | 0.00091469129119647787484 |
170   | 0.0097954419779526374912  | 0.005882976948249717293   | 0.00033148732235559191924 |
171   | 0.00290846127413797945    | 0.0082257649875785866095  | 0.00032177978616591720699 |
172   | 0.0091655211699785497231  | 0.00010731984496196020275 | 3.9402434796911670349e-05 |
173   | 0.0058376993655092140542  | 0.0072549300773111823418  | 8.7576069027581898447e-05 |
174   | 0.0069285357396808031419  | 0.0058520483969563353091  | 0.000301049994340426251   |
175   | 0.0077127777808122834069  | 0.002145533641030766478   | 0.00055912695934201474962 |
176   | 0.0061292571320382517944  | 0.0062930982446637575775  | 0.00067672725356587642639 |
177   | 0.0088435925459565897788  | 0.00025948665324768756691 | 0.00093248810568193551355 |
178   | 0.0029808131904031139742  | 0.0067144993061480544652  | 0.00036235951465742087876 |
179   | 0.00028637593850846344368 | 0.0090519147006197595712  | 0.00036170953218628201092 |
180   | 0.0064518459334557461821  | 0.00013707036057564756047 | -9.7198563913078843955e-05 |
181   | 0.00033939669350180481184 | 0.00021523853236775339804 | -0.00010978453946379620283 |
182   | 0.0040147265136737898469  | 0.0097848008373798631143  | 0.0006259214629784617609  |
183   | 0.0051954522127924821287  | 0.0067334173046909888069  | 0.00041127673721712504438 |
184   | 0.00088668640679777095247 | 0.006861056367208372142   | 0.00017816165411516551973 |
185   | 0.0031717392304608134357  | 0.0086956567540971922009  | 0.00071442248250411309173 |
186   | 0.0051089360285681275839  | 0.0013067710984633242738  | 0.0006220294391710559298  |
187   | 0.009634456190039095147   | 0.0030852957025046499895  | 0.00010648097337546366973 |
188   | 0.0037143065602129234776  | 0.0061574158558843610639  | 0.00077257295221436368942 |
189   | 0.0090389236028197116057  | 0.0025802595680508595005  | 0.00056780175943901747132 |
190   | 0.0079490402788489848002  | 0.0072834435866490484721  | 1.2656749128516132539e-05 |
191   | 0.0022846943538905230969  | 0.0067587779649927329575  | -2.3616613136833674787e-06 |
192   | 0.0010497808104934242684  | 0.0057985907144162381413  | 0.00070413819141912760511 |
193   | 0.0029657655631299809952  | 0.0044875516243409411393  | 0.00037044097581395582725 |
194   | 0.0021741518963226806084  | 0.00094478556767780023581 | 0.00043676705373834278333 |
195   | 0.0039894243411815076203  | 0.0050574781095242982848  | 0.00096592682732521981462 |
196   | 0.002922254614947080234   | 0.0048030418730316644035  | 1.0094344345476400439e-05 |
197   | 0.0031931949937657241184  | 0.0086780652215767261487  | 0.00025401076590614215384 |
198   | 0.0065100024848516136952  | 0.00093347128657923165301 | 0.00037049464497455799478 |
199   | 0.0048328752159787101081  | 0.0075700672265120796944  | 0.00079387141569447951944 |
200   | 0.00026014941719054566517 | 0.0060219843197769733212  | 6.6719509527320532485e-05 |
201   | 0.0062375946596580156625  | 0.0011382713050982146488  | 0.00032716236326650561736 |
202   | 0.0061248223614027413192  | 0.00041532908687064672409 | 0.00014278188677292660141 |
203   | 0.001774084980108404366   | 0.0082520650932973622915  | -4.4071951368468110865e-06 |
204   | 0.0081301709042103167957  | 0.0095521208317468769833  | 0.00037649747753598059074 |
205   | 0.00070035245375071517558 | 0.0082672501790647563713  | 0.00097694563378704270956 |
206   | 0.0085691933633012407762  | 0.00090561788726224430688 | -6.9569073183788264166e-05 |
207   | 0.0062664303626563814045  | 0.0030764622032651550015  | 0.00041627103131216218598 |
208   | 0.0060132809968670448281  | 0.0070414907525337870967  | -8.0950076818133670877e-05 |
209   | 0.0040422014973443493382  | 0.0061596802416658425622  | 0.00038635611953542672165 |
210   | 0.0052509116250538407505  | 0.0041044148968407100087  | 0.00059084637192290036939 |
211   | 0.0098910183489908116289  | 0.0076431188050141022142  | 0.00037059257845383592953 |
212   | 0.0066504212719912811705  | 0.0045483959941940580243  | 0.00081529601894970505412 |
213   | 0.0099361434205396167302  | 0.0082726408069871311401  | 0.00034816516942694984401 |
214   | 0.0058597760456331453999  | 0.0029472102477036401721  | 0.00025618768327337722778 |
215   | 0.0033951098931608481198  | 0.0055315356519868678908  | 0.00074907317686761978187 |
216   | 0.0069574608240887429386  | 0.0065884752728313615566  | 0.00080687526442667269894 |
217   | 0.0058219688698165584714  | 0.0098244851540240426407  | 0.00065051584059107239039 |
218   | 0.008705180457163556873   | 0.0011537164176117489442  | 0.00046179931460156500161 |
219   | 0.003805596622786324313   | 0.0027085895700704166154  | 0.00049858892869629380801 |
220   | 0.00041493057572381545012 | 0.0015316260790125084661  | 6.5217628098837056305e-05 |
221   | 0.0038875052243529132842  | 0.007462174168543595984   | 0.00040581518652338301884 |
222   | 3.1826403939075842387e-05 | 0.007972021926048079507   | 0.00080938124884893090406 |
223   | 8.2596519712372848399e-05 | 0.0071154483231186445996  | 0.00089170557811689334787 |
224   | 0.0090461179171237287439  | 0.0026039798357528573004  | 0.00088654820764556417807 |
225   | 0.0070717186931221762483  | 0.0073107040205148297526  | 0.00068712009179930279984 |
226   | 0.0059706512543962501557  | 0.002396956264516311632   | 0.0006348773092437402614  |
227   | 0.00058028887379950322423 | 0.004959238664816721133   | 3.769177426445508998e-05  |
228   | 0.0028147228400343914101  | 0.0071298971933629598161  | 0.00071437461881756786786 |
229   | 0.0049142046114538295506  | 0.0079531530104392390151  | 0.00025011550092619454005 |
230   | 0.0075549939936916119324  | 0.0048961042038599593765  | 0.00026093921402133322474 |
231   | 0.0035209892057532130548  | 0.0065180659019940991733  | 0.00055335094108978268718 |
232   | 0.0028222269015491354208  | 0.0093398051062876605993  | 0.00015311445905456566629 |
233   | 0.0099074731481826206619  | 0.0043267020482640932214  | 0.0004019425492216887664  |
234   | 0.0091838721229169830579  | 0.0093230757429005189918  | -6.9215195556177730907e-05 |
235   | 0.0011180387550846931401  | 0.0057777494703635835782  | 0.00096067297317637106568 |
236   | 0.0023028064760650039482  | 0.0023237490696225164728  | 0.00057012316613855610822 |
237   | 0.0077555226891980431903  | 0.0059680275106906884031  | 0.00060431358371900356554 |
238   | 0.0050299724736134216602  | 0.0032420179499492410465  | 0.00073160193249971385704 |
239   | 0.0059954736365594660241  | 0.0011003362995158966122  | 0.00041951490701412446054 |
240   | 0.0081502403111729290058  | 0.0092293733846054333558  | 0.00066479113974217320798 |
241   | 0.0091426388320626130607  | 0.0016035271206846406569  | 0.00071235941884951938657 |
242   | 0.00056953748367694664433 | 0.0043501089322038801604  | 0.00095895895828386392562 |
243   | 0.0015250699250776997631  | 0.0019706282483727488933  | 0.00034203051053996149289 |
244   | 0.0023957365688421819981  | 0.0048420249331704032572  | 7.780135091407147836e-05  |
245   | 0.0054930346887651403456  | 0.0016086363192472272719  | 0.00078468703083998990813 |
246   | 0.0030418876720613987827  | 0.0058388656214995249619  | 0.00057594766458214565613 |
247   | 0.0052583166899072995501  | 0.0082349514722180570947  | 0.0004014535008986256032  |
248   | 0.0088056714175076475359  | 0.0011140277595449409043  | 0.00025327273903426382289 |
249   | 0.0086641074398036543175  | 0.0053838558933088564648  | 0.00058733737142922912058 |
250   | 0.0011427464476747334777  | 0.0055868783550594288898  | 0.00085115876387220536919 |
251   | 0.0083322788744737211197  | 0.0017425429045230184707  | 5.779985215316842985e-05  |
252   | 0.0013865117147074080498  | 0.0046124320416780972484  | 0.00030748338012068579268 |
253   | 4.3582384810497001924e-05 | 0.0055824431767606810459  | 2.8384815559306206554e-05 |
254   | 0.00098880971300210700713 | 0.0035951364054671833444  | 5.6994027363035797715e-05 |
255   | 0.007894396293189422098   | 0.0077096772480507811537  | 4.5862277957195931471e-05 |
256   | 0.006247312487673299837   | 0.0066747945454665776749  | 0.00099671649898204397328 |
257   | 0.0069449491278491363999  | 0.0053826255375762650096  | 0.00010840171823738020945 |
258   | 0.0089571924565354180819  | 0.005837250227970611563   | 0.00060309750990719581537 |
259   | 0.0036852387157821219106  | 0.0011564227545991256386  | 0.00087295653820040929657 |
260   | 0.0096210726924415585631  | 0.0055296074590374449595  | 0.00072968179321256012443 |
261   | 0.0052376689540891922109  | 0.00069143224568414345631 | 0.0007609681915884794522  |
262   | 0.0035714747728466857829  | 0.0030901730480922054434  | 0.00015512112553701471059 |
263   | 0.0090969863042711096579  | 0.00030285979522130427417 | 0.00080470392204473519676 |
264   | 0.0057201968101320173343  | 0.0034043628326882640137  | 0.00096347228463807184102 |
265   | 0.00947386111041705406    | 0.006765724763053539495   | 0.00095155133796463644419 |
266   | 0.0020922206688239897848  | 0.0069938888171082432346  | 0.00063706404533248517288 |
267   | 0.0088877391954793136947  | 7.026665086859966566e-05  | 0.00065173284949860993843 |
268   | 0.0045949272629274536331  | 0.0030555214439934976281  | 0.00061569252526598363534 |
269   | 0.0077388759365055077855  | 0.0070709568008061980324  | 0.00052672050964642971177 |
270   | 0.0043055779501209017618  | 0.0035553187843236928184  | 0.00019976721640463013696 |
271   | 0.0062480947631050609559  | 0.0023193438627558248671  | 0.0006363082850139106187  |
272   | 0.00075479259922280354453 | 0.0015269227746151513205  | 7.5260660621290697767e-06 |
273   | 0.0078747836480335571541  | 0.0044934054702002769466  | -3.2308725131415697658e-05 |
274   | 0.00043386882504722976833 | 0.0063528239077391334896  | 0.00049342309199766295515 |
275   | 0.00094812408500086220193 | 0.0059942075235253798257  | 0.0002024450045285720607  |
276   | 0.0075366171724390619568  | 0.0075043911153352058085  | 0.00024732907130270366698 |
277   | 0.007131634803356845867   | 0.0079854369539429266578  | 0.00087460704671055709055 |
278   | 0.00021811887621857455901 | 0.0030383692606632487637  | 0.00067891233651416911781 |
279   | 0.0064778331856594076679  | 0.0033627081018961059791  | 0.00025444747994859333133 |
280   | 0.0021301581295281161489  | 0.0046620707208453165266  | 0.00072728756646578862806 |
281   | 0.0087576522436552724921  | 0.0067044443509035470466  | 0.00073054084064187914133 |
282   | 0.0091207915736754227587  | 0.0001504081403231248787  | 9.1137699366748166742e-05 |
283   | 0.007159624478874820723   | 0.0043370383229203350942  | 0.0002085371153163352153  |
284   | 0.0035492849081056520796  | 0.0051278160193353999191  | 0.00018019336944823623257 |
285   | 0.00089945817217128016911 | 0.0078755935864138378044  | 0.00039077355544978357397 |
286   | 0.0026555853295673467404  | 0.0044663388493378485683  | -2.2432701540003997613e-05 |
287   | 0.00378307958212480578    | 0.0071900430314181798183  | 0.00050385080857874976843 |
288   | 0.0037220559381248769816  | 0.006151766843743336835   | 0.00080890703566002016955 |
289   | 0.0040814729891038665707  | 0.00077898553876318418158 | 0.00086886013594132595773 |
290   | 0.0030383135472014733205  | 0.0069023736700445778233  | 0.00032031006171170668239 |
291   | 0.0040479189035259538834  | 0.00096627117237978188153 | 6.0608105107848477119e-05 |
292   | 2.5668531922294394277e-05 | 0.0074207755535831924215  | 2.9184786910809622706e-05 |
293   | 0.0097714260538019886287  | 0.0076366146767294510248  | 0.00075950829864991544621 |
294   | 0.0054809480687720846248  | 0.0068722416478345094148  | -0.0001028531783647616127 |
295   | 0.0053440975390876520323  | 0.001836201092485254243   | 0.00015700116911578762741 |
296   | 0.0032256887731294823021  | 0.0092943281741647478661  | -9.6647787600933173424e-05 |
297   | 0.0046105180446900069849  | 0.0030462912929020949555  | 0.0003983087564050763192  |
298   | 0.0027030000624285828101  | 0.0028709950651170800147  | 0.00062073391337227684043 |
299   | 0.0030238307290394177314  | 0.00072971708932565890974 | 0.00059002998841277626632 |
300   | 0.0068135924501732322844  | 0.0091916935557408725038  | 0.00065177482549420601588 |
301   | 0.0023736184013244798069  | 0.0011249132515814622146  | 0.00062685913235566452419 |
302   | 0.00061831592252806070239 | 0.0070605806797898974445  | 0.0001530917160492400043  |
303   | 0.00051685736936413076772 | 0.0035177651769512457113  | 0.00025493149939250203109 |
304   | 0.0084732634790285182164  | 0.0076140151305172558763  | 2.5833872113132356585e-05 |
305   | 0.0046128418414877712939  | 0.0035477102462097022915  | 0.00036064412341960420602 |
306   | 0.0092205317751899631279  | 0.0067249315198295222737  | 0.00021299439264685452464 |
307   | 0.0053002628691152693652  | 0.0070376755549509239368  | 0.00044245726435376337609 |
308   | 0.0060906922209144646538  | 0.0060505976128543033365  | -8.8716131911297378318e-05 |
309   | 0.0033956949060047854003  | 0.0048655375979165440409  | 0.00088682863703674810057 |
310   | 0.0032985082505371981013  | 0.0092475145768500070786  | 0.00026102956354298514213 |
311   | 0.0032027994891572321781  | 0.0002704487826502383562  | 0.00016152801894553283496 |
312   | 0.0039384902397576705343  | 0.0023982899616332179968  | 0.00062233539592821969077 |
313   | 0.0008289992408560868881  | 0.0060668690825444251957  | 0.00022419753878741429613 |
314   | 0.0097805302539749026935  | 0.0065449849827262686353  | 0.00073782548299995253781 |
315   | 0.0019931257535373220549  | 0.001267637666131300354   | 0.00068698552048928327503 |
316   | 0.0070635641457284610231  | 0.0070590389064336600197  | 4.3235808980610414569e-05 |
317   | 0.0011638717552113105047  | 0.0083200613627836539354  | 0.00028580491698152143921 |
318   | 0.0040919669431628800937  | 0.0039477497367754821669  | 0.00014749931353666163175 |
319   | 0.0058036367382372508819  | 0.0081299833288713801299  | 0.00021152449402526971099 |
320   | 0.0027964433278928123132  | 0.0078986339048598246115  | 0.0006576400512031390852  |
321   | 0.0090095860646998877919  | 0.0025155907801830161216  | 0.00041435877557315006076 |
322   | 0.0058025501326991373377  | 0.0023946221610742766429  | -2.3664761561208022604e-05 |
323   | 0.002362648329330704379   | 0.0019915223928734611045  | 0.00050747032768481297772 |
324   | 0.00015942903785361707222 | 0.0034804451283604316385  | 0.00072260559784569913192 |
325   | 0.0026363435651178762989  | 0.0044342999142319306644  | 0.00018511105642919148937 |
326   | 0.0025754485725586872408  | 0.0066326307902652373999  | 0.0006348578420030865678  |
327   | 0.0012050087078820112887  | 0.0042278655829808145863  | 0.00099501457622827495925 |
328   | 0.0016301066253019548362  | 0.0023357395926933148707  | 0.00082926697679861914765 |
329   | 0.006852946775672775527   | 0.0053126816296339219106  | 0.00075012792824760612248 |
330   | 0.00537638062234247361    | 0.0041766000381887411624  | 0.00092338871715631678366 |
331   | 0.0035430299004042564194  | 0.0089037313982751782604  | 0.00037134108269925333694 |
332   | 0.0030107535644454063405  | 0.0022100457894027787133  | 0.0002417915124033771508  |
333   | 0.0051067373560330512131  | 0.00079825491454174201007 | 0.00079667723749043723065 |
334   | 0.0055999319459547544642  | 0.0013031974390901961396  | 0.0005930513599043151559  |
335   | 0.0050129357392414974903  | 0.0024441900906238601433  | 7.8718879954456659389e-05 |
336   | 0.0080762904963772759459  | 0.0078450505122208170905  | 0.00021727409885397464158 |
337   | 0.0093134643012263013118  | 0.008365909973102108807   | 0.00089938797105744341248 |
338   | 0.0041846488901550434394  | 0.00071187140553540776029 | 0.0003918913635435728013  |
339   | 0.0035501625919536236413  | 0.0050132987917051105575  | -3.9172145537135894639e-05 |
340   | 0.0047763599297124346293  | 0.003850772530111382444   | 0.00058481001583084082224 |
341   | 0.0020313772602403756991  | 0.0062182197709755495513  | 0.00023183557168880621763 |
342   | 0.0063072247550481500347  | 0.0072027951399633687035  | 0.00070864408898003105296 |
343   | 0.00047231385011887278783 | 0.0055541474008654820316  | 0.00044484336067408261021 |
344   | 0.0014165192858743708149  | 0.0046856756608586146162  | 0.00025958601629810638305 |
345   | 0.0061342373145249111735  | 0.005220013149661560832   | 0.00082066134448545349084 |
346   | 0.0093820867821609761628  | 0.006006833109335589678   | 0.00028575297044805460928 |
347   | 0.0086352915595215885836  | 0.0071715091086910418006  | 0.00015262079547905929079 |
348   | 0.0063873632434346674577  | 0.0065976480811523029874  | 0.00077824615943894361741 |
349   | 0.0093284041593345943394  | 0.002967002415563313629   | 4.2133534995584384837e-05 |
350   | 0.0082323473247524411867  | 0.0091093851912688265232  | 0.0008246676865433857917  |
351   | 0.0074437905875284404375  | 0.006028574983536931671   | 0.00076906923163039904359 |
352   | 0.0034242370849966582633  | 0.004748156808556263514   | 0.00040163389044336355628 |
353   | 0.0059612127674173514755  | 0.0034630088776466108266  | 0.00032795431491390494155 |
354   | 0.0027873522587778649072  | 0.0033841282442568627019  | 0.00082549543707001373644 |
355   | 0.0052977817520890591041  | 0.0034962603266107225748  | 3.7312998726018211911e-05 |
356   | 0.0063031966339005731509  | 0.0083760952385000531084  | 0.00055446698089996605645 |
357   | 0.0029687823268264583627  | 0.0046638005595284869748  | 0.0005590652135044052104  |
358   | 0.00036221773979293987126 | 0.0072410748321979027248  | 0.00032738363993267596136 |
359   | 0.0093534473592980851842  | 0.003413385320784295511   | 0.0001905811778787474002  |
360   | 0.0055545502815043642023  | 0.0074486759588355006684  | 0.00018840112490001666742 |
361   | 0.0055028471504332257189  | 0.007426436294476037106   | 0.00098027432426134233218 |
362   | 0.0049536512784570923412  | 0.0058762273651795354085  | 0.0009810047855153261262  |
363   | 0.0047621347241038648745  | 0.0084532501164402452931  | 0.00062329013015495395716 |
364   | 0.0044558722034241824914  | 0.0077286756478824169408  | 0.00021740016262592615215 |
365   | 0.00099268712959466737233 | 0.0007741506784506183101  | 0.00018749058200377206234 |
366   | 0.0016449773846031372562  | 0.0023912665784411066099  | 0.00017191212862232793396 |
367   | 0.0029063860885454851322  | 0.0040246090693369087829  | 0.00038207132241414778345 |
368   | 0.0055304192905018733847  | 0.002281276113337337829   | -7.9328991125501870899e-05 |
369   | 0.0028220822947797891828  | 0.0059972746405459213467  | 0.00064374571452194186832 |
370   | 0.0078750014795963205194  | 0.0072070166810959132922  | 0.00097641147495008875218 |
371   | 0.0056660435602529368726  | 0.0048365159888874255031  | 0.00059632851028075441885 |
372   | 0.0060687405909458716491  | 0.005972884007458077911   | -6.4339504307016958458e-05 |
373   | 0.0067822057559419951164  | 0.003877774065133140699   | 0.00027882516457183463597 |
374   | 0.0090797765843076069792  | 0.0089560895355437104837  | 2.1727207211210630103e-05 |
375   | 0.000275650559544265148   | 0.0069925800913351416829  | 0.00033725621670439766969 |
376   | 0.0032221646889532156756  | 0.0010720138487910518994  | 0.00017898391177360013326 |
377   | 0.00042356271520143008334 | 0.0034085493159866113097  | -6.1585336923141527268e-05 |
378   | 0.0091592552478257302506  | 0.0011677090954761441995  | 0.000706108519689045591   |
379   | 0.0044096346768857591983  | 0.0092027748878693738793  | 0.00048631498903205954473 |
380   | 0.0024057004271144919773  | 0.0026668423137483142187  | 0.00014817460572668110161 |
381   | 0.0061498107933230100608  | 0.0055988834084738595825  | 0.00015465810003783005242 |
382   | 0.0080591285908329351323  | 0.0047439039193001159012  | 0.00077706374929518897549 |
383   | 0.0048051149992362042832  | 0.0048303089741342387226  | -0.00010270139937314047953 |
384   | 0.0048441912754499600116  | 0.0053428163457468489175  | 0.00078078108959767631488 |
385   | 0.0092813656288216229984  | 0.0081026135246283857022  | 0.00077946195495528971392 |
386   | 0.0051527218730339973893  | 0.0053716452069064142896  | 0.00024965565992716900329 |
387   | 0.0044130488782387327501  | 0.00051553518756509617536 | -7.0971033924614387867e-05 |
388   | 0.0060018381055854698458  | 0.0076796159769681902538  | 0.00088540746945209216484 |
389   | 0.00048642984854675269365 | 0.005209234059231344742   | 0.00019564941105043796008 |
390   | 0.0019798027854074670522  | 0.0014099546698915599134  | 0.00067247588457502798735 |
391   | 0.0037047596681745150263  | 0.0034946428904496181812  | 0.00062350942115974180256 |
392   | 0.004752820592647786363   | 0.0064641894288822599607  | 0.0004037492425137670024  |
393   | 0.0085236273955616968789  | 0.0075222527372201279314  | 8.6075207236601948254e-05 |
394   | 0.0025390821993352182678  | 0.0067819049353821580714  | 0.00063945613707869133208 |
395   | 0.00023720918052503168929 | 0.0049510634218636502546  | 0.00026803379158122123908 |
396   | 0.0017681355271098870945  | 0.0061111854801414230293  | 0.00048519187323649808205 |
397   | 0.0010428009344258287912  | 0.0021273152101543599084  | 0.00017607887849454363421 |
398   | 0.0095776290318361489984  | 0.0060523391704985001968  | 0.00074796081907840730046 |
399   | 0.0064246668465062911624  | 0.0032120363215011930001  | 0.0008621584034650452491  |
400   | 0.002411914788345401791   | 0.0024188438792073878314  | 0.00036603870482619454106 |
401   | 0.007589359923035263189   | 0.00037227651378955755506 | 0.00065512229270387877401 |
402   | 0.00091713453980385461518 | 0.0092081093139420745058  | 0.0001306164351269492401  |
403   | 0.0099237713610266786723  | 0.0063797469685954013088  | 0.00092943411848689285598 |
404   | 0.0032925698233091283025  | 0.0084393077603489592003  | 0.00099831031411400008441 |
405   | 0.0035184740825323968828  | 0.0047688903391037889071  | 0.00046449340423280761339 |
406   | 0.0026911717910433298126  | 0.0028405618898417459885  | 0.00044643381470588862142 |
407   | 0.0094137091971949801023  | 0.0036531956773078791932  | 0.00033079648887111845479 |
408   | 0.0035144654751838857662  | 0.0032533691980706179459  | 0.00010441243448574072318 |
409   | 0.007576257631854045084   | 0.0097100838239645523992  | 0.00087018099332006240004 |
410   | 0.0033479877174716317703  | 0.0046858037212340461139  | 0.0001404533294936385554  |
411   | 0.0045398192188427890018  | 0.0058230706780618580326  | 0.00014472007780291990583 |
412   | 0.0067451340601421341803  | 0.0022834349422956369026  | 0.00077578341586503939478 |
413   | 0.0035456106645998814592  | 0.0022727321553302971997  | 0.00051791555358281986081 |
414   | 0.00085353515778227942185 | 0.0015852677100273765334  | 0.00022542245948875886102 |
415   | 0.0025126264626337828541  | 0.007189253439883783528   | 1.9091859294683264259e-05 |
416   | 0.0023420196740355303869  | 0.0048607014914242166817  | 0.00098396251206858600241 |
417   | 0.0080097647265172447484  | 0.002295429786258851735   | -0.00010055468320614233536 |
418   | 0.0088616826921964209074  | 0.0039532845305758866628  | 0.00089245877542870524074 |
419   | 0.0046432720863877749093  | 0.0039698477585877189888  | 0.00073825289929264816674 |
420   | 0.0061522350032211436596  | 0.0039803147704698281159  | 0.000357637102834206487   |
421   | 0.0022921782458207732094  | 0.0063846461271280449679  | 0.00027359113652521680794 |
422   | 0.0011179078982596368265  | 0.0090433721581407826295  | 0.00053705351563894301176 |
423   | 0.0055362169243490513479  | 0.0051085621275870707683  | 0.00031275934902169383496 |
424   | 0.0091197831246872685523  | 0.0066883402619483771356  | 0.00043252477431758834091 |
425   | 0.0074902066518043163706  | 0.0044293757535735119035  | 0.00057457072127277322021 |
426   | 0.0036143213617598692229  | 0.0072524007450102860942  | 0.00075481223873633701039 |
427   | 0.0032188569090894577664  | 0.0057868343983049335549  | 0.00067262859003230945389 |
428   | 0.0048580239956238294163  | 0.0026254658511446894546  | 0.00015502366889173649703 |
429   | 0.0057195059265487731975  | 0.0031426447571021929976  | -7.9040911307168465922e-06 |
430   | 0.0028756383772845280772  | 0.0013328488808883964898  | 0.00051921474109807488201 |
431   | 0.0022997649985095468955  | 0.0039955455566617250479  | 0.00035665918739583648027 |
432   | 0.0043209127839491292405  | 0.00038220941185408897249 | 0.00021682625108991517709 |
433   | 0.0030233541542328944834  | 0.0072449632913143711607  | 0.00039426716406822641002 |
434   | 0.0048745530939959145697  | 0.0030791619633673537361  | -1.4807640118673630431e-05 |
435   | 0.0013071681462281253567  | 0.008135010621970173092   | 0.00026863379405136285794 |
436   | 0.0041725721303460779413  | 0.0088842641342249187297  | 0.00050464731068756388688 |
437   | 0.0023798968550058537119  | 0.0052568932438305168708  | 0.00076774657904632361699 |
438   | 0.0077756473715771103408  | 0.0031266427416286888055  | 0.0008388106011350945565  |
439   | 0.0056819434119967874436  | 0.0008034223251863864242  | 0.00016515591689068970216 |
440   | 0.0052498631519611749924  | 0.0089085443876391352119  | -9.3607801496271112883e-05 |
441   | 0.0067086158969036965155  | 0.0054312970912785921845  | 0.00083758794839042163133 |
442   | 0.0047880393407449444235  | 0.0062584766433153513066  | 0.00045468424920261905648 |
443   | 0.0092594118507254071643  | 0.0027864162731143071045  | 7.1948563284602170422e-06 |
444   | 0.0091872888556807572047  | 0.0026684844517427023201  | 0.00055449780596888900014 |
445   | 0.0061740997023496165669  | 0.0038873105950738445248  | 0.00046601785231093850823 |
446   | 0.0047472832576190334558  | 0.0072232167600135444713  | 0.00086058909919517413874 |
447   | 0.009307257267662689959   | 0.0077099271246367151109  | 0.0004475797074510649929  |
448   | 0.004829205771126121767   | 0.0017485833450626127664  | -0.00011492531219597358313 |
449   | 0.0054668336680579899395  | 0.0033049378275919246567  | 0.00027556295843119424718 |
450   | 0.0028773233742088017394  | 0.0064195807717674852402  | -9.1439246190335455038e-05 |
451   | 0.0006817264826861357558  | 0.0071087563548762524451  | 0.0003983249744294889514  |
452   | 0.004736319381280444836   | 0.0050334130808504656818  | -4.3680314338907864479e-05 |
453   | 0.0049542140637903811506  | 0.0097485977237039018323  | 0.00059380766303351352475 |
454   | 0.0048152887362403716531  | 0.0062007529935955221778  | 4.4907136198462727431e-05 |
455   | 0.00044015285069432051167 | 0.0061381936816447850089  | 0.00063997328823912815604 |
456   | 0.0066488787845167540702  | 0.0099906822004735620912  | 0.00044619255685355251311 |
457   | 0.0097187973906393398255  | 0.0031796417814292528801  | -3.1792698720372776805e-06 |
458   | 0.0048267612966790517104  | 0.0067168160942465433144  | 7.1927867355778783969e-05 |
459   | 0.0041626095376992569216  | 0.0083647459527839539833  | -9.6109328046746706278e-05 |
460   | 0.0027892046833831811957  | 0.0028099165069354003176  | 0.00073287729756327159997 |
461   | 0.0010838920302743081624  | 0.0058028571407353710804  | 0.00042092596716561446815 |
462   | 0.0060434683978144408678  | 0.0041909646398569080569  | 0.00098589544083875404329 |
463   | 0.0081389727577977563633  | 0.0061306998932581348652  | 0.0004872790534645133286  |
464   | 0.001713051816764178583   | 0.0043095636512333239734  | 4.559589666598573717e-05  |
465   | 0.005247771921303785031   | 0.0073995253919560098621  | 0.00028404900196880259345 |
466   | 0.0070699507145601265395  | 0.0088516142406628028905  | 0.00092736663122216980021 |
467   | 0.004587705580255779271   | 0.0030114295005255072545  | 0.00013716770623006503899 |
468   | 0.0064254528127975557225  | 0.0027987721939340811858  | 0.00047493462565395463265 |
469   | 0.00939670343890585541    | 0.0050070334842228668079  | 0.00014077520788692094106 |
470   | 0.0087495277112383616075  | 0.0038518428276942393886  | 8.9542447171229994215e-05 |
471   | 0.0024782599659049263721  | 0.0080510626657052074273  | 0.00024609171764046553887 |
472   | 0.0036300356122571783221  | 0.0052283393667590678106  | 0.000109580278422798913   |
473   | 0.0024346080533382986194  | 0.003731264575616602755   | 0.00021113455985657895845 |
474   | 0.0046466020548991560785  | 0.0045808068748615406174  | 1.6492005514388991536e-05 |
475   | 0.006551558633426515961   | 0.0017982267266862604193  | -2.3440198965929451801e-05 |
476   | 0.0060331870922707541566  | 0.00030991946424571150624 | 0.00065970644193075926934 |
477   | 0.0099412932274050066356  | 0.0032670130496301728364  | 0.00029172500318133616536 |
478   | 0.0061994345710022474155  | 0.0081157425673990517961  | 0.00070569497191250076668 |
479   | 0.0085774639392850165337  | 0.0058399104812221179495  | 0.00094912870710689184895 |
480   | 0.00023368364373687984721 | 0.0092730496529475087836  | 0.00063931948946602615031 |
481   | 0.0085849638161420577243  | 0.0029981176431999540313  | 0.00054971822957276730154 |
482   | 0.0045368217249539830385  | 0.0092003842581797369571  | 0.00074261616320664923779 |
483   | 0.0021070354980375085273  | 0.0036426685807473420907  | 0.00044714653190364660705 |
484   | 0.0046691536543131406667  | 0.0041312866899341450441  | -3.9095899509020400953e-05 |
485   | 0.0067401255032555904348  | 0.0027801251175435253045  | 0.00075243424158062590518 |
486   | 0.0099438529875981833406  | 0.0087156544226709518203  | 0.00057942097623606050177 |
487   | 0.002183430077159885345   | 0.0025398768656285739681  | 0.00068452113888945603521 |
488   | 0.004157136231554420247   | 0.0090460058720460371356  | -6.2265562889639468531e-05 |
489   | 0.0028958348662287305801  | 0.0019065329039420428076  | 0.00023481912741168608984 |
490   | 0.00015472376057411408126 | 0.0063047649988762950735  | 0.00065332540063922552726 |
491   | 0.0082282676727354030211  | 0.0037723694578910096399  | 0.00015032076596006613647 |
492   | 0.00028123607154296656734 | 0.0031528280919815385858  | 0.00071681715581033058488 |
493   | 2.7728764142802059847e-05 | 0.0081654375441754575154  | -7.9724508494688925918e-05 |
494   | 0.00062802577391977856911 | 0.0012016326589716977424  | 0.00050226547983026428347 |
495   | 0.00423779152871982083    | 0.0068371033911950266498  | 0.00062207608842566614743 |
496   | 0.0075888265973075496804  | 0.0082951583509009944178  | -7.2045879022143924776e-05 |
497   | 0.0044934089716794425873  | 0.0023377225182257587235  | 0.00028124475412445097515 |
498   | 0.009755229206880428397   | 0.0064555280779593207305  | 0.00051310474635875204935 |
499   | 0.0055460307725629159545  | 0.003893881443752002236   | 0.00014812151629784792639 |
500   | 0.0086409696093036336695  | 0.0018885374977056926596  | 0.00010328531141423208655 |
501   | 0.0049603930020513534518  | 0.0041065984628665752956  | 0.00024911651340807274696 |
502   | 0.0082663857250294143358  | 0.0032037987158359260143  | 0.00076288088027534530638 |
503   | 0.0058550406926974928393  | 0.0049763263927756510793  | 0.00019324706725057681301 |
504   | 0.0031763165890116716768  | 0.0049245323431305627199  | 0.00071119845410091487355 |
505   | 0.0089055903684315210894  | 0.0081102047094553861295  | 0.00031479911091233719542 |
506   | 0.0020758758842053092603  | 0.0032411154007065622572  | 0.00014731088821496164751 |
507   | 0.0067753882771817743047  | 0.005130615187924363399   | 3.7182518733438125514e-05 |
508   | 0.0047443897402474257546  | 0.0029288584799701477233  | 0.00086408855834382999016 |
509   | 0.0069595608362108731665  | 0.0051583433931190305136  | 0.0002222017406304844817  |
510   | 0.0063285660854652077065  | 0.0015176923510808047919  | 0.00018049345025379257782 |
511   | 0.0031009943457061673981  | 0.0033240367890436856892  | 0.00042260831440374163788 |
512   | 0.00083360334200576391341 | 0.0058764285450388807283  | -0.00011189763763953954707 |
513   | 0.0052902172340146364979  | 0.0070400960334957669515  | 0.00019798510052835611604 |
514   | 0.0069448469430802781122  | 0.0053506594491273817837  | 0.00046927426966789889846 |
515   | 0.0035994647262064865742  | 0.0023084745455729986999  | 0.00047063933702397222486 |
516   | 0.002020539916449471448   | 0.0062450195035726168563  | 0.00049013981494118203253 |
517   | 0.0079534943016822574891  | 0.0027766908098265344514  | 0.00054746845170876214798 |
518   | 0.0061292580445707831038  | 0.0066392095980601154026  | 6.1911312788275339779e-05 |
519   | 0.0087384649854430253985  | 0.0043925098716181901204  | 0.00051470622585191559435 |
520   | 0.00099401796555654295742 | 0.004699393541581296796   | 0.00025683756431355486347 |
521   | 0.0048410502518626934154  | 0.0006946305441186118295  | 0.00013291129003468340575 |
522   | 0.0083921597961469397708  | 0.0074972477437691550581  | 0.00069225836507771519503 |
523   | 0.0074035082490533001692  | 0.0055171830383986463983  | 0.00013329724930696748011 |
524   | 0.0044585695608198045586  | 0.0030392115904757915218  | 0.00014353255573786261002 |
525   | 0.0047054216790823333305  | 0.0023103313366096469433  | 0.00047756039404067376257 |
526   | 0.0080641243332582272091  | 0.0012837660836966687233  | 0.00037846011385256854561 |
527   | 0.0040262902705063977407  | 0.0030820233558519743305  | 0.00068811180250003716515 |
528   | 0.0044309087963087306558  | 0.0043373809778825397551  | 0.00050631271874654239923 |
529   | 0.0021963040264081534932  | 0.0038787330714423664396  | 7.4143846399335287941e-05 |
530   | 0.0064532305829203152198  | 0.0045410491788451636322  | 0.00024028135230056292104 |
531   | 0.0052817407861185383666  | 0.00095594895888393490325 | 0.00044405632707204541025 |
532   | 0.005150266495431750878   | 0.00064510579475020703513 | 0.0006743627944505855773  |
533   | 0.0081642273486999053511  | 0.0019624042431040248161  | 0.00034917136482227743074 |
534   | 0.00071017822353219796274 | 0.0018042901975830845027  | 0.00014753063485570835998 |
535   | 0.0092224681452526217212  | 0.0025336801097034394349  | -8.0717972492690522523e-05 |
536   | 0.0093287676896995422315  | 0.005404246991557105223   | 0.00011836835966929433635 |
537   | 0.0016435255056356959207  | 0.0097162703041166406659  | 0.00082791573305151947362 |
538   | 0.00076907403033555201202 | 0.001905924250023633337   | 0.00087097724301124414964 |
539   | 0.009290583237975389222   | 0.0062111209513383541098  | 0.00042646807674716623619 |
540   | 0.0094323265099300040298  | 0.0047313932882149696557  | 0.00022491338409486168973 |
541   | 0.0039185307387655590738  | 0.0049313161001034227712  | 0.00049847624159185446174 |
542   | 0.0024854959728070015121  | 0.0016181122706281950933  | 6.5109337768524686908e-05 |
543   | 0.0066348489387390791397  | 0.0012722916769701384139  | 0.00057259450778304656765 |
544   | 0.0048971386848643090259  | 0.0087690065089562323902  | 0.00052252931491661349511 |
545   | 0.0010463496214793515087  | 0.0037016756358364630991  | 0.00034105317908952794553 |
546   | 0.0069391317123432254971  | 0.0054341203241269229671  | 0.00066504238951316154566 |
547   | 0.0035004527140410049597  | 0.0076524230089249399914  | 0.00036471692606457816691 |
548   | 0.0046277089779054106367  | 0.0083998604398768956375  | 0.00040312383793379285039 |
549   | 0.00073586031398968556206 | 0.0043488425705659802117  | 0.00025150098011759866807 |
550   | 0.0054811771753775027222  | 0.0088110751165772008275  | 0.00090005982136399194024 |
551   | 0.0072373110843444461021  | 0.0042758583809822600652  | 0.0004662480336690052996  |
552   | 0.0047423004733028349331  | 8.8480553136774536013e-05 | 0.0008532972769731824933  |
553   | 0.0033805886537623432153  | 0.0037232800321806659369  | 0.0006753388880964121023  |
554   | 0.00054843813621732100203 | 0.0093807423861533966586  | -7.3335704446552036923e-05 |
555   | 0.0079111510309788895395  | 0.0044839478135974058723  | -3.6980753630484517022e-05 |
556   | 0.00076661369382467617947 | 0.007015539727651435957   | 5.7118530608936662202e-06 |
557   | 0.008805964610447351848   | 0.0033283554464601490877  | 4.1595729690003987447e-05 |
558   | 0.0092457119307078772935  | 0.0054703819713448958648  | -9.1965289448195247928e-05 |
559   | 0.0051200636636419653847  | 0.0059981550809985566264  | 0.00095504561559625871653 |
560   | 0.0035316645600195891927  | 0.0031594556947228224879  | 0.00084442852896935815653 |
561   | 0.0057017098952954758939  | 0.0061625267342377528304  | 0.0009574554260632630806  |
562   | 0.0048415297805179885807  | 0.0015295617586155833573  | 0.00046599017212189985156 |
563   | 0.0071318391812086028708  | 0.0042349018030079605898  | 0.00050448478184846469018 |
564   | 0.0012085525855572349686  | 0.006391050647187346799   | 0.0006870945763501742562  |
565   | 0.0032968514900907712993  | 0.0039431837530462705843  | 0.00061029175406317420858 |
566   | 0.0056005416271922943069  | 0.0048219034386689204122  | 0.00083010188405428699671 |
567   | 0.0017753445135483747128  | 0.003710505968859334567   | 0.00043924476000778336221 |
568   | 0.00085011376129507959954 | 0.0070429822576712815957  | 0.00060716763581262014633 |
569   | 0.0035481846942385392857  | 0.0027402590572846935793  | 0.00062646284490212780088 |
570   | 0.0083114158592621882604  | 0.0061883800364576765571  | 0.00041002126048916680019 |
571   | 0.007620745089460575182   | 0.0038263348190888677239  | 0.00018631956797747684833 |
572   | 0.0067232512390960784063  | 0.0097803524228566862675  | -6.2741175337652262535e-05 |
573   | 0.0068699424060276572182  | 0.005696284835906794547   | 0.00081762104725566957589 |
574   | 0.0094688625976742987062  | 0.0063868426205644646121  | 0.00076414928171885960345 |
575   | 0.0079208949589541898656  | 0.0063526112271116499941  | 0.00028264238317034316023 |
576   | 0.0025135353354147631395  | 0.0055337902165617713565  | -4.0252384396168833084e-05 |
577   | 0.0064622484632437656935  | 0.0090937916862453369721  | 0.00074873267800934419774 |
578   | 0.0065435426713012379701  | 0.0074482020702439678816  | 0.00028644011335833465676 |
579   | 0.0042191400035268469132  | 0.0016804599826521814457  | 0.00085443657676612973229 |
580   | 0.009154961812577643715   | 0.0061700934712056766662  | 9.0447314503357869177e-05 |
581   | 6.8872063077543961779e-05 | 0.0066429999854229985351  | 0.00044217208854609949681 |
582   | 0.0090109545789879581107  | 0.0078903566612044517131  | 0.00047358142138384648132 |
583   | 0.0036814266799501740857  | 0.0053026001435213668614  | 0.00011769430255662965404 |
584   | 0.0067693765024574763592  | 0.0031703911333778311832  | 0.0003941129564450944131  |
585   | 0.0086974655408176108906  | 0.004823575121924932041   | 1.277664100875393078e-05  |
586   | 0.0042481583204534963463  | 0.0023296197001943051014  | 0.00039052930409376376136 |
587   | 0.0082180389548888229528  | 0.0071272183878318242159  | 0.00023720710224291687213 |
588   | 0.00067112336006737590387 | 0.0056932294835182152212  | 0.00052026411323934009662 |
589   | 0.0061444496159654311829  | 0.0029877946538067186137  | 0.00030513477727940521017 |
590   | 0.008728169971084205267   | 0.00249196182449809003    | 0.00076478867306653704455 |
591   | 0.00094298871606591648693 | 0.0095036329676978018033  | -1.0508954823466545546e-05 |
592   | 0.005039617821635211832   | 0.0054515972682682625056  | -0.00010092397143503343019 |
593   | 0.0056225590761176816659  | 0.0082661220033145282188  | 0.00015446893485794523267 |
594   | 0.0079147281259693350042  | 0.0066623642851427692518  | 1.3088779318867562154e-05 |
595   | 0.0097953382608073659432  | 0.0042481749391303693514  | 0.00093467988806769880614 |
596   | 0.0063801183602783364049  | 0.0058740637020560440562  | 0.00036263023666473302026 |
597   | 0.0012579240067511223387  | 0.00052890020811378326768 | 0.00054796014756987223432 |
598   | 0.0035163000393312292269  | 0.0015773299366567427628  | 0.00064667920040843620416 |
599   | 0.0039523593862021769163  | 0.0031229926044288197108  | 0.00018079669126475853697 |
600   | 0.0012062831961698542837  | 0.0022955344601858760668  | 5.0881467940741720464e-05 |
601   | 0.0082680640731476844063  | 0.0037199600572083123262  | 0.00051001676289086275012 |
602   | 0.0037763183516284081105  | 0.0072296867218292473409  | 0.00062414651326000904902 |
603   | 0.0080009833400705183265  | 0.0034959858537698422151  | 0.00037730009504262276149 |
604   | 0.0087265856320526309642  | 0.0064482996470465970759  | 0.00036231299024333985144 |
605   | 0.0044499668181364792144  | 0.0024290618576575679494  | 0.00085088522596113349422 |
606   | 0.0040841505592323721491  | 0.0072474669585817592596  | 0.00012442629707055773277 |
607   | 0.00091506773499246314447 | 0.0020951950855222817478  | 0.00012192573562316093272 |
608   | 0.00049292811945878618664 | 0.0044150140367853465614  | 0.00027288453589052654585 |
609   | 0.0096035900331482501602  | 0.0094409308229168459325  | 0.00013130246438422435006 |
610   | 0.008351072212923299834   | 0.0046713070395459996981  | 0.00035676121727221035002 |
611   | 0.003849110102376488568   | 0.0006719372304720868912  | 0.00070289106529519609218 |
612   | 0.0094240216258266572974  | 0.0057782595051933194688  | 0.00072663531994099275074 |
613   | 0.0050339647179946326455  | 0.0072644404262287090579  | 0.00024342351049255240864 |
614   | 0.0088184100169564020449  | 0.0045926565339196910934  | 0.00027478252140659107945 |
615   | 0.0025996447256817945166  | 0.0071924253110579325701  | 0.00052724066142745187186 |
616   | 0.0085520830760375757956  | 0.0039343098073674016499  | 0.00093162862811299509275 |
617   | 0.006889041622072361766   | 0.0033039475582532090714  | 0.00055888809524930855525 |
618   | 0.0048672908880332092785  | 0.008254191112641980077   | 0.00030580048187015793125 |
619   | 0.0045897901049966032677  | 0.0042606052172950315687  | 0.00045636554369679415517 |
620   | 0.0098351397152648921407  | 0.0091884129787906092951  | 0.00032600377995859391523 |
621   | 0.0070697297500558085523  | 0.0098778915132955082828  | 0.0001132897498039037317  |
622   | 0.0094079750756588514243  | 0.0049060583445944125     | 0.00031586683088239542573 |
623   | 0.0079608535210709523849  | 0.0057579670652762723546  | 0.00092339270566896194253 |
624   | 0.00016429675946322326737 | 0.0073412381314206720181  | 0.0002084461626619667305  |
625   | 0.0061462715874279613346  | 0.0022048278902829592484  | 0.00091884634499041131089 |
626   | 0.0035517565050954837645  | 0.00095866329075299254372 | 2.7897892375241478225e-05 |
627   | 0.0018139027927443411407  | 0.00052824623240997604055 | 6.260404510687289344e-05  |
628   | 0.004869421838133467656   | 0.0091548238752373767985  | 0.00085824159728355772087 |
629   | 0.0014897372214403741594  | 0.003322694821765134407   | 0.00032462751383750343762 |
630   | 0.0071254856274772324781  | 0.007147351892290376707   | 0.00030532017118241669548 |
631   | 0.0054022403509741993496  | 0.0040641948623646338354  | 0.00092067276458747166097 |
632   | 0.0011262561033489235617  | 0.0079624421095706963969  | 0.00039115587264892400605 |
633   | 0.0093399079045956220901  | 0.0020409891123092244181  | 0.00028453847007063988927 |
634   | 0.0033680541351161254193  | 0.0067288995716918206108  | -2.7679300803727142102e-05 |
635   | 0.007089453703592915601   | 0.0063860562468914293735  | 0.00031214902290912810868 |
636   | 0.00052436129098036425057 | 0.0021668920473315975324  | 0.00069967161802392176945 |
637   | 0.0044853509679036061494  | 0.0074588598461894153879  | 0.00052728030578295861236 |
638   | 0.0026746812757472032164  | 0.00065600650438567221969 | 0.00099531058436294530395 |
639   | 0.0094299374080420179239  | 0.0047758897407301319216  | 0.00022289510080124381639 |
640   | 0.0028907748849328939247  | 0.0086357840873235273971  | 0.00095413556127786972039 |
641   | 0.0092273341598498315186  | 0.0029927163454992410617  | 0.00059549226154903458358 |
642   | 0.0050313168073999681509  | 0.006317030560671219909   | 0.00038569896542076434736 |
643   | 0.007079276031122168876   | 0.0080261983815528622349  | 0.00037705919634309901546 |
644   | 0.0069400260426271771427  | 0.005422792060083408798   | 0.00072465718999707002222 |
645   | 0.0094823415963644474419  | 0.0051097548095480459923  | 0.00065804266080226594612 |
646   | 0.0044195161077978913425  | 0.0073081928255296618041  | 4.8851093158312346469e-05 |
647   | 0.0058025364906411610114  | 0.0069563952669423985073  | 0.00037990667434895862261 |
648   | 0.0049450065785478980115  | 0.0076635730392889123141  | 0.00059164752057827834242 |
649   | 0.0090807037835769974232  | 0.0059885887913210611791  | 0.00056066013413472778198 |
650   | 0.0026749947724376138547  | 0.0010480995177277118661  | 0.00067590391649827077231 |
651   | 0.0071185233596847063628  | 0.0035365836493264002013  | 0.00076946909195180733521 |
652   | 0.00071623015298985385005 | 0.004844239480708775053   | -2.7935193541045494114e-05 |
653   | 0.001086577348383207511   | 0.0080758435627663500977  | 0.00012220020608772527021 |
654   | 0.0035344418413449118534  | 0.0035707689560513411649  | 0.00069917802711338733392 |
655   | 0.0016353736493649789676  | 0.0060780389778277536805  | 0.00053605440647648419997 |
656   | 0.0029486613632360918029  | 0.0085518449025126716534  | 0.00050822489320945945807 |
657   | 0.0019674930165628941314  | 0.005899116276556298083   | 0.00025019262867309193009 |
658   | 0.009058584115353809571   | 0.0035209892032494922998  | 0.00077389809870977068623 |
659   | 0.0051777730880969846661  | 0.00036361049679129288717 | 0.00016286314503581093252 |
660   | 0.0030236750065828791809  | 0.00049449639375076504238 | 0.00028512323628955077914 |
661   | 0.0032173593426841774062  | 0.0071233503165545010091  | 0.0005635387926677662071  |
662   | 0.0044005491906284870812  | 0.0011989352271158020078  | -0.00010217935915533857911 |
663   | 0.0014298843068483739396  | 0.0091442925554181733044  | 0.00034421838492133729343 |
664   | 0.0044437064498748330907  | 0.0096991732299229558439  | -7.0702131560225199331e-05 |
665   | 0.00020237512311125244744 | 0.0037419331730020682046  | 0.00073191517459626526283 |
666   | 0.0015758453893542851212  | 0.0045631861317011988832  | 0.00025027958628256763993 |
667   | 0.0052230048266543038782  | 0.0041330642375598030877  | 0.00058771251756979583231 |
668   | 0.0068127856960840810219  | 0.0033806802416817146283  | 0.00083834893375889143335 |
669   | 0.0055952622550369214213  | 0.0033872876359214080903  | 0.00065508204022579857688 |
670   | 0.0069643014412143757971  | 0.0022339892872791132852  | 0.00021804464173620112717 |
671   | 0.0079980503860974279384  | 0.0077788483163804197917  | 0.0008668202434207937469  |
672   | 0.00021532304157755160763 | 0.0064335773997859320092  | 2.448315939435052123e-05  |
673   | 0.0047651344211032476209  | 0.0058690225697073782757  | 0.00065091872976864655845 |
674   | 0.0065344886177016369908  | 0.0038369897639418085351  | 0.00025729949978031820901 |
675   | 0.0043713193525879131054  | 0.0050031483094391303659  | 0.00085214510586466198777 |
676   | 0.0084130589713345572261  | 0.0040224681796682216703  | 0.00013644811698258188428 |
677   | 0.00020570125925496268683 | 0.00022087234434433353301 | 0.0003295498860135372219  |
678   | 0.0023184087502509265893  | 0.0069526512608089289375  | -6.984058905092066635e-05 |
679   | 0.0018961239311863979477  | 0.0041834027133549993305  | 0.00039237769239055722949 |
680   | 0.0076936899737879748187  | 0.0058780989979995753453  | 0.00067582003573934945877 |
681   | 0.0049093688732111881445  | 0.0094989762024522955003  | 0.00029603544431825286548 |
682   | 0.0078994370792825237271  | 0.0065958869322391413745  | 0.00036046659792555914986 |
683   | 0.0060254490580801990662  | 0.0079313491991493054178  | 0.00094433132854097791981 |
684   | 0.0092171331588194911622  | 0.00959448889027659374    | 0.00093417418147837265763 |
685   | 0.0018340305004361002767  | 0.0049869217304734500193  | -4.2700377243808736085e-05 |
686   | 0.0019384130214531909448  | 0.0058116421983441246546  | 0.000726828578503568184   |
687   | 0.0048713319591876325446  | 0.0019391995063490954226  | 0.00082937931773276445807 |
688   | 0.0010608421614554050267  | 0.0044576353809473645215  | 0.00071156896372347460018 |
689   | 0.0080467187390699627947  | 0.0055481267307757103566  | 0.00066076518224250559846 |
690   | 0.0010224161110034513892  | 0.0090858689053703728389  | 0.0003243861884740751266  |
691   | 0.0036891746695796945668  | 0.0048088739221928966661  | 0.00036373220422385903541 |
692   | 0.0073189058472993215321  | 0.0013822033193259994875  | 0.00027857134024086762508 |
693   | 0.0011404974561389066758  | 0.0017714729092408764474  | 0.00020220424429138068043 |
694   | 0.0019685567557961494017  | 0.0022025398253427601672  | 0.00048905144183103476177 |
695   | 0.0064542549688330784138  | 0.0048930014293970067879  | 0.00035402100239401780883 |
696   | 0.0069917537158043730969  | 0.0036941897185819383767  | 1.4744840539439199755e-05 |
697   | 0.0071001084847785436369  | 0.0079006097574456785049  | 0.00013301287315717208741 |
698   | 0.0072741276760759834147  | 0.001746945837898107633   | 0.0008345062960635042746  |
699   | 0.0065411333540350826907  | 0.00084872813291718765538 | 0.00095231089792643854736 |
700   | 0.0038322376485952426746  | 0.0088962303321079919116  | 0.00036596480565050809337 |
701   | 0.0049573519543211737662  | 0.0048105684044995235954  | 0.00028021361261104573565 |
702   | 0.0066215437785850112667  | 0.0061152811942395465111  | 0.0005903359155165896141  |
703   | 0.0021132390432732168703  | 0.0046748149766390337603  | 0.0005868602801953745271  |
704   | 0.0076533386107441453428  | 0.0036579094143874713724  | -3.1694253106120844368e-06 |
705   | 0.0037108600112889921635  | 0.0041741735748990725641  | 0.00072516847278683484873 |
706   | 0.0067841472848175444696  | 0.0065252751861833262204  | 0.00020347322804578518544 |
707   | 0.00059810567685248045618 | 0.0095614062142607442879  | 0.00072409923041510861758 |
708   | 0.0099275093429419640489  | 0.0016426766835284719193  | 0.00016281556024357583421 |
709   | 0.0045225525942640398824  | 0.0039338779781280764844  | 0.00077168025704424294403 |
710   | 0.00011257563121187790379 | 0.00096214089622647725516 | 6.2577173435803798473e-05 |
711   | 0.0044071107650163528907  | 0.0063271139085747047162  | 0.00031096309489690807798 |
712   | 0.0046700276181856634553  | 0.0048147043321338052133  | 0.00067081882740367606427 |
713   | 0.0084193618711954458511  | 0.0038691867091807702513  | 0.00029052493070692581977 |
714   | 0.0044308534119367184653  | 0.0031673939918728001575  | 0.00096622731946321039221 |
715   | 0.0060349358894496900677  | 0.0080231085633800432871  | -1.0950101665157859829e-05 |
716   | 0.001797683975434221466   | 0.0026069464237633232194  | 0.00018705353634530233128 |
717   | 0.0036849052332605853645  | 0.008509353486288277757   | 0.00024230363169616599833 |
718   | 0.0069172017595343976079  | 0.0029617839923778126882  | 0.00067363014293821046191 |
719   | 0.0030034669848190338227  | 0.0027108731192486685939  | -3.5712363104484318665e-05 |
720   | 0.0072530417024091412698  | 0.009725948628991129899   | 0.00053491815923929753301 |
721   | 0.0029403231087513858298  | 0.0066082424880945988752  | 9.1852119702597566364e-05 |
722   | 0.0003026170312956157093  | 0.0043298413166906321234  | 0.00047803798667003707251 |
723   | 0.0063873557122322514173  | 0.00224288902208073836    | 0.00043780047441561911054 |
724   | 0.0013235439190561375591  | 0.00042911319573046336796 | 0.00043323716875768702311 |
725   | 0.0053692698256268111406  | 0.00094743621954059529817 | -0.00010814931562976815515 |
726   | 0.0018340590495985107083  | 0.0044205276825285237663  | 0.0003700983546458804993  |
727   | 0.0010707385880634548176  | 0.0028122154949116202199  | 0.00099587908739925869867 |
728   | 0.006796570904244484887   | 0.0091617281928681321146  | 7.7063164818981248132e-05 |
729   | 0.007809020420105393899   | 0.0016332300254845398806  | 8.0424650911677545502e-05 |
730   | 0.0068631950658252158237  | 0.0089937873088282802719  | -8.4669135639229528871e-05 |
731   | 0.0071170715925687813574  | 0.0039858569650898997838  | -5.1565897558441665222e-05 |
732   | 0.0049074541975502906921  | 0.0028363172424962714187  | 0.00035279229443078898715 |
733   | 0.0086735929537073656187  | 0.00095589116564363991752 | 0.00022470320871982444374 |
734   | 0.0013549174399576703089  | 0.0092768750423523130277  | 0.00071883800183730663796 |
735   | 0.0027628190656692119473  | 0.0091910505264986511881  | 0.00050836253643960632731 |
736   | 0.0023051956998457949315  | 0.00642288569307509008    | 0.00077590066456482737096 |
737   | 0.0010510703068845647212  | 0.0064593164262323589722  | 0.00049472739730725332191 |
738   | 0.00047699280878025498379 | 0.0066237841178595005531  | 0.00012837751149504233322 |
739   | 0.0073541373739401706688  | 0.0067374709862150295239  | 0.00016091633215368494349 |
740   | 0.0097034442759323970285  | 0.0066348706003720031577  | 0.00084728989042663540449 |
741   | 0.00052046379313320503476 | 0.0046023651506521701809  | 4.1328464094546058785e-05 |
742   | 0.004285771214178010248   | 0.0056926563033115806442  | 0.00044836564872915898178 |
743   | 0.0082806339877174121172  | 0.0068975112658221544859  | 0.00072642164232372598981 |
744   | 0.00085065765832686740956 | 0.0057694283653997140149  | 0.00013258135293024622247 |
745   | 0.0013842181289202965238  | 0.0059962732543327778093  | 0.00020282894142752258462 |
746   | 0.00054540203245122991556 | 0.007336419672377599184   | 9.9880802452475235531e-05 |
747   | 0.0053843269743575209244  | 0.0013997099905602658227  | 0.00058551817679025391829 |
748   | 0.0097790616105712067918  | 0.0068194717686162397915  | 0.00020139453230214900397 |
749   | 0.0075330991769474338338  | 0.0066460828107654723249  | 6.3065270571770318036e-05 |
750   | 0.00082158225874862339348 | 0.0014568985284409113456  | 0.00036233386979367979098 |
751   | 0.00082697786040968068472 | 0.0044900165035836447219  | 0.00042055802893614516787 |
752   | 0.0058133914910003560428  | 0.00232419596719267256    | 6.0116872768911671547e-06 |
753   | 0.0082822451234142099863  | 0.0049605358012991289038  | 0.000428586631656653963   |
754   | 0.0072126107864975566933  | 0.0018307677562514679866  | 0.00038772207563864873135 |
755   | 0.0052473338492646775383  | 0.0051202637763643190846  | 6.6830084830939360499e-05 |
756   | 0.0041665656085754987012  | 0.0066772142402481389836  | 0.00036666770797514480892 |
757   | 0.0059951865778258882703  | 0.0059019084756873566727  | 0.00045550444097641366393 |
758   | 0.00027414993071629082787 | 0.0071894468971904308338  | 0.00068212928432647226568 |
759   | 0.0048380515490716001492  | 0.0064428470675616002217  | 0.0004236578941501308081  |
760   | 0.0012888124576105415477  | 0.0077169322881863143537  | 0.00098304367038876041412 |
761   | 0.0011312907618260105522  | 0.0076704935578445878133  | 0.00090850734688290675153 |
762   | 0.00046934544094632261362 | 0.0046573154626586158247  | 0.00026219405903780881179 |
763   | 0.0016106423793860657687  | 0.0093290893780123736179  | 0.00078506687371357377486 |
764   | 0.005374229041894658214   | 0.0091691744500199904438  | 8.8127154706761715855e-05 |
765   | 0.0072731435146537520495  | 0.009525065147020334369   | 0.0002668394158353467314  |
766   | 0.005545096780137344708   | 0.0011522641445572583737  | 0.00066912290873013700529 |
767   | 0.0043681399416580554002  | 0.0054905496748116891167  | 4.8917230066294634734e-05 |
768   | 0.0097956318067467153948  | 0.0094156272990451178595  | -9.8179429179633343275e-05 |
769   | 0.0097824521909467884034  | 0.0051585877629306015751  | 0.00019915434409735919218 |
770   | 0.0038476311778351877761  | 0.00067826807043494844688 | 0.00058313390484891617412 |
771   | 0.0083103670331975514063  | 0.00075415052318756399963 | 0.00050448830441587281127 |
772   | 0.0050590336393400020532  | 0.0045011436996968204327  | 0.00067067589031684490472 |
773   | 0.0053240301617685200156  | 0.0032863680590588923401  | 0.00068466904422326984887 |
774   | 0.002880420520820455195   | 0.0074591579023970339471  | 0.00097135417905032297309 |
775   | 0.0055499113110907497687  | 0.0093802975983503077834  | 5.3251802013165971234e-05 |
776   | 0.005414416847883470052   | 0.0056947609654111920607  | 0.00043214700025000820629 |
777   | 0.0074874084651233799997  | 0.00082229615030285005666 | 0.00034690602136258131584 |
778   | 0.0088062997477417106346  | 0.0099948856054031479795  | 3.3586472791657481676e-05 |
779   | 0.0051860971371311707576  | 0.0047992436727674241473  | 0.00043288183448040223672 |
780   | 0.0089267027939648677104  | 0.0059175101787071627407  | 0.00033082852853891231426 |
781   | 0.0062417248261694762909  | 0.0022791402922492883833  | 1.6218970401235356307e-05 |
782   | 0.0025024221005563811702  | 0.0023631552519107362244  | 0.00066795992510370054591 |
783   | 0.0037413981383895337195  | 0.0001248734653243024548  | 0.00075471441991087839189 |
784   | 0.0052101569294384182315  | 0.0055268818180950161911  | 0.00013091656314052197135 |
785   | 0.0070782590435448829169  | 0.0035181905673680215207  | 0.00066901325584403875755 |
786   | 0.0055738713279327124425  | 0.00018257946635990500005 | 0.0001658553495332051582  |
787   | 0.0090493766453067694261  | 0.0052663619120847781491  | 0.00040281553579515612471 |
788   | 0.0063252392854983722006  | 0.0025493999904850897162  | 0.00084146824277310430101 |
789   | 0.0040550741716168740153  | 0.0062870860863116868542  | 0.00062443734182192529598 |
790   | 0.0015576667420415942714  | 0.0062812884840773288916  | 0.00081523296204398434245 |
791   | 0.0033464449033899276026  | 0.0026583339813381445631  | 0.00072533907335696392454 |
792   | 0.0084614952824800613446  | 0.0051842043864484110144  | 0.00062449124291108406432 |
793   | 0.0098742960739829077621  | 0.0043927218683935728011  | -7.7894511335013200495e-05 |
794   | 0.0031747843186232687675  | 0.0012591842528672497065  | 0.00050023986249741938387 |
795   | 0.0076637650723511089451  | 0.003321504995443205592   | -6.9368133549252484864e-05 |
796   | 0.0059655022661343690138  | 0.0051132696039837607221  | 0.00075806758405541543183 |
797   | 0.0021351558228487853286  | 0.0056460620731121754709  | 0.00074298883088745517472 |
798   | 0.0074194521231476674022  | 0.0026619302608364473449  | 0.00080610887193845323032 |
799   | 0.0043236615398632880988  | 0.0072776025970986146785  | 0.00079501081944291420583 |
800   | 0.0066967746209269053345  | 0.0092502821162518730075  | 0.00058644791040601742388 |
801   | 0.0063430098372529112455  | 0.0073519913261536262369  | -6.0755768394546474085e-05 |
802   | 0.0031428134576342559546  | 0.0045626618516608824158  | 0.00090430639611853934866 |
803   | 0.0049327139532872816066  | 0.009745439822103046934   | -4.1085850613471508767e-05 |
804   | 0.0030473574690629136145  | 0.0060388781655616894858  | 0.00034393620098858030667 |
805   | 0.0013330833127022903746  | 0.00442256591473206076    | 0.00052933083683520589652 |
806   | 0.0076516142924470615175  | 0.0063218858248339677985  | 0.00078246218256042613087 |
807   | 0.0062345962061668850143  | 0.0050594741998500423336  | 0.00052673514608185144012 |
808   | 0.0085199673739421704494  | 0.0042254539810165072863  | 0.00098240410012222136732 |
809   | 0.0051924904649706827425  | 0.0096954004939118799966  | 0.00013061386261374336587 |
810   | 0.005638356816698156769   | 0.004692814067601910194   | 0.00070466918084582854526 |
811   | 0.0093903927637428354774  | 0.00068447805145502164156 | 0.00013962061988657037317 |
812   | 0.0096370476247275623644  | 0.0089611082545944312217  | 0.00089380077690219463665 |
813   | 0.0012163672270733604311  | 0.002227651486937418969   | 0.00031651568145160593332 |
814   | 0.0063570291655311549073  | 0.00015740472458901223047 | 0.00063874984524637992006 |
815   | 0.0055070596340056092097  | 0.0041036593245563825899  | 4.4949540041426914322e-05 |
816   | 0.0086669053598731598392  | 0.0099887104260360220359  | 0.0003941531241971321306  |
817   | 0.0079702266325631047211  | 0.0071189907200443014804  | 0.00035503528551235693936 |
818   | 0.0073697577390405798192  | 0.0056845606884172329015  | 1.3900519002837179671e-05 |
819   | 0.0034445095010092710748  | 0.0036235659381374605431  | 0.00076194909764798327868 |
820   | 0.0079742390596995935126  | 0.0017338294061856240804  | 0.00049366974338199611644 |
821   | 0.0035598640299921739324  | 0.0085826996272719939529  | 0.00075086648163556854885 |
822   | 0.0077610246814550608307  | 0.0080537485504959590438  | -0.00011504776020786831978 |
823   | 0.0040997983292444502637  | 0.0049456073792407762371  | 0.00030630119909539851343 |
824   | 0.0035840906765011405419  | 0.0096528273321393534556  | 7.5412984079347106323e-05 |
825   | 0.0038457793806704176215  | 0.0094747427057831450081  | 0.00038170604768929494418 |
826   | 0.0011563962300669701055  | 0.0076331896291287190323  | 4.008438046992253965e-05  |
827   | 0.0088861509899735499629  | 0.0083895517531384199844  | 0.00013604852566413298603 |
828   | 0.0094902187666836730628  | 0.0098091927901762659969  | 0.0005803440683623804254  |
829   | 0.0069731721697011833649  | 0.0081600093009977850422  | 0.00092653417831004870886 |
830   | 0.0003677431930645425626  | 0.0050359146114879252409  | 0.00089883501042903324318 |
831   | 0.0081678588545560839446  | 0.0057090447208673813367  | 0.00054483707176943127395 |
832   | 0.007669846832686588213   | 0.0020040271892056084509  | 0.00030881530110261814354 |
833   | 0.0037846085265798917394  | 0.0036940020629327766609  | 4.8761249413953130128e-05 |
834   | 0.0012962502087916852062  | 0.0059839907245773432329  | 0.00032603540898423083189 |
835   | 0.00012250810236030603589 | 0.002792102145449584967   | 4.6293315697192548297e-05 |
836   | 0.0071130541525529561095  | 0.0046674586790759788058  | 0.00081036333371092296972 |
837   | 0.0022908309849081934066  | 0.0031008015235326185505  | 0.00076308274004096969013 |
838   | 0.00369783363304931759    | 0.0013128449810902390743  | 0.00043105530672560201516 |
839   | 0.0087843041958574463041  | 0.0067082930700380826936  | 0.00042741957863971454835 |
840   | 0.0016829947225021888758  | 0.0067466851917335176128  | -1.1586704946994855767e-05 |
841   | 0.0086717346129175434943  | 0.0067327238188379621986  | 0.00078591597716778840294 |
842   | 0.0055364880137947942995  | 0.0068146729026207324142  | 0.00020045472828535398219 |
843   | 0.0084713343599562198477  | 0.0087838248204710062117  | 0.00010099453510025567938 |
844   | 0.00012166590766233728019 | 0.0076455383134052725541  | 0.00031509868509499878173 |
845   | 0.0089179316741278789882  | 0.0051048692327069185651  | 0.00058237055290230512611 |
846   | 0.0083369387082916669718  | 0.00042835231509694257808 | 0.0002044399224683982161  |
847   | 0.0099207913179478208338  | 0.0057189319520378166517  | 0.0005984815333791018363  |
848   | 0.0067971898819503880768  | 0.009848541165724285576   | 0.00088243063049966898731 |
849   | 0.0044506477297708065682  | 0.0071098656028503294871  | 0.00067342157095802413456 |
850   | 0.0006015296061767049212  | 0.0031182609813778603552  | 0.00061359323020528013654 |
851   | 0.00042798058941871945822 | 0.002486510548664594162   | 2.8559825448031228953e-05 |
852   | 0.0019504197734585052536  | 0.0027259853887584774464  | -2.1692479112283079127e-05 |
853   | 0.0064513969800693423892  | 0.0036008938050276048833  | 0.00068873679121667530801 |
854   | 0.0063742949303828575283  | 0.00054086444982594673175 | 0.00050448291605696606726 |
855   | 0.0036897170662191589724  | 0.0045738662196240674127  | 0.00037386901149243675739 |
856   | 0.0026032689863457201054  | 0.001961983318730246232   | 0.00024196005622558760216 |
857   | 0.0033998730667247315136  | 0.0094331304534225474123  | -1.3123495240367581276e-05 |
858   | 0.0091411465010372301015  | 0.0035409813992948657377  | 0.00051142286583600357185 |
859   | 0.009046083243982394953   | 0.0032079276233679130184  | 0.00095500187231767254964 |
860   | 0.0028728678573357690866  | 0.0040317399201200074255  | 0.00038739697122693565615 |
861   | 0.00021938975134902410414 | 0.0025062114416442207027  | 9.6763050128011925143e-05 |
862   | 0.0012110615154084327684  | 0.0035724295068156174809  | 0.00082487997692587888485 |
863   | 0.0018424346340176474095  | 0.007733131474022009004   | 0.00020311164691631724156 |
864   | 0.0037014748127737694648  | 0.0054127271692211362253  | 0.00084713734428425082473 |
865   | 0.0095101656986747284267  | 0.0016031758469644834426  | 0.00045713896061856049971 |
866   | 0.0061156746306348401185  | 0.0028764127793080994551  | 0.00025586510889528035675 |
867   | 0.0052929565408361915063  | 0.00094623332034184126117 | 0.00042156151278175015137 |
868   | 0.0072261997817924432733  | 0.0091902422952759525027  | 8.0625822713594619143e-05 |
869   | 0.00098713558096970191284 | 0.0067316984025857723797  | 0.00081821103169944699868 |
870   | 0.0025671374276315397055  | 0.0088726650536875440595  | 0.00014092833698285927701 |
871   | 0.0071800162121055995795  | 0.0067581252952927089311  | 0.00028913470391422804034 |
872   | 0.0012729191871843437232  | 0.0031800426212007931737  | 0.00036648709954363502955 |
873   | 0.0086300156259977948286  | 0.00062469558362290746999 | 0.00047284805485239746886 |
874   | 0.0024660294580618230716  | 0.00055628836425886942982 | 0.00055821960789803528463 |
875   | 0.0039420280961433356789  | 0.0078340122396870787852  | 8.4729516971586654826e-05 |
876   | 0.0034900410522943942256  | 0.0036090249009240551493  | 0.00030369202577814881317 |
877   | 0.0048259933609063228321  | 0.00024652096275154544193 | 0.00028248726057923429118 |
878   | 0.0065340932869881957271  | 0.0051585942638038527475  | 9.067901668485051287e-05  |
879   | 0.0082519572756580093081  | 0.0075524029551363057108  | 0.00055310521818421800461 |
880   | 0.0047401439648062180382  | 0.00878737001426486454    | 6.6853864463247518186e-05 |
881   | 0.0008495737073940603807  | 0.0047391137149766877565  | 0.00022212140511348467918 |
882   | 0.003292160885542883518   | 0.0081164788106817143537  | 0.00012384165652470821009 |
883   | 0.0060987573649098712064  | 0.0012986366332571523761  | 0.00015425543092986666654 |
884   | 0.0035079283381187756005  | 0.0027451270407215008079  | 0.00033714493713329131983 |
885   | 0.0084864396437186930683  | 0.0074964860467633051555  | 0.0006447783502748901871  |
886   | 0.001518819155345709198   | 0.0086003188960940158553  | 0.0004311439659854612058  |
887   | 0.0036618897708776397028  | 0.0019926988858632839821  | 0.00026785835021665997582 |
888   | 0.004390776908474608789   | 0.0065558004010706962678  | 0.00053928889052934272236 |
889   | 0.0057670328912551036341  | 0.0066561421474048733382  | 0.00014405820084818690002 |
890   | 0.0022816435893636389208  | 0.0018640608222586930575  | 0.00085253197130840167005 |
891   | 0.0025045231014559948997  | 0.0097288350311055364628  | 0.00048139109846865717765 |
892   | 0.0012423719135779684106  | 0.0031413196377058556254  | 5.6842118757399316025e-05 |
893   | 0.0064291703664450597366  | 0.00020883884481603820645 | 0.00055813341632578855871 |
894   | 0.0099587177470839213789  | 0.0058975010037326178192  | 1.5044460177748615745e-05 |
895   | 0.0062144009989972088734  | 0.0048990999090484715559  | 0.00014784346976428103704 |
896   | 0.0079899850052791189514  | 0.0038518339865056057565  | 0.00086626624226028483416 |
897   | 0.0098073834582309525609  | 0.0038946792160460597977  | 9.1619618777834775647e-05 |
898   | 0.0086545345400348572956  | 0.0055733251506538700887  | 0.00054806227515997616925 |
899   | 0.0098668170032134971253  | 0.0083819772117684609308  | 0.00054282192022106403456 |
900   | 0.0016832728938975559992  | 0.001669033939307034602   | 0.000680086590908220677   |
901   | 0.0039978132864100816499  | 0.0016597196318971260253  | 0.00092532353292046733498 |
902   | 0.006444711192319642519   | 0.0069247003441015916175  | 0.00097873149738467082187 |
903   | 0.003219381725044463162   | 0.004229841697905867455   | 0.00055959806315668909806 |
904   | 0.0095808801849171735393  | 0.0067281420408619981369  | 0.00070912537202230587624 |
905   | 0.0081386057014195510584  | 0.0083424360504947801809  | 0.00019445281537893005226 |
906   | 0.0045124452288506800707  | 0.0015649989785525087252  | 0.00015668939418151346991 |
907   | 0.0038364496797461127182  | 0.0030015261298295087093  | 0.00090454162039089276368 |
908   | 0.0095354206036441999106  | 0.0060684540817326050946  | 0.00084708411395485326729 |
909   | 0.0029063291877324832352  | 0.0026204622190998802175  | 0.00083875429948127282892 |
910   | 0.0063590232812867535442  | 0.0021838314102925354167  | 0.00024419780136061358883 |
911   | 0.0088486703697897590298  | 0.00032836267810742368568 | 0.00062014428347284458048 |
912   | 0.0092928589320435614485  | 0.0019884077816888579351  | 0.00035328719810064589373 |
913   | 0.0043058814958769585368  | 0.00037585327734186675186 | -6.4610088520835402999e-05 |
914   | 0.0025405922577017639452  | 0.0087296954084766092974  | 0.00038262511690087986239 |
915   | 9.236593497126921687e-05  | 0.0024858174578887507616  | 0.00082752737045718640502 |
916   | 0.0029972309383105273997  | 0.0055888707150329643841  | 0.00054754402613842385102 |
917   | 0.0036515271916493685818  | 0.0088832313406957963409  | 0.00023773410216846614911 |
918   | 0.00070800690754162123701 | 0.0099687482822927667853  | 0.0002160644194140462146  |
919   | 0.0045892398734315442699  | 0.0038157905962958446264  | 0.0007169065130634827681  |
920   | 0.0015947020455717489905  | 0.0038861863301380633953  | 0.00088622001941897094335 |
921   | 0.0037202755082745828964  | 0.0070539959208985271097  | 0.00058003566192382696037 |
922   | 0.0040431154750808946663  | 0.00057425977471167656985 | 0.00061513140628381734239 |
923   | 0.0049389248573649532567  | 0.0026128043785957947263  | 0.00052375110980583308024 |
924   | 0.0079118366360071360616  | 0.007511261895790628286   | 0.00053726757197162979939 |
925   | 0.0048446572256473441689  | 0.0076277706298349670297  | 0.00075978637002548294384 |
926   | 0.00045494381235329750231 | 0.0089706985263822286436  | 0.00015825075498005150977 |
927   | 0.0080911253770047306122  | 0.0094711367233289208561  | 0.00029808843842810866034 |
928   | 0.0061924619436028250155  | 0.0037412483627912718198  | 0.00056032416188498454079 |
929   | 0.0085194393777924884437  | 0.0091331415061271150474  | 0.00025129521575202059093 |
930   | 0.006501497480996494549   | 0.0046577637449669671149  | 0.00061625576584760355641 |
931   | 0.00036679464781662508973 | 0.0070498560828700434708  | 0.0008864924106670854162  |
932   | 0.0042771206712559229485  | 0.0012501041472117550846  | 0.00033419589357186100338 |
933   | 0.0009495987732151216611  | 0.0089029951681906076277  | 0.00020249319409075441489 |
934   | 1.2274189514641040483e-05 | 0.007944442991619126565   | 0.00065646481869287200833 |
935   | 0.0073989933870905700772  | 0.0027666464438465439291  | 0.00060652213495152420327 |
936   | 0.0061500409997298196088  | 0.0030072554943954550415  | 0.00034639307810979290056 |
937   | 0.0097829843327962833638  | 0.0038171561725867967849  | 0.00041208892568697554765 |
938   | 0.0027889728121554169422  | 0.0076380803083121590058  | 0.00023538461499283125909 |
939   | 0.0028409678638050958263  | 0.0048519960218665995899  | 0.00030969003066223712434 |
940   | 0.0015577252994977122593  | 0.0045037338801980500783  | -2.770588727651032056e-05 |
941   | 0.0043834596155663853312  | 0.0040565346159877092858  | 0.00011467278482904198148 |
942   | 0.003505303745492877477   | 0.0044259799102873411888  | 0.00059871941913186479262 |
943   | 0.009217161927334590818   | 0.009428820628374001353   | 0.00022071206065508606683 |
944   | 0.0041766739018861036639  | 0.0031712683410707724098  | 0.00039942701005621453767 |
945   | 0.0047070409103455741057  | 0.0077852010928507733509  | 0.00087259221029094193728 |
946   | 0.0058837281264355317106  | 0.0066210570601455158088  | 0.00051544118245790658539 |
947   | 0.0068236629989581864403  | 0.0015966513708113164779  | 0.00057452275839431268117 |
948   | 0.0058937791732949582763  | 0.0070497254322183545983  | 0.00041532852321704869869 |
949   | 0.006001496167925247753   | 0.0045954510004729198433  | 0.00023643833229165293571 |
950   | 0.0025971979841578432015  | 0.0013689495215324293861  | 0.00035996611271473162065 |
951   | 0.0032059924271595967131  | 0.0099080732881795183231  | 3.5784526439664696455e-05 |
952   | 0.0046804377702222739466  | 0.0025739935274716684542  | 0.00060503908469080203841 |
953   | 0.0034394115791673285365  | 0.0023038621448934802974  | 9.1324586323013857655e-05 |
954   | 0.0068109269665052067297  | 0.0097561053802264728618  | 0.00063556304520898023597 |
955   | 0.007406706567165100355   | 0.0038307770942560691492  | 0.00095713661674577590194 |
956   | 0.0015497046380583813594  | 0.0016180043267584021636  | 0.00041063685538676221193 |
957   | 0.0027590949723858928556  | 0.0068621562737863480916  | 0.00049986079772578210709 |
958   | 0.0043869158908640508432  | 0.0026465855789276587599  | 0.00030294633310135965585 |
959   | 0.0042032274110621247951  | 0.0058631053707001211731  | 0.00065079806054160662526 |
960   | 0.0039439280758527695686  | 0.0032161916645713686108  | 0.00042047805545034088771 |
961   | 0.0083518904873200374567  | 0.00039888436922800370611 | 0.00075297329182777341522 |
962   | 0.0049025990224217741789  | 0.0038840049534762692215  | 0.00072501192169941526457 |
963   | 0.0045814084877255460693  | 0.0052203524528368584409  | 0.00027638014558537492543 |
964   | 0.0058022924637917373467  | 0.0031199632635972194758  | 0.00053763824054558952831 |
965   | 0.00046576494332350591894 | 0.0070678659736054718493  | 0.00070339336100262196683 |
966   | 0.0014384916181481520979  | 0.0086767895744797474827  | 0.00024548651951447766168 |
967   | 0.0090184914914985710166  | 0.0042816634742984093637  | 0.00072844126957279456153 |
968   | 0.0028144172570404488685  | 0.0033607953245461861212  | 0.00035893294065172742053 |
969   | 0.0052464841367186702825  | 0.0086093336305720340879  | -6.0629534987424998221e-05 |
970   | 0.0053296107858230509779  | 0.006968497543600519345   | 0.00011030290788912360997 |
971   | 0.0075355770026479824281  | 0.0022243552405197359809  | 0.00060371526068205493779 |
972   | 0.0019178640953054543108  | 0.0026166345608545113315  | 0.00068484548882978470846 |
973   | 0.0031490531128331267045  | 0.0045033235557190211956  | 0.00090250486554672114652 |
974   | 0.0026504941888831263543  | 0.0012475031233621168125  | -7.8969703011120003064e-05 |
975   | 0.0017920899635380667901  | 0.0082611516424802439174  | 0.00094682012074455337153 |
976   | 0.0027323073593736135582  | 0.0051177686566664061171  | 0.00040019456663218804003 |
977   | 0.0034489109734701091196  | 0.0027199454825214217785  | 0.00082976846939606697939 |
978   | 0.0087724562637281587596  | 0.0094271658635364432438  | 0.00027159631482386102468 |
979   | 0.0021123637106510747934  | 0.0084900039830426918264  | 0.00070816182657575024034 |
980   | 0.0070993571927020580198  | 0.0028090363916170690665  | 0.00042633827644075273158 |
981   | 0.0091534036222669333538  | 0.0081874906079449638607  | 0.00061727344771898720686 |
982   | 0.0050643649088571900466  | 0.00086856594481276758971 | 0.0009677963369668770785  |
983   | 0.0034400987651337987076  | 0.0046245189078350833548  | 6.1968387328511197187e-05 |
984   | 0.0093925629986725493042  | 0.0014885182340346992617  | -7.5651448679727687375e-05 |
985   | 0.0046529350373498206891  | 0.0068367664692597432397  | 0.00060665459303248605617 |
986   | 0.0034007387786169169727  | 0.0017760045315826499413  | 0.00039002799716008945598 |
987   | 0.0064102647265956540223  | 0.0042845434168659740637  | 0.00095972004847364638172 |
988   | 0.0049835777145130428015  | 0.0013202818021764712707  | 0.00021388091138591146072 |
989   | 0.002222796105454974587   | 0.0012134453406639719199  | -1.4658608781124348797e-05 |
990   | 0.0066280611781720042558  | 0.0067077710615048189921  | 0.00045790827767382250068 |
991   | 0.0031371680223168918987  | 0.0077817248561871128071  | 3.2958547962420906517e-05 |
992   | 0.0091568979916435682548  | 0.0059433219258806443963  | 0.00057495824994584362414 |
993   | 0.0029374346675619198571  | 0.0014070844854525256865  | -6.3680347804124978186e-05 |
994   | 0.0071202411916305710302  | 0.0062386172946727064953  | 9.0895857735086952613e-05 |
995   | 0.0035665282313991400996  | 0.0028222056337211171885  | 0.00010571516617700921919 |
996   | 0.0040152494544342786503  | 0.0039732177627297008207  | 0.00014392809282539676449 |
997   | 0.0039177764689170158779  | 0.0027099805971921913858  | 0.00084256524352375929826 |
998   | 0.0084553107382191686897  | 0.0068071510581816582763  | 0.00027771645214053780094 |
999   | 0.0041574106591670796987  | 0.0039352535766266237213  | 0.00033186028686872659239 |
