N			X			Y			Z
0     | 0.007024459704415023098   | 0.0049876273578576763371  | -0.003427025533091843882  |
1     | 0.0074218206612954775586  | 0.0043893664482577664232  | -0.003449007843449896759  |
2     | 0.0014321308301415648558  | 0.008061635064799300629   | -0.0092916183603932063495 |
3     | 0.006135468772773126564   | 0.00099951059590707119588 | -0.0026738773808044472881 |
4     | 0.0089627555983941894352  | 0.0079942499556728500304  | 0.00024138426726592218077 |
5     | 0.00069893580438956041511 | 0.0010089555600904392702  | -0.0057259697294696626502 |
6     | 0.0022545515942788197684  | 0.0095820354410639293347  | -0.0080579160771671112795 |
7     | 0.0069253444135566688891  | 0.0032070849366515907265  | -0.0065893923061206352565 |
8     | 0.0061004086512709883999  | 0.008991751326643718234   | -0.002672963757779321485  |
9     | 0.0038312054137536145568  | 0.00038479674768225662291 | 0.00039543880454881007863 |
10    | 0.0086625399824252734271  | 0.0069106534859524251097  | 0.00043318746099146269307 |
11    | 0.0097090127995816382506  | 0.0022749985880292306409  | -0.0093168052561420286461 |
12    | 0.0032271436536970500748  | 0.006059330416154543042   | -0.0046456736525045446567 |
13    | 0.00087915428501374594077 | 0.0046612627795553510449  | -0.0072796621312353638339 |
14    | 0.0035396454126983226823  | 0.0088950831122573022214  | -0.0046538387179622326198 |
15    | 0.0060746222817155996407  | 0.0051905918719100984163  | -0.0064453449025222448593 |
16    | 0.0079251950113585958174  | 0.0069094047576376185077  | -0.0049440476456769945346 |
17    | 0.0060998674368067098625  | 0.00082657577290666788689 | -0.0025307343912068830556 |
18    | 0.0075080948886240041207  | 0.0018090463917882142024  | -0.0084612186974520400828 |
19    | 0.0090714465747441536819  | 0.0079524173946965825283  | -0.005279863413031504922  |
20    | 0.0058009225160993932793  | 0.0054539556477469228538  | -0.0038621375544075106472 |
21    | 0.0018812049607562408762  | 0.008689283687394798103   | -0.005156517874543034563  |
22    | 0.009316658032450462687   | 0.0019990337052147532336  | -0.0043250487152561058191 |
23    | 0.0034477641206420218435  | 0.0059435322778179288869  | 0.00024263512550856583105 |
24    | 0.0058566308185170013953  | 0.0074413514495441177715  | -0.0050239717961833704404 |
25    | 2.0046129525131652289e-05 | 0.0085308802885473780653  | -0.0078949970690103590115 |
26    | 0.0052089004518248594594  | 0.0049257049767552707822  | -0.0036602329416048056537 |
27    | 0.0044982931480391811704  | 0.0029154567107812839541  | -0.008567707975784592811  |
28    | 0.0033578275485982487202  | 0.0072518813694176075674  | -0.0041163019474348078522 |
29    | 0.0020488462017658392797  | 0.0096914985775117534761  | -0.0068808367906352174356 |
30    | 0.0024216155180934086782  | 0.0047928980415250874852  | -0.0088525803920229389349 |
31    | 0.0071734894854728259092  | 0.0085329036270163013955  | 0.00062244791282926447296 |
32    | 0.0083810702201966621322  | 0.0011477586568568380436  | -0.0001292686864237773119 |
33    | 0.0094541321450573971574  | 0.0010565623313057532703  | -0.0023346613416888699344 |
34    | 0.005818092265818677368   | 0.0070865355303554190131  | -0.0053093364031968912423 |
35    | 0.0056029728793584024013  | 0.0034768518431102443667  | 9.9878719905278478403e-05 |
36    | 0.0037472545250448138256  | 0.0065282278554581272406  | -0.0069737750544648204401 |
37    | 0.006790352585248512346   | 0.0074403301874724631082  | -0.0034871688284401195813 |
38    | 0.0035324205697584141507  | 0.0069857086872821003501  | -0.0043119351163081300407 |
39    | 0.0069022670048515871385  | 0.0065536427168279027394  | -0.0049071885327098474158 |
40    | 0.0047843358626243536955  | 0.0076180539341662778172  | -0.0077602818776634227907 |
41    | 0.0032233458749389262872  | 0.0031307677432401729775  | -0.0081816774060650167277 |
42    | 0.0037677063229121440791  | 0.0063212051179099655249  | -0.00069739530541687686123 |
43    | 0.0089844415145887372015  | 0.0067517052608672273317  | -0.0018416185529553977772 |
44    | 0.0092353610661448128083  | 0.0098315614748678958196  | -0.0015699713400179899758 |
45    | 0.0084880640666694043978  | 0.007775273624330270722   | -0.0043627876981928671515 |
46    | 0.0099203181889253068404  | 0.0069893822165850872513  | -0.0052277479773958999282 |
47    | 0.0015512448805234818356  | 0.0022616006683287394677  | -0.005967029024201527497  |
48    | 0.0087340533694221234029  | 0.00063028813619363200857 | -0.0076521094614177059476 |
49    | 0.0015987790924431098498  | 0.008108880757189478386   | -0.0053824780534324810979 |
50    | 0.0071226238332040619702  | 0.0024662982458695599693  | -0.0074496507205214085312 |
51    | 0.0071671563974048625376  | 0.0020610248580712610227  | -0.00087805409411655815401 |
52    | 0.0031650475889583879613  | 0.00030533166355092801122 | -0.0032597381278822081668 |
53    | 0.001789852087470211392   | 0.0023388021793272519011  | -9.2181396900261792387e-05 |
54    | 0.0050093611980066557118  | 0.0051326233820235839939  | -0.0083010794855629243399 |
55    | 0.0082814969912712657618  | 0.0010284342087897222189  | 0.00068980913725541080812 |
56    | 0.0054509601582205489956  | 0.006322423553565214259   | -0.008769873446473753012  |
57    | 0.0025831709141715970129  | 0.0036140242971459419358  | -0.0060070123507790628564 |
58    | 0.0060784575173440892268  | 0.0030897912239931319203  | -0.0065939452820267295888 |
59    | 0.0091550487215340554253  | 0.0078362049351088838151  | -0.000623290298580747343  |
60    | 0.0053133597843922396667  | 0.0070179711080808285933  | -0.0057974253334685810213 |
61    | 0.0079433845752179769312  | 0.0068266714928936819001  | 0.00011957621343050892472 |
62    | 0.0042535263646019515898  | 0.005760450146256114283   | -0.0058659281267363898998 |
63    | 0.0018565147395535768794  | 0.0099411061581160843625  | -0.0033325524410190857441 |
64    | 0.0090067312488591091263  | 0.006570219545274268852   | -0.0089680918399218326892 |
65    | 0.0093197489735112725578  | 0.00089913526996918135843 | -0.0054072911825878734737 |
66    | 0.0055468399490322499445  | 0.0018506823804608910685  | -0.0062391827210983227814 |
67    | 0.0046767315116088958166  | 0.0053608893726461263884  | -0.0022635950125647458751 |
68    | 0.0062356262787942734471  | 0.0032234916393005805593  | -0.0061136721164931360009 |
69    | 0.0044772397139142671579  | 0.0060293114055779669161  | -0.0023166692719846140175 |
70    | 0.0076954643470774171041  | 0.0071456191882670423363  | -6.3824764366979491693e-05 |
71    | 0.008631963496291819582   | 0.0063836668017094961788  | -0.0034422029039440108986 |
72    | 0.0081472293481001534926  | 0.0045910090076151906582  | -0.0067937695010319128566 |
73    | 0.0013698717594853844579  | 0.0039466676758334656369  | -0.0072229889656237732803 |
74    | 0.0021202579284997475316  | 0.0044886034047657650398  | -0.0014769264223909175319 |
75    | 0.0071420827608501035247  | 0.0017206747127954337331  | -0.0034042703793027333584 |
76    | 0.0067073236494840735716  | 0.0085169702574451906091  | -0.0069125605354205402545 |
77    | 0.0070513190110735148378  | 0.0077556822180523806928  | -0.0088827871574335692806 |
78    | 0.00099509075178248816533 | 0.0087082956976270841504  | -0.0091439474182109740236 |
79    | 0.0077044701568368262334  | 0.0031551816298358769872  | -0.0022641531446855318703 |
80    | 0.0078534973319974183542  | 0.0023312450202111556843  | -0.0073089541027094940065 |
81    | 0.0043359185752426514932  | 0.0031093544470999221266  | -0.0070707591978555360199 |
82    | 0.0055909396284129411064  | 0.0036832169581135693927  | -0.0011334908312643362464 |
83    | 0.0022121847628175585372  | 4.4461145523103963451e-05 | -0.00099761123052245596898 |
84    | 0.006419905395349735644   | 0.0054547503879001958682  | -0.0012726526190622925155 |
85    | 0.0097976429057326317601  | 0.0053391019717971268874  | -0.0031046786461122288618 |
86    | 0.0051965991503522121139  | 0.0048358958631824714575  | -0.0082528315594589812809 |
87    | 0.0019242260004631204454  | 0.0093782317056079790574  | -0.0063362483991720305529 |
88    | 0.0031354731684345490267  | 0.005301324845884209519   | -0.0073595400095414122837 |
89    | 0.0091709560002465970868  | 0.0064088221279162953942  | -0.00058004077333321363806 |
90    | 0.0055382112191749736582  | 0.0043257981819007683758  | -0.0050601331897376141539 |
91    | 0.0096340809958891521214  | 0.0011275608458443018255  | -0.00091018482534537502315 |
92    | 0.0037096324612594464704  | 0.0073149293137072498097  | -0.00049881119499154747722 |
93    | 0.0035872437063029999696  | 0.0045403259893323629978  | -0.0085331002653217229853 |
94    | 0.0030981082936423379008  | 0.0060089060720080814115  | -0.005553138907078446207  |
95    | 0.0020407284673509048373  | 0.0025622748659644193313  | -0.0049418663221666115845 |
96    | 0.0019012342166324659991  | 0.0086110767707602408477  | -8.9541054395515546228e-05 |
97    | 0.0038119673471065000994  | 0.0085572054577165088118  | -0.0031646934775877021313 |
98    | 0.005698981445929745919   | 0.00096122534018728991809 | -0.00043215198604744121122 |
99    | 0.0055913227213064070967  | 0.0076258052957582072445  | -0.0056449762733052468236 |
100   | 0.0066502091528050071706  | 0.0033504225512612675723  | 0.00066323297591399906284 |
101   | 0.0026026531565850824848  | 0.010000720379873592053   | 0.00040294770667733054766 |
102   | 0.0055818393042469712645  | 0.0098712133753971007671  | -0.0070444638968511011368 |
103   | 0.0099064125479719176981  | 0.0078923027399426231437  | -0.0079848562739509108127 |
104   | 0.0054451686672740201231  | 0.0032046863677262530865  | -0.0020795006144227424702 |
105   | 0.0069866811466975107039  | 0.0031118834298070334639  | -0.0026132233956850875814 |
106   | 0.0094347089674620080585  | 0.0093468447337734603814  | -0.0044003755795615018612 |
107   | 0.0055059038375119186831  | 0.0052224765162090756865  | 0.00060742135785094627382 |
108   | 0.0044478261018457325784  | 0.0014556792645945718177  | -0.0023733826196510095924 |
109   | 0.0069674168001394275185  | 0.0028556968213249564123  | -0.0040152271773650632936 |
110   | 0.0066108790615146476033  | 0.0089678555090411792711  | -0.0049080872994438414642 |
111   | 0.0020023600718428345366  | 0.00078945075636019509599 | -0.0010637482443778874946 |
112   | 0.0017764487493077479267  | 0.0024400682270800983127  | -0.001087958135459785947  |
113   | 0.0068769773870606173277  | 0.0018533723135669443773  | -0.0077171082349928058972 |
114   | 0.0067461493652069322996  | 0.004543266848464888423   | -0.0023058871818062314819 |
115   | 0.0071876768323939797464  | 0.0032002886036126823241  | -0.0068881029835801835595 |
116   | 0.008699704235784720685   | 0.0056460195455672324005  | 0.00098363969629642559328 |
117   | 0.000859130845846927272   | 0.0093383384059129246474  | -0.0074276200512785094457 |
118   | 0.0019766106061333823737  | 0.0054790569033736254145  | -0.0049546243204821437817 |
119   | 0.0025763096292181495231  | 0.0012583795538136425228  | -0.0054923181447298482713 |
120   | 0.0067711287589505547019  | 0.0080242764113866455605  | -0.0023024233255550452179 |
121   | 0.0028810211479471910592  | 0.0017858161834915272769  | -0.0012073897435876462195 |
122   | 0.0031498670256012079906  | 0.00031213511193478745386 | -0.0030300180882038983861 |
123   | 0.0037957530947345988724  | 0.0032614742936291417179  | -0.00021706306521700945112 |
124   | 0.0035388069716574270702  | 0.0050230183039732907366  | -0.0031962009537002248651 |
125   | 0.0097079108866185252757  | 0.0046406529073148511735  | -0.0014267892482784213983 |
126   | 0.0031013887099380346365  | 0.0018396313612590649723  | -0.0033123379688781299027 |
127   | 0.0076375800992926684216  | 0.0027081968696125642039  | -0.0014790498536795188608 |
128   | 0.0027625335511329593245  | 0.0070880618199770945714  | -0.0070184221084739206731 |
129   | 0.009201734679041589926   | 0.0057526169252235109797  | -0.00086929354332206728185 |
130   | 0.0067848547981191461784  | 0.00051814809721206192723 | -0.0055209651122058609959 |
131   | 0.0063568850575222261845  | 0.0023642177824665057059  | 0.00030016079321992187451 |
132   | 0.0053116424570173329314  | 0.0054298350865823012679  | -0.0075393799070450143174 |
133   | 0.0067084893548769912799  | 0.0047642859058122872043  | -0.0049365815516649860437 |
134   | 0.0083922865126646508521  | 0.0016794709914902837197  | -0.0082650251808328804165 |
135   | 0.0098926035700434879205  | 0.0088745539340882098611  | -0.005435759897708086763  |
136   | 0.00082944005504675185226 | 0.004397071386490197277   | -0.0046424137034606471203 |
137   | 0.0081306876636598243019  | 0.0087767220474754392007  | -0.0045283203184823556803 |
138   | 0.0060491379831520706092  | 0.0026133804887288449373  | -0.00070987125351150025167 |
139   | 0.00060412387264310071344 | 0.0073504895531005878806  | -0.0085264783618069668603 |
140   | 0.0067109184674492821515  | 0.0048803358821204508716  | 1.3425246814761316181e-05 |
141   | 0.0052524918271348169929  | 0.0051165381379179135368  | -0.0040452976609266100977 |
142   | 0.004402630984541193622   | 0.0014902615723789687605  | -0.0036638940009471160884 |
143   | 0.0089919485680342303713  | 0.008475887520969267383   | -0.0046023464989955560275 |
144   | 0.0095872839691940464624  | 0.0032782303853190718212  | -0.006997094898495375033  |
145   | 0.0016528900548488706292  | 0.0015330543255684854227  | -0.0061357823137619888279 |
146   | 0.00099878358803704944159 | 0.0035172517488895244965  | -0.0067106649702049483638 |
147   | 0.0096301546232243559476  | 0.0054454452344074111628  | -0.0070746894725460737763 |
148   | 0.0080727822415046484456  | 0.0019952175118075621274  | -0.0065537653307466249911 |
149   | 0.0034106361008268393752  | 0.0046509500499321669575  | -0.0025360510869271431049 |
150   | 0.0061174420713565255681  | 0.00359679376116400773    | -0.0054081719914461975213 |
151   | 0.0068442649649923690755  | 0.0021252758695291221365  | -0.0069883940684264565443 |
152   | 0.0086579361621523295151  | 0.0041715149953804979421  | -0.003314519395824294494  |
153   | 0.0077162875340523965489  | 0.0066791895945521265882  | -0.00057261165282266094333 |
154   | 0.0080020760826137373595  | 0.0071425069735357796241  | -0.0014929400948232281546 |
155   | 0.0016371589852104406759  | 0.0034125983854604810021  | -0.0017308636764197722104 |
156   | 0.0013459725753395606826  | 0.0067415795653636432019  | -0.0044525565506046034525 |
157   | 0.0039850950631661391163  | 0.0026756691254767577676  | -0.0046177476839478317008 |
158   | 0.0079484775272376951422  | 0.0076928464043637522635  | -0.0084704050269528811945 |
159   | 0.0061943793648184287959  | 0.00092255762038128297665 | -0.0022501489278862214088 |
160   | 0.002049855795536769873   | 0.0038462834500144070689  | -0.0082745133944727451009 |
161   | 0.0046419448516128898607  | 0.0041651887328813200911  | 0.00071454306244163757339 |
162   | 0.0026822703039470490068  | 0.0035551772515822334213  | -0.0030938567018327961695 |
163   | 0.0049678037994921233483  | 0.0089637607579524537088  | -0.0046795961363858907048 |
164   | 0.0078924341394779485431  | 0.0067398181115439570812  | -0.0079766147607809711334 |
165   | 0.0093693433036832821093  | 0.0053728387621994897275  | -0.0093223614624300833037 |
166   | 0.0045739223134536825116  | 0.0091357345027649559249  | -0.00010473757708583956094 |
167   | 0.0050287908503645114416  | 0.0057932298647963590896  | -0.0035071589873870083302 |
168   | 0.0037971668296261579592  | 4.0350923844752175295e-05 | -0.004469809078810370491  |
169   | 0.0088130769749127039342  | 0.0088582293494775862092  | 0.00021444897310654125995 |
170   | 0.0097901814642519981863  | 0.0058912562736483870332  | -0.0051558875733141553213 |
171   | 0.0029123463010055613068  | 0.0082417734796004712972  | -0.0052452778024079764474 |
172   | 0.0091573298494787708224  | 9.2710376490624753004e-05 | -0.0078455025795612556155 |
173   | 0.0058247300568130423032  | 0.0072583618717719433286  | -0.0074019036977043071307 |
174   | 0.0069366933486446026233  | 0.0058522793921511034182  | -0.0054361646354454222496 |
175   | 0.0077236681371445981351  | 0.0021456567494580257131  | -0.0030597059160583982111 |
176   | 0.0061292797866894102934  | 0.0062879088699808165924  | -0.0019768032067577572496 |
177   | 0.0088613190184456350901  | 0.00025562945562466099416 | 0.00037832797315978455247 |
178   | 0.0029764887884196310208  | 0.0067012875955698089636  | -0.0048716061358692113945 |
179   | 0.00028062964236520975686 | 0.0090573856685274602152  | -0.0048775913911184845193 |
180   | 0.0064622248475067600032  | 0.00013625692569956657945 | -0.009103370109399948687  |
181   | 0.00034641906685368859193 | 0.00022303138735983723965 | -0.0092192659676121665319 |
182   | 0.0040080915042807691365  | 0.0097791262714884402002  | -0.0024446398617392014509 |
183   | 0.0051943276083213866384  | 0.0067330288387588655905  | -0.0044211600447996652133 |
184   | 0.00089789299547047239907 | 0.0068687877466402985291  | -0.0065677614350061197523 |
185   | 0.0031663955579067926127  | 0.0086821714016720921009  | -0.0016296929736132567158 |
186   | 0.0051073752438359210082  | 0.0013152654444219880666  | -0.0024804789142965476961 |
187   | 0.0096196125648477185527  | 0.0030868788498210892983  | -0.0072278210368171991879 |
188   | 0.0037058256766838277262  | 0.0061466416812364834538  | -0.0010942240650265891259 |
189   | 0.0090335223083243057496  | 0.0025632877998752749867  | -0.0029798254651686082416 |
190   | 0.0079586855587150742708  | 0.0072948863218222099319  | -0.0080917857684287847891 |
191   | 0.0022683477740035027682  | 0.0067554850980189274853  | -0.0082300802979338640725 |
192   | 0.001037543872181898464   | 0.0057935807650417725512  | -0.0017243941540096413816 |
193   | 0.0029874408896764215703  | 0.0044870318540546792405  | -0.0047971893477040169346 |
194   | 0.0021764815272669207381  | 0.00094020313748233641168 | -0.0041864367134938872128 |
195   | 0.0039851590029247700719  | 0.0050422822031391473577  | 0.00068624286827170767264 |
196   | 0.0029049505819688050713  | 0.0048023474165005079067  | -0.0081153812458184901996 |
197   | 0.0032038666538255198592  | 0.0086852068065196384034  | -0.0058693175306142805758 |
198   | 0.0065127866579258956309  | 0.00094893698698751054264 | -0.0047966951441833459435 |
199   | 0.00482001799844102366    | 0.0075619385705139883017  | -0.00089810071381942033122 |
200   | 0.0002616481038930126954  | 0.0060216704850783505515  | -0.0075939578497693505099 |
201   | 0.0062531500837731427908  | 0.0011335438926591049312  | -0.0051957132382382167218 |
202   | 0.0061136305760709852911  | 0.00041283662988580001546 | -0.0068935501259597123033 |
203   | 0.001774088432687587636   | 0.0082462858179497503658  | -0.0082489162552398503231 |
204   | 0.008128305748304850975   | 0.0095598522709821869697  | -0.0047414190610372613718 |
205   | 0.00068995790145499218994 | 0.0082686565771359511051  | 0.00078770771112235144634 |
206   | 0.0085644354220556061924  | 0.00091434677319928022669 | -0.0088489485489006893676 |
207   | 0.0062739766009132476657  | 0.0030824621544004470776  | -0.0043751709200139203559 |
208   | 0.0060272746243571441102  | 0.0070493412191610553899  | -0.0089537486240670108306 |
209   | 0.0040372655463823178129  | 0.0061758428480403887439  | -0.0046506373992885874369 |
210   | 0.0052613779815612179633  | 0.0040999928992536899611  | -0.0027676229918637885487 |
211   | 0.009883292696786795048   | 0.0076500577477200647214  | -0.0047957933400569197069 |
212   | 0.006645343239108502699   | 0.004559607739156710908   | -0.00070081582550219549514 |
213   | 0.0099365680856234681745  | 0.0082714297574195180113  | -0.0050023123981833570242 |
214   | 0.0058587301012949814447  | 0.0029359068282715262976  | -0.005849271749844778788  |
215   | 0.0033953157219789565323  | 0.0055164104821961729846  | -0.0013106178296823339357 |
216   | 0.0069706727609290331307  | 0.0065900126765753141295  | -0.00077835694006480595983 |
217   | 0.0058352111692763844464  | 0.0098341732866837529986  | -0.0022181666345647368423 |
218   | 0.0086995515735017493741  | 0.001140020607170389973   | -0.0039559313113574374327 |
219   | 0.0038014776932592847687  | 0.0027154340209344586705  | -0.0036171602816061913972 |
220   | 0.00043257732883588171724 | 0.0015322421114721915692  | -0.0076077876746075126166 |
221   | 0.003872752452690171078   | 0.0074601224190223190333  | -0.0044714518240972075599 |
222   | 4.2842807004671097008e-05 | 0.0079785449716183592939  | -0.00075528100018172313404 |
223   | 8.249109614316407497e-05  | 0.0071097924678450805797  | 2.7888651597061595361e-06 |
224   | 0.0090505340059756425597  | 0.0026074946096354286416  | -4.4701921260564448529e-05 |
225   | 0.0070716445162938455435  | 0.0073259800777984137102  | -0.001881102488010744176  |
226   | 0.0059644525628050068869  | 0.0023861367770485601182  | -0.0023621714440443873466 |
227   | 0.00057798204759069451118 | 0.0049543696344226968026  | -0.0078612549119671561171 |
228   | 0.0028285366290067533515  | 0.0071300350987792450452  | -0.0016301337183804794247 |
229   | 0.0049012922544299083669  | 0.007950463432384473339   | -0.0059051864289738006941 |
230   | 0.0075636286203456621832  | 0.0048980785329235717457  | -0.0058055180708992803335 |
231   | 0.0035137551366722558945  | 0.006508280143057603058   | -0.0031128934174485685914 |
232   | 0.0028420843399727777241  | 0.0093391979238109813083  | -0.0067984043562025631841 |
233   | 0.0098936673724496562721  | 0.0043193842540927866389  | -0.0045071123592471326602 |
234   | 0.0091813609275672308785  | 0.0093123499997931295097  | -0.0088456899257166096001 |
235   | 0.0011029514685603084099  | 0.0057744788628258511207  | 0.00063786362798635444765 |
236   | 0.0022809766369716434967  | 0.0023230352545730802681  | -0.0029584491784735212662 |
237   | 0.007740147184380091229   | 0.0059629513942729087811  | -0.0026436124165882882164 |
238   | 0.0050385934422569255905  | 0.0032411726629143736318  | -0.0014714988715606230549 |
239   | 0.0059857522400052235942  | 0.0010997047459642083321  | -0.0043453002312457116724 |
240   | 0.0081516448721318090359  | 0.0092107961489772439967  | -0.0020867149215459171972 |
241   | 0.009139736120923634688   | 0.001607741415915529869   | -0.0016486903514308657095 |
242   | 0.00058424803074446762102 | 0.004345433838932240625   | 0.00062208040753058014422 |
243   | 0.0015243444447275451142  | 0.0019874693640252174762  | -0.0050588023820873620137 |
244   | 0.0024024999888611602711  | 0.0048439861703175445679  | -0.0074919125603609007871 |
245   | 0.005501238454683772712   | 0.0016146252114443298848  | -0.00098267359101837929887 |
246   | 0.0030367265045754513082  | 0.0058213698030122017213  | -0.0029048152553207400722 |
247   | 0.0052726282768597145315  | 0.0082338167942642009889  | -0.0045116156792296673722 |
248   | 0.0088071520429548189046  | 0.0011223709285599228844  | -0.0058761135280464595054 |
249   | 0.0086632436063202936105  | 0.0053898879188483978658  | -0.0027999350380787419064 |
250   | 0.0011429321643823240912  | 0.0055736220895428283117  | -0.00037057971601211798108 |
251   | 0.008333571954322091524   | 0.0017334632103859250185  | -0.007676093028064971506  |
252   | 0.0013987948025868304075  | 0.0046014822993493088507  | -0.0053769238747335803066 |
253   | 4.6445928317979555053e-05 | 0.0055927192895557763935  | -0.0079469564900330504076 |
254   | 0.00098705078225624952662 | 0.0036174230736560667419  | -0.0076835133313763112617 |
255   | 0.0079022425347530893258  | 0.0077044076427391682341  | -0.0077860181904596554442 |
256   | 0.0062551954646976959742  | 0.0066615303110584131105  | 0.0009697644281209341242  |
257   | 0.0069326025331305912713  | 0.0053855201979154439934  | -0.0072101341779244442626 |
258   | 0.0089522867613915074053  | 0.0058324030107350221391  | -0.0026548104296014113715 |
259   | 0.0036683193859981429175  | 0.0011534125779052177476  | -0.00016985854406854824237 |
260   | 0.0096029291833326924088  | 0.0055251891046084189441  | -0.0014891801541630340054 |
261   | 0.0052378332879101296635  | 0.00067309589445607709551 | -0.0012010845691220891317 |
262   | 0.0035607630134741256704  | 0.0031020082108292866031  | -0.0067799263023620524177 |
263   | 0.0091123359269453078901  | 0.00030052496692372515381 | -0.00079835138450626015171 |
264   | 0.0057063506998700306433  | 0.0034130383336868014635  | 0.00066364062105594902752 |
265   | 0.0094871664473096875558  | 0.0067652475680075162962  | 0.00055386857042436041937 |
266   | 0.0021014952207448560871  | 0.0069944303326013980773  | -0.0023420352492361500713 |
267   | 0.0088971897416839154649  | 7.888461097971331392e-05  | -0.0022069600108774595215 |
268   | 0.0045895072387594233049  | 0.003070590523066970591   | -0.0025388313298509647582 |
269   | 0.0077560014812798477868  | 0.0070787262479166754986  | -0.0033581153069882989891 |
270   | 0.0043047731191199443967  | 0.00354208337748115323    | -0.0063688102156333791307 |
271   | 0.0062648391330910853728  | 0.0023240196056136092594  | -0.0023489945421516400699 |
272   | 0.00076058914202236803295 | 0.0015278777442210972597  | -0.0081390308083349339335 |
273   | 0.0078860671499079489782  | 0.0044908265055609748739  | -0.0085058428438899384011 |
274   | 0.00043574892437799582229 | 0.0063527230917376151242  | -0.0036647290278678280873 |
275   | 0.00095163998836923747397 | 0.0059803171002009202287  | -0.0063441522499483402747 |
276   | 0.0075397511979573145213  | 0.0075166104093553724741  | -0.0059308448017287582546 |
277   | 0.0071323168742062981532  | 0.0079766680287998211613  | -0.00015466011153691906418 |
278   | 0.00021124577355850166567 | 0.0030442997959670191691  | -0.0019566822345923186137 |
279   | 0.0064624763550879902457  | 0.0033671730636463267049  | -0.0058652961221564488964 |
280   | 0.0021374599642315422407  | 0.004675613302498948104   | -0.001511226992134522603  |
281   | 0.0087492660256414580416  | 0.0067170608946072489151  | -0.0014812697590968172071 |
282   | 0.0091217102192651423886  | 0.00013203959068876135944 | -0.0073691070183193926185 |
283   | 0.0071734545288247289138  | 0.0043429311768832879262  | -0.006288054063131433627  |
284   | 0.0035629159173182845324  | 0.0051244678672498870931  | -0.0065490527230167676354 |
285   | 0.00090715970581523237056 | 0.0078885076764359084861  | -0.0046099601769027127168 |
286   | 0.0026546407174359311874  | 0.0044682933226637671503  | -0.0084149011267090501748 |
287   | 0.0037868671617693337901  | 0.0072069517229413800063  | -0.0035687071376560445049 |
288   | 0.0037344491845394392135  | 0.006144697041863124258   | -0.00075964771329336785218 |
289   | 0.0040694531703305497974  | 0.00077729978696503606445 | -0.00020757958154235664136 |
290   | 0.0030563795255547916534  | 0.0068996426053540499748  | -0.0052588115150859100766 |
291   | 0.0040525293737645505868  | 0.00095383893826679242399 | -0.0076502336988268585666 |
292   | 3.4960848803044158395e-05 | 0.0074064821155345001921  | -0.0079395900872283563243 |
293   | 0.0097590898038105947793  | 0.0076476299715853819985  | -0.0012145277499278175123 |
294   | 0.005464688296488062931   | 0.0068788618548824426169  | -0.0091554396841039970001 |
295   | 0.0053421474227509464436  | 0.0018492494922907527256  | -0.0067626142344047951785 |
296   | 0.0032340689517290476668  | 0.0093076293092419180863  | -0.0090982983775121772235 |
297   | 0.0046206079297848104415  | 0.0030536706288010178473  | -0.0045405735347922252659 |
298   | 0.0027147819410508083372  | 0.002865972955845035551   | -0.0024924085477091742317 |
299   | 0.0030419081137363669642  | 0.00072528652532131076495 | -0.0027751405233554455113 |
300   | 0.0067974010734609627976  | 0.009195292661245500071   | -0.0022065734819159583957 |
301   | 0.0023760254734613971833  | 0.0011440549631462958256  | -0.002436005489546027615  |
302   | 0.00061713603167184874574 | 0.0070755828263886367396  | -0.0067986137814124948317 |
303   | 0.00052333658994650907557 | 0.0035220418772238062423  | -0.0058608391097473349837 |
304   | 0.0084745910730947698886  | 0.0075961266672566994662  | -0.0079704464276424309699 |
305   | 0.0046104434756208418494  | 0.003554371711683781531   | -0.0048874020301849152234 |
306   | 0.009220334316736944133   | 0.0067153405580165290156  | -0.0062470099676960339635 |
307   | 0.0052980350160759959871  | 0.0070533231380257646603  | -0.0041340393574083372438 |
308   | 0.0061002567707119292537  | 0.006049233567136162032   | -0.0090252610480316720898 |
309   | 0.0034105309138687677113  | 0.0048600614284584446601  | -4.2119633953267276712e-05 |
310   | 0.0032857507305540174965  | 0.0092504781571696569759  | -0.005804686102348250408  |
311   | 0.0031894131101061844701  | 0.00025947669777581935067 | -0.00672092949220979511   |
312   | 0.0039381015422212308635  | 0.002386138515376920715   | -0.002477661562499424569  |
313   | 0.00084754609284597127398 | 0.0060673009295505167179  | -0.0061438476636492024563 |
314   | 0.00978437505828129786    | 0.0065563712013244224847  | -0.0014141903440447703855 |
315   | 0.0020010131594830624438  | 0.0012804061998047291775  | -0.001882341665501446968  |
316   | 0.0070643929806362979265  | 0.007046498532766267732   | -0.007810203592303394636  |
317   | 0.0011686470374102180241  | 0.0083334278034931843354  | -0.0055765463894494691349 |
318   | 0.004091780718208619036   | 0.003940287885449361184   | -0.0068501104878340513329 |
319   | 0.0057920406813304296106  | 0.0081392771364954472069  | -0.0062605452841814753992 |
320   | 0.0027777517049621014596  | 0.0079022016839843927521  | -0.0021525645285072254366 |
321   | 0.0090014007315782906815  | 0.0025106189245192485349  | -0.0043927796082508709791 |
322   | 0.0058156193790202146895  | 0.0023951543444961477872  | -0.0084262463460542669225 |
323   | 0.0023650954424226720667  | 0.0019741603742780200123  | -0.0035353773992487951862 |
324   | 0.00016752211583646601568 | 0.003474680923774568081   | -0.0015543401198454484275 |
325   | 0.0026281097419004455923  | 0.0044353297239245262351  | -0.0065037690220647549275 |
326   | 0.0025703972846855553842  | 0.0066527170101479370101  | -0.0023623507048995229067 |
327   | 0.0012147089506642267005  | 0.004219075595127913178   | 0.00095409255611375977726 |
328   | 0.0016478290860068142611  | 0.0023357509784068201247  | -0.00057216658865020338012 |
329   | 0.0068498883374856801842  | 0.0053166350030744565988  | -0.0013009053273916485003 |
330   | 0.0053616374670244389133  | 0.0041842974797758891725  | 0.00029453777048108354536 |
331   | 0.0035558268690142843561  | 0.0088933457875673919274  | -0.004788900863462623031  |
332   | 0.0030207130170546523523  | 0.0022082864969735446249  | -0.0059818364899664354037 |
333   | 0.0051061302102705825867  | 0.00079469219038941858648 | -0.00087226377144006001906 |
334   | 0.0056020504088880344537  | 0.0013135516159990009814  | -0.0027473187275447162083 |
335   | 0.0049967788522264165035  | 0.0024393505480576581357  | -0.0074834636470597704419 |
336   | 0.0080693129066952799799  | 0.0078374770795738117612  | -0.0062076010064170249886 |
337   | 0.0093131192160965520221  | 0.0083838236224451304773  | 7.3530900153957919063e-05 |
338   | 0.0042013695634864848399  | 0.00071689071183708729697 | -0.0045996670273580324978 |
339   | 0.0035411651015603722893  | 0.0050199487625223809459  | -0.0085690435068529625245 |
340   | 0.0047923264420925973037  | 0.0038507315296337513849  | -0.0028232077708795254647 |
341   | 0.00203221005255422053    | 0.0062289884350097525847  | -0.0060735141107003407304 |
342   | 0.0063086527888451988944  | 0.0072120690588160212692  | -0.0016829023473137311694 |
343   | 0.00049338422659558163128 | 0.0055550778961800627298  | -0.0041120673871273662539 |
344   | 0.0014354876159587204917  | 0.0046871605341336063794  | -0.0058179787665899708807 |
345   | 0.006137430352385674602   | 0.0052322482798663784431  | -0.00065141011953509780213 |
346   | 0.0093866657954341289199  | 0.0060175600305296594525  | -0.0055770247304331478644 |
347   | 0.0086554410336660784347  | 0.0071696406021081824506  | -0.0068029501749408572558 |
348   | 0.006364758187038602362   | 0.0065974383239581699256  | -0.0010419832818334192476 |
349   | 0.0093169011616521402869  | 0.0029696674421058441747  | -0.0078203536985547023042 |
350   | 0.008233250747424624913   | 0.0090922100247779521348  | -0.00061451838640868270726 |
351   | 0.0074544057292085892305  | 0.0060193781504405295332  | -0.0011264874920664269022 |
352   | 0.0034358266523797291285  | 0.0047411033486160153796  | -0.0045099545921674010981 |
353   | 0.0059587342910122995804  | 0.0034527812999318916419  | -0.005188420683475983286  |
354   | 0.0027898719691459086811  | 0.0034042976450251154902  | -0.0006068961836454783796 |
355   | 0.0052820053157046362516  | 0.0034885023753885098692  | -0.007864742803426746226  |
356   | 0.0063101871820884225528  | 0.0083871611036962986918  | -0.003102616550881033379  |
357   | 0.0029644467815358663265  | 0.0046656814435142484124  | -0.0030602744923130275646 |
358   | 0.00034907977531364636943 | 0.0072455206318552695804  | -0.0051936756489532678871 |
359   | 0.00936731399454226836    | 0.0034167046351391882134  | -0.0064533983203507467447 |
360   | 0.0055548021822113850463  | 0.0074438479660781427943  | -0.0064734729748857173723 |
361   | 0.0055063689005662285608  | 0.0074401707895177552829  | 0.00081835940255232464749 |
362   | 0.0049645822344610845978  | 0.005869776354763418455   | 0.00082508573328696124122 |
363   | 0.0047545413796722191604  | 0.0084376856271590350983  | -0.0024688700514824638704 |
364   | 0.0044372572388791196168  | 0.0077318379412783279359  | -0.0062064401691387868776 |
365   | 0.00099885452995356668188 | 0.00078868635149466402665 | -0.0064818575573848957738 |
366   | 0.0016544548675979685922  | 0.0023957836028795655679  | -0.0066253091489391789312 |
367   | 0.0028920328495539472657  | 0.0040169499907570438077  | -0.0046900932394129228598 |
368   | 0.0055242079334520376166  | 0.0022701701959243433294  | -0.0089388211266195199967 |
369   | 0.0028323752200603347952  | 0.0060047386932463031606  | -0.0022805082121095635213 |
370   | 0.0078739691253522058056  | 0.0072118729780187244144  | 0.00078278899849873375544 |
371   | 0.0056767425370164107529  | 0.0048317462268385909241  | -0.0027171416345086784119 |
372   | 0.006073868655608053585   | 0.00595850876505923336    | -0.0088007929354977400271 |
373   | 0.006796303048006081815   | 0.0038828406513438545357  | -0.0056408182762588306158 |
374   | 0.0090715399763091012636  | 0.0089711847488580676729  | -0.0080082619669374060373 |
375   | 0.00028763029012152769529 | 0.0069982153500851729949  | -0.0051027656711863976849 |
376   | 0.0032398262609776174586  | 0.001076862463147913512   | -0.0065601898123993510406 |
377   | 0.00042937536719185294756 | 0.0034036245773348509924  | -0.0087754316441815919531 |
378   | 0.0091509823395404914226  | 0.0011575304746174624494  | -0.0017062507145350668328 |
379   | 0.004408037838820480156   | 0.0092113283499991680664  | -0.0037301828093266814826 |
380   | 0.0024102122165615543978  | 0.0026538632032193842578  | -0.0068438921722312933207 |
381   | 0.0061428316303308548585  | 0.0056036335883055321191  | -0.0067841899954696289685 |
382   | 0.0080538768844606121317  | 0.0047385260127411447939  | -0.0010528713085732009907 |
383   | 0.0048004605462251921308  | 0.0048489495549822224721  | -0.009154042052555426412  |
384   | 0.0048386525372374495496  | 0.0053550119459726489707  | -0.0010186407999540356487 |
385   | 0.009267952816052566975   | 0.0080985170838034168522  | -0.0010307878314519517988 |
386   | 0.0051596599860445121338  | 0.0053842710427707942203  | -0.0059094207981706756844 |
387   | 0.0043937487028384847321  | 0.00051462937469801616711 | -0.0088618582707236832896 |
388   | 0.0060071188828704187926  | 0.007677893226663993001   | -5.5206218795359393299e-05 |
389   | 0.00048152440172402784235 | 0.0052171059622625939184  | -0.0064067283398987085602 |
390   | 0.0019782900772213492767  | 0.0014307770447583979898  | -0.0020159512295315424116 |
391   | 0.0037018376553450767392  | 0.0035025322851935285565  | -0.0024668507468085737813 |
392   | 0.0047528451089275019006  | 0.0064439381683055341893  | -0.0044904757251750231778 |
393   | 0.008526763505033042867   | 0.0075154642762071798695  | -0.007415724133349001386  |
394   | 0.0025520589253889723255  | 0.0067885637007151968664  | -0.0023200080710669966112 |
395   | 0.00023875903634847211988 | 0.0049429966340068199823  | -0.0057401888358433036594 |
396   | 0.0017777798594661739593  | 0.0060972675955729156022  | -0.0037405248339495195294 |
397   | 0.0010393446318991490969  | 0.0021389479447268514196  | -0.0065869403271652353371 |
398   | 0.0095807015218861910077  | 0.0060325041633942982564  | -0.0013208607909863327289 |
399   | 0.0064153122773483155922  | 0.0032130132868328745328  | -0.00026929136809623102069 |
400   | 0.0024027508230249051101  | 0.0024122376023475102132  | -0.0048377269263997343604 |
401   | 0.0076003517024154686535  | 0.00038206639641571727957 | -0.0021757488880269132067 |
402   | 0.00092749228612518639942 | 0.0092056522416275390897  | -0.0070055736598428489451 |
403   | 0.0099164796769658780651  | 0.0063902115283594566886  | 0.00035020584106935063887 |
404   | 0.0032943647572292390942  | 0.0084189235183175434307  | 0.00098444080913308393971 |
405   | 0.0035195475379879537052  | 0.0047846870634065024122  | -0.0039311232360085997251 |
406   | 0.0027053320332145768846  | 0.00284568238291825178    | -0.0040974219562514872447 |
407   | 0.0093994156861382047868  | 0.0036590912655047949653  | -0.0051622489982958057533 |
408   | 0.003512037216805082105   | 0.0032403661892258066313  | -0.0072468688324055655428 |
409   | 0.0075776858768445698455  | 0.0097277442072640045445  | -0.00019541668650640504142 |
410   | 0.0033485271249313569401  | 0.0046921154553823370484  | -0.0069149922575794334906 |
411   | 0.0045527376697703141398  | 0.0058164410967288778312  | -0.0068757026169011126876 |
412   | 0.0067295009838115394177  | 0.0022792207255764567603  | -0.0010646610455769722672 |
413   | 0.0035524286620824308165  | 0.0022634128452929842823  | -0.0034391942774120859427 |
414   | 0.00084874192581094881627 | 0.0015990801519707026346  | -0.0061325681855222561115 |
415   | 0.0025155636865877399611  | 0.0071739528355500041187  | -0.0080325291290244890674 |
416   | 0.0023365858526490472513  | 0.0048511983357412760687  | 0.000852321465298229268   |
417   | 0.0080159191729539235743  | 0.0022894443856547185175  | -0.0091342743745191374433 |
418   | 0.0088632445772899685899  | 0.0039606909501558804076  | 9.7245570781240551507e-06 |
419   | 0.0046301033576079857548  | 0.0039682716111059555472  | -0.0014102545523456513129 |
420   | 0.0061577549938903932553  | 0.0039612033310309170339  | -0.00491509167806837826   |
421   | 0.0022939755778332657915  | 0.0063870563035111635811  | -0.0056890149511801537882 |
422   | 0.0011367439521099884613  | 0.0090402277909384046867  | -0.0032629655434761200596 |
423   | 0.0055289716367217089238  | 0.0051100586416046719571  | -0.0053283409944131386246 |
424   | 0.009128150466165878274   | 0.006676672256484684001   | -0.00422550103649900477   |
425   | 0.0074896152668529995811  | 0.0044117648514285521047  | -0.0029174946082650972216 |
426   | 0.0036131042233025806483  | 0.00724747643998270661    | -0.0012577706349743930127 |
427   | 0.0032029963110012933496  | 0.0057948471335466170129  | -0.0020145450667962256329 |
428   | 0.0048622808306535191328  | 0.0026377906503106205577  | -0.0067808237156487824807 |
429   | 0.0057116996908819286927  | 0.0031459698848359182732  | -0.0082811168391401391436 |
430   | 0.0028770285834129384096  | 0.0013505113698625598358  | -0.0034272309257052870242 |
431   | 0.0023109176258230643836  | 0.0039924445491712661285  | -0.004924096649382061347  |
432   | 0.0043204396297109714381  | 0.00036304981982301362054 | -0.0062117249379086830752 |
433   | 0.0030178334663663675466  | 0.0072320918975624709155  | -0.0045777898642052217842 |
434   | 0.0048820403059251999203  | 0.0030895165067185590899  | -0.0083446870194707253171 |
435   | 0.0013040531629039369809  | 0.0081216776165890930406  | -0.0057346638131210037753 |
436   | 0.0041720550635685662438  | 0.0088728310755043608704  | -0.0035613726807666597728 |
437   | 0.0023922448572096339722  | 0.0052521777089121384277  | -0.001138666917944265505  |
438   | 0.0077895508583854513804  | 0.0031307460344107860759  | -0.00048428571454755409012 |
439   | 0.0056915153263834413963  | 0.00080187563147372776205 | -0.006687522598658172078  |
440   | 0.0052507469903036512945  | 0.0088932022807036922862  | -0.0090703051721183845096 |
441   | 0.006711825160456579703   | 0.0054388911359566690512  | -0.00049554430857339220456 |
442   | 0.004800712502143907566   | 0.0062592296657794036646  | -0.0040214492052558685822 |
443   | 0.0092586659359365636179  | 0.0027692599315465049083  | -0.0081420806980048148621 |
444   | 0.0091909630691025014093  | 0.0026570845022392082166  | -0.0031023327033676412201 |
445   | 0.0061599250073558139973  | 0.0038854732702374044674  | -0.0039170856099562407354 |
446   | 0.0047583327779457005799  | 0.0072302188334153645599  | -0.00028374204490794581934 |
447   | 0.0093156460488663765662  | 0.0077107926170000909427  | -0.0040868701938940078799 |
448   | 0.0048322292467682520511  | 0.0017680949134102597574  | -0.0092666039164889645735 |
449   | 0.005448431775815737281   | 0.0033064226188382469726  | -0.0056708577577789017615 |
450   | 0.0028823384202506545024  | 0.0064177851221223101638  | -0.0090503363919979800539 |
451   | 0.00066609538477717660388 | 0.0071133723760318330262  | -0.0045404241938098027775 |
452   | 0.0047429713218501172098  | 0.005019481912552764373   | -0.0086105562278697370809 |
453   | 0.0049406612484390998591  | 0.0097539817484587707647  | -0.0027403544362332001375 |
454   | 0.0048254574276656025944  | 0.0062146753037451854876  | -0.0077948134541447359688 |
455   | 0.00043120186246239564348 | 0.0061449219878328036407  | -0.0023152459707894432542 |
456   | 0.0066386486593207755247  | 0.0099838506974910031649  | -0.0040996435389629446236 |
457   | 0.0097121198461592103679  | 0.0031867976115544940051  | -0.008237609110031325968  |
458   | 0.0048300180103639928086  | 0.0067310145069975910528  | -0.0075459975547663106152 |
459   | 0.0041645585396920033888  | 0.0083461759202103271565  | -0.009093340062450657596  |
460   | 0.0027947172359542161828  | 0.0028277169653119897143  | -0.0014597548849428908409 |
461   | 0.001070917797207132996   | 0.0058040006633749557929  | -0.004332306719031155974  |
462   | 0.0060458737185888180091  | 0.0041776295642878364875  | 0.00087012051770388957467 |
463   | 0.0081571254966596503516  | 0.0061298244838637657578  | -0.0037213053826783719022 |
464   | 0.0017172803600464373909  | 0.004308060026354084554   | -0.0077884711181834187163 |
465   | 0.0052336966454879195465  | 0.0074046000816998308255  | -0.00559271544018784348   |
466   | 0.0070653636964029013431  | 0.0088636904929669593778  | 0.00033116772916799908826 |
467   | 0.0045855436485507912805  | 0.0030203864166964528547  | -0.0069452473718313208206 |
468   | 0.0064257919082888097576  | 0.0028071992481257307048  | -0.003834976988769238284  |
469   | 0.0094043205746633332792  | 0.0049982992615513546775  | -0.0069120282940318966691 |
470   | 0.0087650805098074529437  | 0.0038485780811758048617  | -0.0073837966322982378359 |
471   | 0.0024861854564137710576  | 0.0080667310644932793684  | -0.0059422387667302208406 |
472   | 0.0036350685115946303541  | 0.0052435310344590571954  | -0.0071992816028728836425 |
473   | 0.0024193548688506080757  | 0.0037252423378810141028  | -0.0062641359279820146844 |
474   | 0.0046592184071183352645  | 0.0045692396579229679551  | -0.0080564694492118883035 |
475   | 0.0065429981214803279235  | 0.0017866760963094502779  | -0.0084241784987928291367 |
476   | 0.0060430634028014202502  | 0.00031062422253748194455 | -0.0021335365138979902472 |
477   | 0.0099473889242232237107  | 0.0032615382152906460117  | -0.0055220322623734992978 |
478   | 0.0061956349415434770755  | 0.0081171482819613147847  | -0.0017100588003016580375 |
479   | 0.008568782273465087862   | 0.005851887489261856784   | 0.00053156017793278876899 |
480   | 0.00023313797700664153794 | 0.0092900249943739035552  | -0.0023212663678368974408 |
481   | 0.0085831422914100490712  | 0.0029893430708045989376  | -0.0031463446360318874512 |
482   | 0.0045441732779950309504  | 0.0092037479544809508436  | -0.0013700761638083980721 |
483   | 0.0021259052806439208451  | 0.0036380353986704477495  | -0.0040908590187222195964 |
484   | 0.0046625350525096231555  | 0.0041252924643554169867  | -0.0085683414079795652135 |
485   | 0.0067606588890136171816  | 0.0027822870945569248315  | -0.0012796680254501260291 |
486   | 0.0099581647016605146644  | 0.0087163261151394291759  | -0.0028728318438238239184 |
487   | 0.0021897845569340359563  | 0.0025485839724425926947  | -0.0019050345127361570288 |
488   | 0.0041556131904929719326  | 0.0090360175266001215022  | -0.0087816953915912428913 |
489   | 0.0029065308272002306732  | 0.0018947350936593804205  | -0.006046040535065938526  |
490   | 0.00015456756082022951571 | 0.0063164970547955308702  | -0.0021922952691135829013 |
491   | 0.0082159259106407787204  | 0.0037708469636616270652  | -0.0068241296134421676814 |
492   | 0.00027181312453603462308 | 0.0031630133735709394828  | -0.0016076420235788177731 |
493   | 3.2373668209537103519e-05 | 0.0081728699874370966394  | -0.0089424631823917469925 |
494   | 0.00060914178119254262095 | 0.0012033110152423170513  | -0.0035833053732315296204 |
495   | 0.0042270779877349017734  | 0.0068321199767067235242  | -0.0024800493524187784168 |
496   | 0.0075867595681044361008  | 0.0082920841694229321939  | -0.0088717558026783268493 |
497   | 0.0044825744097491352497  | 0.0023486251451024014666  | -0.0056185378891123486864 |
498   | 0.0097611903370208134845  | 0.0064432341460883557627  | -0.0034834937939630023808 |
499   | 0.0055363654989700316483  | 0.0038922950889785467958  | -0.0068443810374595754481 |
500   | 0.0086541893143800251165  | 0.0018934369695595748475  | -0.0072572477573976824222 |
501   | 0.0049676868884701574913  | 0.0041075278547712595553  | -0.0059143854390615374292 |
502   | 0.0082648347837601075783  | 0.0032054151650424849741  | -0.0011834718941325142981 |
503   | 0.0058509014088712930912  | 0.0049618355977754683914  | -0.006428849922403842912  |
504   | 0.0031760878596267996116  | 0.0049150387335024853588  | -0.0016593809018163089251 |
505   | 0.0089024363981835274995  | 0.0081087653665896722299  | -0.0053095581870248936482 |
506   | 0.002089777993772400002   | 0.0032455925262004857966  | -0.0068518455710019719046 |
507   | 0.0067764005580484400551  | 0.0051208798647562310882  | -0.0078659443066468655997 |
508   | 0.0047551968249402616629  | 0.0029370356972160758385  | -0.00025151785858540804926 |
509   | 0.0069727217336346264398  | 0.0051650911246632234472  | -0.0061622256383420852613 |
510   | 0.0063275480721462114275  | 0.0015340385700758059438  | -0.0065462894789100221568 |
511   | 0.0030870618108101354968  | 0.0033259797001444707867  | -0.004316815104872874162  |
512   | 0.00081990423084164895315 | 0.0058794182435152313876  | -0.0092387240799527911572 |
513   | 0.0053025325641117030881  | 0.0070420082022443182893  | -0.0063852205326347631631 |
514   | 0.0069434796011327440737  | 0.0053615598049257563729  | -0.0038870994334767199931 |
515   | 0.0036069358626314149997  | 0.0023012991755144230135  | -0.0038745294382565142327 |
516   | 0.0020135883113278343556  | 0.0062357042401404421533  | -0.0036949625374296623907 |
517   | 0.0079515020560250518344  | 0.0027888516449864017045  | -0.0031670613405296440743 |
518   | 0.0061375047742671879139  | 0.0066350797687758956978  | -0.0076382333280573871601 |
519   | 0.0087448931500211345147  | 0.0043830918585141594862  | -0.0034687468369454846871 |
520   | 0.00097984079039843837398 | 0.0047018619051607864895  | -0.0058432874286230970448 |
521   | 0.004841593156963245291   | 0.00067954872908795828021 | -0.0069844418709068432569 |
522   | 0.0083760908095088151132  | 0.0075017221085208396145  | -0.0018337875549003989847 |
523   | 0.0074139107215617453678  | 0.005506456126073674788   | -0.0069808878292988308517 |
524   | 0.0044390617183107713289  | 0.0030353641293845131169  | -0.0068866377158868594816 |
525   | 0.004697246394857475249   | 0.0022996482723632522341  | -0.0038107980382119936887 |
526   | 0.0080734131006796189256  | 0.0012907508143302714142  | -0.0047233464516169346159 |
527   | 0.0040316141258438728534  | 0.0030848454816933316112  | -0.0018719704853022692184 |
528   | 0.0044497312476405722834  | 0.0043347164860138504353  | -0.0035460370482083111883 |
529   | 0.002196687270463051813   | 0.0038597316429800666848  | -0.0075255920810556832176 |
530   | 0.0064657227201349613474  | 0.0045370009313704445439  | -0.0059957425475681766502 |
531   | 0.0052809180388554326571  | 0.00096662710337852065547 | -0.0041193146548835256684 |
532   | 0.0051272269131363689548  | 0.00064372235182520330318 | -0.0019985759344385879699 |
533   | 0.0081594793287887018574  | 0.0019500350967401307994  | -0.0049930470156010894542 |
534   | 0.00071999277423509587624 | 0.0017985386134892705854  | -0.0068498220706770971897 |
535   | 0.0092277949533587748376  | 0.0025243881101688729618  | -0.0089516113300036163902 |
536   | 0.0093126155256803514609  | 0.0054091615385058302093  | -0.0071183580214035733352 |
537   | 0.0016432071804009483473  | 0.009706419818387022197   | -0.00058460929148828493819 |
538   | 0.00077774238693913860278 | 0.0018899121562891191186  | -0.00018808455393765809638 |
539   | 0.009284813995505809131   | 0.006222669819724646785   | -0.0042812731266192571161 |
540   | 0.0094493978287513765574  | 0.0047308865273532393209  | -0.0061372559214615176465 |
541   | 0.0039068610336563903626  | 0.0049351525355893991615  | -0.0036181979420088173846 |
542   | 0.0024788038946627613188  | 0.0016070346966175520775  | -0.0076087848480721710295 |
543   | 0.0066433215963055255657  | 0.0012642904411201548887  | -0.0029356922408312990762 |
544   | 0.004874024374241168675   | 0.0087688119484779208229  | -0.0033967092251448783614 |
545   | 0.0010432898846288809775  | 0.003681723401392786657   | -0.0050678019759023678475 |
546   | 0.0069425592894647412956  | 0.005419968705948009953   | -0.0020844013299047112371 |
547   | 0.0034981873088505950967  | 0.0076676573205338707448  | -0.0048498983058302622129 |
548   | 0.0046126567708993761532  | 0.0084037942469245389965  | -0.0044962346590309339861 |
549   | 0.00071831235440539828799 | 0.0043441784400831493645  | -0.0058924284747646042681 |
550   | 0.0054740540202190919247  | 0.0088162570299194324697  | 7.9717521730697309904e-05 |
551   | 0.0072304297948130235793  | 0.0042751452150098694441  | -0.0039149660233130344211 |
552   | 0.0047408892903641414521  | 7.9090769628135259737e-05 | -0.00035088757453871340184 |
553   | 0.0033857547247505702555  | 0.0037394178055751106128  | -0.001989587738785095726  |
554   | 0.0005413871749485349872  | 0.0093748355724866012928  | -0.0088836329450923661594 |
555   | 0.0079083585028055531502  | 0.004470358580057003095   | -0.0085488644397273081538 |
556   | 0.00074538562706114128587 | 0.0070122796279756208909  | -0.0081557366864114157895 |
557   | 0.0087941851804709675333  | 0.0033269318267471273409  | -0.0078253059890657609976 |
558   | 0.0092681115274687187605  | 0.0054710923946669019063  | -0.0090551803736385119703 |
559   | 0.005129238219269752902   | 0.0060041892597359975206  | 0.0005860450436044137984  |
560   | 0.0035307265569191020708  | 0.0031565987309510740166  | -0.00043255396240999443485 |
561   | 0.0057071179879630328305  | 0.0061521916944605424538  | 0.00060823538166588069637 |
562   | 0.004833454208630834012   | 0.0015348829789176869284  | -0.0039173404983792381104 |
563   | 0.0071147310393309967994  | 0.0042402725321278216322  | -0.0035628693004640986722 |
564   | 0.001200127388035971028   | 0.0064044521471198507384  | -0.0018813374427787273816 |
565   | 0.0032862726230509491793  | 0.0039553705291039548131  | -0.0025885634313384171291 |
566   | 0.0056083352423404973786  | 0.0048222078271270372302  | -0.00056447848434048079284 |
567   | 0.0017812516303642590264  | 0.0036957565748438549365  | -0.0041636211682611022622 |
568   | 0.00085680756908453525791 | 0.0070435468792260187351  | -0.0026173313535708107348 |
569   | 0.0035616750749002299391  | 0.0027363232155420999341  | -0.0024396546365188114848 |
570   | 0.0083237923961019498476  | 0.0061799510855715545504  | -0.0044327208929811614743 |
571   | 0.007613504198530704134   | 0.0038399786342245586894  | -0.0064926406449041709074 |
572   | 0.0067092987813455661969  | 0.0097807276159872242466  | -0.0087860749895536018744 |
573   | 0.0068513131200913313448  | 0.0056996866931388490835  | -0.0006794061898499025292 |
574   | 0.0094875307331448409387  | 0.0063866878901909715505  | -0.0011717920308429714653 |
575   | 0.0079292128201565378887  | 0.0063610104888913721055  | -0.0056056680549714070494 |
576   | 0.0025218497098639372153  | 0.0055366597708056972463  | -0.0085789907063296040601 |
577   | 0.0064793339057954892762  | 0.0090923741309894296619  | -0.0013137532566626954067 |
578   | 0.0065454211324147285392  | 0.0074364895190960319041  | -0.0055706972894945458452 |
579   | 0.0042185888780379961552  | 0.0016865139337641067794  | -0.00034039652228196699488 |
580   | 0.0091565410122287620859  | 0.0061833024546882444164  | -0.0073754643122902708782 |
581   | 8.2282105985765746073e-05 | 0.0066414828767180121918  | -0.0041366653513146721052 |
582   | 0.0090033323166054460285  | 0.0079026337599252139549  | -0.0038474377447521895985 |
583   | 0.0036756993502565799697  | 0.0052852735248817049943  | -0.0071245649639417232141 |
584   | 0.0067679855033879127504  | 0.0031500577324197779824  | -0.0045792098594164927158 |
585   | 0.0086948317686883613148  | 0.0048363435309562571515  | -0.0080906817640676569753 |
586   | 0.0042368089660638841645  | 0.0023189299896690081584  | -0.00461220932479258338   |
587   | 0.0082139817260224456952  | 0.0071083934266538729985  | -0.006024051266850216288  |
588   | 0.00067019511182991149071 | 0.0056742401605791321223  | -0.003417567957236040694  |
589   | 0.0061476673366498910123  | 0.0029695292434985050452  | -0.0053985505925557095847 |
590   | 0.0087364515165881465042  | 0.0024970706509061958017  | -0.0011659043021736705762 |
591   | 0.00093913217931875783359 | 0.0095006855831791629796  | -0.0083051032923366231026 |
592   | 0.0050341437835109918014  | 0.005470005085023121362   | -0.009137674903676326621  |
593   | 0.0056204263756007089362  | 0.0082727609779230711767  | -0.0067859318915197367611 |
594   | 0.0079124883285890453694  | 0.0066802112901068327888  | -0.0080878074904511976922 |
595   | 0.0097926023676685788194  | 0.0042542339507624397574  | 0.00039851063596260162276 |
596   | 0.0063857393138935202026  | 0.0058689105242369652218  | -0.0048691132373851718496 |
597   | 0.0012624231748288711457  | 0.00054045360522503218398 | -0.0031625336411441168881 |
598   | 0.0035175532446599408302  | 0.0015697863426449439831  | -0.0022534956962463191694 |
599   | 0.003965873759147326566   | 0.0031163382496130591359  | -0.0065434971345745968074 |
600   | 0.0012167753871760475341  | 0.0022971221257348994546  | -0.0077397998160456758093 |
601   | 0.0082676529085826729742  | 0.0037379718529116658619  | -0.0035119289750466368451 |
602   | 0.0037797504480463713951  | 0.0072396205146192998611  | -0.0024609841903940883438 |
603   | 0.0080039790660210146517  | 0.0034804398034802715677  | -0.0047340282914920235949 |
604   | 0.0087144369567558332967  | 0.0064526326835437596008  | -0.0048720345481845219945 |
605   | 0.0044518950629846591391  | 0.0024232095749750362859  | -0.00037309854426704699721 |
606   | 0.0040807803076374875306  | 0.0072336949209896540466  | -0.0070625745144969487993 |
607   | 0.00089697626477639965693 | 0.0020890094881143004592  | -0.0070856005178112175732 |
608   | 0.00048985026831722098834 | 0.0044022501466382890981  | -0.0056955215653418118232 |
609   | 0.0095922603207897368105  | 0.0094483878957637053297  | -0.0069992564737808285122 |
610   | 0.0083641101213289392041  | 0.0046636748796127034528  | -0.0049231571242682086245 |
611   | 0.0038509116033601563725  | 0.00066050450457814078881 | -0.0017358781070701788385 |
612   | 0.009410513001637537886   | 0.0057810105715623101227  | -0.0015172330955477339974 |
613   | 0.0050281618110912017564  | 0.00725084754225265634    | -0.0059668085075359209371 |
614   | 0.0088124355557726574695  | 0.004593546291501961025   | -0.0056780442820370900098 |
615   | 0.0025845549945520572208  | 0.0071919367916102082752  | -0.0033533255760227506474 |
616   | 0.0085538721859608358306  | 0.0039493839334534906055  | 0.00037041361720716297484 |
617   | 0.0068907872994123705451  | 0.0033169349753039449255  | -0.0030619054562598287117 |
618   | 0.0048605389701336142519  | 0.0082462194809905190601  | -0.005392420562758348801  |
619   | 0.0045976539366284216795  | 0.0042595783526769188942  | -0.004005967285140017535  |
620   | 0.0098422520901952012529  | 0.0091880471054871081654  | -0.0052063818595625066185 |
621   | 0.0070637345302656737167  | 0.0098714759495045455162  | -0.0071651235539127956439 |
622   | 0.0094114852933757046222  | 0.0048927439725105666135  | -0.0052997262656100619857 |
623   | 0.0079550243321463293134  | 0.0057625507213610333707  | 0.00029457449803173458864 |
624   | 0.00015158464586458031409 | 0.0073380522567264494169  | -0.006288891585473249321  |
625   | 0.0061292013652995327305  | 0.0022028952451313508348  | 0.00025271009345337065027 |
626   | 0.0035694773051348840931  | 0.0009604136454463200025  | -0.0079514402410338063526 |
627   | 0.0018135358359833036491  | 0.00050884976859986096823 | -0.0076318544179979031991 |
628   | 0.0048777491563508626124  | 0.0091632500789793590312  | -0.00030535862501561856488 |
629   | 0.0015065418221303444012  | 0.0033244986834675754536  | -0.0052190549767573458928 |
630   | 0.0071252661233861666265  | 0.0071258420969004627674  | -0.0053968434237158888905 |
631   | 0.0054153320361427373722  | 0.0040690328546941706769  | 0.00026952837390332496682 |
632   | 0.0011444440121369410784  | 0.0079687125697109270628  | -0.0046064396726874972179 |
633   | 0.0093463023904592351654  | 0.002027746476020907563   | -0.0055882082547763283972 |
634   | 0.0033689287996164786997  | 0.0067497814872539618411  | -0.0084632135615548310936 |
635   | 0.0071097474874518484453  | 0.0063835587709750625518  | -0.0053339610807215734334 |
636   | 0.00053995373913805753442 | 0.0021758884227197003436  | -0.0017655238507006169001 |
637   | 0.0044938631603980462581  | 0.0074577306218039539007  | -0.0033529605175974599995 |
638   | 0.0026813056311380785782  | 0.00065386990263180118192 | 0.00095681829768641036595 |
639   | 0.0094247302452524651245  | 0.0047608640756260133323  | -0.0061558409468025696021 |
640   | 0.0028844087862694481848  | 0.0086364031763997949065  | 0.00057766496008946916635 |
641   | 0.0092229773972127507969  | 0.0029831362244223825347  | -0.0027248420915718472163 |
642   | 0.0050276275271703045958  | 0.0063155069280372054877  | -0.0046566886934253171396 |
643   | 0.0070861496889499976659  | 0.0080187067924157324345  | -0.0047362465670088161468 |
644   | 0.0069385828892062672082  | 0.0054351646089910582438  | -0.0015354483754508054492 |
645   | 0.0094946172036807097855  | 0.0051081641436874864956  | -0.0021488571651176466629 |
646   | 0.0044338482632245409046  | 0.0073097257813782168939  | -0.0077584961838518991251 |
647   | 0.0058007324723251220064  | 0.0069553238158101531735  | -0.0047100260403796050113 |
648   | 0.0049325108360623627635  | 0.0076717403480167974811  | -0.0027602457480084973025 |
649   | 0.0090680707567375902489  | 0.0059808960851847328341  | -0.0030455879315082765371 |
650   | 0.0026601046891745632784  | 0.0010427620584111236234  | -0.0019843847689156768506 |
651   | 0.0071321932478632509705  | 0.0035437113426365343324  | -0.0011228054449486841743 |
652   | 0.00071884146990840343261 | 0.0048531833457795946901  | -0.0084655699072182979265 |
653   | 0.0010773219624475994897  | 0.0080784833809878445893  | -0.0070830731022883224035 |
654   | 0.0035217864063409459741  | 0.0035757537965363252706  | -0.0017700690003394589124 |
655   | 0.0016275405788372789093  | 0.0060757059024754127979  | -0.0032721656736980557316 |
656   | 0.0029466314844429908337  | 0.008568874001272487953   | -0.0035284291083758734069 |
657   | 0.0019803259368492993203  | 0.0058944372767522823162  | -0.0059044762109430048991 |
658   | 0.0090479334415263894253  | 0.003524033076231329175   | -0.001082021674385340174  |
659   | 0.0051610012170893691807  | 0.00036007463951907977759 | -0.0067086352061160280102 |
660   | 0.0030229401768156957675  | 0.00049288844216862444294 | -0.0055828235324903874998 |
661   | 0.0032146515655156531963  | 0.0071283222060818541427  | -0.0030190802841843192468 |
662   | 0.0043959103480669661432  | 0.0012165196216446898247  | -0.0091492349322221944163 |
663   | 0.0014325706539139095464  | 0.0091596564103363711795  | -0.0050386557054910722023 |
664   | 0.0044394877818269874725  | 0.0096816201742219391152  | -0.0088593821281362852837 |
665   | 0.00020675344882486201858 | 0.0037326140492043263612  | -0.0014686144339186499568 |
666   | 0.001593211893916850674   | 0.0045691606240192408558  | -0.005903675476300944587  |
667   | 0.005226096810894546342   | 0.0041503927430440552479  | -0.0027964805673668705586 |
668   | 0.0068179080740405247074  | 0.003363309763348562402   | -0.00048853690163724525219 |
669   | 0.0055859245610336933849  | 0.0033843734536367210512  | -0.0021761195462498706538 |
670   | 0.0069562507529614004548  | 0.0022310345887263786403  | -0.0062005055906600055338 |
671   | 0.0079888510640089560599  | 0.007790761486552635201   | -0.00022636359183724586537 |
672   | 0.00021501281277888910793 | 0.0064512794536113584123  | -0.0079828842405508890906 |
673   | 0.004766732661585853896   | 0.00588813671537583537    | -0.0022144566967244186731 |
674   | 0.0065309676001896578915  | 0.0038208480782753228081  | -0.0058390337728585301955 |
675   | 0.0043765236185654326009  | 0.0049836517748372477152  | -0.00036149715016492049496 |
676   | 0.0084062766774874089076  | 0.0040261533758512799835  | -0.0069518735894791702443 |
677   | 0.00020490311014957859914 | 0.00021466169186094309889 | -0.0051737281329746068539 |
678   | 0.0023240784297019674055  | 0.0069529575339964113864  | -0.0088514487575234706423 |
679   | 0.001908617980400911969   | 0.0041902536021809202657  | -0.0045951887492259252746 |
680   | 0.0076997071431191208002  | 0.0058820033663346486114  | -0.0019851571708898846889 |
681   | 0.0049030579697850453988  | 0.0094900191696386075602  | -0.0054823402835782542378 |
682   | 0.0079096096132910114623  | 0.0065836611704941302992  | -0.0048890367440782289687 |
683   | 0.0060061438316652846284  | 0.0079315107113172595571  | 0.00048738431698150484067 |
684   | 0.0092100342637148856217  | 0.0095997854206954415929  | 0.00039385392110574343489 |
685   | 0.0018423462903851025967  | 0.0050002663976508078536  | -0.0086015326404861921356 |
686   | 0.0019284172936322814453  | 0.0058028668721282908663  | -0.0015154535062841024712 |
687   | 0.0048776401491761956289  | 0.001940561660170624916   | -0.00057113211587888311482 |
688   | 0.0010678633002507683172  | 0.0044456825103015139983  | -0.0016559691257218003488 |
689   | 0.0080341479506600664562  | 0.0055507133789529424645  | -0.0021237872801843525258 |
690   | 0.0010325558062370089     | 0.0090877758781224057122  | -0.0052212771811105057954 |
691   | 0.0037087742784216873662  | 0.0048087663416735704214  | -0.0048589659527789744523 |
692   | 0.0073087378445499647309  | 0.001393517923681754497   | -0.005643155575256841687  |
693   | 0.0011376430418042952995  | 0.0017885038347840629368  | -0.0063463692504807534683 |
694   | 0.0019682925501166904404  | 0.0021882105661109015407  | -0.0037049846398088336595 |
695   | 0.0064699513754659125284  | 0.0048914932520915900202  | -0.0049483899362874356892 |
696   | 0.0070003375098766492876  | 0.0036780673570267481513  | -0.0080725579266810974788 |
697   | 0.0070955773708831944291  | 0.007886127648222475417   | -0.0069835064596632072387 |
698   | 0.0072920085122135528191  | 0.0017454242009324043728  | -0.00052392119041374412593 |
699   | 0.0065369583628993102598  | 0.00084879555145965957397 | 0.00056086285173928811937 |
700   | 0.0038161337609287481615  | 0.008897895477524130764   | -0.0048384074146263075442 |
701   | 0.0049697701435779473647  | 0.0048072138035348101551  | -0.0056280329838728675521 |
702   | 0.0066166339727036912674  | 0.0061095372279111655883  | -0.0027723234446045625159 |
703   | 0.0020994520184957924866  | 0.0046672445431033523014  | -0.0028043282531901581045 |
704   | 0.0076539074443718567442  | 0.0036349064161425351759  | -0.0082375184581091279862 |
705   | 0.003707064047030240745   | 0.0041596592803637283398  | -0.0015307403130922854397 |
706   | 0.0067938044134486629683  | 0.0065312628319725285486  | -0.0063346840250952949139 |
707   | 0.00061669871571481743242 | 0.0095642768893405474134  | -0.0015405862532617928696 |
708   | 0.0099089096210820699212  | 0.0016403393529125962717  | -0.0067090733827306504172 |
709   | 0.0045181830931005501073  | 0.0039503168995202227881  | -0.0011024442997186400476 |
710   | 0.00010782905156012220684 | 0.00097644448797359960183 | -0.0076321018613057069538 |
711   | 0.0044228571322168291555  | 0.0063191377519172158353  | -0.0053448815011517920512 |
712   | 0.0046674544898602154594  | 0.0048048546969137635732  | -0.0020312099643259588951 |
713   | 0.0084145518882238149599  | 0.0038773558687052143978  | -0.0055330829297647616399 |
714   | 0.0044186065804068808127  | 0.0031673504499560752035  | 0.00068900990007188429604 |
715   | 0.0060546263182544163284  | 0.0080240980266200519905  | -0.0083091655195312932869 |
716   | 0.0017974210554545485066  | 0.0026007860894400459777  | -0.0064858820194681546245 |
717   | 0.003691639879781231405   | 0.0085232928094135240737  | -0.0059771207247693511344 |
718   | 0.0069157040154036002189  | 0.0029403401340462541856  | -0.0020053224337783308838 |
719   | 0.003011413305164418585   | 0.0027175463274775029515  | -0.0085371846769203025423 |
720   | 0.0072361586922996181531  | 0.0097286542241396770786  | -0.0032826286170044827704 |
721   | 0.0029323932779437228771  | 0.0066244456751539948502  | -0.0073625283977075657929 |
722   | 0.00030985209175397632501 | 0.0043309821219441550083  | -0.0038064002060802203109 |
723   | 0.0063740158079202769228  | 0.0022510908132607533073  | -0.0041769206314388454201 |
724   | 0.0013168813909853083633  | 0.00042722314801767560279 | -0.0042189410710219065956 |
725   | 0.0053728738710210428506  | 0.00093278863773116002262 | -0.009204208281415800566  |
726   | 0.0018169286418017308905  | 0.0044221484067468843152  | -0.0048003443176206899573 |
727   | 0.0010648377576812360131  | 0.0028222781924194077774  | 0.000962053263134840346   |
728   | 0.0067883588086284423965  | 0.0091588348765758338665  | -0.0074987100239678689331 |
729   | 0.0078221360157608981617  | 0.0016433934637682097533  | -0.0074677563395479902922 |
730   | 0.0068531762844969857512  | 0.0089969680486924538676  | -0.0089879949573122286388 |
731   | 0.0071071540743153430175  | 0.0039822135668507920719  | -0.0086831693067165368477 |
732   | 0.0049035082124477963328  | 0.0028542602558388795522  | -0.0049597042887758926305 |
733   | 0.0086675068133300805368  | 0.00096947300598859600506 | -0.0061391912863877212692 |
734   | 0.0013382466074143451341  | 0.0092710845783950095872  | -0.0015890333997489987719 |
735   | 0.002761586170915924978   | 0.0091766138553300811986  | -0.0035271616436312359932 |
736   | 0.0023138346555487128257  | 0.0064125261410210611379  | -0.0010635813804699733101 |
737   | 0.0010395294353794807055  | 0.0064604919580796942025  | -0.0036527185498086262548 |
738   | 0.00046403251474655041577 | 0.0066209745991399641604  | -0.0070261904149622744775 |
739   | 0.0073579819740615054827  | 0.0067547570920360854724  | -0.0067265621080651247232 |
740   | 0.0096981289721642868762  | 0.0066180572531555365706  | -0.00040620559232306438068 |
741   | 0.00052032652030599879818 | 0.0045870938281233680431  | -0.0078277670597968196375 |
742   | 0.0043086106617518686243  | 0.005693920990798051994   | -0.0040796329846223746557 |
743   | 0.0082826755828921787284  | 0.0069100208532877349654  | -0.0015192007102725749775 |
744   | 0.00084233145120813301358 | 0.0057647247152709793147  | -0.0069874800417880859188 |
745   | 0.0013742530349902485221  | 0.0059831351198436320826  | -0.0063406168310391692114 |
746   | 0.00052953120681926502469 | 0.0073327629772132786601  | -0.0072885976107809934479 |
747   | 0.0053888896283559575492  | 0.0014056913861749222635  | -0.0028166867887231667421 |
748   | 0.0097810786233505139092  | 0.006813775598653160244   | -0.0063538253483584892015 |
749   | 0.0075344704788296700676  | 0.0066668684661521622828  | -0.0076276073001343754759 |
750   | 0.00081505429775342928649 | 0.0014440536114130448058  | -0.0048718422823394820151 |
751   | 0.00081301140803370283965 | 0.0044957428699294145827  | -0.0043356948168805486271 |
752   | 0.0057997234574926866471  | 0.0023187732157999001864  | -0.0081529757129844334512 |
753   | 0.0082872792698571572795  | 0.0049498772045379049386  | -0.0042617647668201493957 |
754   | 0.0072060365167754165949  | 0.001834389208256277529   | -0.0046380592201603898506 |
755   | 0.0052400317056098977969  | 0.0051255733883821827726  | -0.0075929396355431926641 |
756   | 0.0041648612904145567229  | 0.0066710032606699387614  | -0.0048319348557435337285 |
757   | 0.0059946889572334328966  | 0.0058910430149353354076  | -0.0040138966060214607487 |
758   | 0.00028798269491892182622 | 0.0071902818647938552057  | -0.0019270595068168771581 |
759   | 0.0048267008514622893045  | 0.0064425342464406593068  | -0.0043071502247076301484 |
760   | 0.0012938897512011855642  | 0.0077086058792317875207  | 0.0008438604648298353092  |
761   | 0.001144077664452529744   | 0.0076632718385509579831  | 0.00015750515254191074744 |
762   | 0.00046515150145576300046 | 0.0046727521493087854562  | -0.0057939630397210121343 |
763   | 0.0015964939221855519239  | 0.0093201618639141177447  | -0.00097917587121611258764 |
764   | 0.0053774452945325743394  | 0.0091832143224964725425  | -0.0073968291170898219436 |
765   | 0.007275454903449498148   | 0.0095074323626723380304  | -0.005751187045824792364  |
766   | 0.0055566792334090404915  | 0.0011419002912327978067  | -0.0020468265487666803884 |
767   | 0.0043820831813033136667  | 0.0054954031485661145387  | -0.0077578871731542615314 |
768   | 0.0098005641972695595188  | 0.009414029904949869354   | -0.0091124022437292177129 |
769   | 0.0097801653376904384984  | 0.0051720769119420785531  | -0.0063744537480883598987 |
770   | 0.003853715431254432517   | 0.00069305851730919946878 | -0.002838641959526689261  |
771   | 0.0083111046322088370786  | 0.0007471798220231385193  | -0.0035628368634995351109 |
772   | 0.0050492170395975786296  | 0.0045101886719321982941  | -0.0020325261766713001964 |
773   | 0.0053180429067974056487  | 0.0032855792367993733559  | -0.001903672551120046217  |
774   | 0.0028889999552596488941  | 0.0074550769012330800681  | 0.00073621973208839053965 |
775   | 0.0055297259609781868744  | 0.0093808673219748367478  | -0.0077179729897781691739 |
776   | 0.0054218460357444292486  | 0.0056927769797940922999  | -0.0042289797060252546507 |
777   | 0.0074723769126842278648  | 0.00082167799912694127005 | -0.0050139070533027733922 |
778   | 0.0088146679638325415446  | 0.010007488424139662775   | -0.0078990578963481702934 |
779   | 0.005187536500764467623   | 0.0047972940915333829939  | -0.0042222131074934401984 |
780   | 0.0089362184408086145493  | 0.0059207854579957147276  | -0.0051619539663802704518 |
781   | 0.0062346659622599378756  | 0.0022689335905427547753  | -0.008058983647551068788  |
782   | 0.0025046359943007839161  | 0.0023787432108747395484  | -0.0020575356896791962245 |
783   | 0.0037510412463246339647  | 0.00012358610386341544601 | -0.0012586713833157639475 |
784   | 0.0052004439166479310766  | 0.0055324666841053702152  | -0.0070028099810937284239 |
785   | 0.0070914504289734782774  | 0.0035101550835152672304  | -0.0020478362691099586367 |
786   | 0.0055612271257696509544  | 0.00017945859915934506503 | -0.0066810819896807030135 |
787   | 0.009042295582312004712   | 0.0052815579058644720675  | -0.0044990736078815915522 |
788   | 0.0063165465039243494372  | 0.0025586399823755317552  | -0.00045981326445808455138 |
789   | 0.004058040611966759123   | 0.0062774161929353587339  | -0.0024583061440536587046 |
790   | 0.0015443038994676675738  | 0.0062753510920758913752  | -0.00070139647450519594998 |
791   | 0.0033606758267567403593  | 0.002666294551822397281   | -0.0015291693661756277246 |
792   | 0.0084465950183789471201  | 0.005185677815964362565   | -0.0024578098048597470278 |
793   | 0.0098797442391285270752  | 0.0043941078839227218703  | -0.0089256119585229051067 |
794   | 0.0031683375330536791246  | 0.0012624245610936735314  | -0.0036019579328367798583 |
795   | 0.0076632799700684390426  | 0.0033253401724392304094  | -0.0088470982297500343899 |
796   | 0.0059607930335561342544  | 0.0051323616710641029384  | -0.0012277943301511977641 |
797   | 0.0021440236537271697287  | 0.005634609915820617751   | -0.0013666445155767850163 |
798   | 0.0074159267461179206871  | 0.0026510334970400793557  | -0.00078541413756402040855 |
799   | 0.0043179441718181289442  | 0.0072840764000232805647  | -0.00088760870429183157723 |
800   | 0.0067122278554421028682  | 0.0092560233435406129993  | -0.0028081254916756098056 |
801   | 0.0063478256145292023468  | 0.0073655998269505943907  | -0.0087677927006007804617 |
802   | 0.0031298523973352239923  | 0.0045700042504524928527  | 0.00011882139759133066037 |
803   | 0.0049261979489073322649  | 0.0097557720547915248444  | -0.0085866655410519604485 |
804   | 0.0030456721735919291619  | 0.0060245290559054016574  | -0.0050412541492539514332 |
805   | 0.0013559574574874063303  | 0.0044229570250517939028  | -0.0033340785441445118693 |
806   | 0.0076422873117369732529  | 0.0063144997967586394272  | -0.0010031607355918978428 |
807   | 0.006227712297412759182   | 0.0050507731434334315196  | -0.0033579805298328711458 |
808   | 0.0085138115791146846273  | 0.0042238945725329019032  | 0.00083797108862545491986 |
809   | 0.0051876982489430772255  | 0.009703927423123769741   | -0.0070055973484526423006 |
810   | 0.0056438381872577474824  | 0.0047027477832426323873  | -0.0017195046263745136263 |
811   | 0.0094032448289166903344  | 0.00069366059206417624624 | -0.006922660125228589402  |
812   | 0.0096427925826995958963  | 0.0089720275104146762768  | 2.208215397307485982e-05  |
813   | 0.0012216378011445879793  | 0.0022145088579293235181  | -0.0052937514333210337544 |
814   | 0.0063527680201725588924  | 0.00015408738405010816608 | -0.0023265118416984291276 |
815   | 0.0055209902068480976034  | 0.0041029844768089374432  | -0.0077944229854763364546 |
816   | 0.0086622160207951333366  | 0.009970894648464137533   | -0.0045788399813397554633 |
817   | 0.0079823778721628303734  | 0.0071285714999200283301  | -0.0049390500792550612319 |
818   | 0.0073684917383306540103  | 0.0056698722778479601972  | -0.0080803327208092846218 |
819   | 0.0034400151989234773429  | 0.0036369427557414405611  | -0.0011920520591578184864 |
820   | 0.0079657551070241687519  | 0.0017378237155682260857  | -0.0036624577796926702754 |
821   | 0.0035614293350813190989  | 0.0085920192018500603226  | -0.0012941044815994145589 |
822   | 0.0077458425379694322011  | 0.0080444000634980073611  | -0.0092677314585850496809 |
823   | 0.0041101049830855485717  | 0.0049538820117141762339  | -0.00538780979164692371   |
824   | 0.0035773337551775275314  | 0.0096570474103771196395  | -0.00751390543829583233   |
825   | 0.0038408846227430096416  | 0.0094735785647953006661  | -0.0046934568108523214147 |
826   | 0.0011532444292689464447  | 0.0076522281141014163175  | -0.0078392229965242171685 |
827   | 0.0089023648018538657084  | 0.0083923524393867635768  | -0.0069555531595360880689 |
828   | 0.0094695514498133476905  | 0.0098072032071605703962  | -0.0028643317038298150845 |
829   | 0.0069812101719055044344  | 0.0081452527235549819495  | 0.00032350222527851180826 |
830   | 0.00038409882284310602413 | 0.0050314304243205369704  | 6.8439054371338350511e-05 |
831   | 0.0081613253827410060792  | 0.0057110902201520270804  | -0.0031912919641257069675 |
832   | 0.0076593253387485446537  | 0.0020109798142723205559  | -0.0053646591023206006976 |
833   | 0.003794881080768270059   | 0.003688524832073584829   | -0.007759323494969450237  |
834   | 0.0013060924931260794839  | 0.0059941611703156812835  | -0.0052060906089127553104 |
835   | 0.00013588071121557564322 | 0.0028022840962221278599  | -0.0077820490512460482879 |
836   | 0.0071218454535578769315  | 0.004656109384301352315   | -0.00074623763541455730586 |
837   | 0.0022859329186305692508  | 0.0031020174711489886289  | -0.0011816131021272185519 |
838   | 0.0036997468889108397518  | 0.0013236629564679965737  | -0.0042390323839011897003 |
839   | 0.0087791677964711642423  | 0.0067138704249648465533  | -0.0042725113800256703245 |
840   | 0.0016661997527821896005  | 0.006749859673444378802   | -0.0083150275747014817246 |
841   | 0.0086706514119918032257  | 0.0067437793933992325537  | -0.00097135704358587877938 |
842   | 0.0055484128955076992065  | 0.006812774046830997153   | -0.0063624793770649841484 |
843   | 0.0084597266023044015437  | 0.0087727134264970803995  | -0.0072783419892933466991 |
844   | 0.0001184840082193824222  | 0.0076569308123427990906  | -0.005306799608093807144  |
845   | 0.0089314638718990257971  | 0.0050998629906600792885  | -0.0028456711586920253702 |
846   | 0.0083316392844743313029  | 0.00044760599988918523765 | -0.0063257823805834860129 |
847   | 0.0099162722137181198712  | 0.0057188683247505808088  | -0.0026973158801341136359 |
848   | 0.0068012158831215066904  | 0.0098463801000654403717  | -8.261794414763194152e-05 |
849   | 0.0044383426124578974001  | 0.0071115837573317106785  | -0.0020072430341036427877 |
850   | 0.00061184837217490733487 | 0.0031092022014225554304  | -0.00255816233853716022   |
851   | 0.0004302448920234305807  | 0.0025025309122060340056  | -0.0079453449406660780346 |
852   | 0.0019581908285521360327  | 0.0027124656567637460934  | -0.0084080849118534674302 |
853   | 0.0064589682464163168663  | 0.0036044596670112452434  | -0.0018662153808894376729 |
854   | 0.0063769516212594246074  | 0.00055057484164897649639 | -0.0035628864813261984339 |
855   | 0.0036779285505226608916  | 0.0045751238622053960053  | -0.0047656228525131206011 |
856   | 0.0026065401717456316774  | 0.0019499183758142793563  | -0.0059802844822534340086 |
857   | 0.0034031484012451941254  | 0.0094210671306633412408  | -0.0083291788520128053758 |
858   | 0.0091534742813764620462  | 0.0035435277699524111647  | -0.003498981110428896462  |
859   | 0.0090316433104405489246  | 0.0032050759230324203999  | 0.00058564224092523455706 |
860   | 0.0028801555167257100916  | 0.0040173224539663222529  | -0.0046410528899397769306 |
861   | 0.0002408030919485266378  | 0.0025047023186493392634  | -0.0073173069134261515406 |
862   | 0.001227094908147193051   | 0.0035707370905208998466  | -0.00061256354581190088082 |
863   | 0.0018523744137545789402  | 0.0077294944248014032032  | -0.0063380135846255536772 |
864   | 0.0037031201183735269755  | 0.0054253311871350360165  | -0.00040761028804961208514 |
865   | 0.0095112612630948115827  | 0.0015989492807878082688  | -0.0039988454043070695981 |
866   | 0.0061184974911001966183  | 0.0028643254686065615713  | -0.0058522421222392565984 |
867   | 0.0052808493684489438841  | 0.00094480677603567654946 | -0.004326454403149291271  |
868   | 0.0072256601131019705664  | 0.0091775410364811366853  | -0.0074659038825262745778 |
869   | 0.00098757444819850171043 | 0.0067409641210454708526  | -0.00067397341643423726559 |
870   | 0.0025521132728893378139  | 0.008880192128627131809   | -0.0069106182302658180142 |
871   | 0.0071882526364679590752  | 0.0067504893434918869857  | -0.0055458846014560430129 |
872   | 0.0012773275299422985705  | 0.0031895597937116747407  | -0.0048335979583452705691 |
873   | 0.0086235823841186460409  | 0.00063147794754081184362 | -0.0038541908282342871028 |
874   | 0.0024707799524862866618  | 0.00054642520959502526891 | -0.0030680611106055914912 |
875   | 0.0039428754538059808399  | 0.0078471484917732332171  | -0.0074281156978904978871 |
876   | 0.0035035994840832964878  | 0.0036150837370394575156  | -0.00541183592926846712   |
877   | 0.0048156060081942838463  | 0.00024431428175967557408 | -0.0056070964754769640065 |
878   | 0.0065186866319928964825  | 0.0051625973301219797718  | -0.0073733307213860749957 |
879   | 0.0082382689859322351389  | 0.0075526566717901873205  | -0.003115156115887029141  |
880   | 0.0047232858462548498596  | 0.008779373047744664163   | -0.0075927206647109597368 |
881   | 0.00084264170344477886537 | 0.0047385063920536117654  | -0.0061629653946083740382 |
882   | 0.0032874127663075508078  | 0.0081336530272153109711  | -0.007067958079512430547  |
883   | 0.0061120089035764492771  | 0.0013019052142395728163  | -0.0067878979068276288147 |
884   | 0.0035194856250406652068  | 0.0027444470429422371249  | -0.0051037903705559370393 |
885   | 0.0084898557025367069051  | 0.0074901445912710562167  | -0.0022709993578900571076 |
886   | 0.0015330147767180050955  | 0.0086053463864226124869  | -0.0042382159798841955237 |
887   | 0.0036557337740814512678  | 0.0019909074191297132343  | -0.0057418043584355361181 |
888   | 0.0043839531687555879577  | 0.0065428482573541019846  | -0.0032423814663758081071 |
889   | 0.0057724387355260857457  | 0.0066656164268215720853  | -0.0068817974005167467655 |
890   | 0.0022898810283269216588  | 0.0018792602180235809615  | -0.00035793476420354660003 |
891   | 0.0025170824059929592167  | 0.0097379831322843782987  | -0.0037755236349362726427 |
892   | 0.0012388082455339691212  | 0.0031555124641360001066  | -0.0076849121564838444517 |
893   | 0.0064294069316232190306  | 0.00021085220811569777748 | -0.0030688547913450938201 |
894   | 0.0099784508980847765047  | 0.0058989532992486781032  | -0.008069798929185864958  |
895   | 0.0062113811217965522044  | 0.0049124998404142675504  | -0.0068469413825875541368 |
896   | 0.0080066878796624888631  | 0.0038512444068239792133  | -0.00023146501919309384466 |
897   | 0.0097884479978312868148  | 0.0038965902644413972881  | -0.0073646693437627282555 |
898   | 0.0086540340417809308304  | 0.0055793365372389935875  | -0.0031615932162348879368 |
899   | 0.0098529378804946641385  | 0.0083735129420763870084  | -0.003209848151298354442  |
900   | 0.0016875104328641923283  | 0.0016550870398529371041  | -0.0019458693087201933171 |
901   | 0.0039887693174906566768  | 0.0016636424447531144438  | 0.0003123541989723318678  |
902   | 0.0064586200204403898181  | 0.0069199408586705429478  | 0.00080415253841717698052 |
903   | 0.0032293493026996000425  | 0.0042177174333802823492  | -0.0030553678351123020329 |
904   | 0.0095848948103872400051  | 0.0067474820809562945784  | -0.0016784705326322335063 |
905   | 0.0081225016579288614182  | 0.0083392744040105132308  | -0.0064177469917359062854 |
906   | 0.0045059945871176150869  | 0.0015628046289020381884  | -0.0067654851619345082389 |
907   | 0.0038416412106125597502  | 0.0029954361225966773599  | 0.00012098742109839759199 |
908   | 0.0095349410188822151385  | 0.0060714409106904596719  | -0.00040810045066852143484 |
909   | 0.0029049180420954814376  | 0.0026355328995263027289  | -0.00048480415894793416239 |
910   | 0.0063626074298009016247  | 0.0022022433050860050659  | -0.0059596785791351802875 |
911   | 0.0088364822963258784355  | 0.00033798629895728798814 | -0.0024978380563510870459 |
912   | 0.0092975189627570523077  | 0.0019892797291797721659  | -0.00495514705082949862   |
913   | 0.0043026789179761854021  | 0.00037360874987618712369 | -0.0088032845651286172756 |
914   | 0.0025377995338053465843  | 0.0087217815805148979358  | -0.0046849937152065061416 |
915   | 9.3566920758218766131e-05 | 0.0024939052348545930581  | -0.00058818546369946334181 |
916   | 0.0030031217587421854889  | 0.0055897517514653443857  | -0.0031663654259751709136 |
917   | 0.0036616961060793309576  | 0.0088835651081185344757  | -0.0060191984758802795363 |
918   | 0.00071772283430314312916 | 0.0099581651116112356037  | -0.0062187401379263859691 |
919   | 0.0046041122973568800528  | 0.0038236521808790039159  | -0.0016068191922147551792 |
920   | 0.0016127357061913052093  | 0.0038854955499621457969  | -4.7723987851916908974e-05 |
921   | 0.0037286027512826729231  | 0.0070621678878601172949  | -0.0028671716131175254555 |
922   | 0.004045580926852632847   | 0.0005540091597360364108  | -0.0025439983004742518224 |
923   | 0.0049555961453990682655  | 0.0026204829427959146215  | -0.003385458530553608035  |
924   | 0.0079163845992500023185  | 0.0074945489328604704762  | -0.0032609944414301755312 |
925   | 0.0048507767244798660755  | 0.0076206569798116926759  | -0.0012119671760170704859 |
926   | 0.0004405273615364300446  | 0.0089625526522012863989  | -0.0067511076312195186094 |
927   | 0.0080897000773353412717  | 0.0094516640824786352787  | -0.0054634356294957229019 |
928   | 0.0061818438451773502149  | 0.0037298263479309209413  | -0.0030486816759619328292 |
929   | 0.0085289452115958914319  | 0.0091276578045986593579  | -0.0058943232216192549891 |
930   | 0.0065184227573973152828  | 0.0046549240082239288704  | -0.0025336448228246667355 |
931   | 0.00035168330967378725119 | 0.0070495090944521134751  | -4.5215718440621589791e-05 |
932   | 0.004293952220674731278   | 0.001255930043682449088   | -0.0051309461467031348275 |
933   | 0.00095562327282954742831 | 0.0089092670567295726564  | -0.0063437085044026307601 |
934   | 2.9650024374563859234e-05 | 0.0079502404096931898747  | -0.00216338646120654279   |
935   | 0.0074088600886047439528  | 0.0027768595171104720754  | -0.0026232753406669178514 |
936   | 0.0061538456806009096331  | 0.0030266086855768922076  | -0.0050186304057480840557 |
937   | 0.0097873869694852372314  | 0.0038107933124284531536  | -0.004413681142623447802  |
938   | 0.0028063994004864463092  | 0.0076379609722332453617  | -0.0060408333369412810926 |
939   | 0.0028562588038981940805  | 0.0048534030659540764591  | -0.0053566043009595463997 |
940   | 0.0015732224760016803346  | 0.0044979482867055107717  | -0.0084634583787032147129 |
941   | 0.004384988201621533091   | 0.0040509073048132253     | -0.0071523881063443811926 |
942   | 0.0034977866190058787971  | 0.0044136648655864465715  | -0.0026951253488273719736 |
943   | 0.0092265895642082793732  | 0.0094299945709976767949  | -0.0061759431081371248332 |
944   | 0.0041842010419329738261  | 0.0031600912703233004913  | -0.0045302762823988705285 |
945   | 0.004702967673569052702   | 0.0077920854158929969344  | -0.00017321339690483709105 |
946   | 0.0058798352065073285211  | 0.006633849895708001515   | -0.0034619791115300547341 |
947   | 0.0068349965505436821242  | 0.0015916499057687285689  | -0.0029179362664529667759 |
948   | 0.0058921051070765124991  | 0.0070566992737916252668  | -0.0043838498487156173089 |
949   | 0.0060076156142165430818  | 0.0046061598517541666245  | -0.0060311303568003332004 |
950   | 0.0025918488594319573533  | 0.0013767909764795232402  | -0.0048936453787510273555 |
951   | 0.0031969081842135897362  | 0.0099013201237395011972  | -0.0078788174857281016022 |
952   | 0.00467492917876966875    | 0.0025823867014954041826  | -0.0026369317618093598629 |
953   | 0.0034475582838482503323  | 0.0023067410834260756829  | -0.0073673861009648285852 |
954   | 0.0068172297742757565278  | 0.0097640632543697092327  | -0.0023558569587013079329 |
955   | 0.0074098240621206573273  | 0.0038254800973472713292  | 0.00060529967920068625947 |
956   | 0.0015519987886952702968  | 0.0016074645939805586037  | -0.0044270522899821102697 |
957   | 0.0027581046559081267948  | 0.00687391204165225915    | -0.0036054484875936913639 |
958   | 0.0043984593399533783442  | 0.0026343156443892476112  | -0.0054187025160137907917 |
959   | 0.0042091478048414355737  | 0.0058605945247408811755  | -0.0022155678591793690271 |
960   | 0.0039383314627090271198  | 0.0032305206496552104495  | -0.004336431239387758714  |
961   | 0.0083435093934679186584  | 0.00039166919743669165004 | -0.0012747042710859149851 |
962   | 0.0048988765411263606592  | 0.0038791519055276354674  | -0.0015321818876880602921 |
963   | 0.00458607521809204291    | 0.005225347574814044431   | -0.0056633328260575739946 |
964   | 0.0058221849444137080409  | 0.0031173878325386882721  | -0.0032575812016283631559 |
965   | 0.00046672318042974069796 | 0.0070455007275887953158  | -0.0017312528007732762118 |
966   | 0.0014410049835742071763  | 0.0086916832457500370346  | -0.0059478116328064599069 |
967   | 0.0090296150768618774901  | 0.0042756461776984168791  | -0.0015006033093581511682 |
968   | 0.0028136001426215212322  | 0.0033744341068412636413  | -0.0049031591714917286198 |
969   | 0.0052583925488952675334  | 0.0086155715213346358711  | -0.0087666303013622954438 |
970   | 0.0053432041550398800753  | 0.0069696894244004490779  | -0.0071926273898294664985 |
971   | 0.0075215150490607774608  | 0.0022288848080997836903  | -0.0026491219745558786461 |
972   | 0.0019327128463996680763  | 0.0026116958003991170255  | -0.0019020477903559801242 |
973   | 0.0031602847361950994233  | 0.00450456886388179642    | 0.00010223230357692011895 |
974   | 0.0026511396799836798796  | 0.0012660445437637122493  | -0.0089355126819158289808 |
975   | 0.001804751050323073671   | 0.0082625007186631852646  | 0.00051030194518942879195 |
976   | 0.002722702401478062622   | 0.0051234304456463791722  | -0.0045232083655730084132 |
977   | 0.0034428139984013905045  | 0.0027278315766476866379  | -0.0005675486776416985811 |
978   | 0.0087747212779166524482  | 0.0094468885208152560129  | -0.0057073839343552571282 |
979   | 0.0021247840289256854189  | 0.0084847653572209472822  | -0.0016873431802806001297 |
980   | 0.0071011475143675437116  | 0.0028262513013232533517  | -0.0042824683711230864674 |
981   | 0.0091423781724271728499  | 0.0081855867615753721139  | -0.0025242736689170047412 |
982   | 0.0050806775107328991381  | 0.00086719181988550455252 | 0.00070345793623665959365 |
983   | 0.0034332682453220918044  | 0.0046127188696445785981  | -0.0076377077666931582692 |
984   | 0.0093699724377331785469  | 0.0014882157347701875996  | -0.0089049570899232526749 |
985   | 0.0046565966180826673382  | 0.0068195369430045114575  | -0.0026220556224959088581 |
986   | 0.0033898011788244318369  | 0.0017893071104633211793  | -0.0046168255261732080511 |
987   | 0.0064181328378736775611  | 0.0042774015651819256856  | 0.00062908877968239967568 |
988   | 0.0049891740126049690177  | 0.0013304754011861878032  | -0.0062388466076716813519 |
989   | 0.0022309989906085245584  | 0.0012144515891716822168  | -0.0083433146891897964903 |
990   | 0.006629250330888178562   | 0.0067284856362871273486  | -0.0039917612764158675459 |
991   | 0.0031342872382371660296  | 0.0077864409276899790302  | -0.0079048400375301298287 |
992   | 0.0091585461079678274349  | 0.0059585050091203540026  | -0.0029139261150934537073 |
993   | 0.0029397988528508623915  | 0.0014276054611759517871  | -0.0087947232026815008732 |
994   | 0.0071087321196392130179  | 0.0062353017391748562573  | -0.0073713339766662156621 |
995   | 0.0035831098640515639253  | 0.0028284558472101424369  | -0.0072348728448115191825 |
996   | 0.0040127018432715225171  | 0.0039753622421644235763  | -0.0068829954785694785757 |
997   | 0.0039232661984285781623  | 0.0027225436477013218416  | -0.00044971171587964282835 |
998   | 0.0084614747583604994763  | 0.0068132799637064707376  | -0.0056510276698811257035 |
999   | 0.0041700962561739517154  | 0.0039344729546075289314  | -0.0051524531917542578524 |
