N			X			Y			Z
0     | 0.0070364349031765372963  | 0.0049827334772838413959  | -0.007633701379036678461  |
1     | 0.0074171596610013504347  | 0.0043951724363351712607  | -0.007676571857526844761  |
2     | 0.0014254687479567857474  | 0.0080570089903027036077  | -0.019070984223304041083  |
3     | 0.0061212205293873092962  | 0.0010117740074082062166  | -0.006164892086602164617  |
4     | 0.0089544138445498879658  | 0.0080076604059388274692  | -0.00047947231135339190037 |
5     | 0.00071350090030252019332 | 0.0010065118287843131777  | -0.01211716268497037112   |
6     | 0.0022601503293269583315  | 0.0095778881510122267084  | -0.016664985652657979959  |
7     | 0.0069359003756489798556  | 0.0031972398571046699474  | -0.013801032053920199438  |
8     | 0.0060855892628837345015  | 0.0089800307260394039016  | -0.0061631103149572636843 |
9     | 0.0038214305160299351545  | 0.00037030473612196650743 | -0.00017903110967777197864 |
10    | 0.0086489858601205421573  | 0.0068975635759311549819  | -0.00010541268919733872518 |
11    | 0.0097152839509872003509  | 0.0022811090944932395363  | -0.019120104368317229759  |
12    | 0.0032207026608808632558  | 0.006070046576438349259   | -0.010010340924118236311  |
13    | 0.00087254864132735657223 | 0.004658250928572246069   | -0.015147214382585859685  |
14    | 0.0035531343383735300434  | 0.0088977475506591963139  | -0.010026264649120646133  |
15    | 0.0060641626541334120448  | 0.0051880588467509251849  | -0.013520107027096774435  |
16    | 0.0079241519341970035467  | 0.006906084568922221667   | -0.010592237716171518797  |
17    | 0.0060902172595300408872  | 0.00081546831226275663315 | -0.0058857308715111302314 |
18    | 0.0075090391854845325859  | 0.0018046509731267858408  | -0.017451517007300319795  |
19    | 0.0090629569359830398217  | 0.0079490148672521528106  | -0.011247154438924945527  |
20    | 0.0058101269728622669669  | 0.005438618736486776177   | -0.008482268262260837452  |
21    | 0.0018894775776386448993  | 0.0086913179367565408795  | -0.011006602732623048044  |
22    | 0.0093074872558287658625  | 0.0019853619492502649208  | -0.0093850497568921699421 |
23    | 0.0034537742963567808624  | 0.0059394613674539249726  | -0.00047703285477043933438 |
24    | 0.0058538775281060471262  | 0.0074334699140520855976  | -0.010748107892068549038  |
25    | 1.7085480842709568715e-05 | 0.0085205723547159585574  | -0.016347256727332053206  |
26    | 0.0052215986404530742929  | 0.0049348961201588969691  | -0.0080885085874658740196 |
27    | 0.0045045838351568563696  | 0.0029038107642896343434  | -0.017659195192521275758  |
28    | 0.0033675536652700722301  | 0.0072444956979278119988  | -0.008977946331916742892  |
29    | 0.0020423752540101440013  | 0.0096864101574015617352  | -0.014369414736373408922  |
30    | 0.0024265480307211345634  | 0.0047968644319412974755  | -0.018214760854985828642  |
31    | 0.0071687415803838236417  | 0.0085405223264300791919  | 0.00026368801099423231239 |
32    | 0.0083698754479987376442  | 0.001160751798947408462   | -0.0012023294291795272315 |
33    | 0.0094475549099224658683  | 0.0010651083497103955647  | -0.0055033440645909613431 |
34    | 0.0058128696072516430893  | 0.0070985945356450931218  | -0.011304633437852403335  |
35    | 0.0056106952450306968663  | 0.0034853153337910756232  | -0.00075544014353414162127 |
36    | 0.0037598592376831708323  | 0.0065291987319875833401  | -0.014550665377695349775  |
37    | 0.0067784238820587528612  | 0.0074440869802945746139  | -0.0077509944120355400016 |
38    | 0.0035335611742783944005  | 0.0069894889865147356509  | -0.0093594752721008304952 |
39    | 0.0068911856428369531319  | 0.0065499479826349668588  | -0.010520354106776257097  |
40    | 0.0047951497915064379349  | 0.0076043639089897240371  | -0.01608453162570910866   |
41    | 0.0032232448900055073356  | 0.0031380913173356646609  | -0.01690634824445987755   |
42    | 0.0037583191879935768515  | 0.0063224446938422128317  | -0.0023103048716453201614 |
43    | 0.0089788743241414718799  | 0.0067536812321019037628  | -0.0045417990784037314336 |
44    | 0.0092209409575806401682  | 0.009818165095310912166   | -0.0040120255545155331101 |
45    | 0.008498868535055222051   | 0.0077845251380730170337  | -0.0094586493118622664428 |
46    | 0.0099355774147296162246  | 0.0070013278206480225249  | -0.011145517548772630387  |
47    | 0.001542301360099391323   | 0.0022484733257646422229  | -0.012587282848040795558  |
48    | 0.0087334859190765744275  | 0.00063888963835305250753 | -0.015873570940588391937  |
49    | 0.0016018335347477406522  | 0.0081059269397892857317  | -0.01144727620373187614   |
50    | 0.0071366783562111296355  | 0.0024662950427676313091  | -0.015478730590652425847  |
51    | 0.0071578076728111891119  | 0.0020566039340672577322  | -0.0026626303826558063784 |
52    | 0.0031562439831408178707  | 0.00031559299440522630385 | -0.0073074530909734225839 |
53    | 0.0017803119455035380098  | 0.0023346584261628544436  | -0.0011300008238196645408 |
54    | 0.0050028518155372601189  | 0.0051256895535473677786  | -0.017139209313545254731  |
55    | 0.0082883125209576719028  | 0.001026677178178151198   | 0.00039505763872170858919 |
56    | 0.0054374500975894772201  | 0.0063363104073921221529  | -0.018053463599300337283  |
57    | 0.002585250751432569688   | 0.0036256011905959075435  | -0.012665259381014452519  |
58    | 0.0060926351710471208026  | 0.0030873979776057142339  | -0.013809911387015327139  |
59    | 0.0091540266179423353254  | 0.0078218590791251669386  | -0.0021657833424859121441 |
60    | 0.0053091185728459276347  | 0.0070222083458749895088  | -0.012256517279246287311  |
61    | 0.0079408966495964107557  | 0.006826619531615992463   | -0.00071702557470975595427 |
62    | 0.0042640561444914799882  | 0.0057586457550907301298  | -0.012390113224476416096  |
63    | 0.0018536157847401568341  | 0.0099332796113816412137  | -0.0074494574754503531736 |
64    | 0.0089964016958064413343  | 0.0065582876528113591072  | -0.018440034312366147817  |
65    | 0.009316476806321234358   | 0.00090929911410399699885 | -0.011495667419505809642  |
66    | 0.0055402307300193879766  | 0.0018431750691666958734  | -0.01311804413033575839   |
67    | 0.0046628434963652603748  | 0.0053678746217311447755  | -0.0053647486444238614081 |
68    | 0.0062426548822217186804  | 0.0032141824283057739836  | -0.012873270055224929689  |
69    | 0.0044807794183411419481  | 0.0060276890383996716005  | -0.0054682554580442240683 |
70    | 0.0077093486964073315235  | 0.0071342387888451716874  | -0.0010746989748514376543 |
71    | 0.0086452562225295594839  | 0.006380001382682541633   | -0.0076633006859821188247 |
72    | 0.0081543055362189691138  | 0.0045866786929464106043  | -0.014199613823122615025  |
73    | 0.0013645438283587879927  | 0.0039344703117064104905  | -0.015036688887763728292  |
74    | 0.0021117945201576692783  | 0.0044824003649212356901  | -0.0038305669142692788665 |
75    | 0.0071338245390026042494  | 0.0017347162933993602249  | -0.0075893236808524866185 |
76    | 0.0066960524700129999548  | 0.0085273227072366307444  | -0.014431283216125511196  |
77    | 0.0070465713311387056031  | 0.0077403847497336600303  | -0.018273670881726711279  |
78    | 0.00099874231373496438584 | 0.0087099673349796402633  | -0.018782992476241374552  |
79    | 0.0077145683259054508366  | 0.0031591776471090720485  | -0.0053658371283526132972 |
80    | 0.0078648785595351791006  | 0.002338957351927118105   | -0.015204340354020235218  |
81    | 0.0043455658211133405336  | 0.0031183143165392059395  | -0.01473980639955102187   |
82    | 0.0056027073145850274719  | 0.0036869936204149355262  | -0.0031607898111780112667 |
83    | 0.0022180134833832275583  | 4.2341749405887240136e-05 | -0.0028957938477564681284 |
84    | 0.0064090079879940368285  | 0.0054680806595321729616  | -0.0034321867819878310903 |
85    | 0.0097962665558749932593  | 0.0053265772146559361294  | -0.0070050520201738238762 |
86    | 0.0051888752084926301894  | 0.0048466234790926392487  | -0.01704511494174935915   |
87    | 0.0019334945177456438949  | 0.0093850393787435985177  | -0.013307344163042536533  |
88    | 0.0031396002341424213665  | 0.0053050153601344575763  | -0.015302994317250758968  |
89    | 0.00916184302853275713    | 0.0064095616128061159988  | -0.0020814369832948607757 |
90    | 0.0055320782699204784985  | 0.0043151250736577703715  | -0.010818630790772771136  |
91    | 0.0096450447779310027885  | 0.0011235508794085191653  | -0.0027252925779357086572 |
92    | 0.0036979205052282775566  | 0.0073268324356932723954  | -0.0019230209277889527639 |
93    | 0.0035753098768959061873  | 0.0045432563291820790216  | -0.017591702327429511316  |
94    | 0.0031040122276310968749  | 0.0060087369144833984932  | -0.011780103479477461309  |
95    | 0.002040999703102612528   | 0.0025623915146735015344  | -0.010587983641888032774  |
96    | 0.0019106220677322673356  | 0.0086228877880988822474  | -0.0011248515585737513343 |
97    | 0.0038188909399869352089  | 0.0085527946077380862661  | -0.0071220945196090882159 |
98    | 0.0057046776193660168192  | 0.00096582356183664641938 | -0.0017930203890789465655 |
99    | 0.005583937900671706242   | 0.0076122663776560708232  | -0.011959207121184648598  |
100   | 0.0066433851579181940616  | 0.0033360458378374111509  | 0.0003432281113963050502  |
101   | 0.0026097853944400378062  | 0.0099884600342543799351  | -0.00016438705168158243152 |
102   | 0.0055851690144090521475  | 0.0098716929259952471143  | -0.01468852461342537094   |
103   | 0.0098959155956399851711  | 0.0078873604604388202616  | -0.016522502507166587915  |
104   | 0.0054544712188212291643  | 0.0032106874378120394894  | -0.0050057229177138109696 |
105   | 0.00697459775457840922    | 0.0031179067028019556707  | -0.0060466030929523734497 |
106   | 0.0094405807993666150668  | 0.0093474104524705441122  | -0.0095319541845745956593 |
107   | 0.005499382260194933883   | 0.0052119248082555863152  | 0.00023438282911202642372 |
108   | 0.0044549330566131311801  | 0.0014434259537269720965  | -0.0055788593170869229393 |
109   | 0.0069729877593007897132  | 0.002855138615904325057   | -0.008780827662600422176  |
110   | 0.006613122497004899833   | 0.0089604371979255196395  | -0.010522106905303451815  |
111   | 0.0020078030449259868205  | 0.00079333308803626958767 | -0.0030247759879077247558 |
112   | 0.0017660578447185927304  | 0.002440171124710703663   | -0.0030719907528433273124 |
113   | 0.0068702201469787197927  | 0.0018602880395531325598  | -0.016000333254632435193  |
114   | 0.0067368276995990678327  | 0.0045489277714405723652  | -0.0054472279427585810693 |
115   | 0.0071901913394493335158  | 0.0032131323698376072079  | -0.01438358545661018624   |
116   | 0.0086874436529174696442  | 0.0056305598102008502445  | 0.00096809370635185260784 |
117   | 0.00085951647663189969465 | 0.009324633042190217172   | -0.015435765801494465144  |
118   | 0.0019675104069515995941  | 0.0054929665583035277091  | -0.010612864625007085648  |
119   | 0.0025620927569224858159  | 0.0012636317271054139412  | -0.011661489232421900011  |
120   | 0.0067768794136910349632  | 0.0080256931114175457387  | -0.0054404726393870372556 |
121   | 0.0028821927669119241575  | 0.0017864315621220303466  | -0.0033049094094209645507 |
122   | 0.0031618666021701971082  | 0.00031740745364820381917 | -0.0068594470407582850552 |
123   | 0.0037834758687394715385  | 0.0032480924141963366837  | -0.0013735483308054939351 |
124   | 0.0035514890696407798096  | 0.0050352595045379715602  | -0.0071835412265134528445 |
125   | 0.0097048285330272685695  | 0.0046506810297519685093  | -0.0037327880814501499147 |
126   | 0.0031066755331899936071  | 0.0018486439378096910895  | -0.0074100346814360276357 |
127   | 0.0076345738056920898346  | 0.0027152445952968030755  | -0.0038347080856995156666 |
128   | 0.0027525704322398946745  | 0.0070920776524837853341  | -0.01463773723417760575   |
129   | 0.0092068720324569933156  | 0.0057492957291321953456  | -0.002645545326571517239  |
130   | 0.0067803883339276034906  | 0.00050400621996839526338 | -0.0117173573001664727    |
131   | 0.0063502142499921726548  | 0.0023695825929131433471  | -0.0003648447878823363774 |
132   | 0.0053024709371761475502  | 0.0054233168522923782401  | -0.015653722805019438385  |
133   | 0.0067110958253276320126  | 0.0047758839555308903874  | -0.010577677143832600951  |
134   | 0.008395022432579833313   | 0.0016769354033623808803  | -0.017068895262119351125  |
135   | 0.0098879092146382310813  | 0.0088593686410372071011  | -0.011551187854812849931  |
136   | 0.00083042247078006015733 | 0.0044040144688640998211  | -0.010003983285934449007  |
137   | 0.0081185719263309041177  | 0.0087611553612394945517  | -0.0097814753722377332373 |
138   | 0.0060466179162427299149  | 0.0026265269538333383889  | -0.0023346357930537171496 |
139   | 0.00061264256143086321879 | 0.0073361058243768392448  | -0.01757878811723905324   |
140   | 0.0067102610401155431824  | 0.004878030008852651464   | -0.00092404397566874971973 |
141   | 0.0052609578864234963699  | 0.0051092305288923355044  | -0.0088394719087778062666 |
142   | 0.0044032638568167695864  | 0.00148484894873601443    | -0.0080956484815378811776 |
143   | 0.008999910495414637987   | 0.0084839058270157041014  | -0.0099258431723210725078 |
144   | 0.0095898795099767456668  | 0.0032881738016912530169  | -0.014596144349403242582  |
145   | 0.001650522849979743677   | 0.0015444774016576498944  | -0.012916389942210915534  |
146   | 0.00099988351586425389637 | 0.0035091075259349618388  | -0.01403754118633468613   |
147   | 0.0096233505337767477616  | 0.0054565185735230715275  | -0.014747471324434926684  |
148   | 0.0080610276602533122159  | 0.0019857935770338872722  | -0.013731551391578207186  |
149   | 0.0034237396331535112533  | 0.0046434148936120916637  | -0.0058960996310654656405 |
150   | 0.0061264949890761149706  | 0.0036021976570500408021  | -0.011497385195994752269  |
151   | 0.0068352429054454330939  | 0.002135922143103834072   | -0.014579175762419004439  |
152   | 0.0086677768172510848144  | 0.0041654274632261832981  | -0.0074142889575141701641 |
153   | 0.0077234480103091059447  | 0.0066938649003933873433  | -0.002066948517501495091  |
154   | 0.0079981661102461014401  | 0.0071383537847459505726  | -0.0038617971985003109528 |
155   | 0.0016295232118051991566  | 0.0034035524908749546259  | -0.004325802011468592688  |
156   | 0.0013582329960763613822  | 0.0067540762894553055609  | -0.0096337188838206931629 |
157   | 0.0039959926768865835361  | 0.0026752997447173827196  | -0.0099558789673596208292 |
158   | 0.0079485547966364877154  | 0.0076833529229709592728  | -0.017469432428045619798  |
159   | 0.0062027525411571049832  | 0.00091101363743535364662 | -0.0053385257372286793603 |
160   | 0.002058875070649696104   | 0.003836150449619954092   | -0.017087399425317062462  |
161   | 0.0046457821842593857373  | 0.004172798770141725698   | 0.00044329438874175802364 |
162   | 0.0026853377573802196185  | 0.003541054180232591081   | -0.0069839467804555625807 |
163   | 0.0049615778173877859297  | 0.0089611810808987082261  | -0.010076497442449839151  |
164   | 0.0078950405826993756003  | 0.0067407830216640613613  | -0.016506429691945882082  |
165   | 0.0093637002015843108504  | 0.0053747991909149578707  | -0.019130940227674184118  |
166   | 0.004572505625531526896   | 0.0091279304823851069306  | -0.0011544882159441355752 |
167   | 0.0050287741929196426785  | 0.005794920017285157092   | -0.0077899797447151660976 |
168   | 0.0038036035288541141658  | 5.4382413448333927599e-05 | -0.0096673652171039604897 |
169   | 0.0088229278088308611683  | 0.008858526158931163616   | -0.00053200222892082159581 |
170   | 0.0097987253369954691734  | 0.0058889416862297214519  | -0.011005373502675075761  |
171   | 0.0029195009277983622296  | 0.0082287430409526806513  | -0.011179704673441129628  |
172   | 0.0091538958388116837411  | 0.00010742958924846718999 | -0.016250731275087935968  |
173   | 0.0058354597409800692751  | 0.0072639687638796478913  | -0.015385613093885636485  |
174   | 0.0069313987900140568502  | 0.0058471606015250317256  | -0.011551977185012229227  |
175   | 0.0077164871766029893493  | 0.0021389466348202342168  | -0.0069173450218157689004 |
176   | 0.006126106334055009435   | 0.0062913525918523068026  | -0.0048054397380485050148 |
177   | 0.0088471608832671310568  | 0.00024741068939657042021 | -0.00021240110212559899457 |
178   | 0.0029713290806969014021  | 0.0067127220431762646066  | -0.0104509603825958617    |
179   | 0.00028778795272479257283 | 0.0090572378545273092565  | -0.010462632984488517973  |
180   | 0.0064548146449317301068  | 0.00013048207324802788432 | -0.018703857543706639555  |
181   | 0.00034648317953307511581 | 0.00021356530525120141035 | -0.018929880687887347401  |
182   | 0.0040090585373848712167  | 0.0097869452495721476898  | -0.0057178270606776607915 |
183   | 0.0051948404671147826658  | 0.0067339721179226971759  | -0.0095724885941127525746 |
184   | 0.0008951318876043518535  | 0.0068568160254496406114  | -0.01375884696142901098   |
185   | 0.0031617484127233214802  | 0.0086944085165787023811  | -0.0041284962517150677885 |
186   | 0.0051135849745240456732  | 0.0013105558658470992366  | -0.0057877213215498084925 |
187   | 0.0096304659204381071885  | 0.0030948581818164349819  | -0.0150461125199291227    |
188   | 0.0037049188298904044137  | 0.0061589817975835669042  | -0.0030842107331713291933 |
189   | 0.0090267916514770868419  | 0.0025778828689958675421  | -0.0067615600701459678198 |
190   | 0.0079592235059463434937  | 0.0072813920903452185318  | -0.016731039213554104589  |
191   | 0.0022772348578568809598  | 0.0067676278869077113529  | -0.017000744834349199031  |
192   | 0.001042647785656731791   | 0.0058043663784149443843  | -0.0043131849790985074197 |
193   | 0.0029726829886085577928  | 0.0044741861169858678296  | -0.010305830809388599745  |
194   | 0.0021721404107946265354  | 0.00094183839965335898123 | -0.0091147249933304762964 |
195   | 0.0039787523212067585701  | 0.0050550027078773351538  | 0.00038810260735172011012 |
196   | 0.0029160570306244193439  | 0.004813341695185990865   | -0.016777055732843715319  |
197   | 0.0032011029904517348914  | 0.0086739536144237947002  | -0.012396723328935536912  |
198   | 0.0065203443934782898475  | 0.00093693819449378816077 | -0.010304867000619081716  |
199   | 0.0048236370755511048455  | 0.0075751795902091797336  | -0.0027017258264927248267 |
200   | 0.0002604585719977614176  | 0.006020967451737874003   | -0.015760162141405464897  |
201   | 0.0062399088164665668377  | 0.0011272262660205519934  | -0.0110830425596343176    |
202   | 0.0061195703353144519435  | 0.00042130881946340995601 | -0.014394208616810897847  |
203   | 0.0017705687482653502136  | 0.0082501342580341575222  | -0.017037479212631084086  |
204   | 0.0081342539510206313125  | 0.0095558362385695788666  | -0.010197066132537690314  |
205   | 0.00069773941269449517733 | 0.0082740458754344756165  | 0.00058598200675897497286 |
206   | 0.0085729180589287860143  | 0.00091142678257625391915 | -0.018207677939359338815  |
207   | 0.0062726004819911923213  | 0.0030738717904628663248  | -0.0094827993960451256034 |
208   | 0.0060227290829233705305  | 0.0070355939057845980761  | -0.018412061796163496641  |
209   | 0.004050391098171945807   | 0.0061680783539063152934  | -0.010020021353308067313  |
210   | 0.0052517132745627369966  | 0.0040965690943936547766  | -0.0063477172375549818784 |
211   | 0.0098926632263026115233  | 0.0076501365465207167918  | -0.010303108278579284698  |
212   | 0.0066555502608419509977  | 0.0045552283153494181611  | -0.0023169756596980194997 |
213   | 0.0099355480759163276872  | 0.0082719781802047618463  | -0.010705867165671513822  |
214   | 0.005852547489555117409   | 0.0029440745083944000124  | -0.012357629521257356905  |
215   | 0.0033859731001802248138  | 0.0055263626145830918243  | -0.0035062275320906612433 |
216   | 0.0069628057763147337134  | 0.0065809473024692971901  | -0.0024681983763175400701 |
217   | 0.0058322846538223938745  | 0.0098196588702356094741  | -0.005276153029397591572  |
218   | 0.0086949663661010055671  | 0.0011525715286015930736  | -0.0086651873085482073594 |
219   | 0.0038083876722375909971  | 0.0027133806520425137777  | -0.0080045071555511857625 |
220   | 0.00042119480652969866485 | 0.001521091497752605215   | -0.015787133428600812896  |
221   | 0.0038813330036887930263  | 0.0074704682681254108365  | -0.0096705689420176071946 |
222   | 3.9472997090890739769e-05 | 0.0079674940744168826906  | -0.0024231950727576934829 |
223   | 7.9119068281528474765e-05 | 0.007113624941416981512   | -0.00094478732631750035696 |
224   | 0.0090497308735862525692  | 0.0026024651100514033068  | -0.0010374051043594916758 |
225   | 0.0070809912558805017044  | 0.0073158472879606929393  | -0.0046188016847431411643 |
226   | 0.0059619975881615092095  | 0.0023971180955823590333  | -0.0055569949881388329069 |
227   | 0.00057655561958693457222 | 0.0049590176906668913259  | -0.016281451887131714179  |
228   | 0.0028194168870395051527  | 0.007121535865051471445   | -0.0041293558037058608959 |
229   | 0.0049082584022175626201  | 0.0079601141320540247381  | -0.012466675795918751024  |
230   | 0.0075590772688093714471  | 0.0048915078935533682497  | -0.01227229994828514352   |
231   | 0.0035126191481830689248  | 0.006519202873934874104   | -0.0070210726828674342032 |
232   | 0.002828484437237871376   | 0.009327516830162401601   | -0.014208652839470608045  |
233   | 0.009898411949676265767   | 0.0043326623349170725191  | -0.0097401150534915867385 |
234   | 0.009176506149979718821   | 0.0093210245746055651883  | -0.018201322886763855735  |
235   | 0.0011110130741405395156  | 0.0057858403895258885344  | 0.00029375214326603216446 |
236   | 0.0022950866996444304995  | 0.0023367969285114737962  | -0.0067198714747371468201 |
237   | 0.0077473019510559612555  | 0.0059756912877468419676  | -0.0061058685590228908846 |
238   | 0.0050323351151132528908  | 0.0032364889537065013973  | -0.0038199819621881269879 |
239   | 0.0059918449110257397325  | 0.0011060421682854131714  | -0.0094245447949395082937 |
240   | 0.0081394025772518231732  | 0.0092223187068079560957  | -0.0050197924488128622261 |
241   | 0.0091442350075125310854  | 0.001606700218201768688   | -0.0041655454365282168841 |
242   | 0.00057160151977736332624 | 0.0043395955630412923199  | 0.00026297129252153187253 |
243   | 0.001535077652700152966   | 0.0019766902237080474433  | -0.010816035414914718787  |
244   | 0.0023991873928567559147  | 0.0048385631079353660922  | -0.015561150739729225079  |
245   | 0.0054994175159778918571  | 0.0016056420310558187307  | -0.0028666620711887578696 |
246   | 0.0030295169113486691663  | 0.0058361678834842559832  | -0.0066152731902060094363 |
247   | 0.005262402348418653529   | 0.0082258624711114211592  | -0.0097488975463648434167 |
248   | 0.0088112433725575194099  | 0.0011159110103551449396  | -0.012409977061597750325  |
249   | 0.0086674903631758712375  | 0.0053863947248630585432  | -0.0064107330380515125182 |
250   | 0.0011347403956334471947  | 0.0055823412730178871566  | -0.0016729405321303212912 |
251   | 0.0083271843318456252592  | 0.0017387257178481387802  | -0.015920344321827359368  |
252   | 0.0013839467494085918708  | 0.0046013020169380315291  | -0.011436444298704089712  |
253   | 5.0792293779125061311e-05 | 0.005584129842427701558   | -0.016448589353861998302  |
254   | 0.0010017868179096969545  | 0.0036036447193474843882  | -0.015934815591996408235  |
255   | 0.0078938076530705777317  | 0.0077031432261197756509  | -0.016134723258328053513  |
256   | 0.0062418704141206406144  | 0.0066655700953460695832  | 0.0009410337941910504626  |
257   | 0.006942590412711390456   | 0.0053911059685062233393  | -0.015011619143219970957  |
258   | 0.0089526051503518947611  | 0.0058386182578829583234  | -0.0061277072178551926854 |
259   | 0.0036777601253333031678  | 0.0011657156067359712541  | -0.0012814888348096605333 |
260   | 0.0096123285076505516483  | 0.0055391754163673385253  | -0.0038544644635531330988 |
261   | 0.0052265639227746544734  | 0.00068521278628741032896 | -0.0032926128927023580982 |
262   | 0.0035751030268667350134  | 0.003100642224327406285   | -0.014172616453783757826  |
263   | 0.0091006879535701652034  | 0.0002927384949625112592  | -0.0025071920666148274706 |
264   | 0.0057208559941815421632  | 0.0034156851555123190697  | 0.00034402311164854793317 |
265   | 0.0094780111076620335298  | 0.0067574676097588593643  | 0.00012994277761492912387 |
266   | 0.0020956454686440100302  | 0.0069884248583806747243  | -0.0055177248525526672446 |
267   | 0.0088961382182188349782  | 6.7390953223571002824e-05 | -0.0052542975777455707895 |
268   | 0.0046022897697575735135  | 0.0030638492270281163579  | -0.0059015217338191441887 |
269   | 0.0077493199360805908177  | 0.0070631267668628677781  | -0.0074993108475365031357 |
270   | 0.0042972540147948349795  | 0.0035513915309135423923  | -0.013370847071990023258  |
271   | 0.0062565286610406735043  | 0.0023107133488173277162  | -0.0055312970483051273826 |
272   | 0.00075730830974496757008 | 0.001523713585927217876   | -0.016823177730422397835  |
273   | 0.0078769797129811299635  | 0.0044856774171382592445  | -0.017538544188826866999  |
274   | 0.0004344349172681741581  | 0.0063516459955797075973  | -0.0080972769729099926261 |
275   | 0.00094084346430746608209 | 0.0059874319831188828334  | -0.013322758460250281112  |
276   | 0.0075451000096045921922  | 0.0075065616635513676344  | -0.012516715427872778313  |
277   | 0.0071265254872692630067  | 0.0079820953535435449494  | -0.0012518484528210025494 |
278   | 0.00021943454012963946038 | 0.0030445315845796616476  | -0.0047661992900898926886 |
279   | 0.006475425573230216697   | 0.0033735446845061952369  | -0.012388880672628310373  |
280   | 0.0021408372811417943418  | 0.0046621462804743258809  | -0.0038974607855425807967 |
281   | 0.0087625321714785413957  | 0.0067137589280319084906  | -0.0038390374035011630427 |
282   | 0.0091099186843644486267  | 0.00014371884583394098247 | -0.01532165214881079339   |
283   | 0.0071678265310000247382  | 0.0043305877131500063876  | -0.013213354304159293309  |
284   | 0.0035517962702694616181  | 0.0051184025226315406701  | -0.013722360740267426638  |
285   | 0.00090988820370391666325 | 0.007875216132873572375   | -0.0099406915666479262611 |
286   | 0.0026564596135511845884  | 0.004467566031348211425   | -0.017361187265153271014  |
287   | 0.0037946345941042088253  | 0.0071933808192796511519  | -0.0079100125625743821639 |
288   | 0.0037218891467225563401  | 0.0061418646378172256015  | -0.0024317111512511691701 |
289   | 0.0040764355981894864409  | 0.00078573845329711080286 | -0.0013550533920521322384 |
290   | 0.0030426805760884858068  | 0.0068904669035824150924  | -0.011206098475127646702  |
291   | 0.0040418910592399008921  | 0.00095931610201804645103 | -0.015869912779163795891  |
292   | 2.0070407166760806785e-05 | 0.0074103498716185161807  | -0.016434223201769557199  |
293   | 0.0097740131737552738561  | 0.0076477989340388062914  | -0.0033188301367115041404 |
294   | 0.0054795508410042589875  | 0.0068843470551933497528  | -0.018805404994790012041  |
295   | 0.005351388241752401409   | 0.0018417426522796059244  | -0.014138854004509423395  |
296   | 0.0032365808542310237766  | 0.0092936668531980824032  | -0.018693966519081138544  |
297   | 0.0046183765840164614849  | 0.0030426131110819439919  | -0.0098053719162226951611 |
298   | 0.002703875504732524554   | 0.0028621483322796912978  | -0.0058109868056708414291 |
299   | 0.003027167214878325515   | 0.00071723620200554044374 | -0.0063623781247221867022 |
300   | 0.0068103793446375893855  | 0.0092027490953819832131  | -0.0052535437588628920713 |
301   | 0.0023860717538626277298  | 0.001129836476397337976   | -0.005700988081412624621  |
302   | 0.00062705276461438473265 | 0.0070663054942086828136  | -0.014209061266068823484  |
303   | 0.00052162258447092945974 | 0.0035152490673285696071  | -0.012380188490035894111  |
304   | 0.0084628192595477269577  | 0.0076072371622858203991  | -0.016494400046643042934  |
305   | 0.0046160957309132489429  | 0.0035513930900411628047  | -0.010481765950215569949  |
306   | 0.0092146286231199261985  | 0.0067218508781562557458  | -0.013133309032008629383  |
307   | 0.0053090427975279541953  | 0.0070442535837349400454  | -0.0090125382943138428876 |
308   | 0.0060930540393829852458  | 0.0060443212071945844749  | -0.018551527202278903644  |
309   | 0.003397313261293485008   | 0.0048546805253432048083  | -0.0010323690598817215382 |
310   | 0.0032960543422419458053  | 0.0092562681060830206276  | -0.012270677421381643787  |
311   | 0.00319165418172637173    | 0.00027493425918300590238 | -0.014057559326436382119  |
312   | 0.0039309649022099650562  | 0.0023944711942051203138  | -0.0057822268481033216314 |
313   | 0.00083545176521421975549 | 0.0060557252141347503796  | -0.012932119199374619845  |
314   | 0.0097887432747784750703  | 0.0065464449119463450494  | -0.0037082173678159189786 |
315   | 0.0020035292282173651317  | 0.0012670985100090995448  | -0.0046212183612175080152 |
316   | 0.0070562084296335357905  | 0.0070543493262413946993  | -0.016181890263904940425  |
317   | 0.0011736005103439605714  | 0.0083216158494454715161  | -0.011825753365913800608  |
318   | 0.004087363359864264363   | 0.0039453728122488063504  | -0.014309491494360318878  |
319   | 0.0058054231529157162076  | 0.0081401425728548255922  | -0.013159705961414594477  |
320   | 0.0027923767422252838977  | 0.0079112006903702888905  | -0.0051482140805175161807 |
321   | 0.0090038283781592020477  | 0.0025189132682876358253  | -0.0095171403220313446208 |
322   | 0.0058072356669570494858  | 0.0023868455600240647344  | -0.017383313009824277739  |
323   | 0.0023528981350001100178  | 0.0019842387545494525811  | -0.0078450120320269923352 |
324   | 0.0001586217520125785224  | 0.0034735958127645417612  | -0.003981541138716426266  |
325   | 0.0026342224309877319138  | 0.0044396548671936470962  | -0.013634047278331029932  |
326   | 0.0025859876723571201609  | 0.0066424085375516722651  | -0.0055573445873467585548 |
327   | 0.0012028962327002602761  | 0.0042190283110899694241  | 0.00091047009813393373415 |
328   | 0.001636028121955796031   | 0.0023249571437846771986  | -0.0020660805416723229677 |
329   | 0.006854332177604656115   | 0.0053158624276191867794  | -0.0034872859552250953276 |
330   | 0.0053761451662247480843  | 0.0041881419102690990719  | -0.00037581095440431585425 |
331   | 0.0035409797759148233659  | 0.0088924768845557115166  | -0.010289666389822236386  |
332   | 0.0030130066197920318642  | 0.0022033971310841662591  | -0.012616160756323364575  |
333   | 0.0051043663854450273959  | 0.00079743543771884769708 | -0.002651337943417543877  |
334   | 0.005606940708471560425   | 0.0013053636284503919093  | -0.0063081193284060376597 |
335   | 0.0050045982118421070833  | 0.0024524083851809475726  | -0.015544673447566282817  |
336   | 0.0080693525010125874419  | 0.0078467697115295418492  | -0.013056452641396161518  |
337   | 0.0093242517449619848752  | 0.0083720983719091229824  | -0.00080682435309337304733 |
338   | 0.0041932839794126689284  | 0.00070336997226358238203 | -0.0099206175962625025438 |
339   | 0.003551207140952417074   | 0.0050209941602970594582  | -0.017661799780265316495  |
340   | 0.0047816635254539132521  | 0.0038410413039418555246  | -0.0064561201323141319611 |
341   | 0.0020382092175178332001  | 0.0062213067734901688483  | -0.012794952858468822132  |
342   | 0.0063133456317484293319  | 0.0072050210209008988885  | -0.0042322665687593965037 |
343   | 0.00047991204492611944706 | 0.0055416340796335394892  | -0.0089696879812282536565 |
344   | 0.0014237533644371840307  | 0.0046746267017838214614  | -0.012296601124030592106  |
345   | 0.0061427494842696871505  | 0.005222153066825363163   | -0.0022206233552951423933 |
346   | 0.0093901435708465107871  | 0.006007626154908391955   | -0.011826686239038590454  |
347   | 0.0086408788897109727045  | 0.0071586221484364808906  | -0.014217518214432027859  |
348   | 0.006379691531369114342   | 0.0066113359736579826662  | -0.0029823293867426627773 |
349   | 0.0093261872204468028447  | 0.0029748927799049221417  | -0.016201685267459946943  |
350   | 0.0082221956722165409626  | 0.0091031034328969938352  | -0.0021486761291455097958 |
351   | 0.0074417358298917400672  | 0.0060190451080214474669  | -0.0031471317153068849651 |
352   | 0.0034238120255475098901  | 0.0047387491918159298926  | -0.0097456580507223663362 |
353   | 0.0059541609074185361528  | 0.0034611040500883856995  | -0.011068820428034644235  |
354   | 0.0028004686748656793666  | 0.0033893258887956511163  | -0.0021338111092774696663 |
355   | 0.0052877949909138763016  | 0.0035032731024065193529  | -0.016288254064648063218  |
356   | 0.0063122645191608355714  | 0.0083755336918020298342  | -0.0070010304680302960431 |
357   | 0.0029684801571054904128  | 0.0046670669729908034751  | -0.0069184538741494817221 |
358   | 0.00036053897340014665627 | 0.0072505545729238301059  | -0.011079068799542353407  |
359   | 0.0093600953127839781054  | 0.0034060535697894986015  | -0.013535813013989560216  |
360   | 0.0055516959348202868721  | 0.0074469113872442042196  | -0.01357496313205992268   |
361   | 0.0055123815660781047554  | 0.007428876537969826728   | 0.00064575973981630162626 |
362   | 0.0049533730817517621081  | 0.0058674216498582794366  | 0.00065887760654606466332 |
363   | 0.0047501277121696078298  | 0.0084526771985710402735  | -0.0057650814125810804361 |
364   | 0.0044515844143467094701  | 0.0077410604536435429976  | -0.013054188746283211867  |
365   | 0.0010035920987600916669  | 0.00077524810501530708011 | -0.013591314964856104908  |
366   | 0.0016508894844859947279  | 0.0023870058696259643244  | -0.013871078023345856725  |
367   | 0.0028969344709668721528  | 0.0040307886554083530162  | -0.010096969168320552718  |
368   | 0.0055215870703195502056  | 0.0022813500617799519453  | -0.018382949798996340435  |
369   | 0.0028300601556453886323  | 0.0059935011571330513991  | -0.0053977332099989974029 |
370   | 0.0078776125897965128264  | 0.0072092656985537038883  | 0.00057638940431201015485 |
371   | 0.0056667111862816355733  | 0.0048284125486187483289  | -0.006249267169537201308  |
372   | 0.006061702930701176259   | 0.0059649654729759899949  | -0.01811376359822224405   |
373   | 0.00678999411223918381    | 0.0038708850537163851969  | -0.011951098086297507611  |
374   | 0.0090862150104560421987  | 0.0089661402704246540712  | -0.016568148903702756281  |
375   | 0.00028307832167085187703 | 0.0069871696554466818443  | -0.010901773775074416126  |
376   | 0.0032310099004241679167  | 0.0010628828000024050527  | -0.013744080584466926778  |
377   | 0.00042250529230341920227 | 0.0034033680712050279164  | -0.018064303342208990616  |
378   | 0.0091502993917753766562  | 0.0011693472150832676538  | -0.0042778011672488652772 |
379   | 0.0044143075699599309408  | 0.0092066013270495992288  | -0.0082249266552890231557 |
380   | 0.0023993068097400882706  | 0.002659764791898589463   | -0.014297364372032403054  |
381   | 0.0061503726731605866049  | 0.0056047163594778450987  | -0.014180931620268150128  |
382   | 0.0080541028210650601749  | 0.0047453054302039011578  | -0.0030035635022157762368 |
383   | 0.0048149066906491792134  | 0.0048393627424673964221  | -0.018802679296938677733  |
384   | 0.004849765306053278012   | 0.0053502574063085690109  | -0.0029368062659713505512 |
385   | 0.009274396155880533163   | 0.008109409717448034724   | -0.0029604957255931667673 |
386   | 0.0051627216887122403394  | 0.0053716361867551182599  | -0.012474933773853483579  |
387   | 0.0044060564798953563009  | 0.00052697936589567336268 | -0.018232854817695227229  |
388   | 0.0060025519736238959825  | 0.0076758270505628929323  | -0.0010578908610895533093 |
389   | 0.00048958373955810055578 | 0.0052148467260926412853  | -0.013444795993329365646  |
390   | 0.001991970864281568214   | 0.0014178244449691958587  | -0.0048817872395099095803 |
391   | 0.0037085861420489050176  | 0.0034990542367511747943  | -0.0057611433116394822687 |
392   | 0.0047405034469974339367  | 0.0064574159971461696575  | -0.0097076698530884891064 |
393   | 0.0085205424233438138704  | 0.0075180785051006818534  | -0.015412566070011448835  |
394   | 0.0025474656184356590793  | 0.0067762292855995933868  | -0.0054747668715831665845 |
395   | 0.00023281680775790288473 | 0.0049474279962132151206  | -0.012144893159603906835  |
396   | 0.001762883450935327518   | 0.0061006708889535885693  | -0.0082450959432003225608 |
397   | 0.0010487273707552003613  | 0.0021333010114104235949  | -0.013796250140251219846  |
398   | 0.0095665824354148921993  | 0.0060438495976164272744  | -0.0035262036240502688152 |
399   | 0.0064221395205055426328  | 0.0032180557472535559552  | -0.0014754053377715389828 |
400   | 0.0024048357582470772376  | 0.0024222165226767231223  | -0.010384888259122801446  |
401   | 0.0075989865616828706357  | 0.00036885389942871535818 | -0.0051934288268503485397 |
402   | 0.00091909583586355727853 | 0.009200985373939356976   | -0.014612679852600075556  |
403   | 0.0099277068297387565526  | 0.006387677202477208202   | -0.00026724562215917822784 |
404   | 0.0032807625889514587837  | 0.0084314124362843238802  | 0.00096965605763058449612 |
405   | 0.003528446536365738035   | 0.0047735088979682085628  | -0.0086168059490413402568 |
406   | 0.002699013964669295506   | 0.002833652556205444855   | -0.0089411260775509229098 |
407   | 0.0094125271576473885926  | 0.0036638625491371050805  | -0.011017779720751253933  |
408   | 0.0035057411909649709852  | 0.0032505075543010752276  | -0.015083260030734148976  |
409   | 0.0075874827512340658336  | 0.0097151084149321720318  | -0.0013313329949531682063 |
410   | 0.0033520091847503057439  | 0.004687581859863498672   | -0.014436025624510096313  |
411   | 0.0045400956325774670386  | 0.0058129957380787912816  | -0.014359401935970130329  |
412   | 0.0067373519315497964327  | 0.0022915431268246749461  | -0.0030265561567374889979 |
413   | 0.0035422141333120511948  | 0.0022654724241380382044  | -0.0076574331836217392894 |
414   | 0.00086034203092931872767 | 0.0015927946335568151075  | -0.012910121665065135005  |
415   | 0.0025042944528812934556  | 0.0071823594717865041001  | -0.01661547536026371924   |
416   | 0.0023344224163011489948  | 0.0048608371101252394533  | 0.00071199344589835660696 |
417   | 0.0080081758312932176114  | 0.0022896865407299672908  | -0.018764127852693268661  |
418   | 0.0088667116415716822758  | 0.0039548057010729883304  | -0.0009312611579150572921 |
419   | 0.0046379179738861315424  | 0.0039773365015915163045  | -0.0037005416835002372111 |
420   | 0.0061424455960665492668  | 0.0039705770774065571663  | -0.010535767028269072548  |
421   | 0.0022942449567152638397  | 0.0063843565894465556868  | -0.012045092506606540003  |
422   | 0.0011222803823429392325  | 0.0090308587755079938741  | -0.0073137472815898328313 |
423   | 0.0055347097427138449224  | 0.0051134711923156604338  | -0.011341696690405789899  |
424   | 0.0091154741967375153139  | 0.0066793537318194781335  | -0.0091909092612438153536 |
425   | 0.0074792909353323120195  | 0.0044238583461146353468  | -0.0066400007970827956694 |
426   | 0.0036109181308693703155  | 0.0072514981178545181301  | -0.0034031635460212588708 |
427   | 0.0032184404197336019711  | 0.0057991615925436284726  | -0.0048790449040037276937 |
428   | 0.0048669457637617909163  | 0.0026269882452723001057  | -0.014174366612887734362  |
429   | 0.0057189244694942839575  | 0.0031485054946164296383  | -0.017100277636610927701  |
430   | 0.0028868520834033004063  | 0.0013378973258111161518  | -0.0076341019410515959312 |
431   | 0.0023015996604612226975  | 0.0039877229336677810778  | -0.010553328759737568704  |
432   | 0.0043090939609026759557  | 0.0003761031981194209073  | -0.013064495240777865281  |
433   | 0.0030136779283623871609  | 0.0072440276870710928331  | -0.009877952178606473968  |
434   | 0.0048833538073668339777  | 0.0030780607455953880314  | -0.017224253870533480504  |
435   | 0.0012980138367665347392  | 0.0081324568022373248943  | -0.012134118115072070956  |
436   | 0.0041654411769787092271  | 0.0088807632444282795514  | -0.0078957087121918380357 |
437   | 0.0023811478187023078952  | 0.0052478042706387570751  | -0.0031708843512889338216 |
438   | 0.007782784768796758082   | 0.0031195502013694575809  | -0.0018946929546154768487 |
439   | 0.0056841965250002176452  | 0.00079708048165549113141 | -0.013992408325906304997  |
440   | 0.0052408206006805463026  | 0.008902886300851722487   | -0.018639373435097927184  |
441   | 0.0067143088230007218209  | 0.0054318782505207051023  | -0.0019166497601572031126 |
442   | 0.0047927270955742170416  | 0.0062510148088149152662  | -0.0087929620248002778038 |
443   | 0.0092487212173505920637  | 0.0027811446174367299329  | -0.016829125705197508361  |
444   | 0.0091815768210821383649  | 0.002662443713521606397   | -0.007000476901139862651  |
445   | 0.0061682509080599190465  | 0.0038953244260398313739  | -0.0085894294022440479536 |
446   | 0.0047552324491331949066  | 0.0072188286198630550322  | -0.0015035874269422534917 |
447   | 0.0093105836355970826579  | 0.0077051103856352297361  | -0.0089205477537209233729 |
448   | 0.0048420899400868711374  | 0.001753254847568215145   | -0.019022200398097818125  |
449   | 0.0054615960264048305645  | 0.0033166331156818961746  | -0.012009681871457072652  |
450   | 0.0028779041909895264166  | 0.006415929245877377389   | -0.018600429796271415045  |
451   | 0.00067931927605557928043 | 0.0071198102756293681417  | -0.0098050806675047171707 |
452   | 0.004730060560960982867   | 0.0050247152867216818978  | -0.017742758978333963288  |
453   | 0.0049529678708453532543  | 0.0097586430675992170275  | -0.0062945373847270733383 |
454   | 0.0048271557625361337027  | 0.006199210454000878695   | -0.016151876012367730878  |
455   | 0.00044126059548536296492 | 0.006145886891164133517   | -0.0054654796986515355797 |
456   | 0.006641306864676919941   | 0.0099946285650939683393  | -0.0089454586665636270926 |
457   | 0.0097209240579927379267  | 0.0031860940057907532856  | -0.017015427721383844656  |
458   | 0.0048364896106766709291  | 0.0067195724688658715201  | -0.015666628715404300187  |
459   | 0.004151957885553629081   | 0.0083573623210368829656  | -0.018684296682910880166  |
460   | 0.0028018781228467621106  | 0.0028125020532018536572  | -0.0037970785312642645233 |
461   | 0.0010802580737231388779  | 0.0058111351529308696157  | -0.0093992045063422072909 |
462   | 0.0060361551351393160497  | 0.004185050360302226477   | 0.00074670562502021902568 |
463   | 0.0081444981309296404087  | 0.0061193596156978845996  | -0.0082076136648400500884 |
464   | 0.001713547883937830427   | 0.0043064882651133338728  | -0.01613950702233479112   |
465   | 0.0052461630985902157204  | 0.0074097854806263532823  | -0.011857286672938798303  |
466   | 0.0070757697278333343827  | 0.0088584362347940912019  | -0.00030437424764857525438 |
467   | 0.0045924354333315396681  | 0.0030157345130070890155  | -0.01449502994240469203   |
468   | 0.0064306948560359806361  | 0.0028013781982443217676  | -0.0084292990142971341294 |
469   | 0.009393929702327899478   | 0.0049994826441497877342  | -0.014430245224971882667  |
470   | 0.0087527311999329379666  | 0.003841287526223295494   | -0.0153503002197222186    |
471   | 0.0024904410673226400064  | 0.0080514681107559347983  | -0.012538936237294837084  |
472   | 0.0036409612128188808579  | 0.0052303462005907136109  | -0.014990454166700742031  |
473   | 0.0024258523089016243747  | 0.0037385381542901757052  | -0.013166708529187651222  |
474   | 0.0046437725032939507902  | 0.0045692679471386037776  | -0.016662164401074840148  |
475   | 0.0065416717617966229498  | 0.0017995820030811179174  | -0.017379280239793837987  |
476   | 0.0060369120715736733843  | 0.00030414374251685951257 | -0.0051111051469881953885 |
477   | 0.009939995466477842545   | 0.0032614759530368198255  | -0.011719438484539967602  |
478   | 0.0061990220562526858819  | 0.0081185242319872993888  | -0.0042852277960538738208 |
479   | 0.0085818560321099038313  | 0.0058491914398204874342  | 8.6436365109391569833e-05 |
480   | 0.00024383307359456026365 | 0.0092790469856184644437  | -0.0054772208350302555371 |
481   | 0.0085790155309677460643  | 0.0029962978971281709929  | -0.0070863101273157102361 |
482   | 0.0045413223933293174472  | 0.0091970325299416486736  | -0.0036221847357709125934 |
483   | 0.0021105131156138341036  | 0.003629637803698980425   | -0.0089283268644988200702 |
484   | 0.0046632966024123647178  | 0.0041333144352003756486  | -0.01766043052852605405   |
485   | 0.0067482939913425391346  | 0.0027683496056240806428  | -0.0034458684116510291708 |
486   | 0.0099490380821721027815  | 0.0087071681893271715008  | -0.006552898301692796322  |
487   | 0.0021908500973573589825  | 0.0025389152479306240431  | -0.0046654745474547986914 |
488   | 0.0041505488333087514272  | 0.0090435993868417594022  | -0.018076519066950704623  |
489   | 0.0028922240732241178383  | 0.0018960858086743636285  | -0.012741373170146147453  |
490   | 0.00016181199854637312368 | 0.0063087754375093403614  | -0.0052256980135203592863 |
491   | 0.0082232222006281240068  | 0.0037793727980653690247  | -0.014258822911400084732  |
492   | 0.00028429029347125389388 | 0.0031619622513807820081  | -0.0040854919102058257635 |
493   | 3.3802456723907838227e-05 | 0.0081650910118115840181  | -0.018390052631745826273  |
494   | 0.00062274504710036935554 | 0.0012136859621901627693  | -0.0079384824246615057902 |
495   | 0.0042311830612631901732  | 0.0068419607402751035988  | -0.0057868835787218140046 |
496   | 0.0075862657526490941129  | 0.0082953904314541030557  | -0.018252157244067264419  |
497   | 0.0044964286822330428589  | 0.0023479552167482179922  | -0.011907646290473845527  |
498   | 0.0097497362957019162444  | 0.0064477971246128598648  | -0.0077438272632874231155 |
499   | 0.0055418396657335436059  | 0.0038992345064299206887  | -0.014298317769943837477  |
500   | 0.0086483633768229921379  | 0.0018821268319638977552  | -0.015103501282527980257  |
501   | 0.0049633928581994356255  | 0.00410246942439260881    | -0.012484615946786436699  |
502   | 0.0082668519287413498586  | 0.0032052821122974064529  | -0.0032582641917232430494 |
503   | 0.0058448398863020960617  | 0.0049740095906705148257  | -0.013487938083965459249  |
504   | 0.0031704622513168139071  | 0.0049215032232004865542  | -0.0041863944284224793163 |
505   | 0.0089036617717616842876  | 0.0081116439236797593937  | -0.011305065966459384302  |
506   | 0.0020832403439577477922  | 0.0032341484589153979279  | -0.014312875299052127756  |
507   | 0.0067698009935996420958  | 0.0051267500962635095471  | -0.01629059726785517942   |
508   | 0.0047529732393850523259  | 0.0029250100751470786871  | -0.0014407429730841235429 |
509   | 0.006968059865983989784   | 0.0051525853438548424937  | -0.012967960407895866987  |
510   | 0.0063381749810964664593  | 0.0015237672046432939373  | -0.013716971789185062464  |
511   | 0.0030975270963830236169  | 0.0033331648253286760668  | -0.0093689923537709062645 |
512   | 0.00083085108985466837438 | 0.0058857638622305460951  | -0.018967828409206348439  |
513   | 0.0052954910487051486817  | 0.0070332388275532549057  | -0.013402850902866874153  |
514   | 0.0069510247935866513458  | 0.0053551294478007740313  | -0.0085309495739447141482 |
515   | 0.0035975910141441873671  | 0.002301532803955737283   | -0.0085064352392518454565 |
516   | 0.0020125504794752118072  | 0.0062461415820236334748  | -0.0081562391566433155299 |
517   | 0.0079602307545815122886  | 0.0027819618009125158913  | -0.0071267123881235119529 |
518   | 0.0061294967512775435509  | 0.0066328122116227064206  | -0.01584650934131697983   |
519   | 0.0087348782814282727865  | 0.0043854544601764763531  | -0.0077150673607173560903 |
520   | 0.00099078887277065765329 | 0.0047088458316329991418  | -0.012345958740821528013  |
521   | 0.004832052338891581339   | 0.00068926682416624437608 | -0.014571468083036404756  |
522   | 0.0083895202367107960667  | 0.0075085208970819715055  | -0.0045265268604928743379 |
523   | 0.0074004512795080345036  | 0.005507271959969497338   | -0.014564536897863593692  |
524   | 0.0044497175104270874843  | 0.0030498004346113092612  | -0.014380727853138939101  |
525   | 0.0046961913889189479954  | 0.002311741690912650412   | -0.0083821445902909508946 |
526   | 0.0080714753485510073311  | 0.0012804437855912559254  | -0.010161820455359411863  |
527   | 0.0040297846188199759609  | 0.0030797249856777415139  | -0.0046009922134058866411 |
528   | 0.0044355688026364633453  | 0.0043250360241743023015  | -0.007865800759094834782  |
529   | 0.0021848672731457135718  | 0.0038721584207297480261  | -0.0156268334252159663    |
530   | 0.0064549357738620805058  | 0.0045320951778960102962  | -0.01264328071494193878   |
531   | 0.0052879651434514984495  | 0.00096001334698857243577 | -0.0089838217930277609879 |
532   | 0.0051417354388874625393  | 0.00065866645105480280033 | -0.0048479014830415008419 |
533   | 0.0081551146654351876208  | 0.0019611659939319735745  | -0.010687797573450157768  |
534   | 0.0007099531307518873284  | 0.0017963973706801238898  | -0.014308929015648664401  |
535   | 0.0092185905768306028452  | 0.0025273370609932128104  | -0.018407893589376830151  |
536   | 0.0093263682750443985259  | 0.0054157176715626418814  | -0.014832634874199191258  |
537   | 0.0016374240648369465297  | 0.0097131766127633578645  | -0.002090346627301230796  |
538   | 0.00076222166087154682394 | 0.0018953047510901453732  | -0.0013170336775892718065 |
539   | 0.0092956867276370869213  | 0.0062184864658105694357  | -0.0092996774550154048117 |
540   | 0.0094377153446510222978  | 0.0047208342149241255131  | -0.012919263810540001711  |
541   | 0.0039169711073544681915  | 0.0049396988635922308916  | -0.0080065308281571326982 |
542   | 0.0024765205705793813355  | 0.0016184882547939339562  | -0.015789078142489761103  |
543   | 0.0066328068285130895032  | 0.0012644647707595014444  | -0.0066754902977970796002 |
544   | 0.0048893062669707557794  | 0.0087830094155464284722  | -0.0075745777197044764431 |
545   | 0.0010331851526474522367  | 0.0036968791378908199934  | -0.010833586658864632207  |
546   | 0.0069316626458001675756  | 0.0054273113715642565605  | -0.0050152804216756228031 |
547   | 0.0035089685846792901223  | 0.0076588859704505981782  | -0.010408625202788811259  |
548   | 0.0046250797568475020272  | 0.0084103343586468450738  | -0.009718901077105912209  |
549   | 0.00072716529934459944989 | 0.0043579660408478923528  | -0.012441794898799606733  |
550   | 0.0054819537620639348721  | 0.0088171397877805906401  | -0.00079475904133098325757 |
551   | 0.007234580524809698307   | 0.004279808466323862734   | -0.0085852957287305374512 |
552   | 0.0047361147027096921203  | 8.6205748585006352616e-05 | -0.001634536401023366876  |
553   | 0.0033921345171733130637  | 0.0037255215615842334105  | -0.0048303724679467051339 |
554   | 0.000542489992426790869   | 0.0093830624463763986909  | -0.018275320359051126784  |
555   | 0.0079019483897397341937  | 0.0044811122293757742197  | -0.017622446034004923821  |
556   | 0.00075754502817171407835 | 0.0070273715569162745198  | -0.016855757972093848851  |
557   | 0.0088011669840670735121  | 0.0033350495375854358887  | -0.016211343354348171919  |
558   | 0.0092536197896966512072  | 0.0054569862144637285017  | -0.018609876656241426673  |
559   | 0.0051267980375637864018  | 0.0059945850641245114476  | 0.00019269418006761780768 |
560   | 0.0035296127115422349686  | 0.0031590731197936689975  | -0.0017938043339178709728 |
561   | 0.0056972246387734081646  | 0.0061557861173175271174  | 0.00023597035971955739671 |
562   | 0.004842073299506536449   | 0.0015362525812454869579  | -0.008589926492342444056  |
563   | 0.0071293983670645457579  | 0.0042471065534793149554  | -0.0078986274592683421852 |
564   | 0.0012138972449051200781  | 0.0064006509137021798048  | -0.0046192598997590447393 |
565   | 0.0033007380936375982187  | 0.0039536893932256957432  | -0.0059985105833173860135 |
566   | 0.0056033278694644968881  | 0.0048172616709914505354  | -0.002051086998868470717  |
567   | 0.0017683391323333030182  | 0.0037019884207702279284  | -0.009070229518192998025  |
568   | 0.00085269134487356724322 | 0.0070390967033672419487  | -0.0060546145401748734105 |
569   | 0.0035502914442035664148  | 0.0027307350186303795507  | -0.0057081047436298645859 |
570   | 0.0083104162857011183024  | 0.0061780344076648226886  | -0.009595034863741983     |
571   | 0.0076266324687488925085  | 0.0038352951611544117139  | -0.013612344425188096717  |
572   | 0.0067188231959389088307  | 0.0097889693856297622931  | -0.018085060273798789221  |
573   | 0.0068657956408362200845  | 0.0057087583082757560257  | -0.0022752220263471912773 |
574   | 0.009474998595433681628   | 0.0063754291764387448563  | -0.0032354858157951607751 |
575   | 0.007928782863278636614   | 0.0063503519176958869025  | -0.011882547202345748044  |
576   | 0.0025180565840406082638  | 0.0055296875842749696958  | -0.017681199069819675956  |
577   | 0.0064670876835939529806  | 0.0090829200549702501094  | -0.0035123423240809338586 |
578   | 0.0065370410794964445289  | 0.0074431499378316313964  | -0.011814346297563581289  |
579   | 0.0042226406321720939135  | 0.0016828158110677303872  | -0.0016140764755706014412 |
580   | 0.0091635280983572361957  | 0.0061735406098213374548  | -0.015334050310431524347  |
581   | 7.2424091633723785047e-05 | 0.0066343320525904308713  | -0.0090176595764670415545 |
582   | 0.0090158828707957733989  | 0.0078990929955182875161  | -0.0084536003076843106718 |
583   | 0.0036689699507736588113  | 0.0053003034508430565963  | -0.014844739816709777089  |
584   | 0.0067565369605539363565  | 0.0031644518000231800642  | -0.0098807214904727460464 |
585   | 0.0087043576770374792712  | 0.0048294393263721901652  | -0.016728886155125605173  |
586   | 0.0042378646937911166118  | 0.0023329596398343715839  | -0.0099450779140176862742 |
587   | 0.0082052276715689625997  | 0.0071234051918435178224  | -0.012698489122273925664  |
588   | 0.00065925628642903130912 | 0.0056874570736000409216  | -0.0076152569664267493257 |
589   | 0.006134406776190564313   | 0.002979740516608522273   | -0.011478621291425206499  |
590   | 0.0087340431300261828912  | 0.0024886264912231180306  | -0.0032240034128490904428 |
591   | 0.0009399078251778724552  | 0.0095049964951119687157  | -0.017147056646939492358  |
592   | 0.0050489943256402727845  | 0.0054610721716874394138  | -0.018770759653700241215  |
593   | 0.005625887938397111307   | 0.0082696356518906048716  | -0.01418432871136033821   |
594   | 0.0079248426808919501113  | 0.0066696836028001683233  | -0.016723280671251190138  |
595   | 0.0097981128406832013189  | 0.0042518621502691490363  | -0.00017304034344523523356 |
596   | 0.0063788579286318900646  | 0.005868922891138791606   | -0.010446098666633981539  |
597   | 0.0012664571584631351044  | 0.00053001767124233626835 | -0.0071178823498793224178 |
598   | 0.0035121270909287158161  | 0.0015740496654742613079  | -0.0053450526927180386227 |
599   | 0.0039528196010385806616  | 0.0031125467065061720312  | -0.013711526085962863486  |
600   | 0.0012107510702576544399  | 0.002289678556263289623   | -0.016044586971582574381  |
601   | 0.008278889197868930655   | 0.0037262214279617476842  | -0.00779928229975158753   |
602   | 0.0037835096624808119657  | 0.0072309131112483666926  | -0.0057497021993179594709 |
603   | 0.0079925214709736323165  | 0.0034889743667969835665  | -0.010182652459902772485  |
604   | 0.0087251683940003307849  | 0.0064571396535608067968  | -0.010451795883492745812  |
605   | 0.0044470485189334425444  | 0.0024259351898721264254  | -0.0016778528171061241579 |
606   | 0.0040746438544671846962  | 0.0072449219808261829459  | -0.014723844415028995367  |
607   | 0.00090526533740250712465 | 0.0021041415839155837644  | -0.014768750331154887126  |
608   | 0.00048413257728951211148 | 0.0044126275500949102906  | -0.012057781876421242925  |
609   | 0.0096043474617456148917  | 0.0094503149855044189798  | -0.014600359910400650953  |
610   | 0.0083507783038896093303  | 0.0046608248019214633048  | -0.010551496473133935294  |
611   | 0.0038427531337691328908  | 0.00066702532442996142949 | -0.0043355812857372132141 |
612   | 0.0094211877090978109889  | 0.005787399248781956336   | -0.0039091740460640480442 |
613   | 0.0050237551927944891147  | 0.0072634358012313732927  | -0.012586852790657078807  |
614   | 0.0088169576675736615473  | 0.0045965896533783972763  | -0.012023697219826793778  |
615   | 0.0025943114640776059575  | 0.007201446192205656141   | -0.0074899697885325473845 |
616   | 0.0085618545793498552349  | 0.0039382516496693862479  | -0.00022783588680505570206 |
617   | 0.0068975286171034594709  | 0.0033072194311803211793  | -0.006921634622849937718  |
618   | 0.0048601858547700589261  | 0.0082556400714483418879  | -0.011466666346306386703  |
619   | 0.0045917895532179139537  | 0.0042554764315775230749  | -0.008762768777777801138  |
620   | 0.009837290670416975677   | 0.0091839621393547676842  | -0.011103848784944045022  |
621   | 0.0070638243062291269231  | 0.0098793992412404378622  | -0.014923838243034571668  |
622   | 0.0094010431539344706253  | 0.0048994785118046408484  | -0.0112858914953699839    |
623   | 0.0079616978352893864879  | 0.0057630445443187594892  | -0.0003757393273721358444 |
624   | 0.00015811532184191578868 | 0.0073479117503439479384  | -0.013214987662254139636  |
625   | 0.0061393984467794102469  | 0.0022145721862159304175  | -0.00045738438787662819267 |
626   | 0.0035587358192884993927  | 0.00094846220360898238991 | -0.016457333682915711165  |
627   | 0.0018019752463184816015  | 0.00052199633284813083331 | -0.015834069023366044437  |
628   | 0.0048773292959986098635  | 0.0091525678015082628791  | -0.0015457446487778052878 |
629   | 0.0014964433352759247235  | 0.0033130692091561928826  | -0.011128564230603297386  |
630   | 0.00711232107442724866    | 0.0071403069619035419713  | -0.011475291925957817676  |
631   | 0.0054095539763618135515  | 0.0040578415943965254545  | -0.00042458493596278653551 |
632   | 0.0011361423348353715933  | 0.0079534652381888035905  | -0.0099338257870163291369 |
633   | 0.0093339822177195760911  | 0.002032677796072441135   | -0.011848496641730521181  |
634   | 0.0033810551963217787101  | 0.0067353362140623838916  | -0.017455407443479863117  |
635   | 0.0070947063911908523834  | 0.0063728715491008407559  | -0.011352657130290245979  |
636   | 0.00053504037928411266219 | 0.0021604045533083009699  | -0.0043933971929913020332 |
637   | 0.0044875044972058717591  | 0.0074533022940979215543  | -0.0074892578420421088148 |
638   | 0.0026755916615394154286  | 0.0006512617333020764886  | 0.00091578591088494983898 |
639   | 0.0094190546825872831921  | 0.0047740443676835310483  | -0.012955508814672268142  |
640   | 0.002889027098925956577   | 0.0086398652343195447151  | 0.00017635112126015596167 |
641   | 0.0092200495092886209508  | 0.0029921707585418332379  | -0.0062642848030177947921 |
642   | 0.0050291582597506885588  | 0.0063187674451342752333  | -0.010031822746019165848  |
643   | 0.0070770104634941145144  | 0.0080195147448265356738  | -0.0101869785989375395    |
644   | 0.0069470745989131822001  | 0.0054277995183376129273  | -0.0039446979629610854842 |
645   | 0.0094854702581376217074  | 0.0051017527687655149851  | -0.005140983883073491946  |
646   | 0.0044252322066707415818  | 0.007299981583028078598   | -0.016081049118718892393  |
647   | 0.0058012823236218095252  | 0.0069571356506188848645  | -0.010135842639778690905  |
648   | 0.0049458071285517438836  | 0.0076739039004737504002  | -0.0063333299429107732872 |
649   | 0.00907180579086674585    | 0.0059937101988005482556  | -0.0068898117578054260748 |
650   | 0.0026667769768239021899  | 0.0010553806386826740989  | -0.00482022549958515973   |
651   | 0.0071274235088158947177  | 0.0035306426236930933335  | -0.0031399508903908234306 |
652   | 0.00072254505270305004194 | 0.0048456350417769916347  | -0.017460002850765644206  |
653   | 0.0010850951690438823041  | 0.0080823575722107996594  | -0.014763821298879254568  |
654   | 0.0035332521820528256865  | 0.0035801349151855341342  | -0.0044022612630931073907 |
655   | 0.0016313395395859701855  | 0.0060820277194176698005  | -0.0073316896170527367724 |
656   | 0.0029583481805945496985  | 0.0085587634973069860039  | -0.0078314612927325132075 |
657   | 0.0019689280493572413819  | 0.0058897443653607691252  | -0.012465290709965992644  |
658   | 0.0090568821985430262439  | 0.0035284872595191104847  | -0.0030604133107003331921 |
659   | 0.0051700237696319338576  | 0.0003726381656584255137  | -0.014033582687028724884  |
660   | 0.003022451137845510831   | 0.00049440699979470857997 | -0.011837995214884532505  |
661   | 0.0032194816612413053661  | 0.0071266576074008724379  | -0.0068381158482714483882 |
662   | 0.0044097032753658890053  | 0.0012076270105570747083  | -0.018793304324711854886  |
663   | 0.0014401315824948597317  | 0.0091477850130397154321  | -0.010776744837477930314  |
664   | 0.0044316153964448403574  | 0.0096958827657141997969  | -0.018228025779367870718  |
665   | 0.00019816450659348609558 | 0.0037361583376375661833  | -0.0038143566561805513845 |
666   | 0.0015852773592650339085  | 0.0045546104093941051569  | -0.012463729096255848558  |
667   | 0.0052345832028898899024  | 0.0041369654845831837359  | -0.0064039960385856211506 |
668   | 0.0068039231767168034323  | 0.0033717655596601707295  | -0.0019029837312469453925 |
669   | 0.0055903723295437713139  | 0.0033919981873820185571  | -0.0051941516942984478772 |
670   | 0.0069598163727789749688  | 0.002237903019352387602   | -0.013042614975400813188  |
671   | 0.0080022308670075342762  | 0.007788423026280498658   | -0.0013916864619011961625 |
672   | 0.00022599333669528554654 | 0.0064396739679512936955  | -0.016518656595824840472  |
673   | 0.0047773010627962277097  | 0.005874428866212744009   | -0.00526891781122937157   |
674   | 0.0065234893815650290758  | 0.0038337457160052576359  | -0.012337663149829822609  |
675   | 0.0043611902010168082655  | 0.0049934742539197015873  | -0.0016552274738491283383 |
676   | 0.0084130383822418990103  | 0.0040278258921078854624  | -0.01450795256576178742   |
677   | 0.00020165496174241902467 | 0.00021928541539396152272 | -0.011040166630277913756  |
678   | 0.0023204873125230343449  | 0.0069493027924300513481  | -0.018212553911581941257  |
679   | 0.0019044631954270036921  | 0.0041780849483955065371  | -0.0099118839407839609557 |
680   | 0.0076980743784582699937  | 0.0058757398427374419453  | -0.0048217318581788475365 |
681   | 0.0049018112858442413476  | 0.0094998278901895372855  | -0.011642030145865712998  |
682   | 0.0078953911415812691454  | 0.0065856155837719565146  | -0.010484954012184050098  |
683   | 0.0060191045696908274457  | 0.0079431526530411352555  | 2.834417178752139819e-07  |
684   | 0.0092179876001578144734  | 0.0096005770478017910669  | -0.00018212199096263046241 |
685   | 0.0018449275874491894486  | 0.0049863141258348056203  | -0.01772516094133075315   |
686   | 0.0019297362775069911659  | 0.0058147971863315396288  | -0.0039057034443614976373 |
687   | 0.0048742662437415611512  | 0.0019358148095575729991  | -0.0020640630857071198823 |
688   | 0.0010559105867440621556  | 0.0044493731081841850911  | -0.0041797406931320104859 |
689   | 0.0080440977406931249427  | 0.0055566408167566526052  | -0.0050920919355624287214 |
690   | 0.0010269606825114455193  | 0.0090803341008158129644  | -0.011132898031919575069  |
691   | 0.0036956502269457082964  | 0.0047969092999532525826  | -0.010426309165887673314  |
692   | 0.0073223987483805172069  | 0.0013921678268369972343  | -0.011955656348177726503  |
693   | 0.0011499102107299446433  | 0.0017788939427308141268  | -0.013327082112927090066  |
694   | 0.0019597475041631443569  | 0.0021979184819467490961  | -0.0081757845238110901653 |
695   | 0.0064585754678705541848  | 0.0048829449499740969556  | -0.010600706165427263572  |
696   | 0.0069848060138172213263  | 0.0036835848861259635686  | -0.016693540571938777356  |
697   | 0.0070897821981626739721  | 0.0078985343297891964093  | -0.014569643819519733502  |
698   | 0.0072791689991461346748  | 0.0017355553784851544125  | -0.0019719910998705096269 |
699   | 0.0065397810546928046918  | 0.0008512916169015563193  | 0.00014358320859699693207 |
700   | 0.0038278766937294302596  | 0.0089065871981571457378  | -0.010386215365160753055  |
701   | 0.0049594546337225087901  | 0.0048018909023934139638  | -0.011926163873407247609  |
702   | 0.0066164093208448742853  | 0.0061163524514115732988  | -0.0063568841838511306458 |
703   | 0.0021040303411399398706  | 0.0046806795370289049421  | -0.006419300801498406886  |
704   | 0.0076395283583626022103  | 0.0036498863548667624668  | -0.01701525092960506913   |
705   | 0.0037007594796131283721  | 0.0041716399789814987212  | -0.0039355161762085894006 |
706   | 0.0067910143883011938812  | 0.0065213959360283851527  | -0.013304293279716772336  |
707   | 0.00060605793547037533145 | 0.0095510481525948945358  | -0.0039547179871295932985 |
708   | 0.0099198794582366894151  | 0.0016532168071625545636  | -0.014034437230712961189  |
709   | 0.004531099408908464618   | 0.0039420235529377062669  | -0.0031002420505815146863 |
710   | 0.00011969699749261797828 | 0.00096980333902600040011 | -0.015834551593799931629  |
711   | 0.0044075113942415884011  | 0.0063148684450435640242  | -0.01137395442084236305   |
712   | 0.0046631741931929841447  | 0.0048129832434730904916  | -0.0049115452245575433668 |
713   | 0.0084227285379531221382  | 0.0038748404790605196074  | -0.01174098978600625863   |
714   | 0.004426739741621268584   | 0.0031748331303318518166  | 0.00039349894538712388344 |
715   | 0.0060421094394805356653  | 0.008011454785795802877   | -0.01715497890911249837   |
716   | 0.0017938469261077236942  | 0.0026050505363440124192  | -0.013599163576373980711  |
717   | 0.0036956365604520311115  | 0.0085099066537947694322  | -0.012606963947468546872  |
718   | 0.0069036507464403061574  | 0.0029555390301416314611  | -0.0048610586830840759806 |
719   | 0.0030101803825935938459  | 0.0027082638963802198664  | -0.017599667854248962628  |
720   | 0.0072490539675903508179  | 0.0097371269169863258752  | -0.0073520947237138310412 |
721   | 0.0029475382517935950696  | 0.0066184762793813798828  | -0.015308822350436132945  |
722   | 0.00030572592573692799643 | 0.0043258186364648109137  | -0.0083735678227841014304 |
723   | 0.0063878955244345862405  | 0.002253745165184764445   | -0.0090961664803041724497 |
724   | 0.0013201700933298729772  | 0.0004325373743330905487  | -0.0091781158444595081075 |
725   | 0.0053615577988255095146  | 0.00094035434546232401967 | -0.018900514793290718041  |
726   | 0.0018293284756168216084  | 0.0044314944847173029854  | -0.010311983714378162788  |
727   | 0.0010748936488068423951  | 0.0028191651124311327588  | 0.00092599527787835377718 |
728   | 0.0067920693273596944445  | 0.0091657606460094232653  | -0.015574407331672389387  |
729   | 0.0078195831995247020579  | 0.00162863948129266683    | -0.01551404064397027445   |
730   | 0.006861787332248576142   | 0.0090009464594921172187  | -0.018478849894221095057  |
731   | 0.0071115443450784666946  | 0.003990677046029366716   | -0.017884370910336854638  |
732   | 0.0049170577742491880513  | 0.0028447070217223684001  | -0.010622771712461636165  |
733   | 0.0086798279920596126125  | 0.0009641280201015988479  | -0.012923038210015785551  |
734   | 0.0013458296420324927008  | 0.0092850887808785878552  | -0.0040492008836725658719 |
735   | 0.0027536211576028386989  | 0.0091869829000112927103  | -0.0078289894497240147125 |
736   | 0.0023017737697400364807  | 0.0064141705268927415307  | -0.0030244505655232420925 |
737   | 0.0010479341916053092412  | 0.0064667327480607134094  | -0.0080738538233811035089 |
738   | 0.00047095760307061751643 | 0.0066307343867716547411  | -0.014652887189481029681  |
739   | 0.0073659411175142353034  | 0.0067409000258030812164  | -0.014068544201656589532  |
740   | 0.009691437440725338831   | 0.0066324944358943779474  | -0.001742419051090004882  |
741   | 0.00051112354434952242659 | 0.0045973521558942305465  | -0.016216142998970506373  |
742   | 0.0042941632022279350653  | 0.0056791778204645084957  | -0.0089064335583333067298 |
743   | 0.008288928923478738886   | 0.0069004435697362920266  | -0.0039130113399399729657 |
744   | 0.00084501619283084740148 | 0.0057729261012674113959  | -0.01457739320371145321   |
745   | 0.0013728963149907407078  | 0.0059979535855338569558  | -0.013315863593621100891  |
746   | 0.00053787987802547210323 | 0.0073448586191987652941  | -0.015164640589367370943  |
747   | 0.0053894900803895910701  | 0.0013989292550075562317  | -0.0064434027418481020291 |
748   | 0.0097762679495059182783  | 0.0068163431748101436722  | -0.013341623190817362282  |
749   | 0.0075462073964619813884  | 0.0066521850643805925662  | -0.015825786182619028947  |
750   | 0.00081158598703060479389 | 0.001456584807186346326   | -0.010451420921601924444  |
751   | 0.00082580197923610174169 | 0.0045004278459840080934  | -0.0094058120637553321169 |
752   | 0.0058055296230318277628  | 0.0023307048591376124634  | -0.016850373449475961746  |
753   | 0.0082774381454212512393  | 0.0049539147940387846109  | -0.0092616317398408736644 |
754   | 0.0072126208258880006655  | 0.0018359775874679416189  | -0.0099954910583203437913 |
755   | 0.0052481284216141519186  | 0.0051264800008345243892  | -0.01575817639331377959   |
756   | 0.0041622166936174063989  | 0.0066761787149844913775  | -0.01037359241098075556   |
757   | 0.005988407565913700728   | 0.0058985851766286444622  | -0.0087782327474078720997 |
758   | 0.0002792745565504822238  | 0.007181306652709957411   | -0.0047084282689579979794 |
759   | 0.004834073059291108844   | 0.0064496509334455529722  | -0.0093501436508634187122 |
760   | 0.0012854392959937960793  | 0.007711063348349121889   | 0.00069549258073148875064 |
761   | 0.0011311628864117697323  | 0.0076603010649419350786  | -0.00064305556223644643431 |
762   | 0.00047734086591345111124 | 0.0046650197084338240403  | -0.012249765023185721705  |
763   | 0.001600487108656467334   | 0.0093347210111526662812  | -0.0028598407262223420229 |
764   | 0.0053838473618888710651  | 0.0091719025399575743185  | -0.015375716513251163134  |
765   | 0.0072631832311458163418  | 0.0095177737498306855951  | -0.012166342157223411502  |
766   | 0.0055426545739836515642  | 0.0011417560706357954541  | -0.0049420010973568262794 |
767   | 0.0043757471810454322617  | 0.0054836833001938225379  | -0.016079861409931242577  |
768   | 0.0097963057010113114426  | 0.0094120922433657498024  | -0.018721472248978614922  |
769   | 0.0097898987623416828391  | 0.0051644813601204190082  | -0.013381853237311943511  |
770   | 0.0038586634586520300073  | 0.00067950112830487952292 | -0.0064862202920557441785 |
771   | 0.0083063706842318903167  | 0.00075137525361226582647 | -0.0078985641999206619018 |
772   | 0.0050612624710454382979  | 0.0045101368854522285584  | -0.0049141121364063723026 |
773   | 0.0053215519249739861793  | 0.0032897487678637512068  | -0.0046628184141677643179 |
774   | 0.0028807999798085379833  | 0.0074525743206587001174  | 0.0004855687987788395916  |
775   | 0.0055435215422874172669  | 0.0093927729469254032935  | -0.016002019722321771111  |
776   | 0.0054156887179720118036  | 0.0056895772899943552678  | -0.0091976934538128499869 |
777   | 0.0074820157231619633179  | 0.00083123836035631053221 | -0.010728479366468795381  |
778   | 0.0088167628270867191148  | 0.0099939985139675443365  | -0.016355176259379787529  |
779   | 0.0051853909453958117737  | 0.0047977170076194813886  | -0.0091844970557236685349 |
780   | 0.0089318718791175331917  | 0.0059128118314693408827  | -0.011017204341588661062  |
781   | 0.006233157046018483749   | 0.0022800301483481299515  | -0.01666706765657919101   |
782   | 0.0025126480972791076507  | 0.0023670100450756291141  | -0.0049628863449974417593 |
783   | 0.0037438328458809524112  | 0.00011857483964510461775 | -0.0034049202090749852712 |
784   | 0.0052103144407502762978  | 0.0055346572076681848501  | -0.014607290053474790772  |
785   | 0.0070777708837233294786  | 0.0035074803180818008019  | -0.0049439702804957757001 |
786   | 0.00556775211946534173    | 0.00018923344814296324526 | -0.01397984768132853016   |
787   | 0.0090562620518003737052  | 0.005275742992612116565   | -0.0097244376697431730849 |
788   | 0.0063279618651420352707  | 0.0025577742821939713873  | -0.0018469661401931884541 |
789   | 0.0040501788771191184202  | 0.0062820534896621963231  | -0.0057444794031360005282 |
790   | 0.0015495935056065567731  | 0.0062874398781657125923  | -0.0023181080566100531644 |
791   | 0.0033560391943105089864  | 0.0026523294567827072898  | -0.0039324524743396972043 |
792   | 0.0084574193341386116191  | 0.0051937647209157030218  | -0.0057435114293877612135 |
793   | 0.0098769578627253551417  | 0.0043898685635835321683  | -0.018357188932523450797  |
794   | 0.0031746049318349344424  | 0.0012641892944510093461  | -0.0079748591359911236848 |
795   | 0.0076659373442221389119  | 0.0033230801630188856743  | -0.018204069398258790335  |
796   | 0.0059755504594765735879  | 0.00512250738805210791    | -0.0033447029696663127009 |
797   | 0.0021311452942173762445  | 0.0056368429706158190359  | -0.0036154922452778914116 |
798   | 0.0074116435978249838382  | 0.0026604392688428235569  | -0.0024819615080851039138 |
799   | 0.0043256935540476135899  | 0.0072832428237538581958  | -0.0026812640341663321331 |
800   | 0.0067054260999747407335  | 0.0092427930006648648803  | -0.0064267062756229575288 |
801   | 0.0063528994295965696484  | 0.0073536019500906020865  | -0.018049405674008797695  |
802   | 0.003142956658902259278   | 0.0045730006151628675021  | -0.00071849763636938385365 |
803   | 0.0049368277548404865263  | 0.009752853799722972436   | -0.017696166733903270774  |
804   | 0.0030380618717326481927  | 0.0060351151014700343822  | -0.010781812390552690875  |
805   | 0.0013409552035858714799  | 0.0044087747730735546772  | -0.0074524337218364608906 |
806   | 0.0076440062863704291707  | 0.0063250974541879008417  | -0.0029066166381856747662 |
807   | 0.0062270031805286918739  | 0.0050607600579694036677  | -0.007499048001561551581  |
808   | 0.0085169638954729637997  | 0.0042286800966672118476  | 0.00068400696469489170176 |
809   | 0.0051960808070227555364  | 0.0097011628499620305988  | -0.014612726050482570742  |
810   | 0.0056462319906677126136  | 0.0046927932015064684201  | -0.0043036492939735136037 |
811   | 0.0094002706001869249658  | 0.00067972053949123128775 | -0.014450979701243246711  |
812   | 0.0096456105861950098418  | 0.0089612558709779976257  | -0.00090716104813423517443 |
813   | 0.0012101273203841062583  | 0.0022200575819042210959  | -0.011274239220710554135  |
814   | 0.0063535880807334636083  | 0.00015889103853077083924 | -0.0054874506957925837589 |
815   | 0.0055112979975786794556  | 0.004094955676796435684   | -0.016151114510182917883  |
816   | 0.0086544973302105782098  | 0.0099856187428379716148  | -0.0098800001445237765202 |
817   | 0.0079801129569877435332  | 0.0071147926502456680653  | -0.010582491330952122771  |
818   | 0.007360395568729238662   | 0.0056804291971817135257  | -0.016708703179448853443  |
819   | 0.003451151007075065752   | 0.0036307655447349778191  | -0.0032749974547463356171 |
820   | 0.0079738387037370066224  | 0.0017403259438936030667  | -0.0080928475251117303751 |
821   | 0.0035660585056301831106  | 0.0085848571989342314925  | -0.0034740227672993327993 |
822   | 0.0077502682230324148466  | 0.0080598688135761105411  | -0.019024399360408828646  |
823   | 0.0041082741070562148883  | 0.0049420960574345466909  | -0.011457674299540187082  |
824   | 0.0035844040951099448954  | 0.009658348110051924798   | -0.015604041827492955152  |
825   | 0.0038434373194300018757  | 0.0094773332425670264723  | -0.010103528893622532384  |
826   | 0.001166931578378023384   | 0.0076414616465487793587  | -0.016238484667414395529  |
827   | 0.0088932666258012913613  | 0.0083806183796528276736  | -0.014515128559854321294  |
828   | 0.0094821105038666846782  | 0.0098211073488219911842  | -0.0065363211056177952102 |
829   | 0.0069668735629312070201  | 0.0081501924555376584897  | -0.00031932371450454178708 |
830   | 0.00037047243660752389753 | 0.0050244637232885981312  | -0.00081675460437090319742 |
831   | 0.0081669233527883362822  | 0.0057137037744797222055  | -0.0071739675860923992831 |
832   | 0.007670566973168745431   | 0.0020127511028967984101  | -0.011412525217627155633  |
833   | 0.0037847032615396379758  | 0.0036859220465110470802  | -0.016082662562732788492  |
834   | 0.0013057248416185936873  | 0.0059813947226002263033  | -0.01110328078025793995   |
835   | 0.00013316792259980154956 | 0.0027873613560420343153  | -0.01612698253880454069   |
836   | 0.0071090806876017553079  | 0.0046583204828107233411  | -0.0024055584654271875908 |
837   | 0.0022899363897147901811  | 0.0031041883875654271464  | -0.0032546391267606607049 |
838   | 0.0037050561883740736925  | 0.0013152908484108797368  | -0.0092172984500521713824 |
839   | 0.0087859845019445017428  | 0.0067132805332623781205  | -0.0092825900669955413447 |
840   | 0.0016793217435150096552  | 0.0067579663794066447899  | -0.017166411243022500904  |
841   | 0.0086781017598969237281  | 0.0067370726851257618784  | -0.0028445922433677304358 |
842   | 0.0055393120562814727667  | 0.0068067814674479037648  | -0.013358500504465182016  |
843   | 0.0084606978505490908898  | 0.008787181299958875258   | -0.015144639807211712074  |
844   | 0.00012753770903581906665 | 0.0076512769328644005679  | -0.011299686113577215099  |
845   | 0.0089194009125205912791  | 0.0050949625155827238387  | -0.0064999288208614962661 |
846   | 0.0083468882992519845276  | 0.00043800323864988670482 | -0.013286933058917652778  |
847   | 0.0099192444196190710654  | 0.0057216611359275455426  | -0.0062106024630669727504 |
848   | 0.0067972182223907644943  | 0.0098453696412610439137  | -0.0011113499272747437256 |
849   | 0.0044475868117008860933  | 0.0071179281511536407479  | -0.0048648042882270797066 |
850   | 0.00059945996018199564775 | 0.003108957558974089104   | -0.0059392215742317348154 |
851   | 0.00043848657942107066923 | 0.0024904789695816892045  | -0.016445446467995849388  |
852   | 0.0019447848468740133732  | 0.0027167437886585076197  | -0.017347894104149445133  |
853   | 0.0064560940161202803531  | 0.0035974758241459963912  | -0.0045897684577433555189 |
854   | 0.0063810914965893158687  | 0.00054248821053100391293 | -0.0078986609658732807177 |
855   | 0.0036865482781981650205  | 0.0045814606657733668651  | -0.010244269002021751114  |
856   | 0.0025970177195967724358  | 0.0019559659413922601996  | -0.012613133990275859908  |
857   | 0.0033936241707340627713  | 0.0094271110915448239759  | -0.017194009435270572739  |
858   | 0.0091468104589151454781  | 0.0035343282698847306583  | -0.0077740310343877251295 |
859   | 0.0090395285613970866034  | 0.0032157643534763968862  | 0.00019190862369705520367 |
860   | 0.0028665252265321025139  | 0.0040224929210731256643  | -0.010001329391614893066  |
861   | 0.000225617603408834026   | 0.0024926752047594660788  | -0.01522063022470428878   |
862   | 0.0012153823461928615814  | 0.0035621064442200012744  | -0.0021448637477247730482 |
863   | 0.0018435382830487771592  | 0.0077258681199122627298  | -0.013310786674183771108  |
864   | 0.0037096949659757082023  | 0.0054159321775417669162  | -0.0017451585255624177135 |
865   | 0.0095079589506780314706  | 0.0016010985203409370224  | -0.0087488794989491781851 |
866   | 0.0061092601296466909899  | 0.0028706607967453846506  | -0.012363422419510810418  |
867   | 0.0052880477560847830368  | 0.00095312590610676186688 | -0.0093877911663188193248 |
868   | 0.0072182894331617938888  | 0.0091863319214533813162  | -0.015510427933799589978  |
869   | 0.00099292134938045221136 | 0.0067345235735996799784  | -0.002264626889055158538  |
870   | 0.0025667045041851779298  | 0.0088843210907661937514  | -0.014427495281644336575  |
871   | 0.0071781175823761745464  | 0.0067505640726784887917  | -0.011765955942206546975  |
872   | 0.0012801827399530132934  | 0.0031805358074479821336  | -0.010376835837377189342  |
873   | 0.0086319965260501837351  | 0.00063087448253465797359 | -0.0084667703483400184872 |
874   | 0.0024616119382548698989  | 0.00055010545851178480666 | -0.0069336395414977824991 |
875   | 0.0039503058764189186505  | 0.0078378805193106710486  | -0.015436732424394018076  |
876   | 0.0034982534766215588398  | 0.0036027949971645430866  | -0.011504530703777523029  |
877   | 0.0048211837294579651045  | 0.00025210647418457353929 | -0.011885332945439018928  |
878   | 0.0065313879275932951868  | 0.0051693070208953303263  | -0.015329889325295312577  |
879   | 0.0082475434610001733399  | 0.0075608185992077680052  | -0.0070254854568477702673 |
880   | 0.0047296507412196648126  | 0.008794961356493116722   | -0.015757749350588500653  |
881   | 0.00084689064101747400966 | 0.0047431299894415560395  | -0.01296940309977275517   |
882   | 0.00330102885842635356    | 0.0081251002122557768742  | -0.014734343584807048713  |
883   | 0.0061051691631120149142  | 0.0012916623111109337349  | -0.01418816288630718285   |
884   | 0.0035113715238363134123  | 0.0027378661041281364928  | -0.010903772170671814298  |
885   | 0.0084837201564079665894  | 0.0074922906122189825151  | -0.0053791887929871464585 |
886   | 0.0015266165328157075241  | 0.0085933569918885364947  | -0.0092157062774965350233 |
887   | 0.0036587449896518875816  | 0.0019958476789781309096  | -0.012148043793935102419  |
888   | 0.0043806166653488007312  | 0.0065556309116737874684  | -0.0072736036742440599023 |
889   | 0.0057746032374264549131  | 0.006656013919185139148   | -0.014371288143049575081  |
890   | 0.0022936433534807005967  | 0.0018641198874497428347  | -0.0016482800152467977622 |
891   | 0.0025142822735266688247  | 0.0097242442056293988684  | -0.00831335152333537164   |
892   | 0.0012498206422883227987  | 0.0031482251705081181967  | -0.015937543617433685972  |
893   | 0.0064304746897141029302  | 0.00020936679189971621256 | -0.0069351873985160046934 |
894   | 0.0099661872440158262576  | 0.0058859756868825472559  | -0.01668815990271677735   |
895   | 0.0062215486365653138376  | 0.0049054098646059644123  | -0.014303311021992179755  |
896   | 0.0079952004727807286788  | 0.0038414715166063340482  | -0.0014016353994181001905 |
897   | 0.009802227176101727113   | 0.0039068415005356566319  | -0.015312997679330326434  |
898   | 0.0086580261590178345804  | 0.0055756359611284413841  | -0.0071160483086350713108 |
899   | 0.0098570335581770161804  | 0.0083875995223563065695  | -0.007210156349439262799  |
900   | 0.0016761987341823560236  | 0.001661800348913834843   | -0.0047451116383186806719 |
901   | 0.0039971825204026846523  | 0.0016665331461001621233  | -0.0003410648879701513197 |
902   | 0.0064464563057036383328  | 0.0069146467529003332111  | 0.00061805314053304648975 |
903   | 0.0032153291599426184547  | 0.0042197289629837637578  | -0.0069088847824418661916 |
904   | 0.0095939907375508382686  | 0.0067321530648878817951  | -0.0042236235274484140723 |
905   | 0.0081313070111943171192  | 0.0083511821524306535658  | -0.013466284857192022464  |
906   | 0.0045089569122273610857  | 0.0015681926432877871247  | -0.014144452962757046027  |
907   | 0.0038344757622634493589  | 0.0029963340235611862251  | -0.00071427340048023965201 |
908   | 0.0095370783950872208001  | 0.0060697427696367210401  | -0.001746114453573843631  |
909   | 0.0029150305635812180302  | 0.0026263506518528901938  | -0.0018957040384983488319 |
910   | 0.0063714252815876889352  | 0.0021877946787530909087  | -0.01257294781735724884   |
911   | 0.0088504599401155858301  | 0.00033899230486643475982 | -0.0058215755759636967151 |
912   | 0.0092949448222219774318  | 0.0019858625900796037997  | -0.010613884067400934305  |
913   | 0.0043034466255741418012  | 0.00037705335862867094595 | -0.018118622839526019042  |
914   | 0.0025348437179795128144  | 0.0087287540125769898236  | -0.010087023942254639414  |
915   | 9.7689128308276634328e-05 | 0.0024877856703497546083  | -0.0020973209721990822632 |
916   | 0.0029997331151467012886  | 0.0055855794731401176012  | -0.0071253551972138571072 |
917   | 0.0036551240299214455762  | 0.0088771537224692047274  | -0.012689025081845725987  |
918   | 0.0007048082992140466789  | 0.0099593030208228565392  | -0.013078176468004729105  |
919   | 0.0045989880093278744447  | 0.0038093626066562362616  | -0.0040838872028975256243 |
920   | 0.0016003000474675717867  | 0.0038749801428416613333  | -0.0010432988179377767658 |
921   | 0.0037280282073837503476  | 0.007051655045781525695   | -0.0065418595712840397344 |
922   | 0.0040316133426814880839  | 0.00056600095563257154466 | -0.0059115984955209286561 |
923   | 0.0049491619433691506902  | 0.0026052204838977162729  | -0.0075526363197981052564 |
924   | 0.0079031825927858134068  | 0.0075029162486836492932  | -0.0073099031866257768719 |
925   | 0.0048423699918015480209  | 0.0076216721202469603011  | -0.0033138364383146420855 |
926   | 0.00044517482524612241816 | 0.0089767541247750722022  | -0.014116413525097950762  |
927   | 0.0080787982639080862385  | 0.0094655055299266918634  | -0.011605161793337759324  |
928   | 0.0061819666658108306245  | 0.0037438988512313313602  | -0.0068958452594467638253 |
929   | 0.0085192742948029392958  | 0.0091255259717928655788  | -0.012445490083838214174  |
930   | 0.0065054176801721567622  | 0.0046465149653949454345  | -0.0058914068716878209564 |
931   | 0.00036154031389527228066 | 0.007058937348035518311   | -0.0010384071251036243802 |
932   | 0.0042862836706255430519  | 0.001241804418131323617   | -0.010956732077975555109  |
933   | 0.0009554265450107737043  | 0.00890142167080260234    | -0.013321893056228899591  |
934   | 2.1601502278956493096e-05 | 0.0079358024952144532588  | -0.0051693192976511809569 |
935   | 0.0074085021127078881306  | 0.0027640498072843289884  | -0.0060662066598053581215 |
936   | 0.0061630894909748068847  | 0.0030113986839082509776  | -0.010737690972261720174  |
937   | 0.0097805810716027619112  | 0.003812353143319380331   | -0.009557903042833139351  |
938   | 0.0027947160065512331208  | 0.0076274343071709481759  | -0.012731217955753942536  |
939   | 0.0028469273081551680141  | 0.0048431592226998373962  | -0.011396816532727522403  |
940   | 0.0015593759867346336685  | 0.0044923711420326436702  | -0.017455884892354646409  |
941   | 0.00438054485931925041    | 0.0040537262690214801233  | -0.014899001239027343316  |
942   | 0.0034952998478047100049  | 0.0044264450509891601487  | -0.0062063304314235552203 |
943   | 0.0092210227245970496218  | 0.0094234745607419748148  | -0.01299471257740885885   |
944   | 0.0041723833639459384851  | 0.0031629570155934931715  | -0.0097852899444736893275 |
945   | 0.0047098714759836023819  | 0.0077899776719440672404  | -0.001288031556859095322  |
946   | 0.0058902149101706952755  | 0.0066276957593927841861  | -0.0077018687650810338519 |
947   | 0.0068244013843051423013  | 0.0015880843885501929116  | -0.0066408621305027309978 |
948   | 0.005897464903719908634   | 0.0070530717027690289014  | -0.0094997252704958033698 |
949   | 0.0060100560519758877351  | 0.0045953004767738860753  | -0.012712294949363578053  |
950   | 0.0026001852739632189473  | 0.0013748220582304130494  | -0.010493941892582054828  |
951   | 0.0031988506042777919113  | 0.0099113483897878239259  | -0.016315702879271861553  |
952   | 0.0046837076281544022527  | 0.0025801472456230814187  | -0.0060928397707407230474 |
953   | 0.0034438825823541372416  | 0.0022998646916701621055  | -0.015318295970529348729  |
954   | 0.0068178737438733556103  | 0.0097549251676124406479  | -0.0055446803131695247824 |
955   | 0.0074045231179473243108  | 0.003827111941853926242   | 0.00023024507572622521928 |
956   | 0.0015440555765223250122  | 0.0016130906052802302005  | -0.0095839798054138409383 |
957   | 0.0027659192697892260454  | 0.0068666822862147817302  | -0.0079816665075491677328 |
958   | 0.0043833005880841843446  | 0.0026354651218518936225  | -0.011517922101423039988  |
959   | 0.0042036750891422869011  | 0.0058586641473374369282  | -0.0052710848293996311054 |
960   | 0.0039507812129442460014  | 0.0032243799295684893308  | -0.0094072482542665002148 |
961   | 0.0083447021413440240073  | 0.00040157733302576638151 | -0.0034361879675928975672 |
962   | 0.0048984030448622171983  | 0.0038846509095644167486  | -0.0039383275728026492096 |
963   | 0.0045860060613386452108  | 0.0052191792223992916969  | -0.011995006552162039079  |
964   | 0.0058073637782434482657  | 0.0031069967908976172527  | -0.0073032465969093112584 |
965   | 0.00045247279659833486301 | 0.0070598187540972835718  | -0.0043265608920213033048 |
966   | 0.0014483950008459302045  | 0.0086802303965098585176  | -0.012549804587058442998  |
967   | 0.0090185415485528729745  | 0.0042728852653877123779  | -0.0038767422006170024727 |
968   | 0.0028224453983949999644  | 0.0033658443464382493959  | -0.010512495940836946717  |
969   | 0.0052542548716066591122  | 0.0086041677185985047244  | -0.018047138732436310282  |
970   | 0.0053348727422932781111  | 0.0069606221134128525366  | -0.014977476945900429148  |
971   | 0.0075336408536046152451  | 0.0022344252958459978262  | -0.0061166134435637837044 |
972   | 0.0019198137814370307835  | 0.0026059490835235957912  | -0.004659649763075552481  |
973   | 0.0031535593941359766831  | 0.004496903362379972395   | -0.00075085012289006364001 |
974   | 0.0026619942946199139609  | 0.0012532981452190606469  | -0.018376497583166111205  |
975   | 0.0017971364590430500587  | 0.0082538960795320009262  | 4.497800170422150309e-05  |
976   | 0.002732547749030300125   | 0.0051255039535617261115  | -0.0097715059074974987968 |
977   | 0.0034516758493684141125  | 0.0027262880736516445675  | -0.0020570745704363165539 |
978   | 0.0087852157821975782742  | 0.0094323694283589901155  | -0.012080916179566638172  |
979   | 0.0021133204448715169239  | 0.0084806964242139515342  | -0.004240927197701988699  |
980   | 0.0071104320247019122542  | 0.0028136919462177414214  | -0.0093020084522330587912 |
981   | 0.0091485653481422832267  | 0.0081935655440774132069  | -0.0058731310014000287154 |
982   | 0.0050689726394742944116  | 0.00085817917415960821414 | 0.0004216758846941429128  |
983   | 0.0034306374540366817855  | 0.0046247380403849364799  | -0.01584548437760443379   |
984   | 0.0093848396795137671578  | 0.0015021663532372316573  | -0.018316907265716303455  |
985   | 0.004643670788272598153   | 0.0068287878983651533263  | -0.0060638279334946226795 |
986   | 0.003405184761472251475   | 0.0017871008838252510666  | -0.00995408055099304169   |
987   | 0.0064085438980388750863  | 0.0042773712544915774153  | 0.00027663920381355800934 |
988   | 0.0049916494138581759404  | 0.0013202777204699624614  | -0.01311738863306682705   |
989   | 0.0022261461008149228437  | 0.0012087887167131433977  | -0.017221577516189901652  |
990   | 0.0066410653474323908321  | 0.006713960452861524042   | -0.0087350638467809573612 |
991   | 0.0031390769067535079749  | 0.0077850520676702207601  | -0.016366452742854684099  |
992   | 0.0091666887542936736216  | 0.0059473859423236855731  | -0.0066330414280220623482 |
993   | 0.0029507131554655473271  | 0.001412494117812748088   | -0.018101926245944324756  |
994   | 0.0071143823221322035483  | 0.0062445154393544460153  | -0.015325995221420600848  |
995   | 0.0035758660732727277562  | 0.0028141996175706784911  | -0.015059865140667707054  |
996   | 0.0040157044065724746204  | 0.0039754839737098169108  | -0.014373624666192292079  |
997   | 0.0039272546990222990601  | 0.0027108321390524503687  | -0.0018272658350464304495 |
998   | 0.0084610980502368097339  | 0.0068054449276466538396  | -0.011971008713600612625  |
999   | 0.0041611691570581791147  | 0.0039272723460396048376  | -0.010998675681722002925  |
