N			X			Y			Z
0     | 0.0070356943297822790648  | 0.0049785795013003210363  | -0.0011233697127024638157 |
1     | 0.0074186919801113972509  | 0.0043970564058757061893  | -0.0011339132642768652137 |
2     | 0.0014235372905425816396  | 0.0080588167060325760493  | -0.0039362513402980440699 |
3     | 0.0061241555571591513307  | 0.0010171575155430183021  | -0.00076213123242367859528 |
4     | 0.0089581191363451526805  | 0.0080112389083798040551  | 0.00063613906031906623188 |
5     | 0.00071371902632781159589 | 0.0010016997321617168801  | -0.0022260307299616158283 |
6     | 0.0022592111785402174511  | 0.0095758187298242113117  | -0.0033445208333814169591 |
7     | 0.0069334836955274280201  | 0.003193199410352720851   | -0.0026401610155921285267 |
8     | 0.0060808367756199944998  | 0.0089839539380263885859  | -0.00076169302408804050869 |
9     | 0.0038161396853545934658  | 0.00037242949376663041488 | 0.00071002947186504013904 |
10    | 0.0086438833514922985835  | 0.0069009895290693670442  | 0.00072813516228549795412 |
11    | 0.0097176620166030645842  | 0.0022795276993032341853  | -0.0039483319328079908087 |
12    | 0.0032236789193300281232  | 0.0060728344282598807277  | -0.0017078796704268360464 |
13    | 0.00087113581808009388826 | 0.0046601511887804101045  | -0.0029712406602468879706 |
14    | 0.0035549077422768740261  | 0.0088936284492096354115  | -0.0017117959461725410376 |
15    | 0.0060626386045643434336  | 0.0051912209167078691985  | -0.0025710704057314310439 |
16    | 0.0079230217094449165854  | 0.006906189834477639844   | -0.0018509911784691059945 |
17    | 0.0060860142891198641679  | 0.00081778507207480621074 | -0.00069347441388316430778 |
18    | 0.0075077021702589542829  | 0.0018040488412252933537  | -0.0035379600992441347616 |
19    | 0.0090612905111019364374  | 0.0079514891721101273181  | -0.0020120611845371402272 |
20    | 0.0058058664187158890227  | 0.0054346331970376278789  | -0.0013320659763261712832 |
21    | 0.0018906928025442444087  | 0.0086888191392134189739  | -0.0019528999760161877032 |
22    | 0.0093024993716748043127  | 0.0019873502264944487711  | -0.0015540957638762297605 |
23    | 0.0034528876783119447774  | 0.0059372659700313900125  | 0.00063673901947321881727 |
24    | 0.0058511755927310024269  | 0.0074338081972631225858  | -0.0018893258388933437553 |
25    | 1.3595577058839498913e-05 | 0.0085208106031821155557  | -0.0032663786846913365168 |
26    | 0.0052253992338533485074  | 0.0049314761321096684324  | -0.0012352248498237441889 |
27    | 0.0045013007787313482483  | 0.0029010071723145837604  | -0.0035890364046745246683 |
28    | 0.0033658644522178205773  | 0.0072408883064294564738  | -0.001453972879766230776  |
29    | 0.0020403094454202264432  | 0.0096881252595894338381  | -0.0027799488678954256335 |
30    | 0.0024281506761808747605  | 0.004795563093480848145   | -0.0037256720432557901938 |
31    | 0.007170846014422162934   | 0.0085425581445384840551  | 0.00081891166859606779899 |
32    | 0.0083732522864270290952  | 0.0011652115398303568294  | 0.00045835981556138338106 |
33    | 0.0094498297891358103845  | 0.0010677910367167516101  | -0.00059943032678304016079 |
34    | 0.0058163575253270963575  | 0.007101085824089190153   | -0.0020261975508569802368 |
35    | 0.0056139230472041197831  | 0.0034834322853627250512  | 0.00056826762131372845176 |
36    | 0.0037610320205082228145  | 0.0065252456268437720316  | -0.0028245255917433401312 |
37    | 0.0067788050268732134504  | 0.0074481482609404800824  | -0.0011522167231378653042 |
38    | 0.0035348448050837358823  | 0.006989384128384429351   | -0.0015478059833776889286 |
39    | 0.0068892485524828205035  | 0.0065532287669831388102  | -0.0018333121469115754888 |
40    | 0.0047915246396685439584  | 0.0075999778947236007118  | -0.0032017641585032540971 |
41    | 0.0032255734322012138623  | 0.003138625041443553372   | -0.0034038814707828442263 |
42    | 0.0037580716500050016272  | 0.0063255230990886656545  | 0.00018586469513867215049 |
43    | 0.0089791232104664744224  | 0.0067555919013189838843  | -0.00036294826521505546514 |
44    | 0.0092156814140927738321  | 0.0098218462207860183361  | -0.00023265593684079047851 |
45    | 0.0085025586978104174263  | 0.0077817131838021462442  | -0.0015721968145167674984 |
46    | 0.0099404317748619172579  | 0.0069972797546175519515  | -0.0019870646407457739045 |
47    | 0.0015375026497098059734  | 0.0022504264135255738419  | -0.0023416519301727861668 |
48    | 0.0087361900435950576999  | 0.00063965962923917551747 | -0.0031498805561636011516 |
49    | 0.0016011007435959337918  | 0.0081047506124433208591  | -0.0020612790663637652402 |
50    | 0.0071376397924707637999  | 0.002461812893808383064   | -0.0030527736487733132288 |
51    | 0.0071557576550129427598  | 0.0020592824577805720829  | 9.9213873410654903479e-05 |
52    | 0.0031589134059472698951  | 0.00031910312695230912258 | -0.0010431323147291589673 |
53    | 0.0017783372080305568166  | 0.0023374169728270963696  | 0.00047614828926887450139 |
54    | 0.0050001948817858330593  | 0.0051272905383196593077  | -0.003461151246480656616  |
55    | 0.0082882189405215911382  | 0.0010243834118254201409  | 0.00085122067216869567487 |
56    | 0.0054409533854090624122  | 0.0063415696858713571302  | -0.0036860026485260686396 |
57    | 0.0025890850030067494476  | 0.003625730727985257331   | -0.0023608294533207668277 |
58    | 0.0060928428643532133585  | 0.00308271289193271349    | -0.0026423447958945950505 |
59    | 0.0091493817895003520801  | 0.0078212026154784886761  | 0.00022140827307952557737 |
60    | 0.0053101793711915895591  | 0.0070238510180456988422  | -0.0022603035536147247746 |
61    | 0.0079407097055072036612  | 0.0068274093625460552381  | 0.00057771528788767183889 |
62    | 0.0042642018138752714462  | 0.005755164286352918053   | -0.0022931600969990960717 |
63    | 0.0018509214099140499157  | 0.0099336681120173308396  | -0.0010780568269160935215 |
64    | 0.0089918892936332126681  | 0.0065607646054406726019  | -0.0037810757241357891532 |
65    | 0.0093194939354973808238  | 0.0009110386176938649978  | -0.0020731803862078525789 |
66    | 0.0055373840781197617572  | 0.001844768619136603633   | -0.0024721871874872846341 |
67    | 0.0046641200083659892228  | 0.0053727818045352336573  | -0.00056534421416872524847 |
68    | 0.0062401675338581248306  | 0.0032113035381613843668  | -0.0024119875309971542179 |
69    | 0.0044805044520788211634  | 0.0060264491410455854961  | -0.0005908006462880908017 |
70    | 0.0077066703379897643147  | 0.0071290317939461719104  | 0.00048974920804117829526 |
71    | 0.008644997625127819052   | 0.0063755113779976353011  | -0.0011306493566374282034 |
72    | 0.00815340919603881574    | 0.0045841255844697916672  | -0.0027381880864676458841 |
73    | 0.0013602892808486646229  | 0.0039353340880902967433  | -0.0029440580558916795706 |
74    | 0.0021092368196515241807  | 0.0044846745251239262392  | -0.00018802805779703806637 |
75    | 0.0071377368159625835184  | 0.0017383113778137685313  | -0.0011124554760383621992 |
76    | 0.0066985819701315977778  | 0.0085316259787285748939  | -0.0027951647817011518807 |
77    | 0.0070413679089120608315  | 0.0077408511903851060995  | -0.0037401603560365558922 |
78    | 0.00099952545201126784778 | 0.0087089173410835277883  | -0.0038654227435664365899 |
79    | 0.0077165341648637239547  | 0.003156231030900265213   | -0.00056561191555496348384 |
80    | 0.0078681173800996991041  | 0.0023358560679124511401  | -0.0029852902030994216478 |
81    | 0.0043490837327735095211  | 0.0031158514238866187249  | -0.0028710428731953375157 |
82    | 0.0056047175311488822008  | 0.0036834995805745244547  | -2.3303294634263513595e-05 |
83    | 0.0022177367691090803421  | 4.0337857532616520732e-05 | 4.1869726536831431102e-05 |
84    | 0.0064125126992760368011  | 0.0054724686587158087592  | -9.0050577467822983399e-05 |
85    | 0.0097921782094826798071  | 0.0053261584280516853507  | -0.00096875989361030307671 |
86    | 0.0051917672633800945534  | 0.0048498212425743978879  | -0.0034380097072523453476 |
87    | 0.001936300167411038331   | 0.0093825498780688628558  | -0.0025187435760819602837 |
88    | 0.0031410597465938343634  | 0.0053039519833070793153  | -0.0030095531267481990569 |
89    | 0.0091614547883404860718  | 0.0064125183421575105217  | 0.00024215238925932045053 |
90    | 0.0055282546734763552201  | 0.0043163499484878712839  | -0.0019066702176904668474 |
91    | 0.0096445168190187283846  | 0.0011197799707493450577  | 8.3802753454343033041e-05 |
92    | 0.0037009143238311203658  | 0.0073313824594891567957  | 0.00028111318249273830466 |
93    | 0.003575427118210250995   | 0.004547262648823722879   | -0.0035724372313136708301 |
94    | 0.0031043625870633474208  | 0.0060068425902498733676  | -0.0021431344984215159634 |
95    | 0.0020410554761976051723  | 0.0025623130068439165831  | -0.0018499449327961886656 |
96    | 0.0019150314353092291828  | 0.0086207028627878420912  | 0.0004774146978888921364  |
97    | 0.0038179584676624840275  | 0.0085502846461748532175  | -0.00099754528789832894696 |
98    | 0.0057065340489169252836  | 0.00096432196306507763587 | 0.00031308547275552597172 |
99    | 0.0055791146807380410585  | 0.007613694217652386409   | -0.0021871831899020061085 |
100   | 0.0066383331740062613904  | 0.0033372374603473382165  | 0.00083847373505464102214 |
101   | 0.0026063640382914753622  | 0.009985346000982610673   | 0.00071363102673260272926 |
102   | 0.0055855499606181063105  | 0.0098706639348733020423  | -0.0028584306473757653197 |
103   | 0.0098936206887560475265  | 0.0078903694466856012096  | -0.003309478574815357451  |
104   | 0.0054570219767660892857  | 0.0032081318473445598859  | -0.00047704554356868458104 |
105   | 0.0069756910774610471349  | 0.0031221725223153713909  | -0.00073303927575461727377 |
106   | 0.0094411633094449998183  | 0.0093455766899918132212  | -0.00159022539110195032   |
107   | 0.005495570764444189342   | 0.005213281928503723725   | 0.00081170436168416428696 |
108   | 0.0044515122124252123198  | 0.0014403204648695279964  | -0.00061800252345252447254 |
109   | 0.0069731912507478297295  | 0.0028533238338642910419  | -0.0014054935782800818695 |
110   | 0.0066109104591840278306  | 0.0089592137675238645023  | -0.0018337432296009930407 |
111   | 0.0020094138408757789872  | 0.00079186320946825813211 | 1.0147900886279593614e-05 |
112   | 0.0017653790862611211561  | 0.0024434917879269835335  | -1.464083071119631745e-06 |
113   | 0.0068719628058513428093  | 0.0018629164865107581631  | -0.0031810564385155123447 |
114   | 0.0067379945943636396569  | 0.0045522880738908116927  | -0.00058562914602678869686 |
115   | 0.0071944593578542560472  | 0.0032132100486228125716  | -0.0027834340102405874529 |
116   | 0.0086816739986756378405  | 0.0056334109726190158621  | 0.00099215297650416794245 |
117   | 0.00085517230058767493978 | 0.0093235715189289719573  | -0.003042206902435849996  |
118   | 0.0019713229545103576508  | 0.0054968211115209676329  | -0.0018560641537184844902 |
119   | 0.0025627940779530864433  | 0.001268525099550373101   | -0.0021139625490531883771 |
120   | 0.0067777249999720554086  | 0.0080239562672806859223  | -0.00058396774890838031198 |
121   | 0.0028824692414259060931  | 0.0017861000789535033412  | -5.8748021812236079651e-05 |
122   | 0.0031643696646700115137  | 0.0003139418894632830105  | -0.00093294985225492752055 |
123   | 0.0037783676944872618929  | 0.0032510911762023545803  | 0.0004162502945130506192  |
124   | 0.0035562612118394580987  | 0.0050320535165074122344  | -0.0010126574710101635211 |
125   | 0.0097078153796009685611  | 0.0046523507083051579905  | -0.00016398036342723715567 |
126   | 0.0031099116499555428707  | 0.0018475751754027751588  | -0.0010683611977482846377 |
127   | 0.0076366154246031801162  | 0.002716685920218214062   | -0.00018904653615223695226 |
128   | 0.0027531687875141227714  | 0.0070955298554884072698  | -0.0028459400158266645597 |
129   | 0.00920616472409395252    | 0.0057474300117985226491  | 0.0001034157665511763332  |
130   | 0.0067755726826778618285  | 0.00050446211727939876696 | -0.0021277027234979052281 |
131   | 0.0063514682472008828981  | 0.0023720772697500098689  | 0.00066433051620503041218 |
132   | 0.0052997642307809891479  | 0.0054257952417362236702  | -0.0030958111771152911455 |
133   | 0.0067149728875390782973  | 0.0047758470005480778073  | -0.0018474101560030434504 |
134   | 0.0083944012005199141607  | 0.0016758892919556415881  | -0.0034438582315521734309 |
135   | 0.0098827452163222622578  | 0.0088598257585096196892  | -0.0020868350640554787952 |
136   | 0.00083270386731426951615 | 0.0044041766447724334591  | -0.0017063160749630887272 |
137   | 0.0081127780849606107721  | 0.0087639530089852393097  | -0.0016515925509479473243 |
138   | 0.0060506376950245554722  | 0.0026282308664641934257  | 0.0001798807562347269043  |
139   | 0.00060863901169187816301 | 0.0073324042477257572736  | -0.0035692611147026438723 |
140   | 0.0067094806857996456759  | 0.0048780817528723801474  | 0.00052680124960281706631 |
141   | 0.0052592072780839492149  | 0.0051060303102528686522  | -0.0014199165251513425675 |
142   | 0.0044015811326604866588  | 0.001484276470369244507   | -0.0012369808330379686214 |
143   | 0.0090030127352917627137  | 0.0084819158969735106851  | -0.0016870983207838328131 |
144   | 0.0095932281679497414389  | 0.0032880270223746978046  | -0.0028357106752901180616 |
145   | 0.0016540035151253503886  | 0.0015460145490445327803  | -0.0024225924219923385301 |
146   | 0.00099736168001337069389 | 0.003508199044778326052   | -0.0026983279947750617341 |
147   | 0.0096264158301267929718  | 0.0054594466750755160644  | -0.0028729279823161420031 |
148   | 0.0080572174491424126963  | 0.0019888967109507002008  | -0.0026230729640844777789 |
149   | 0.0034222340363839632432  | 0.0046387202213819369104  | -0.00069602450323234745129 |
150   | 0.0061288382156284250055  | 0.003599680779125607414   | -0.002073602855621988969  |
151   | 0.0068380201251297010809  | 0.0021395283006338905278  | -0.0028315374264781564655 |
152   | 0.0086665094191203679436  | 0.0041618724428435921459  | -0.0010694074930269836885 |
153   | 0.0077286182564548179183  | 0.006692586423051182995   | 0.00024571567783062677956 |
154   | 0.0079965739193997558559  | 0.0071393162473157864914  | -0.00019570882376185205656 |
155   | 0.0016261156132836142394  | 0.0034053680422008593236  | -0.00030982601674129251357 |
156   | 0.0013630577471003082514  | 0.0067510222708889724638  | -0.001615253368164186942  |
157   | 0.0039966211545545736808  | 0.0026717992452020668595  | -0.0016944853144626294619 |
158   | 0.0079455326558776854379  | 0.0076826781657830401501  | -0.0035423662120232209463 |
159   | 0.0061996446099388327622  | 0.00090755293070116777304 | -0.00055889496088590859355 |
160   | 0.0020562613409937711799  | 0.0038325803291274157872  | -0.0034484091394294783157 |
161   | 0.0046484717754838042816  | 0.0041720961980423673654  | 0.00086308400280006147137 |
162   | 0.0026810440280654393441  | 0.0035391088300171414001  | -0.00096356927779721616902 |
163   | 0.0049603288119625457697  | 0.0089629898639820189399  | -0.0017241501830601363085 |
164   | 0.0078955267785403761976  | 0.0067400179149538956905  | -0.0033055256318789234468 |
165   | 0.009363938933012851476   | 0.005376733003689571945   | -0.0039509969005106946802 |
166   | 0.0045699199403241011139  | 0.0091278478368140830018  | 0.00047012586800151794086 |
167   | 0.005029312034894034035   | 0.0057950410713968648901  | -0.0011618047631810999188 |
168   | 0.0038085189001923454646  | 5.3290656906884289394e-05 | -0.0016235283364486100249 |
169   | 0.0088236970480417009632  | 0.0088554050940864732083  | 0.0006232198694535528256  |
170   | 0.0097985723114084773144  | 0.0058860585767330619172  | -0.0019525976595924799534 |
171   | 0.0029158355253495454179  | 0.0082255691317517209277  | -0.0019954726111006439171 |
172   | 0.0091583545732275301737  | 0.00010953265699121918024 | -0.0032426392463114944893 |
173   | 0.0058379825276339463239  | 0.0072609310732672481536  | -0.0030298723617948621588 |
174   | 0.0069294038558521302631  | 0.0058484984782751431656  | -0.0020870291916621186955 |
175   | 0.007713855594418470539   | 0.0021407771030659585032  | -0.00094718926290555222839 |
176   | 0.006126987203867739068   | 0.0062926004199006261783  | -0.0004277879634201909578 |
177   | 0.0088435703993970469355  | 0.00025136283706332879055 | 0.00070182246676496788055 |
178   | 0.0029746221407866610918  | 0.0067151504869681199333  | -0.0018162454769333027157 |
179   | 0.00028823101856832755198 | 0.0090549449764359291742  | -0.0018191162328444188383 |
180   | 0.0064524656154542683884  | 0.00013244969285513825789 | -0.0038459603239468552818 |
181   | 0.00034346887531737986966 | 0.00021289661999782555661 | -0.0039015483826317174515 |
182   | 0.0040116182000531040719  | 0.0097871723125235437352  | -0.00065218020517766395541 |
183   | 0.0051951763956777944828  | 0.0067338731653860534054  | -0.001600194410621062855  |
184   | 0.0008911250734828906608  | 0.0068568767045401194174  | -0.0026297860276631320441 |
185   | 0.0031653325405430173325  | 0.0086967284731676291337  | -0.00026130070227387035883 |
186   | 0.0051125083533930092833  | 0.0013082530949839615581  | -0.00066936997699119091861 |
187   | 0.0096337537374736707807  | 0.0030919435182504622847  | -0.0029463757009196237663 |
188   | 0.003708791941139139188   | 0.0061601160419602505811  | -4.4694610530103797623e-06 |
189   | 0.0090309850417338629475  | 0.002581028722261788106   | -0.00090887556248056675014 |
190   | 0.0079549570897809156883  | 0.0072802964523916852135  | -0.0033607660246894707941 |
191   | 0.0022817157333344163274  | 0.006765625374022752811   | -0.0034270973374611359008 |
192   | 0.001046436790862797974   | 0.0058034773632477075489  | -0.00030672298789855066518 |
193   | 0.0029675759106208652455  | 0.0044780126712557740201  | -0.0017805523568252277014 |
194   | 0.0021723646082931762254  | 0.00094333474706695722399 | -0.0014876121793240160585 |
195   | 0.0039823701064961814985  | 0.0050579168761065501289  | 0.00084951015401360562354 |
196   | 0.0029203236336498516156  | 0.0048105527856850717472  | -0.0033720833124740662648 |
197   | 0.0031973251373028335927  | 0.0086740643135309117295  | -0.0022947857839145445295 |
198   | 0.006517035583749117636   | 0.0009337063829874709146  | -0.0017803153180285550758 |
199   | 0.0048281074177245544843  | 0.0075749322301750798836  | 8.9598752648101373172e-05 |
200   | 0.00026015291807453977012 | 0.0060212986446469959553  | -0.0031219888329210021549 |
201   | 0.0062369873855677212399  | 0.0011310162188695614596  | -0.0019716995622355896166 |
202   | 0.0061226788381374850842  | 0.00041999483260002297468 | -0.0027860466667579872856 |
203   | 0.0017715549710016341867  | 0.00825152021319405099    | -0.0034361317785194544529 |
204   | 0.008133380589400013988   | 0.0095536643621389923109  | -0.0017538028075529535962 |
205   | 0.00069999091786010893355 | 0.008271933444162592533   | 0.00089817654922610522944 |
206   | 0.0085725677792982575565  | 0.0009085217427640863725  | -0.0037239300732283867577 |
207   | 0.0062697668132324991044  | 0.0030737223585747940752  | -0.0015781362783722345002 |
208   | 0.0060180338412369844756  | 0.0070361020403485897284  | -0.0037741961726220569009 |
209   | 0.0040488138744155868776  | 0.0061633609546416449204  | -0.0017102604720522556966 |
210   | 0.0052499595953957823788  | 0.0040994166665982243597  | -0.00080709519067137937103 |
211   | 0.0098933300514312504104  | 0.007647153719343783608   | -0.0017798827784950947695 |
212   | 0.0066548526603320860492  | 0.004551673433896262673   | 0.00018422408369565856142 |
213   | 0.0099356531151341652419  | 0.0082723410132550662111  | -0.0018789371683678220831 |
214   | 0.0058547287421668436219  | 0.002946605442909865178   | -0.0022851710655467701722 |
215   | 0.0033885070088995761922  | 0.0055300234631121183287  | -0.00010826013550437483461 |
216   | 0.0069593761324452784595  | 0.0065828352521361127581  | 0.00014703241788676995813 |
217   | 0.0058274556574775277645  | 0.009819598172634570396   | -0.00054355503739301179195 |
218   | 0.0086986548070484351336  | 0.0011548932230462474226  | -0.0013770530271759694185 |
219   | 0.0038082060586563134912  | 0.0027110364728694345826  | -0.0012145655649253280037 |
220   | 0.00041685944330287021641 | 0.0015239577401381279153  | -0.003128622142565505148  |
221   | 0.0038852198509991839673  | 0.0074684404523624493832  | -0.0016243162595217504416 |
222   | 3.571814586549057702e-05  | 0.0079678119243753869894  | 0.00015810051575024391154 |
223   | 8.0110310925660818617e-05 | 0.0071149627161151800248  | 0.00052169963668294554865 |
224   | 0.0090480719881116736247  | 0.0026023768041127663848  | 0.00049892125043641166911 |
225   | 0.007078400018229984679   | 0.0073121727548129651988  | -0.00038188626121617917598 |
226   | 0.0059653313681402074867  | 0.0023986529807068540827  | -0.0006126252175072204563 |
227   | 0.0005779401834218036646  | 0.0049597908729012299758  | -0.003250194663671210956  |
228   | 0.0028160819938308737261  | 0.0071238620833417821629  | -0.0002615121002206229105 |
229   | 0.0049118130144422808211  | 0.0079585535388083748082  | -0.0023119898709070274556 |
230   | 0.0075566702410836770337  | 0.0048925093416029869636  | -0.0022641851380682423249 |
231   | 0.0035160245693440215532  | 0.0065203131276978677083  | -0.0009727000101839570383 |
232   | 0.0028238280593026439738  | 0.0093310538586348842904  | -0.0027404111391748238978 |
233   | 0.0099029711850580591503  | 0.004332058595478858673   | -0.0016414204076003703278 |
234   | 0.0091789399796829516248  | 0.0093231667805607747884  | -0.0037223671137127569558 |
235   | 0.001115188279331859756   | 0.0057840476172126278551  | 0.0008263056315236737932  |
236   | 0.0023004415019779230617  | 0.0023332396908589008756  | -0.0008986226828882897151 |
237   | 0.0077518546111602472728  | 0.0059742820935795139595  | -0.00074761500524070357253 |
238   | 0.0050304129274861570514  | 0.0032381639667722647395  | -0.00018542479812321999871 |
239   | 0.0059942831167879798843  | 0.0011045332290186809631  | -0.0015638091606899999237 |
240   | 0.0081422387177555472643  | 0.0092270117923412085098  | -0.0004805057994750595537 |
241   | 0.0091442110588699134638  | 0.0016051942402488209461  | -0.00027041256675049390578 |
242   | 0.00056887368094403804007 | 0.0043432286766135648481  | 0.00081873539908706560037 |
243   | 0.0015323752422866849555  | 0.0019725292892274928595  | -0.0019060319117811892666 |
244   | 0.0023972311530445107597  | 0.0048392481083359252872  | -0.0030730440334681774842 |
245   | 0.0054964281182828559832  | 0.0016056075501864387235  | 4.9034386208379084613e-05 |
246   | 0.003033742243391547664   | 0.0058394803698676896186  | -0.0008728978147651751153 |
247   | 0.0052591654729893522191  | 0.0082285787633513095274  | -0.0016435803710341280719 |
248   | 0.008809463506608130462   | 0.0011141639251359171381  | -0.002298045402600461945  |
249   | 0.0086666672170857324969  | 0.0053848012366465702189  | -0.00082259327618792066773 |
250   | 0.0011369599327559214326  | 0.0055855506865498507144  | 0.00034261787376890697615 |
251   | 0.0083284250976453453458  | 0.0017411230823982605433  | -0.0031613839863254313001 |
252   | 0.0013828724592023335441  | 0.0046060246542667885455  | -0.0020586150711306818242 |
253   | 4.8350794738124183302e-05 | 0.00558215559657799891    | -0.0032913003979489845706 |
254   | 0.00099840208525697640533 | 0.0035980019125513647456  | -0.0031649430458068209329 |
255   | 0.0078928268127220636147  | 0.0077057464876051518649  | -0.0032141082723534265125 |
256   | 0.0062422461814857386694  | 0.0066700960447688348309  | 0.00098549787050402747751 |
257   | 0.0069450556648124441364  | 0.0053883033899190004024  | -0.0029378924111229439559 |
258   | 0.0089546089704835366008  | 0.0058389423468370943784  | -0.00075298599790672455373 |
259   | 0.00368233001515378593    | 0.0011635475086705293277  | 0.00043889137705067357087 |
260   | 0.0096174323533651153578  | 0.0055371357970721169633  | -0.00019390541330796800396 |
261   | 0.0052296562204522199085  | 0.00068963630868558477901 | -5.5723820484865231649e-05 |
262   | 0.0035756494275647880167  | 0.003095975709864695613   | -0.0027315483622119712294 |
263   | 0.0090974072231562556901  | 0.00029591976598292369293 | 0.00013744232236389161933 |
264   | 0.0057226933814427749861  | 0.0034112407318946506331  | 0.00083866925715718823337 |
265   | 0.0094749031507077949993  | 0.0067598544361912749762  | 0.00078601840934381089071 |
266   | 0.0020933297549226314617  | 0.0069898790637023342637  | -0.00060296713311756627504 |
267   | 0.0088924009293847600804  | 6.6939190795965836079e-05 | -0.00053817991471661154931 |
268   | 0.0046010153495063118786  | 0.003059311284579122308   | -0.00069735801340920454666 |
269   | 0.0077438877715932811011  | 0.0070641892272794689148  | -0.0010903177490595571553 |
270   | 0.0042997074362659338034  | 0.003554426767355378311   | -0.0025343614608827032611 |
271   | 0.0062517162469701917371  | 0.0023124523079568115244  | -0.00060630507451897748539 |
272   | 0.00075575570446016434624 | 0.0015244746671140652159  | -0.0033834265415649267261 |
273   | 0.0078747153795962719636  | 0.0044882227523831757718  | -0.0035593635359905482357 |
274   | 0.00043400145215232306369 | 0.0063519912671955594888  | -0.0012373813436780715328 |
275   | 0.00094237302219602088471 | 0.0059913621794554332289  | -0.0025225345633363626882 |
276   | 0.0075422617940136705422  | 0.0075041678085473228002  | -0.002324296601746881491  |
277   | 0.007127859643001270562   | 0.0079843138677651286778  | 0.00044618112297328848311 |
278   | 0.00022006922561911145702 | 0.0030419360935333714449  | -0.00041813718039635460431 |
279   | 0.0064783442230546542037  | 0.0033698515624746034486  | -0.0022928569635647152308 |
280   | 0.0021367739827984370479  | 0.0046601470425137068651  | -0.00020447991477780339811 |
281   | 0.0087623876573354048114  | 0.0067093022890543354761  | -0.00019011128716725888134 |
282   | 0.0091128356631687366246  | 0.00014827891653942519871 | -0.0030141418278019807379 |
283   | 0.0071635048442736182564  | 0.0043315371746280237342  | -0.0024956277406823473147 |
284   | 0.003549100580226039435   | 0.0051215331758463662759  | -0.0026208126182660253234 |
285   | 0.00090583643341055476543 | 0.0078734358174465581687  | -0.0016907501300996263631 |
286   | 0.0026563522418614946528  | 0.004466936187739255909   | -0.0035157444318080232661 |
287   | 0.0037908388046811666849  | 0.0071899744777135813842  | -0.0011913255954410998782 |
288   | 0.0037201257897696449889  | 0.0061456760184125562921  | 0.00015600607416626111491 |
289   | 0.0040796048128293677451  | 0.00078408966801719512905 | 0.00042079893373926744327 |
290   | 0.0030388163745752529328  | 0.00689420708759649805    | -0.0020019638941106733532 |
291   | 0.004042909189452908135   | 0.00096308369451138405287 | -0.0031489808691125922326 |
292   | 2.0284117021871404753e-05 | 0.0074153632372747375207  | -0.0032877671911510746028 |
293   | 0.0097750890117862931222  | 0.0076430515033092307625  | -6.2171680960556319488e-05 |
294   | 0.0054823178400914586439  | 0.0068799830789167447723  | -0.0038709348711092736103 |
295   | 0.005349627155235248295   | 0.001838281722558491758   | -0.002723244836404807058  |
296   | 0.0032323003001917542838  | 0.0092919096648719674836  | -0.0038435277285692828232 |
297   | 0.0046146975838823635352  | 0.0030425674561298443263  | -0.0016574696592117688955 |
298   | 0.0027019089721527431158  | 0.0028653644386812753518  | -0.00067509188260837110513 |
299   | 0.0030235905389390080496  | 0.0007213857256322460821  | -0.00081070088451070092955 |
300   | 0.0068136459265163767593  | 0.0091991209967776169099  | -0.00053799452073401013777 |
301   | 0.0023822255090163784938  | 0.0011256590728777489657  | -0.00064803883209298097576 |
302   | 0.0006247733622007672254  | 0.0070625077745052724024  | -0.0027405115874483557473 |
303   | 0.00051933900973970574186 | 0.0035153304830833243151  | -0.0022907192110178864128 |
304   | 0.0084655562136127480988  | 0.0076117519950789080951  | -0.0033025670648360360218 |
305   | 0.0046155329287593700738  | 0.0035493866322108490706  | -0.0018238217882305183919 |
306   | 0.0092163140099338260874  | 0.006724116228961963572   | -0.0024759414324772312764 |
307   | 0.0053069043699398550998  | 0.007040122161836010091   | -0.0014624804157696081382 |
308   | 0.0060909942629109609796  | 0.0060462817288058079424  | -0.0038084962492772357623 |
309   | 0.0033946921648189631003  | 0.0048585270946434992723  | 0.00050015981357897070642 |
310   | 0.0032986063273947614088  | 0.0092533788240143216575  | -0.0022637860943517935756 |
311   | 0.0031967370037335116062  | 0.00027527812883877244426 | -0.0027032512496571398444 |
312   | 0.0039331334401046091215  | 0.0023973176635724859594  | -0.00066801866798646945562 |
313   | 0.00083093209417383240723 | 0.0060587893372280234722  | -0.0024264608703509875365 |
314   | 0.0097858769586051420897  | 0.0065443721505549223849  | -0.00015793745008298032818 |
315   | 0.001999457761747739596   | 0.0012653848316672908474  | -0.0003824806178393329553 |
316   | 0.0070581515350284567897  | 0.0070574969704704131404  | -0.0032257085103356000419 |
317   | 0.0011701729419853555258  | 0.0083192273213321035058  | -0.0021543616166622902783 |
318   | 0.0040886824201664942122  | 0.0039471297068926517945  | -0.0027652113652125243429 |
319   | 0.0058066155724567540888  | 0.0081359342230071501206  | -0.0024824334847254967557 |
320   | 0.0027962480150611015474  | 0.0079071530806151049675  | -0.00051208977385560001169 |
321   | 0.0090066396562148362537  | 0.0025187071007829425588  | -0.0015865820745519141309 |
322   | 0.0058040119107692859229  | 0.0023889501034227069581  | -0.0035211860302283180466 |
323   | 0.0023552768139708715051  | 0.0019888185960794035542  | -0.0011753393860599822308 |
324   | 0.00015766621513710964262 | 0.003476359793489925288   | -0.0002251586095171558108 |
325   | 0.0026360203000754880986  | 0.0044380017428084107128  | -0.0025990928341094138125 |
326   | 0.0025837679769863037584  | 0.0066367308998913979168  | -0.00061271119782190419829 |
327   | 0.0012020722157435384785  | 0.0042227921002633136624  | 0.00097798104500821433221 |
328   | 0.0016317778791072991632  | 0.0023279812578562153469  | 0.00024592914752660788302 |
329   | 0.006854390121897919845   | 0.0053143923990874421606  | -0.00010360165024275798016 |
330   | 0.0053783646306544540677  | 0.0041837787323230433284  | 0.00066163350077373239005 |
331   | 0.0035396859531763922961  | 0.0088971520587855339179  | -0.0017765768847418819502 |
332   | 0.0030109196848427844002  | 0.0022055198443300797796  | -0.0023487541535558947685 |
333   | 0.0051051204085176557848  | 0.00079818577255874633477 | 0.00010199113225042352314 |
334   | 0.0056046644820026518541  | 0.0013032434163108112812  | -0.00079735649375334109734 |
335   | 0.0050092977743818592126  | 0.0024508090279281710341  | -0.0030689916135352777841 |
336   | 0.008072318594572278766   | 0.0078473934471328336132  | -0.0024570393967284910423 |
337   | 0.0093212749694966071795  | 0.008367745305741875611   | 0.000555630205503708334   |
338   | 0.0041884185680583626774  | 0.00070502252771058901253 | -0.0016858131443485318071 |
339   | 0.0035522281957065171207  | 0.0050178633843524179589  | -0.0035896769761300812568 |
340   | 0.0047778431527656329766  | 0.0038437780748239573116  | -0.00083375576341321040296 |
341   | 0.0020361703917536506936  | 0.0062188676220891929772  | -0.0023927262250381083411 |
342   | 0.0063114194086423582031  | 0.0072030418409585383541  | -0.0002868219403377408167 |
343   | 0.00047470228828002633851 | 0.0055450096666206268037  | -0.0014519418236911662678 |
344   | 0.0014189528119591945585  | 0.0046775103859666962783  | -0.00227016176134786727   |
345   | 0.0061398944179891015716  | 0.0052197654944861849799  | 0.0002079209381421836221  |
346   | 0.0093872138577933850884  | 0.0060058368320104072585  | -0.0021545910471877571454 |
347   | 0.0086363679303891553035  | 0.0071625114094523061395  | -0.0027425914866337805335 |
348   | 0.0063851460743749761939  | 0.0066075255065274297525  | 2.0587204188518711499e-05 |
349   | 0.0093284894711258455058  | 0.0029722893265417805152  | -0.0032305768870972031807 |
350   | 0.0082249124806027841539  | 0.0091073748346070758364  | 0.00022561561556738127547 |
351   | 0.007440761985740076967   | 0.0060230626799894267792  | -1.9944226964520170097e-05 |
352   | 0.0034222385295737743453  | 0.0047424193935971430472  | -0.0016427836505409491082 |
353   | 0.0059565018116254668176  | 0.0034631324276033345275  | -0.0019682017757967139142 |
354   | 0.0027964199087602953885  | 0.003384921372797400959   | 0.0002292715137259493613  |
355   | 0.0052929017936367171379  | 0.003502438302352170723   | -0.0032518675889554819053 |
356   | 0.0063086988419382029197  | 0.008374074989090098467   | -0.00096777083435837163092 |
357   | 0.0029691982034611235329  | 0.0046658756275533841418  | -0.00094746197368830243138 |
358   | 0.00036292900564289739835 | 0.0072472450074717456939  | -0.0019707222569640072025 |
359   | 0.0093562043944588300926  | 0.0034076261897553585326  | -0.0025749331310405973797 |
360   | 0.0055524601305355133357  | 0.0074481117407167278521  | -0.0025845616983548877835 |
361   | 0.0055091916247262838133  | 0.007426185690111120237   | 0.00091287826547919439721 |
362   | 0.0049518545700860385969  | 0.0058708349517184463609  | 0.00091610446935935698626 |
363   | 0.0047546062134632954138  | 0.0084551113260492392204  | -0.00066380192514874320018 |
364   | 0.0044555065646600276394  | 0.0077371231365434877184  | -0.0024564826150646197449 |
365   | 0.00099963112725485266281 | 0.0007728170588742341255  | -0.0025885832628173288672 |
366   | 0.0016478461429908480146  | 0.0023875417539843861794  | -0.0026573880985854515455 |
367   | 0.0029016832286568611937  | 0.0040301732241644072641  | -0.0017291849926704312441 |
368   | 0.0055249728061318604394  | 0.0022829514446387351966  | -0.0037670363774792081299 |
369   | 0.0028263180153087559716  | 0.0059934698720025044588  | -0.00057345642752720186585 |
370   | 0.0078770306445700866843  | 0.0072079252654841160369  | 0.000895817347696225251   |
371   | 0.0056649611402627177148  | 0.0048313832139013392075  | -0.0007828824129274432591 |
372   | 0.0060629288360259797619  | 0.005969287229822994173   | -0.0037008328106975132803 |
373   | 0.0067857494835964022803  | 0.0038720782246856196539  | -0.0021851888564757460283 |
374   | 0.0090856112975151500505  | 0.0089611150150513269041  | -0.0033207048348098881611 |
375   | 0.00027924417497008881739 | 0.0069878648471760800368  | -0.0019271183762223616578 |
376   | 0.0032259480964489163114  | 0.0010647369698484892165  | -0.0026261543896665710471 |
377   | 0.00042195302887923860375 | 0.003405541344232240579   | -0.0036886685714020484884 |
378   | 0.0091540209332754782917  | 0.0011703742180515755607  | -0.00029802070470627670031 |
379   | 0.0044132294947378152353  | 0.0092042782276934402563  | -0.0012687754651114278685 |
380   | 0.0024004419967615106893  | 0.0026636466237666537628  | -0.0027622288247071838732 |
381   | 0.0061512343771849553598  | 0.0056023857003968122528  | -0.0027335933914991753999 |
382   | 0.0080562802216273491501  | 0.0047456976363771793612  | 1.5364892720540276481e-05 |
383   | 0.0048128387716099181592  | 0.0048340994187616431049  | -0.0038702645138905178088 |
384   | 0.0048490101084554789249  | 0.0053463879977943247826  | 3.178314572352428861e-05  |
385   | 0.0092783110137074319146  | 0.0081081008935013926947  | 2.5956967719838063864e-05 |
386   | 0.0051589021513354449758  | 0.0053697945838431133947  | -0.002314020835318843141  |
387   | 0.0044108376813765844127  | 0.00052390019728315248299 | -0.003730122066507381845  |
388   | 0.0060015803353204392329  | 0.0076771419268229111263  | 0.00049388299008007365692 |
389   | 0.00048941518416829713801 | 0.0052121219232559570442  | -0.0025525484345284093178 |
390   | 0.0019887771976279428228  | 0.001412574700514785276   | -0.000446564843127583743  |
391   | 0.0037079391449792954358  | 0.0034966639943415319704  | -0.00066283338987519358626 |
392   | 0.0047439563107042441448  | 0.0064622746679357115709  | -0.0016334408455636884039 |
393   | 0.0085209500687552369724  | 0.0075202414056120495817  | -0.0030365011680338516338 |
394   | 0.0025432176732001709162  | 0.0067768494080643545963  | -0.00059240206123572581101 |
395   | 0.00023382302545192531736 | 0.0049496264094215335072  | -0.002232850753851398605  |
396   | 0.0017629486369290633865  | 0.0061056543508905287282  | -0.001273735893207776854  |
397   | 0.0010475691195485931778  | 0.0021299221909682288824  | -0.0026389849533164249674 |
398   | 0.0095692335687084049273  | 0.0060491290547980847842  | -0.0001131730490703678003 |
399   | 0.0064242150719493696862  | 0.0032162238765944318498  | 0.00039119961530243840125 |
400   | 0.0024081607718719048351  | 0.0024222350046953955612  | -0.0017999957203513987369 |
401   | 0.0075946796654851574451  | 0.00036838444166108810221 | -0.00052320987389146500837 |
402   | 0.00091703259965121607707 | 0.0092033433789898370231  | -0.0028397774115173431315 |
403   | 0.0099276674822347272392  | 0.0063839233582576706064  | 0.00068833402331711004279 |
404   | 0.0032838137732145501226  | 0.0084366053564700876216  | 0.00099253722067016696834 |
405   | 0.0035254912712890983453  | 0.0047699055600341428232  | -0.0013651541313019648939 |
406   | 0.0026947450392609388105  | 0.0028348435563514103389  | -0.0014449173183787745057 |
407   | 0.0094149465776656067473  | 0.0036600080936272385256  | -0.0019556488408152801831 |
408   | 0.0035085440769646297071  | 0.0032532098146112451743  | -0.0029555117476880777595 |
409   | 0.0075841241417367146263  | 0.0097111189293261086092  | 0.00042663272049756008255 |
410   | 0.0033508018922191870267  | 0.0046861609833967554986  | -0.0027963311280697848021 |
411   | 0.004538131191580549971   | 0.0058167912926333090531  | -0.0027774863230379622826 |
412   | 0.0067418191297757461625  | 0.002289883333392622039   | 9.7100867364836504752e-06 |
413   | 0.0035421714307161678015  | 0.002268870835914242861   | -0.0011292063050082933647 |
414   | 0.00085913198342992577565 | 0.001588664973640719312   | -0.0024210508039228875732 |
415   | 0.0025062035743026425845  | 0.0071865288729187149289  | -0.0033323442881138583965 |
416   | 0.0023373480290941241883  | 0.0048621870870822845451  | 0.00092916776163625477286 |
417   | 0.0080077227873214130299  | 0.0022921724434014759987  | -0.0038607831841647611421 |
418   | 0.0088650722853761704939  | 0.0039532970450027260859  | 0.00052502625814344807548 |
419   | 0.0046413438773327507503  | 0.0039754652188530251872  | -0.00015604969478980940849 |
420   | 0.0061443864533523642746  | 0.0039761010982432504549  | -0.0018371027958156171435 |
421   | 0.0022934024761403701276  | 0.0063840858084446309648  | -0.0022083058136847513384 |
422   | 0.0011183021724837831704  | 0.0090348295556181533461  | -0.0010446803059274464408 |
423   | 0.0055361909382304992297  | 0.0051118750263429426836  | -0.0020353128751507327567 |
424   | 0.0091154612336782677579  | 0.0066835797702191352548  | -0.0015063489134285630577 |
425   | 0.0074824404879258836487  | 0.0044279788989351771128  | -0.00087897931437559923083 |
426   | 0.0036120509231809556222  | 0.0072524706593840200519  | -8.2912612249158674171e-05 |
427   | 0.0032208738999108792872  | 0.0057945319851321480664  | -0.00044589039402684869408 |
428   | 0.004863820377143242453   | 0.002624760865525133189   | -0.0027319787957322131181 |
429   | 0.0057202278199150278365  | 0.0031463751816933156411  | -0.0034515764024866425752 |
430   | 0.0028835022326718709462  | 0.0013339008387389182219  | -0.0011234682268161850539 |
431   | 0.0022994558597805854309  | 0.0039903710569495860414  | -0.0018414219223311825528 |
432   | 0.0043124796749668837387  | 0.00038061518430357652422 | -0.0024590173910229236494 |
433   | 0.0030171996301503346133  | 0.0072461702373030623114  | -0.0016753200253664403928 |
434   | 0.0048797905611890034228  | 0.0030768573816195294961  | -0.0034820670771904932948 |
435   | 0.0013010376999933290394  | 0.0081351208802012721366  | -0.002230200742937583306  |
436   | 0.0041675177922133772868  | 0.0088834155828466775801  | -0.0011878077111326912872 |
437   | 0.0023789932188762567822  | 0.0052510435763082037933  | -2.5785942543235027664e-05 |
438   | 0.0077787511199338939608  | 0.0031209411857071544215  | 0.00028808015501333422009 |
439   | 0.0056821661778441523785  | 0.00079908604411212688732 | -0.0026872280337365750044 |
440   | 0.0052432290329227724396  | 0.0089067149501381361748  | -0.0038301011232687938619 |
441   | 0.006712242524579116465   | 0.005430605976364795244   | 0.00028268010539102880058 |
442   | 0.004789560568555354704   | 0.0062529987664110336584  | -0.0014084778993573587608 |
443   | 0.0092518301776788203911  | 0.0027851298139672502757  | -0.0033848893845476149718 |
444   | 0.0091826430786066792072  | 0.0026658039497354847104  | -0.00096763469030190112953 |
445   | 0.0061719625611860069736  | 0.0038933439404714633575  | -0.001358421152291408281  |
446   | 0.0047513878454605038351  | 0.0072190372969264116065  | 0.0003842685214448287776  |
447   | 0.0093084249198795588481  | 0.0077063356476028566783  | -0.0014398562920888663234 |
448   | 0.0048380327671670390194  | 0.0017490940610940951434  | -0.0039242534622051230761 |
449   | 0.0054657536034820675477  | 0.0033131343080015822691  | -0.0021995969335972878622 |
450   | 0.0028770087024088735958  | 0.0064172162124292077973  | -0.0038205233373389655034 |
451   | 0.00068227787159109488414 | 0.0071160341002505390212  | -0.0016573980296057881211 |
452   | 0.0047308453299076272738  | 0.0050291908582397086905  | -0.0036095880549964704312 |
453   | 0.0049552971073444180769  | 0.0097550377447606900078  | -0.00079401615493495845358 |
454   | 0.0048223403879802135413  | 0.0061976098247022827839  | -0.0032183268151178582792 |
455   | 0.00044225712407706030318 | 0.0061427452794073234693  | -0.0005901179769405002053 |
456   | 0.0066449259170041439365  | 0.0099945189457590864757  | -0.001445982873894523105  |
457   | 0.0097213025959269946247  | 0.0031832381957084647517  | -0.0034307084419363748432 |
458   | 0.004833283968775985498   | 0.0067167251481189864729  | -0.0030989852525121720436 |
459   | 0.0041546622864270955217  | 0.0083621466657377158116  | -0.003841149532199249813  |
460   | 0.0027975165294843572922  | 0.0028091765543198673853  | -0.00017979193576539792229 |
461   | 0.0010831728578939974622  | 0.0058086451490120902946  | -0.0015575769783533930605 |
462   | 0.0060378560651348136407  | 0.0041886577548246603855  | 0.00093770486369732820864 |
463   | 0.0081402962019107225067  | 0.0061226697935834843711  | -0.001264517513868558974  |
464   | 0.0017127910547186247798  | 0.0043075709017453868432  | -0.0032152847897195723989 |
465   | 0.0052486704072297832996  | 0.0074061650775678593978  | -0.0021621169079670829807 |
466   | 0.0070748067744810603369  | 0.0088547579810612959961  | 0.0006792026212312498798  |
467   | 0.0045914239117418823716  | 0.0030132181874899877441  | -0.0028108426308162603666 |
468   | 0.0064291743024089114539  | 0.0027994160412191382292  | -0.0013190387366944376826 |
469   | 0.0093935955082936496013  | 0.0050028772889970096749  | -0.0027949094985036801106 |
470   | 0.0087495605876922247224  | 0.0038447264111074446608  | -0.0030211875249937705096 |
471   | 0.0024858651995608091467  | 0.0080490658025369858641  | -0.002329761580418943448  |
472   | 0.0036371601573487780633  | 0.0052275641412377997497  | -0.0029326871036338187683 |
473   | 0.0024305372366312228381  | 0.0037373766486413430472  | -0.002484155693969688182  |
474   | 0.0046427237847406644528  | 0.0045741955196246970872  | -0.0033438269756431928011 |
475   | 0.0065456965729242429231  | 0.001800888773882232223   | -0.0035201942120932612837 |
476   | 0.0060344242282312525114  | 0.00030566159165075924148 | -0.00050296321480822311824 |
477   | 0.0099394693052211428863  | 0.0032638294325811000561  | -0.0021282145692823380839 |
478   | 0.0061996927916340019774  | 0.0081175383204784689467  | -0.00029984720738322387899 |
479   | 0.0085818915677206963205  | 0.0058448376457047122173  | 0.00077531845638467635374 |
480   | 0.00024106463497522586346 | 0.0092748845861345755037  | -0.00059300558819135994887 |
481   | 0.0085809507947679324047  | 0.0029980901725445564636  | -0.00098874448605427316984 |
482   | 0.0045389856426611245588  | 0.0091974817911675173232  | -0.00013677861250381101411 |
483   | 0.0021067810972791047551  | 0.0036339712321695671546  | -0.0014417694840886878353 |
484   | 0.0046659069270902856635  | 0.0041336209269021619711  | -0.0035893402228337899403 |
485   | 0.0067430026317237962141  | 0.0027713382774711978543  | -9.3415433021883215159e-05 |
486   | 0.0099454926637907014458  | 0.0087094514934102276044  | -0.00085755735495494738157 |
487   | 0.0021878397493678958773  | 0.0025379133344773392028  | -0.0003933649699076772273 |
488   | 0.0041526198487572153067  | 0.009045733597464668263   | -0.0036916729027565344662 |
489   | 0.0028916750801260258409  | 0.0019007406710501680621  | -0.0023795488539298192097 |
490   | 0.00015984570768379905196 | 0.0063059364375616239196  | -0.00053114614717653845302 |
491   | 0.0082264407061746949029  | 0.0037776298927372884036  | -0.0027527499503470932024 |
492   | 0.00028480953498795515784 | 0.0031579113523547306872  | -0.00025072422850331844675 |
493   | 3.1419617217766654534e-05 | 0.0081641026705738615338  | -0.0037687832458589533638 |
494   | 0.00062698513053309457531 | 0.0012100584159191948852  | -0.0011983274640797159614 |
495   | 0.0042346023569082872837  | 0.0068413255474784545954  | -0.00066916394278943903701 |
496   | 0.0075872862893969087242  | 0.0082957743209329595779  | -0.0037348692990063670112 |
497   | 0.0044971637893377845729  | 0.0023434912693236211942  | -0.0021745023359459421039 |
498   | 0.0097504070348015964981  | 0.0064517622453641922803  | -0.0011504540369156653762 |
499   | 0.0055444274899213797161  | 0.0038979640304252724005  | -0.0027624633030178830789 |
500   | 0.0086443576585847198279  | 0.0018832101780755503614  | -0.0029604898745882336081 |
501   | 0.0049614856891375281461  | 0.0041034923702488179664  | -0.0023164020657836159253 |
502   | 0.0082669476334277357948  | 0.0032046297415655304076  | -4.7276112118003533503e-05 |
503   | 0.0058483070278075189458  | 0.0049767762637804458664  | -0.0025631587863105772564 |
504   | 0.003172138507256411482   | 0.0049237398966494793848  | -0.00027554016105499996511 |
505   | 0.0089046636457136216225  | 0.0081114502814880751203  | -0.0020263039268002820507 |
506   | 0.0020791431778355664618  | 0.0032354495955969884459  | -0.0027660435770558260138 |
507   | 0.006771221046252932918   | 0.0051292566653519189659  | -0.0032524438755918098215 |
508   | 0.004748986046175289466   | 0.0029248956494347935417  | 0.00039972446601926751083 |
509   | 0.0069637525778774985938  | 0.0051532155948729374204  | -0.002435275645547080401  |
510   | 0.0063356272186191227302  | 0.0015196749410519554829  | -0.0026194872613784525063 |
511   | 0.0031005350689864950853  | 0.0033303195281887258174  | -0.0015501466113862418395 |
512   | 0.0008336243255818560037  | 0.0058827075036595993102  | -0.003910881232907560158  |
513   | 0.005292212326197217806   | 0.0070348838086069873793  | -0.0025422324726662903945 |
514   | 0.0069494908760500953213  | 0.0053522829642679396744  | -0.0013440386423022921726 |
515   | 0.0035970255794229542834  | 0.0023045288366643204223  | -0.0013380095948108247563 |
516   | 0.0020158078338754323484  | 0.0062471872944628165092  | -0.0012518824840109311122 |
517   | 0.0079586313553790116737  | 0.0027787064363524877075  | -0.0009986810049535019794 |
518   | 0.0061282252449413269352  | 0.0066352106542778930415  | -0.0031432250351795241496 |
519   | 0.0087349458843480470849  | 0.0043888099522313862161  | -0.0011433808358236338763 |
520   | 0.00099376574599350261767 | 0.004705832794433704655   | -0.0022823007576104939985 |
521   | 0.0048344980415382810685  | 0.00069297484973079241221 | -0.0028296418023467796547 |
522   | 0.0083926079934118404807  | 0.0075047038909207526916  | -0.00035919222090462899323 |
523   | 0.0073997897391803700573  | 0.00551161998924592101    | -0.0028279371488943183012 |
524   | 0.0044550509004792479203  | 0.0030473909485806026029  | -0.002782731212153577785  |
525   | 0.0046999756832738709758  | 0.0023129062886965740149  | -0.0013074415929834983571 |
526   | 0.008068055781642938934   | 0.001280355898532207137   | -0.0017451344971520822702 |
527   | 0.0040280264285317670184  | 0.0030799577549295471812  | -0.00037750620562194297548 |
528   | 0.0044315118949070910967  | 0.0043288894488969003813  | -0.0011804521588688269684 |
529   | 0.0021880206847210053114  | 0.0038767787585425408405  | -0.0030891980117307453121 |
530   | 0.0064526326561110377081  | 0.0045351991433311812998  | -0.0023554240273396878647 |
531   | 0.0052863386314455813875  | 0.00095731314239249829228 | -0.0014554178887615791711 |
532   | 0.0051474945986499263603  | 0.00065506311798338521385 | -0.00043823099118005069815 |
533   | 0.0081583653694088115876  | 0.0019633201141245034196  | -0.0018744931387022405276 |
534   | 0.00070858277959366753468 | 0.0017994523388007691196  | -0.002765073029383143758  |
535   | 0.0092189006668138839817  | 0.0025304742438172667281  | -0.0037731710451674692341 |
536   | 0.0093294007910959524804  | 0.0054117809421752142984  | -0.0028938730781271539833 |
537   | 0.0016391827493952325964  | 0.009715483531734462469   | 0.00023996115431021072936 |
538   | 0.00076287847346868671149 | 0.001900623533247726947   | 0.00043014948996632825645 |
539   | 0.0092950972410467888607  | 0.0062147327189701635081  | -0.0015330993276963965008 |
540   | 0.0094337096837224954787  | 0.0047238713258764605113  | -0.0024232992202442966111 |
541   | 0.0039191132533749721556  | 0.0049367861364805537203  | -0.001215063266303119914  |
542   | 0.0024800167005172187029  | 0.0016200007403650189871  | -0.0031291004248501178703 |
543   | 0.0066321423672420828227  | 0.0012678298251262555638  | -0.00088770759062506356292 |
544   | 0.0048948802891958485828  | 0.0087791083293425765249  | -0.0011088288591203179258 |
545   | 0.0010373262798050570353  | 0.0037011393645073483415  | -0.0019103484590213422843 |
546   | 0.006933257986435996216   | 0.0054312890942544243128  | -0.00047939611298653586049 |
547   | 0.0035069097420178979747  | 0.0076548472013720720089  | -0.0018058335765446444521 |
548   | 0.0046280161011861128614  | 0.0084068205882005565821  | -0.0016362030491295571129 |
549   | 0.00073216836072524649464 | 0.0043560870519055569158  | -0.0023058706711486429662 |
550   | 0.0054827762464753964852  | 0.0088146810440896099931  | 0.00055859754435971581063 |
551   | 0.0072363518596491160223  | 0.0042788041563616759783  | -0.0013574045179653541904 |
552   | 0.0047380566751351162538  | 8.8215580733947104625e-05 | 0.00035206297329822260761 |
553   | 0.0033881399520828579461  | 0.0037225354532837559227  | -0.00043391991090710197582 |
554   | 0.00054518902994347474313 | 0.0093832741410698125573  | -0.0037405660279791626797 |
555   | 0.0079049387179421694988  | 0.0044838928010313998038  | -0.003579998328534639198  |
556   | 0.00076319046150058185256 | 0.0070245274734561033436  | -0.0033914393156523389011 |
557   | 0.0088042338045693814552  | 0.003333378972257599205   | -0.0032329521938702686715 |
558   | 0.0092481289885128388495  | 0.0054606415748497732707  | -0.003822846695069453786  |
559   | 0.0051235681947311402865  | 0.0059947055300038987538  | 0.00080145146887884103487 |
560   | 0.0035303255075252899797  | 0.0031595977673540402188  | 0.00031289266961332599503 |
561   | 0.0056976933860919910455  | 0.0061591872127984186383  | 0.00081209479844607853488 |
562   | 0.0048431002978427395433  | 0.0015335977793528362146  | -0.0013585434064636015255 |
563   | 0.0071325821311362782098  | 0.0042428971986787009096  | -0.0011885255468332036732 |
564   | 0.0012136280108926019404  | 0.0063959994534125395871  | -0.00038199895445620372621 |
565   | 0.0033011925858393202995  | 0.0039489612894609794555  | -0.00072121141955626552004 |
566   | 0.0056014076542934016639  | 0.0048185197874437615123  | 0.00024961665457127313718 |
567   | 0.0017694421908587751584  | 0.0037065329218839261974  | -0.001476668976631730773  |
568   | 0.0008509903218868483752  | 0.0070401046010433333128  | -0.00073500960849615755086 |
569   | 0.003547729836927296463   | 0.0027339825303553341208  | -0.00064978910168161864609 |
570   | 0.008308889065167334928   | 0.006182168739637881362   | -0.0016057394328370582035 |
571   | 0.0076260379561026879133  | 0.0038307878841890492284  | -0.0025937552414321434803 |
572   | 0.0067221036970051221277  | 0.0097864964876893095064  | -0.0036937735243996144656 |
573   | 0.0068696803087325763668  | 0.005704761118720146594   | 0.00019449295871349394889 |
574   | 0.0094705500335623086366  | 0.0063786546237300442708  | -4.1674005743006250731e-05 |
575   | 0.0079253544451724326769  | 0.0063497591272030874318  | -0.002168329474331087952  |
576   | 0.0025155734280874592589  | 0.0055304197391985469509  | -0.0035944480310850421799 |
577   | 0.0064632341928519436089  | 0.0090861779070836590222  | -0.00010976400545781761671 |
578   | 0.0065385911912540419649  | 0.0074462784096187492611  | -0.0021515561660025747485 |
579   | 0.0042217387813174526295  | 0.0016812704748413367234  | 0.00035709488071564154943 |
580   | 0.0091608935637962039811  | 0.0061706439628773212397  | -0.0030171910276040438473 |
581   | 6.9468643601377195822e-05 | 0.0066369860423804091787  | -0.0014637399422570869512 |
582   | 0.0090156132010874336091  | 0.0078948482028319572762  | -0.001325015388889934061  |
583   | 0.003673302101193625345   | 0.0053034786822601046735  | -0.0028968501637072186471 |
584   | 0.0067603431700845274463  | 0.0031690884030945772748  | -0.0016760011090372508961 |
585   | 0.0087028082914794944319  | 0.004825928751475059425   | -0.0033602365022097051978 |
586   | 0.0042424109880879580861  | 0.0023335837270185037437  | -0.0016918289069191841043 |
587   | 0.008209415381647268764   | 0.0071272248337529682874  | -0.002369001965091541758  |
588   | 0.00066272201179654521494 | 0.0056918505179983022724  | -0.0011188334998570982712 |
589   | 0.0061367550222720911035  | 0.0029846685257002010354  | -0.0020689880670169422464 |
590   | 0.0087311853952232402337  | 0.0024888162573504712602  | -3.8850027287483601896e-05 |
591   | 0.0009413356737195354134  | 0.0095050443573060239971  | -0.0034630812171416980837 |
592   | 0.0050471626256303825722  | 0.005455724666417019128   | -0.0038624142071699276921 |
593   | 0.0056252652941403786732  | 0.0082676799587551412507  | -0.0027344288710449294461 |
594   | 0.0079223314742321686299  | 0.006665022911630687219   | -0.0033588578913477393564 |
595   | 0.0097977338420087642379  | 0.0042499424615087665752  | 0.00071150283896885947819 |
596   | 0.0063783906331744272267  | 0.0058711181834989389569  | -0.0018150497880676554063 |
597   | 0.0012634054303590194681  | 0.0005280165947302940593  | -0.00099650934823583125349 |
598   | 0.0035131150625086668936  | 0.0015760719971473189944  | -0.000560500198198984694  |
599   | 0.0039507165410843691003  | 0.0031164499779168558687  | -0.0026181479469095931926 |
600   | 0.0012079647996244770487  | 0.0022910899484176175042  | -0.0031919401832617376978 |
601   | 0.0082759114999298496324  | 0.0037218335490716413644  | -0.0011640926305653540897 |
602   | 0.0037809903394102951403  | 0.0072291180277700680182  | -0.0006600195664316318208 |
603   | 0.0079944584887764544995  | 0.0034932125960692723791  | -0.0017502579135618527573 |
604   | 0.008727340540072629077   | 0.006454026080922541965   | -0.0018164509597553806907 |
605   | 0.004447585813610244708   | 0.0024276673837263767347  | 0.00034140974799628766778 |
606   | 0.0040778038916446449069  | 0.0072476477027524762939  | -0.0028671171879374839075 |
607   | 0.00091065853858753400846 | 0.0021025344829366226368  | -0.002878161334325679728  |
608   | 0.000487050339490408869   | 0.0044151615457862893391  | -0.002211426633150584322  |
609   | 0.0096057897335769127506  | 0.0094465924135937202194  | -0.002836747448965211936  |
610   | 0.0083489564591966158869  | 0.0046648810895695081227  | -0.0018409712903806716051 |
611   | 0.0038442739021053414297  | 0.0006700735744337670257  | -0.00031223112827709776501 |
612   | 0.0094239560389900254439  | 0.0057844326268810574224  | -0.00020736067026365387149 |
613   | 0.0050274677703644422497  | 0.0072657031012302803266  | -0.0023415461619956663523 |
614   | 0.0088182378586618773153  | 0.0045953559807981993537  | -0.002203043863789876447  |
615   | 0.0025980120986310679607  | 0.0071989861006277666364  | -0.0010880204120292905502 |
616   | 0.008558851176374802916   | 0.0039349437552865665704  | 0.00069802644083239492184 |
617   | 0.0068948920173667613623  | 0.0033044043294688718246  | -0.00094824424598445979442 |
618   | 0.004863165860899428157   | 0.0082563978031885872089  | -0.0020660478717401658394 |
619   | 0.0045900798728050803271  | 0.0042570656586206909525  | -0.0014010521820089249286 |
620   | 0.0098356482320792679164  | 0.0091852645760882815212  | -0.0019768166385202351129 |
621   | 0.00706635715927499998    | 0.0098799132013166097999  | -0.0029163036050282105556 |
622   | 0.0094024756901642109197  | 0.0049032696503037527178  | -0.0020215881635986762167 |
623   | 0.0079623123167854893689  | 0.0057609502087366528875  | 0.00066165111670458184173 |
624   | 0.00016170669636537748437 | 0.0073465043255372735817  | -0.0024960294482477369746 |
625   | 0.0061438204743159696708  | 0.0022121200190836154756  | 0.00064157135704098321866 |
626   | 0.0035541889736254591269  | 0.00095106918116647561762 | -0.0032934509753381052688 |
627   | 0.0018053759591587404017  | 0.00052658323781024822877 | -0.0031401654674425793189 |
628   | 0.0048738940094714515439  | 0.0091519701678623461422  | 0.00037390038800090997367 |
629   | 0.0014921069756640777289  | 0.0033155068814623499078  | -0.0019828951472143055597 |
630   | 0.0071160473797941600077  | 0.0071454256428522119546  | -0.0020681692439442774488 |
631   | 0.005405589446289286483   | 0.0040589178132331557233  | 0.00064963804359204004209 |
632   | 0.0011307115222809391557  | 0.0079550684673720620937  | -0.0016890615624638759869 |
633   | 0.0093347111064933097069  | 0.0020369443467053958974  | -0.0021599550905172940421 |
634   | 0.0033772790771648061869  | 0.0067304799396046902094  | -0.003538916911883259464  |
635   | 0.0070902682615383199119  | 0.0063769362288850746714  | -0.0020380084821482531872 |
636   | 0.00052976616870757491096 | 0.0021609110638051167406  | -0.0003264503537312074587 |
637   | 0.0044856568786486999967  | 0.007455026792514369248   | -0.001087845316125392401  |
638   | 0.0026743686328058336593  | 0.00065290528654314463741 | 0.00097928841426967502132 |
639   | 0.0094228691594031455808  | 0.0047767568714179907755  | -0.0024322133047984806353 |
640   | 0.0028904473983229223705  | 0.0086386295561056720277  | 0.00079743206230604816998 |
641   | 0.0092227300824846321359  | 0.0029937231374195542519  | -0.00078657584482763772109 |
642   | 0.005030302850249563848   | 0.0063185025819414673831  | -0.0017131629027211949488 |
643   | 0.0070766422594492105549  | 0.0080224845350638038927  | -0.0017513218828213671357 |
644   | 0.0069453074164662559689  | 0.0054245871835275219844  | -0.00021609741084799194053 |
645   | 0.0094827993116104961763  | 0.0051042306393267351805  | -0.0005103115814567500989 |
646   | 0.0044215347918819094056  | 0.0073020619225804645966  | -0.0032009076718899943936 |
647   | 0.0058018977642665808814  | 0.0069570843802615797008  | -0.0017387455216264758283 |
648   | 0.0049474076104113143965  | 0.0076698119281436542838  | -0.00080355678411311176352 |
649   | 0.0090761479352156337885  | 0.0059933966259004571239  | -0.00094041774090519855353 |
650   | 0.002671257910346373169   | 0.0010541169975308950328  | -0.00043142436880299597692 |
651   | 0.0071229293149885821584  | 0.0035312687242931416892  | -1.8178177214754895677e-05 |
652   | 0.0007203915519857463038  | 0.004843937074453233925   | -0.0035400471048032213818 |
653   | 0.0010868629440874146529  | 0.0080801440342945767686  | -0.0028769490897792050765 |
654   | 0.0035354344823473379117  | 0.0035767785466916252046  | -0.00032863038025118969637 |
655   | 0.0016336156949282205908  | 0.0060812491662664922704  | -0.0010490930380615849909 |
656   | 0.002955926345114035219   | 0.0085543347208958640804  | -0.0011720067216593255729 |
657   | 0.001966650968643538118   | 0.0058930577329251382715  | -0.0023116492233606618194 |
658   | 0.0090589154326974914017  | 0.0035259385614269558688  | 1.3832692992530045818e-06 |
659   | 0.0051746480934234005342  | 0.00037062126457142646795 | -0.0026973544427590745269 |
660   | 0.0030229019101027649989  | 0.00049466694356814836214 | -0.0021573723730586072921 |
661   | 0.003219281593888061177   | 0.0071250033175410806482  | -0.00092770366571736577292 |
662   | 0.0044078120018141665401  | 0.0012026195342175203043  | -0.0038679588362694611314 |
663   | 0.0014368636172297040085  | 0.0091445609073484406676  | -0.0018963687999302989221 |
664   | 0.0044356245750587774967  | 0.0096993699433542395621  | -0.0037289344143905719248 |
665   | 0.0001987065924082632236  | 0.0037391400298823545753  | -0.00018404131219758342714 |
666   | 0.0015800939964559215442  | 0.0045561442970584046033  | -0.0023112651605892119144 |
667   | 0.0052308824558919709419  | 0.0041333397066008288265  | -0.00082093638073278782808 |
668   | 0.0068056620056705686983  | 0.0033768043412518208152  | 0.00028604112410177042619 |
669   | 0.0055931084102375829004  | 0.0033911019562145130503  | -0.00052338765566999339175 |
670   | 0.0069622508617249029284  | 0.0022372363099247864412  | -0.0024536361656635613526 |
671   | 0.0080024013943385680081  | 0.007783996123685817288   | 0.00041178940844027462753 |
672   | 0.00022304434441483808106 | 0.0064353775770696168557  | -0.0033085327126772825189 |
673   | 0.0047736534131577780526  | 0.0058701199291199710958  | -0.00054177561019079284108 |
674   | 0.0065270902746867561287  | 0.0038370137230663800033  | -0.0022802605426351331072 |
675   | 0.0043632725124409599618  | 0.0049990366638907272195  | 0.0003469742175689237082  |
676   | 0.0084140347842572068421  | 0.0040257841466451943849  | -0.0028140208166645896623 |
677   | 0.00020290701404659139168 | 0.00022063787046505014644 | -0.0019611546701107729698 |
678   | 0.0023190759097405574951  | 0.0069501977071980908587  | -0.0037251292683166820074 |
679   | 0.0019002981409076292324  | 0.004178576579386542901   | -0.001683665191940522058  |
680   | 0.0076959651543456577064  | 0.00587583159680574868    | -0.0004317948421483548422 |
681   | 0.0049048538732356381301  | 0.0095008971565342156124  | -0.0021091767875902629054 |
682   | 0.0078950407109720302512  | 0.0065902836347238842943  | -0.0018246058591620904071 |
683   | 0.0060237046920576294701  | 0.0079398167704312072601  | 0.00075413003438931907468 |
684   | 0.0092187846935196902931  | 0.0095980949723541101465  | 0.00070926930152631379334 |
685   | 0.001840655033277682328   | 0.0049845355052874594504  | -0.0036052599995015847771 |
686   | 0.0019336311300510633428  | 0.0058151935590912045074  | -0.00020650711160954672531 |
687   | 0.0048725214465956184426  | 0.001936565668456580137   | 0.00024642531998515532915 |
688   | 0.0010562689780312523036  | 0.0044534375125730180783  | -0.00027390374355736610626 |
689   | 0.0080466693406805161332  | 0.0055538737822375359998  | -0.00049828711176302497698 |
690   | 0.0010242043746637231362  | 0.0090816087477533832123  | -0.0019839610009055397635 |
691   | 0.0036909703263227331728  | 0.0048002825324421566702  | -0.0018101827646811391795 |
692   | 0.0073229037106096999538  | 0.0013877189657501441591  | -0.0021863099139360579054 |
693   | 0.0011476857148616569169  | 0.00177432390486062584    | -0.0025235979210458544218 |
694   | 0.0019622581514480178996  | 0.0022013082627989535162  | -0.0012566894652432621712 |
695   | 0.006455070424093178362   | 0.0048859872899912355076  | -0.0018530739060933995328 |
696   | 0.0069855019299160233878  | 0.0036889156583258799968  | -0.0033515436209447481072 |
697   | 0.007093341782842112718   | 0.007901231999613556739   | -0.0028291931435512999993 |
698   | 0.0072751426187465557949  | 0.0017389740266642208632  | 0.00026906947428173588234 |
699   | 0.0065407703384344007339  | 0.00085056240336082457841 | 0.00078937313250843684637 |
700   | 0.0038314526070719915826  | 0.0089034376366517817974  | -0.0018003221083799998865 |
701   | 0.0049570507733944623591  | 0.0048048159623024873019  | -0.0021790565443007953693 |
702   | 0.0066185672833796917874  | 0.0061168908004011323526  | -0.00080934970646529447343 |
703   | 0.0021086282303038974585  | 0.0046801395609472372719  | -0.00082470042913705004801 |
704   | 0.0076433207153586224872  | 0.0036554976167296952642  | -0.0034306649617870691935 |
705   | 0.0037041483365886371595  | 0.0041744709212475500371  | -0.00021383924519456968226 |
706   | 0.0067876768140345891678  | 0.0065216099757498076014  | -0.0025179932428025810463 |
707   | 0.0006011106620600083477  | 0.0095535355460332014449  | -0.00021856173233412773058 |
708   | 0.0099247372430133918436  | 0.0016506004229039136083  | -0.002697564608920296949  |
709   | 0.0045293392077407996707  | 0.0039373366622022405725  | -8.4121980551275148206e-06 |
710   | 0.00011839188269278840817 | 0.00096556391209570106154 | -0.0031402841506575161074 |
711   | 0.0044050990493481496924  | 0.0063194697744551374743  | -0.0020432463308758305048 |
712   | 0.0046654732373472658155  | 0.0048149048576544249689  | -0.00045388351230067202225 |
713   | 0.0084224863298255486788  | 0.0038720607244800177293  | -0.0021335148893789155494 |
714   | 0.0044296828988156060347  | 0.0031727519147265494104  | 0.00085083732763534876842 |
715   | 0.0060372204025542636208  | 0.0080145805542689539658  | -0.0034650296156830532636 |
716   | 0.0017949620833047936087  | 0.0026064823420313336204  | -0.002590513547812404397  |
717   | 0.0036916414642787884377  | 0.0085077154410315887489  | -0.0023464922933419266396 |
718   | 0.00690767220065180345    | 0.0029604235927727265247  | -0.00044146686868975663432 |
719   | 0.0030071358225891159366  | 0.0027080214068091706774  | -0.0035743962703731219782 |
720   | 0.0072526389466122933788  | 0.0097335948791134746516  | -0.0010541114633624865549 |
721   | 0.0029466717681194830487  | 0.006613237823567388006   | -0.0030109864713074485816 |
722   | 0.00030379675042686138777 | 0.0043267808568972871905  | -0.0013053322255408143001 |
723   | 0.0063896924732688284085  | 0.0022495007514182442307  | -0.0014830479046647796447 |
724   | 0.001322089989523364973   | 0.00043185254039801836481 | -0.0015032025046555997846 |
725   | 0.0053631955440904500662  | 0.00094448109617391588951 | -0.0038943261440339779246 |
726   | 0.0018331580455917166964  | 0.0044281802507544557046  | -0.0017820656003136416731 |
727   | 0.0010745895306681701401  | 0.0028157451454910212806  | 0.00098179930268005918131 |
728   | 0.0067945320241340409484  | 0.0091650516554915417017  | -0.0030763043553765005537 |
729   | 0.0078147033975871690176  | 0.0016284432069978557397  | -0.0030614577918022566408 |
730   | 0.0068636457180860140775  | 0.0089984728744612711704  | -0.0037906220157316447214 |
731   | 0.0071145439607806764543  | 0.0039898565881821227569  | -0.0036444160475447321887 |
732   | 0.0049149391649914104044  | 0.0028397319139873557041  | -0.0018585006995973237746 |
733   | 0.0086789672558415503073  | 0.00095983282070901559425 | -0.0024242274948218676608 |
734   | 0.0013508148129924833249  | 0.0092836295940643392272  | -0.0002417988252194209185 |
735   | 0.0027563823569581561053  | 0.0091902329851294602137  | -0.0011713987973924755437 |
736   | 0.0023014722247589117221  | 0.0064181293018063601333  | 1.0227935159482524284e-05 |
737   | 0.0010504999139613422493  | 0.0064644798769165475946  | -0.0012316206618939915494 |
738   | 0.00047454419123421837708 | 0.0066291943575945743231  | -0.0028496659908978975127 |
739   | 0.00736206720045522265    | 0.0067374129518556671176  | -0.0027059528663215767254 |
740   | 0.009695583160982838844   | 0.0066356170001243856491  | 0.00032553034938430629869 |
741   | 0.00051376466050481121427 | 0.0046009894402848638961  | -0.0032341326169159920548 |
742   | 0.0042884722996968643177  | 0.005682775439435110848   | -0.0014363850514463229885 |
743   | 0.0082863029976600020843  | 0.0068977935500404126759  | -0.00020830441307251548635 |
744   | 0.00084781543297645864127 | 0.005772631581436266611   | -0.0028310990245572383028 |
745   | 0.0013775289542120457923  | 0.0059994010106913936431  | -0.002520838842024294979  |
746   | 0.00054230884789887331791 | 0.0073430245752603845455  | -0.0029755264558408343022 |
747   | 0.0053873747836843070141  | 0.0013982747006651163359  | -0.0008306280525097954788 |
748   | 0.0097767573026800447256  | 0.0068180531072651517563  | -0.0025271741489956501062 |
749   | 0.0075423286674424615955  | 0.006647436686085657527   | -0.0031381283883024271159 |
750   | 0.00081534462294746766313 | 0.0014585489770531695399  | -0.0018163587417449418484 |
751   | 0.00082817190077844949399 | 0.0044966698138958413611  | -0.0015592020388686931871 |
752   | 0.0058097321829025912535  | 0.0023296703791305006966  | -0.0033901150478554977451 |
753   | 0.0082780517931267099535  | 0.0049573295834377502714  | -0.0015237423768470973861 |
754   | 0.0072135782488413251537  | 0.0018339866510177443935  | -0.0017042274992632717827 |
755   | 0.0052489720020030905881  | 0.0051239600764631278162  | -0.0031215004586688226834 |
756   | 0.0041636860219847306522  | 0.0066773764826082940976  | -0.0017972176231136264939 |
757   | 0.0059903825788159437843  | 0.0059011047758664551821  | -0.0014048553856906107352 |
758   | 0.0002758160625318205046  | 0.0071834690171721400642  | -0.00040392899422176368638 |
759   | 0.0048368473924006840162  | 0.0064477873194171298615  | -0.0015455109675003467044 |
760   | 0.0012856442832271546862  | 0.0077139264519566833056  | 0.00092510954421702509126 |
761   | 0.0011293311112629987256  | 0.0076642160951496960189  | 0.00059590744873056064254 |
762   | 0.0004757097534357795812  | 0.0046606030504767964953  | -0.0022586429059189097081 |
763   | 0.0016054034153998540928  | 0.009334444614929124015   | 5.0712025570447606291e-05 |
764   | 0.0053806784963245282011  | 0.0091690863129238048268  | -0.0030274384000497757755 |
765   | 0.0072656406894031138818  | 0.0095223953168016885196  | -0.002238125913392215692  |
766   | 0.005541648169978947297   | 0.0011462186006049542887  | -0.00046137381977289258295 |
767   | 0.0043715758784869740775  | 0.0054849012460939476632  | -0.0032006155672120121386 |
768   | 0.0097953961656680032383  | 0.009413317568702072452   | -0.0038502924788855006494 |
769   | 0.0097881431197672993938  | 0.0051608572654724361659  | -0.0025370683135750222471 |
770   | 0.0038546789053493920804  | 0.00067699480887040218002 | -0.00084115858691682368013 |
771   | 0.0083073844080202765422  | 0.00075317219450466170363 | -0.001188509988830619736  |
772   | 0.0050620708311065465423  | 0.0045062921005287566098  | -0.0004545148177666471969 |
773   | 0.0053231218698482855173  | 0.0032889152870606212613  | -0.00039271172134942909735 |
774   | 0.0028794403805101611779  | 0.0074550178816944106044  | 0.00087348095747225972668 |
775   | 0.0055482629224559041822  | 0.0093891888933266554051  | -0.0031814712077695666941 |
776   | 0.0054142466951836581979  | 0.0056913217176560665714  | -0.0015080174155660634999 |
777   | 0.0074857245515273585293  | 0.00082881927956367749954 | -0.0018844984056488390308 |
778   | 0.0088126044070178689849  | 0.0099924066778193081778  | -0.003268326411830856093  |
779   | 0.0051853788833576301351  | 0.0047984301778196758806  | -0.0015047718977083547175 |
780   | 0.0089290314686216922663  | 0.0059136518959216691216  | -0.0019555073322829875752 |
781   | 0.0062365923616742946836  | 0.0022812712309553677577  | -0.0033450328807264838836 |
782   | 0.0025094551100208525168  | 0.0023636515278561915157  | -0.00046651033079505465533 |
783   | 0.0037417411410189298573  | 0.00012053039612062757774 | -8.3344645392245688916e-05 |
784   | 0.0052116889259952456706  | 0.0055316595457827006863  | -0.00283845184612925832   |
785   | 0.0070759811328900265245  | 0.0035116595001321144164  | -0.00046185812002177181312 |
786   | 0.0055713161120385821731  | 0.00018782203890369700088 | -0.0026841388728949754604 |
787   | 0.0090553641276541873423  | 0.0052708909360011900469  | -0.0016375647169016948994 |
788   | 0.0063284675240821899184  | 0.0025540746870356227649  | 0.00029981807224942398117 |
789   | 0.0040511193181528839732  | 0.006284878127979365639   | -0.00065873507361953877008 |
790   | 0.0015538108035209111362  | 0.0062865808880082068438  | 0.0001839455823630738087  |
791   | 0.0033512682650087759033  | 0.00265285172614587424    | -0.000213085759343109479  |
792   | 0.0084607394670919832541  | 0.0051908666846589689853  | -0.00065849701047535828639 |
793   | 0.0098754151490520400425  | 0.0043904668177065378845  | -0.0037607007583967382719 |
794   | 0.0031755968912912115563  | 0.0012623114961846065418  | -0.0012072739406369140894 |
795   | 0.0076653986142434160297  | 0.0033220779712402554243  | -0.0037230425898505999788 |
796   | 0.0059734185618404130394  | 0.0051171264815016203123  | -6.8534837085653863269e-05 |
797   | 0.0021309754925054225257  | 0.0056411027467462146121  | -0.00013513266357945030618 |
798   | 0.0074143497485784038911  | 0.002662449257142402749   | 0.00014364751772906914507 |
799   | 0.0043259584098917702386  | 0.0072807144940789103593  | 9.46311192082283537e-05   |
800   | 0.0067007412118795873016  | 0.0092440560348946692465  | -0.00082652172903777652857 |
801   | 0.0063494208122806834044  | 0.0073511623133186675128  | -0.0036850046437344858262 |
802   | 0.0031448095708336127295  | 0.0045690269119237798823  | 0.00057735324952137129749 |
803   | 0.0049366250674159886311  | 0.0097492641553761638651  | -0.0035981291735381467842 |
804   | 0.0030409165625182388651  | 0.0060382669308457004656  | -0.001897615112301107498  |
805   | 0.0013354051831365259216  | 0.0044125877255380158842  | -0.0010787888039798733571 |
806   | 0.0076475035516281745021  | 0.0063252750108255297035  | 3.9207972974083598022e-05 |
807   | 0.0062301394059938140779  | 0.0050616700991640908858  | -0.0010902531048048119764 |
808   | 0.0085187058509633185877  | 0.0042280025499873601438  | 0.00092228477553981096787 |
809   | 0.00519577323595764827    | 0.0096983003678973757344  | -0.0028397887734550927158 |
810   | 0.0056432214438100602311  | 0.0046913481348635176216  | -0.0003043777845949189177 |
811   | 0.0093956214987017498685  | 0.00067971439005862471349 | -0.0028000089288396099244 |
812   | 0.0096423685323376792655  | 0.0089596195763290316372  | 0.00053095343131802624076 |
813   | 0.0012111085446671883241  | 0.0022241082050892934524  | -0.0020187224069221831532 |
814   | 0.0063551761043793390804  | 0.00015895848020826410874 | -0.0005955215168319535424 |
815   | 0.0055080739210250084792  | 0.0040974966679900607855  | -0.0032181395314778496464 |
816   | 0.0086586642052600241992  | 0.0099890885116869221338  | -0.0016758237014625680487 |
817   | 0.0079755638364373653004  | 0.0071145713428564542544  | -0.0018485941556577116084 |
818   | 0.0073632076989192133884  | 0.0056837339732105258971  | -0.0033552727077389432608 |
819   | 0.0034499437031747159574  | 0.0036267913641348467103  | -5.1391485388873323938e-05 |
820   | 0.0079751902210552661626  | 0.0017379194714372985832  | -0.0012362919667314013501 |
821   | 0.0035640915792527695823  | 0.0085828905194884601987  | -0.00010033970610735030006 |
822   | 0.007755504216007957051   | 0.0080595167851885262528  | -0.0039247942742529811147 |
823   | 0.0041043902357783875606  | 0.004941872810787043338   | -0.0020638363706577556728 |
824   | 0.0035853030617700567054  | 0.0096561824799954974752  | -0.0030835926536486989863 |
825   | 0.0038448094801280209218  | 0.0094767763194841189711  | -0.0017307982893756703163 |
826   | 0.0011644354959826426661  | 0.0076363595802178560815  | -0.0032396273195935969443 |
827   | 0.0088889016367173223632  | 0.008382716198860948667   | -0.0028157856783209969306 |
828   | 0.009487404525062154842   | 0.0098180544776721636463  | -0.0008534803647325969831 |
829   | 0.006967467048111112074   | 0.0081551026154479747121  | 0.00067552595420555111572 |
830   | 0.00036731764549977963859 | 0.0050283320401827156024  | 0.000553187962730289709   |
831   | 0.0081681401550939194273  | 0.0057120975817849051551  | -0.0010103029330185682531 |
832   | 0.007671901660138057133   | 0.0020092874902402375198  | -0.0020527324201289154186 |
833   | 0.003783176263980569682   | 0.003688989471730545408   | -0.0032013044817618754867 |
834   | 0.0013016284970447029087  | 0.0059806377151998130204  | -0.0019766769436522970554 |
835   | 0.00012822334956990341474 | 0.0027872045397060413001  | -0.0032122045223373944453 |
836   | 0.0071089116630394773647  | 0.00466254253085122191    | 0.00016243805722214433272 |
837   | 0.0022909028448691568826  | 0.0031030603620656907297  | -4.6384564820525191339e-05 |
838   | 0.0037027499398624638682  | 0.0013130244103075441094  | -0.0015128390619613665737 |
839   | 0.0087862631978263272536  | 0.0067110663179591814598  | -0.0015288968610101000972 |
840   | 0.0016828055363617637052  | 0.0067543369800253981808  | -0.0034678412801794730909 |
841   | 0.0086764732201339480472  | 0.0067342375225248425272  | 5.446223248842892075e-05  |
842   | 0.0055367778193040791124  | 0.0068092733141312290768  | -0.0025313249500762795285 |
843   | 0.0084653781072743274072  | 0.0087878623369584494412  | -0.0029706074699679314334 |
844   | 0.00012635471010860959925 | 0.0076480025656254432831  | -0.0020249808075005299932 |
845   | 0.0089170120962898218042  | 0.0050984737578175240783  | -0.000844530058015570558  |
846   | 0.0083448702750189944488  | 0.00043248279071579810587 | -0.0025137236757632247172 |
847   | 0.0099203385731242987866  | 0.0057209045641844679872  | -0.00077337322757564316844 |
848   | 0.0067966222302929873642  | 0.0098465752823285838946  | 0.0004807352847068712895  |
849   | 0.0044502430581914633606  | 0.0071154146799029156789  | -0.000442388061604203828  |
850   | 0.00059853358274936801792 | 0.0031128914194466653434  | -0.00070662989992931191097 |
851   | 0.00043520765754967801918 | 0.0024870254089076069062  | -0.0032905274376045360631 |
852   | 0.001945231080126524079   | 0.0027213118687884983032  | -0.0035124751160763483318 |
853   | 0.0064536700692358842796  | 0.0035979141488346770214  | -0.00037474583879570032806 |
854   | 0.0063787962030042557118  | 0.00054061424651793673138 | -0.0011885337874155874581 |
855   | 0.0036891593401980433617  | 0.004579145816155400818   | -0.0017654118659114691973 |
856   | 0.0025982941631788858926  | 0.0019594167512398097918  | -0.0023480097516697245874 |
857   | 0.0033948993430104532076  | 0.0094305622216545991615  | -0.0034746287706511596455 |
858   | 0.0091434204357123908397  | 0.0035358233511034327899  | -0.0011578823425551511804 |
859   | 0.0090434770421445823813  | 0.0032139817261057582881  | 0.00080125826940305368978 |
860   | 0.0028672406611046979616  | 0.0040271936396346083922  | -0.0017056633770803017198 |
861   | 0.00022074229967632551133 | 0.0024966941744634209635  | -0.0029892965285956696331 |
862   | 0.0012118279890079499284  | 0.0035652505029750872038  | 0.00022655323142187699329 |
863   | 0.0018417767685939734519  | 0.0077284375952838373081  | -0.0025195902261185010307 |
864   | 0.0037071479078808161449  | 0.0054131918388316572696  | 0.00032485660392210773811 |
865   | 0.0095084181910466882698  | 0.0016022987947283474138  | -0.0013976362572695878554 |
866   | 0.0061106478626177180083  | 0.0028740403984038099573  | -0.0022865957690412172    |
867   | 0.005291193640088681302   | 0.0009514000662649119925  | -0.0015547699852154384277 |
868   | 0.00722058806399098526    | 0.0091892844032784946201  | -0.0030605692830194589603 |
869   | 0.00099123364258377243477 | 0.0067323774182806231381  | 0.00019709872333922417303 |
870   | 0.0025690204248888463129  | 0.0088799507595865075776  | -0.0027942331783204392773 |
871   | 0.0071774473618323175739  | 0.0067538012172398634997  | -0.0021396550577117193735 |
872   | 0.0012775005534205415882  | 0.0031790073275784181371  | -0.0017980153103488508148 |
873   | 0.0086323802863628087273  | 0.00062814992180809051808 | -0.0013282544244020248747 |
874   | 0.0024621577262941493625  | 0.0005532811250492583599  | -0.00095119673178367745558 |
875   | 0.0039478591955454190102  | 0.0078348763147068900548  | -0.0030424446333766658364 |
876   | 0.0034939685518886897699  | 0.0036036582805804963717  | -0.002075360219478713901  |
877   | 0.0048240505915210932578  | 0.00025086137334703846125 | -0.0021690145991086796917 |
878   | 0.0065343974087175718882  | 0.0051657161114664791601  | -0.0030161676763041066207 |
879   | 0.0082507813847793667894  | 0.00755841993833612346    | -0.00097378528635307332138 |
880   | 0.0047350576586068868906  | 0.0087939991094512278552  | -0.0031213954319597426133 |
881   | 0.0008486560556654809467  | 0.0047420916459751894997  | -0.0024356304607523067939 |
882   | 0.0032992338347397260657  | 0.0081201723972625268477  | -0.0028696993503447743197 |
883   | 0.0061014343560481009224  | 0.0012931420393204921208  | -0.002735371846722380474  |
884   | 0.0035087172335539176977  | 0.0027400029930921181512  | -0.0019276098609909652053 |
885   | 0.0084839843497295456404  | 0.0074943941727792307353  | -0.00056889561961924884747 |
886   | 0.001522355010631782973   | 0.0085945763284330373155  | -0.0015124474835610279052 |
887   | 0.0036605266271034953181  | 0.0019952257251050881624  | -0.0022336256198801731666 |
888   | 0.0043844645165648033283  | 0.0065575702686818480164  | -0.0010348074001622416685 |
889   | 0.0057716892629195194753  | 0.0066546660859847506231  | -0.002780409612925555541  |
890   | 0.002289072809393436457   | 0.0018618832832995810007  | 0.00034868287327736112967 |
891   | 0.002509709232431570243   | 0.0097241963107733489502  | -0.0012905226484320043816 |
892   | 0.0012482508863562434033  | 0.0031442143265230392858  | -0.0031656139754881202492 |
893   | 0.0064300741169655509927  | 0.00020892456651093216672 | -0.0009515774112278376981 |
894   | 0.0099612089182789520514  | 0.0058889978051801699158  | -0.0033502203008875220368 |
895   | 0.0062199839467173010168  | 0.0049016819623927459712  | -0.0027636913418743820799 |
896   | 0.0079912972773899561274  | 0.0038444655531472311794  | 0.00040934256998215661849 |
897   | 0.0098064398551798246523  | 0.0039031493847813047635  | -0.003012013350391829717  |
898   | 0.0086571194418273867549  | 0.0055741094748528972891  | -0.00099605828471186733282 |
899   | 0.0098618061838865941904  | 0.0083872580805869588472  | -0.0010192031856909526243 |
900   | 0.0016775649525149454854  | 0.0016658673324276231011  | -0.000412950890155417132  |
901   | 0.003998680491696961041   | 0.0016640481663243286616  | 0.00067017893706260720302 |
902   | 0.0064439350625074475962  | 0.0069181631696634176068  | 0.00090606411344896272547 |
903   | 0.0032150105251174576799  | 0.0042243376789898364615  | -0.00094510855439315177937 |
904   | 0.009589725269010765385   | 0.0067282026757470121334  | -0.00028469627357153838793 |
905   | 0.0081357073362987360893  | 0.0083491896074563143326  | -0.0025578333987480326647 |
906   | 0.004510877988727888567   | 0.0015676169427390619204  | -0.0027246218423654421439 |
907   | 0.0038342714072576965234  | 0.0029986805440954150855  | 0.00057839215672426036105 |
908   | 0.0095366832330137669277  | 0.0060689448799711121982  | 0.00032462150330057182703 |
909   | 0.00291279489088062081    | 0.0026224970074018982141  | 0.00028783148937529625701 |
910   | 0.0063674215230345469416  | 0.0021839932560447960011  | -0.0023381263773234670089 |
911   | 0.0088517379442695949543  | 0.00033460378329237274418 | -0.00067769608132513389429 |
912   | 0.0092936788327379130092  | 0.0019864494662609256427  | -0.0018563148750557853951 |
913   | 0.0043045976699784653519  | 0.00037704442761454527158 | -0.0037020278909734765163 |
914   | 0.0025368647827961918022  | 0.0087301740842148246174  | -0.0017267390670243560388 |
915   | 9.6019914285112886146e-05 | 0.0024860520457977920879  | 0.00023824588618779273756 |
916   | 0.0029981705374676373248  | 0.005586374378851076232   | -0.00099834721788631978698 |
917   | 0.0036526294077581884442  | 0.0088788104770342931443  | -0.0023666743820853911387 |
918   | 0.00070428678276364007835 | 0.0099634993373174177145  | -0.0024623821475879877768 |
919   | 0.0045940802101561368023  | 0.0038100181669536697243  | -0.00025032956730475512848 |
920   | 0.0015960951299337818986  | 0.0038782257252293304839  | 0.0004974717524356193259  |
921   | 0.0037246363603335363654  | 0.0070511183430663794403  | -0.0008548424931691965328 |
922   | 0.0040344809729760018613  | 0.00057127636238408715814 | -0.00069983628891569444122 |
923   | 0.0049438541919917897843  | 0.0026062271469671784672  | -0.0011034325983575732355 |
924   | 0.0079049468182629673008  | 0.0075076993104296078571  | -0.0010437348904580297324 |
925   | 0.0048421180204788498089  | 0.0076244225098432219512  | -6.0943532387346273892e-05 |
926   | 0.00045002187609962388459 | 0.0089762445885666584944  | -0.0027177258321761568055 |
927   | 0.0080824656853273873364  | 0.009469929939653187051   | -0.0021001093969423424539 |
928   | 0.0061864627400539124596  | 0.0037448233732475461402  | -0.00094190161833908249856 |
929   | 0.0085179321949645364631  | 0.0091284639988878542305  | -0.0023067794637596787839 |
930   | 0.0065018454796115796382  | 0.0046500863774249908897  | -0.00069487036750917607897 |
931   | 0.00036522195564473705545 | 0.0070564396393863028714  | 0.00049867481377962718375 |
932   | 0.0042812539222274754308  | 0.0012432825603792777708  | -0.0019406348033873838544 |
933   | 0.00095291121171362175649 | 0.0089009471522449434139  | -0.0025223217261003297134 |
934   | 1.6446145632450456683e-05 | 0.0079373804233514328593  | -0.0005172803841067023442 |
935   | 0.0074043926346133567482  | 0.0027632867517697391226  | -0.00073786057063282377549 |
936   | 0.0061588721027218320397  | 0.0030074092855589887319  | -0.0018867639050188479092 |
937   | 0.0097806124254473936208  | 0.0038146303338365797515  | -0.0015966072448825225673 |
938   | 0.0027905590142118011886  | 0.0076304392244628633721  | -0.0023770512837819664925 |
939   | 0.0028430215651820607038  | 0.0048454334970443420014  | -0.0020488690312410358374 |
940   | 0.0015566492467194283176  | 0.0044964048060911910448  | -0.0035390343354709200702 |
941   | 0.0043811395340775972918  | 0.0040553362760828992606  | -0.0029101952003396211639 |
942   | 0.0034992051015951971225  | 0.0044281132628178881266  | -0.00077232256550089099702 |
943   | 0.009218562301376529225   | 0.0094248033108608152142  | -0.002441855065440698587  |
944   | 0.0041724879603962320568  | 0.0031669218715697530601  | -0.0016525307055858203843 |
945   | 0.0047096720994473728963  | 0.0077876317388325946509  | 0.00043728226211832681852 |
946   | 0.0058889631864453414675  | 0.0066239642775672612565  | -0.0011401347774785298029 |
947   | 0.0068225387955372050752  | 0.0015912189758789775998  | -0.00087919115042571472328 |
948   | 0.0058966751266255760036  | 0.007051114068562023933   | -0.0015822990224612872891 |
949   | 0.0060067601638055150362  | 0.0045937785781308701841  | -0.0023723973657078976061 |
950   | 0.0026001282740555731014  | 0.0013720287778274063966  | -0.0018268163355103657873 |
951   | 0.0032021815945712721156  | 0.0099114156985130440897  | -0.0032586183415532913102 |
952   | 0.0046835946255827237694  | 0.002577194475629545397   | -0.00074441070928493041376 |
953   | 0.0034414380162122466117  | 0.0023005659605114148376  | -0.0030133164104050856082 |
954   | 0.0068150037447928298734  | 0.0097540940295863607506  | -0.00060959655032767124695 |
955   | 0.007404680496293818831   | 0.0038289141403330508376  | 0.00081068672396051016243 |
956   | 0.0015453057349786971167  | 0.0016160089338352892022  | -0.0016030205553785089462 |
957   | 0.0027641488774725686897  | 0.0068636951422735778539  | -0.0012089481433749482524 |
958   | 0.0043826290761009040892  | 0.0026403779020488168938  | -0.0020786536954658448202 |
959   | 0.0042026847266031239561  | 0.0058602771810848906797  | -0.00054230856594123400677 |
960   | 0.0039496755249745808813  | 0.0032199892371478611684  | -0.0015595552550915470734 |
961   | 0.0083479434847641871553  | 0.00040187548256241022128 | -9.1034627760662527015e-05 |
962   | 0.0049001242294851587999  | 0.0038851784789304139728  | -0.00021453067916022981244 |
963   | 0.0045840342632370214421  | 0.0052187788656835234352  | -0.0021959876903337007328 |
964   | 0.0058030351601243172419  | 0.003111011618386492518   | -0.0010420977709211492589 |
965   | 0.00045606288607133622925 | 0.0070653436454289533092  | -0.00031001265557187057849 |
966   | 0.0014452488047804815108  | 0.0086770894560221287217  | -0.0023324345388113258346 |
967   | 0.0090169027866123171999  | 0.0042762274999861727559  | -0.00019938439272246206773 |
968   | 0.0028203118847345801275  | 0.0033624354015092824087  | -0.0018313795121210937455 |
969   | 0.0052503348964820610589  | 0.0086047062712349599994  | -0.0036844471128649361295 |
970   | 0.005331410676589879577   | 0.0069626580346638239361  | -0.0029294954901566976242 |
971   | 0.0075362380708994701137  | 0.0022309378407951050913  | -0.00075025759865628670331 |
972   | 0.0019170978454282551658  | 0.0026096690055142411982  | -0.00039193242433242960051 |
973   | 0.0031506543438904930331  | 0.004498523110601682258   | 0.00056939648950015536982 |
974   | 0.0026586728476076454744  | 0.0012489637762520433995  | -0.0037654495216306190473 |
975   | 0.0017938710256300970537  | 0.0082557350932642159513  | 0.00076512219995511065312 |
976   | 0.0027338831943688642057  | 0.0051225063071100923259  | -0.0016491406640402924821 |
977   | 0.0034517904946719689049  | 0.0027233563662863043663  | 0.00024814407316718634089 |
978   | 0.0087813043699250213636  | 0.0094280285025228564161  | -0.0022171162761965091184 |
979   | 0.0021112378493804199141  | 0.0084840734723581993915  | -0.00028895193262273665248 |
980   | 0.0071070627038865279851  | 0.0028098710858455808875  | -0.0015336726123904077281 |
981   | 0.0091515334486264327679  | 0.0081921388684621683496  | -0.00069037560590581165121 |
982   | 0.0050652969909043988467  | 0.00086129462095451455716 | 0.00085776715493704035892 |
983   | 0.0034342901608436825558  | 0.0046264000651269118064  | -0.003142972955959139926  |
984   | 0.0093903065873205942421  | 0.0014983805932546768319  | -0.003750793898338931117  |
985   | 0.0046457357154213547654  | 0.0068335434003974878173  | -0.00073727554744194552603 |
986   | 0.0034055346769631721429  | 0.0017820440395346277308  | -0.0016940430125435810855 |
987   | 0.0064078775787689435522  | 0.0042804270523008544624  | 0.00082209688075343201677 |
988   | 0.0049885669315786092259  | 0.0013187899851231359594  | -0.0024720259747171968029 |
989   | 0.002224007906800079537   | 0.0012099484882088756398  | -0.0034814088554452615742 |
990   | 0.0066372424218287852382  | 0.0067091980039817146822  | -0.0013942384402775909787 |
991   | 0.0031389620028590371412  | 0.0077834295525430578777  | -0.0032710997465015844744 |
992   | 0.0091637005403278262022  | 0.0059440278490411908169  | -0.00087726772940611454348 |
993   | 0.0029466416247224910298  | 0.0014079787625039064201  | -0.003697921536132810303  |
994   | 0.0071177074607094679981  | 0.0062433445698044853431  | -0.0030152099616714694852 |
995   | 0.0035708237634031322547  | 0.0028155333620285757923  | -0.002949758016047117435  |
996   | 0.004015948842647002609   | 0.0039745348048270861055  | -0.0027809842566886636139 |
997   | 0.0039237930807095562982  | 0.0027087582151806574929  | 0.00030466315889812094556 |
998   | 0.0084585736923669090775  | 0.0068050285128306037957  | -0.002190085669708123628  |
999   | 0.0041582615823115062076  | 0.0039296260615351626816  | -0.0019509503996595239147 |
