N			X			Y			Z
0     | 0.0070360349352650347274  | 0.0049793668461987497867  | -0.0052499183996679386205 |
1     | 0.0074183007646216863468  | 0.0043967552146063912724  | -0.0052809522495554893362 |
2     | 0.0014238350119902714371  | 0.0080583687794754787354  | -0.013529343567598942771  |
3     | 0.0061233232946017639511  | 0.0010162294065127865442  | -0.0041866504199652397611 |
4     | 0.008957218790057034849   | 0.0080107039400851703936  | -7.0986916801675742448e-05 |
5     | 0.00071390068141171563257 | 0.0010026620881273407958  | -0.0084954866768869995858 |
6     | 0.002259493688412157579   | 0.0095761843283760170881  | -0.011787646226527413729  |
7     | 0.0069341506468385844669  | 0.0031938859855871345149  | -0.0097144361968512851768 |
8     | 0.0060815938582956417455  | 0.0089829556248699517218  | -0.004185360599223096438  |
9     | 0.0038170873112432163535  | 0.00037176188843662084189 | 0.00014650184171693462197 |
10    | 0.0086447329239392918521  | 0.0069000732555028060355  | 0.00019979406257618261694 |
11    | 0.0097172653517493701864  | 0.0022799517090212155501  | -0.013564901538084615795  |
12    | 0.0032229597645025065064  | 0.0060724218457361258186  | -0.0069703628035694808335 |
13    | 0.0008713265942670480723  | 0.0046597091805061123873  | -0.010688934773487245369  |
14    | 0.0035547492799604613403  | 0.008894526343574885377   | -0.006981889954797545518  |
15    | 0.0060627924387403981862  | 0.0051905240388728235423  | -0.0095110751565045410089 |
16    | 0.0079232404281510491334  | 0.0069061162029035319879  | -0.0073915966762246217148 |
17    | 0.0060867376909284212974  | 0.00081713029899417751172 | -0.0039845661993598820508 |
18    | 0.0075079948551929056796  | 0.0018041055207632375121  | -0.012357014631751699063  |
19    | 0.0090615046485333829857  | 0.0079509217301500373365  | -0.0078656895242519963424 |
20    | 0.0058068956505726706738  | 0.0054352227641873245012  | -0.0058641941944882350693 |
21    | 0.0018905690879292484478  | 0.0086893703479877636847  | -0.007691554646420802055  |
22    | 0.0093033934300023532482  | 0.0019867237797276415291  | -0.0065177158332738703572 |
23    | 0.0034531656790373413402  | 0.0059376589496587745334  | -6.9220999279011091645e-05 |
24    | 0.0058516944181407418157  | 0.0074336150302174684723  | -0.0075044307711074264775 |
25    | 1.4274990598037917962e-05 | 0.0085206004169675834264  | -0.011557642920949759077  |
26    | 0.0052248069915587754333  | 0.0049323304014219923955  | -0.0055791523881446019456 |
27    | 0.0045020813747692041765  | 0.0029014085360884868219  | -0.012507352436335168744  |
28    | 0.0033663672284209990131  | 0.0072415231798026551135  | -0.0062230145140247253646 |
29    | 0.0020406380776140015977  | 0.0096876893816645638646  | -0.010125887233801275297  |
30    | 0.0024278943591186752209  | 0.0047958954619000456615  | -0.012909525259306857056  |
31    | 0.0071703345008627943774  | 0.0085422536356608534669  | 0.00046698528870075053671 |
32    | 0.0083723757604981449698  | 0.0011644868566969526942  | -0.00059426167495126892837 |
33    | 0.0094492543287840145838  | 0.0010673664954509991688  | -0.0037077571882797762115 |
34    | 0.0058155509839462491903  | 0.0071007558264387067928  | -0.0079072984515476136408 |
35    | 0.0056133723386012608983  | 0.003483955681636689318   | -0.00027075945425207586939 |
36    | 0.0037609846474102402031  | 0.0065260826153545935593  | -0.010257094194531383644  |
37    | 0.0067785398718282147482  | 0.0074473624655075412737  | -0.0053348265813314681844 |
38    | 0.0035345957130209115955  | 0.0069894648462918186616  | -0.0064992025171516339468 |
39    | 0.0068894785684832319378  | 0.0065524891024553713267  | -0.0073395602814719579018 |
40    | 0.004792446854735097489   | 0.0076006763887252245387  | -0.011367456768483219509  |
41    | 0.0032250877506194504558  | 0.003138628220669422049   | -0.011962368102679605403  |
42    | 0.0037579768106613428529  | 0.0063249024130359026569  | -0.0013963227841202387625 |
43    | 0.0089789846993285054449  | 0.0067552254665385440269  | -0.0030116967806496758829 |
44    | 0.0092165501375395843253  | 0.0098208721200076891378  | -0.002628194832966925399  |
45    | 0.0085019598997089114445  | 0.007782441982809468542   | -0.0065709943974496072203 |
46    | 0.0099396603677243365593  | 0.0069983075319153594668  | -0.0077921147916146949602 |
47    | 0.0015383609204003743064  | 0.0022498157676467283629  | -0.0088358056811985441481 |
48    | 0.008735619007759643645   | 0.00063963360532708860452 | -0.011214742769053563654  |
49    | 0.0016013006969731245592  | 0.0081049491361722073718  | -0.0080105572518955527744 |
50    | 0.0071376589546383690729  | 0.0024627446898960979327  | -0.010928918664244849368  |
51    | 0.0071560381527764000201  | 0.0020586566862036055105  | -0.0016513704858090538872 |
52    | 0.0031582212203161608328  | 0.0003185332923692642368  | -0.0050137479452299774443 |
53    | 0.0017785990715635925739  | 0.0023367788841866399957  | -0.00054190314856491052838 |
54    | 0.0050006458108325258644  | 0.0051268496240369186567  | -0.01213093574438231341   |
55    | 0.0082883446192654596646  | 0.0010248329054112995801  | 0.0005620834878892462614  |
56    | 0.0054400144855934950625  | 0.0063406927064955653783  | -0.012792762512739900074  |
57    | 0.002588320271147332742   | 0.0036258842282557175035  | -0.0088922527305197434505 |
58    | 0.0060930206499481441226  | 0.0030836496289477974275  | -0.0097208639275392187684 |
59    | 0.009150331526874437571   | 0.0078211155084510555757  | -0.0012917039509369317943 |
60    | 0.0053098927282348449067  | 0.0070235755431819289069  | -0.0085963651766389204134 |
61    | 0.0079407097960002438058  | 0.0068272443455788690142  | -0.00024295122809570794242 |
62    | 0.0042643356405231034809  | 0.0057558599670470642767  | -0.0086930750024237345847 |
63    | 0.0018514363932255763733  | 0.0099334653617132607356  | -0.0051165446226059682969 |
64    | 0.0089926664384157636162  | 0.0065600636788588316539  | -0.01307260024464770333   |
65    | 0.0093188156712102881291  | 0.00091083538035534685785 | -0.0080455875519189791467 |
66    | 0.0055378728938766828491  | 0.0018443203125631862579  | -0.0092200226651012115453 |
67    | 0.0046636381682409033117  | 0.0053718704616791523171  | -0.0036074282530370294607 |
68    | 0.0062407942016754550107  | 0.0032117569756627871794  | -0.0090428312232769137574 |
69    | 0.004480616785959263583   | 0.00602668163235668599    | -0.0036823566192771117062 |
70    | 0.0077074435671145129223  | 0.0071299369677459128319  | -0.00050187025557691137753 |
71    | 0.00864525856130533496    | 0.0063763877299540154889  | -0.0052713452761605243332 |
72    | 0.0081537058323141696492  | 0.0045845888898658482269  | -0.010002968707285415234  |
73    | 0.0013610907698489559808  | 0.0039349644059557898138  | -0.010608925598551087119  |
74    | 0.0021096366635384783059  | 0.0044841050462646964495  | -0.0024968373022048739873 |
75    | 0.0071367947390096973109  | 0.0017377827985619734904  | -0.0052177934766471497849 |
76    | 0.0066978804163630124499  | 0.00853089266940860666    | -0.010170673697059361487  |
77    | 0.0070423757139853300838  | 0.0077405157984164665169  | -0.012952170104627264147  |
78    | 0.00099941954760057044593 | 0.0087091616897610885095  | -0.013320866943305762278  |
79    | 0.0077162828484599469206  | 0.0031569059169698683066  | -0.0036082162042560292185 |
80    | 0.0078676214058299564352  | 0.002336621030168812424   | -0.010730288144950731258  |
81    | 0.0043485027100983340495  | 0.0031165031070068262113  | -0.010394012985246930264  |
82    | 0.0056044830087745066763  | 0.0036842848581516260582  | -0.0020119870558935955447 |
83    | 0.0022178851417918540347  | 4.0721438109910551464e-05 | -0.0018201570313238612381 |
84    | 0.006411614222944515655   | 0.0054717641451191697741  | -0.002208450756330025775  |
85    | 0.0097930067322455939538  | 0.0053260502902609165726  | -0.0047948404415495259751 |
86    | 0.0051910456192477121701  | 0.0048493236172956651064  | -0.012062821025118145024  |
87    | 0.0019358613224930596927  | 0.0093831735500530741301  | -0.0093570565635159169693 |
88    | 0.0031408206338480360205  | 0.0053042305794593850449  | -0.01080170354288212918   |
89    | 0.0091613934741744465495  | 0.0064119151585668625673  | -0.0012306457976499274917 |
90    | 0.0055289540204694672537  | 0.004315928949644464753   | -0.0075554821502273866035 |
91    | 0.0096447974582040321007  | 0.001120501451547791438   | -0.0016967315181345195979 |
92    | 0.0037001093677905736411  | 0.0073306220179187716809  | -0.0011159687458704231015 |
93    | 0.0035752167492347133176  | 0.0045464753992161465943  | -0.01245849449223509868   |
94    | 0.0031043817623459253434  | 0.006007233786919166825   | -0.0082514902217472353707 |
95    | 0.0020410481082171368084  | 0.0025623311467732343485  | -0.0073885171607125611423 |
96    | 0.0019142610347199749427  | 0.0086213411925230177407  | -0.00053817560620359990772 |
97    | 0.0038182602376007766971  | 0.0085507377260776104566  | -0.0048795672624636363471 |
98    | 0.0057062368717433501961  | 0.00096470581331212603479 | -0.0010218616273610936235 |
99    | 0.0055800023400681304786  | 0.0076131863570349962711  | -0.0083811429740884187123 |
100   | 0.0066392771344688985419  | 0.0033367656522947722331  | 0.0005245642012896649907  |
101   | 0.0026071865030270892187  | 0.0099858023303056459019  | 0.00015710264472142322243 |
102   | 0.0055855226563771599724  | 0.0098708853378102652532  | -0.010356890207356247297  |
103   | 0.0098939342036891836374  | 0.0078896668458443321159  | -0.011684502975011038309  |
104   | 0.0054566366546885203617  | 0.0032087566882174054818  | -0.003347530279167377186  |
105   | 0.006975275448545651541   | 0.0031213795270757993192  | -0.0041010212645009114577 |
106   | 0.0094411337199075042598  | 0.0093459667491640283782  | -0.0066240596417338421312 |
107   | 0.0054962615387334238723  | 0.0052128353277044667258  | 0.00044577132873074767211 |
108   | 0.0044523341766746025311  | 0.0014407751274349393789  | -0.0037624225218732387094 |
109   | 0.0069732357705533489292  | 0.0028536924300894893174  | -0.006080320720951014335  |
110   | 0.006611405310412619106   | 0.0089593525028302620911  | -0.0073408291286496726163 |
111   | 0.0020091637850785659669  | 0.00079222930755345056901 | -0.0019135269332300336442 |
112   | 0.0017653582541295204534  | 0.0024428030203874672235  | -0.0019477056030037817689 |
113   | 0.0068714951895070984153  | 0.0018624778129683573161  | -0.011306505743503312417  |
114   | 0.0067376067125354752174  | 0.0045516776897170149047  | -0.0036671348448855827819 |
115   | 0.0071936112197021487638  | 0.0032133940751860115559  | -0.010136145388559851879  |
116   | 0.008682682432191132435   | 0.005632577264134573311   | 0.00097690310065377729959 |
117   | 0.00085608147204160021677 | 0.0093235786068216908867  | -0.010897816543033796155  |
118   | 0.0019703884888500906164  | 0.0054962365321624987932  | -0.0074065284524429519236 |
119   | 0.0025624266955689722382  | 0.0012675896170928372883  | -0.0081656256161018892642 |
120   | 0.0067776388278637817592  | 0.0080243394399156925401  | -0.0036622446949015367498 |
121   | 0.0028824300221577414151  | 0.0017861785858037458174  | -0.0021163149321154176193 |
122   | 0.003164036292949775394   | 0.00031474455776927937924 | -0.0046894373009892745957 |
123   | 0.003779238345853141133   | 0.0032502591658824494039  | -0.00071820668030679005612 |
124   | 0.0035554667321998391361  | 0.0050329108314385835946  | -0.0049240484052434337417 |
125   | 0.0097071463694495836033  | 0.0046521598724184598517  | -0.0024260554093253933368 |
126   | 0.0031093212536668270868  | 0.0018479378380576478181  | -0.0050880065443124058641 |
127   | 0.0076361441142404019519  | 0.0027164961085419537384  | -0.0024998350875548506871 |
128   | 0.0027528891086148854321  | 0.007094874725535970858   | -0.010320125329612184206  |
129   | 0.0092063918427025236146  | 0.0057477661350505901416  | -0.0016390026493899160533 |
130   | 0.0067765042524175330904  | 0.00050414692771603747574 | -0.0082060683936936301697 |
131   | 0.006351103571497728785   | 0.0023716422354871802974  | 1.1991708075635103254e-05 |
132   | 0.0053001840169837350497  | 0.0054251783908347440272  | -0.011055595162836846096  |
133   | 0.0067142074631036940957  | 0.0047760354445820826091  | -0.007381056308232262185  |
134   | 0.0083945729962611251307  | 0.001676067261879344867   | -0.012080035549390350305  |
135   | 0.0098837456561884761558  | 0.0088594940531486841145  | -0.0080857786791201508025 |
136   | 0.00083224487269819755718 | 0.004404251139327570834   | -0.006965760522532627938  |
137   | 0.008113793804504335766   | 0.0087631287594080280179  | -0.0068046875084134348516 |
138   | 0.0060497627000996945582  | 0.0026280815140873187152  | -0.0014139358873156433315 |
139   | 0.00060960412390226933078 | 0.007332949634347150393   | -0.012449145922494204292  |
140   | 0.0067096326764099177564  | 0.004878035057092963353   | -0.00039281141626059155143 |
141   | 0.0052597031798824129059  | 0.005106581748371026401   | -0.0061227731683287951042 |
142   | 0.004401940837341753246   | 0.0014843111312736693291  | -0.0055843209425386680297 |
143   | 0.0090024918649746037136  | 0.0084824545756967094368  | -0.0069091950574366135449 |
144   | 0.0095925724292649557773  | 0.0032882125108298575732  | -0.010290016327233192719  |
145   | 0.0016532429852227027624  | 0.0015458730076069117539  | -0.0090740456194231908921 |
146   | 0.00099790311665083402878 | 0.0035082609879518176013  | -0.0098856446638456458437 |
147   | 0.0096256725051451445113  | 0.0054590105012052103986  | -0.010399561608354651251  |
148   | 0.008057826397537225932   | 0.0019881046879619656935  | -0.0096641392904403111003 |
149   | 0.0034227512770690429744  | 0.0046395788123849372037  | -0.0039920721227204164494 |
150   | 0.0061284921490025656352  | 0.0036002882643587507012  | -0.0080468310467505712452 |
151   | 0.0068373021236499721687  | 0.0021389445018141304417  | -0.010277732802489893474  |
152   | 0.0086669262844547931973  | 0.0041625166602863444831  | -0.0050910862058824585263 |
153   | 0.0077276549533023689356  | 0.0066930809420662640968  | -0.0012201576275168225013 |
154   | 0.0079968439996993406771  | 0.0071390514204015360564  | -0.0025194448397499640338 |
155   | 0.0016267050514188492044  | 0.0034048496016461436524  | -0.0028553369549367572586 |
156   | 0.0013622457579636352079  | 0.0067518519735766929085  | -0.0066977268949704980849 |
157   | 0.0039966603374425521689  | 0.0026725212477343427732  | -0.0069309379067596073656 |
158   | 0.0079461621681032167802  | 0.0076826704885415084134  | -0.012369983567394046003  |
159   | 0.0062004212537324198545  | 0.0009080924988446604498  | -0.0035884455452679531878 |
160   | 0.0020569453092358341156  | 0.0038331646353914803314  | -0.012093430674479087664  |
161   | 0.00464797241174866229    | 0.004172360869909396211   | 0.00059700197050584127151 |
162   | 0.0026819845090240252913  | 0.0035392931567924642081  | -0.0047795624025801057566 |
163   | 0.0049604914473630979874  | 0.0089625736095824762306  | -0.0070182533690467127988 |
164   | 0.0078954663202772147612  | 0.0067401920204506410653  | -0.011672867897635412146  |
165   | 0.0093638013499758657177  | 0.0053763615150886857538  | -0.013572745594035861075  |
166   | 0.0045704354287115188382  | 0.0091277433896515790257  | -0.00055962952059041644239 |
167   | 0.0050291999570645246759  | 0.0057950422458691724925  | -0.0053630479822244008989 |
168   | 0.0038075973055204217002  | 5.3736322188462915786e-05 | -0.0067220834054042598663 |
169   | 0.0088236906518242789327  | 0.0088560585944239735706  | -0.0001090132144392545559 |
170   | 0.0097987372859305119782  | 0.0058866219059267553548  | -0.0076906648094136375107 |
171   | 0.0029167090766473772155  | 0.0082260259071168535111  | -0.0078168627799003274209 |
172   | 0.0091573740744759143939  | 0.00010932483163009237186 | -0.011487768347611065564  |
173   | 0.0058376252633628262709  | 0.0072616500000905765538  | -0.010861511102710908264  |
174   | 0.0069297360877128150181  | 0.0058481405527898129917  | -0.0080863500735910386064 |
175   | 0.0077142907859747804344  | 0.0021402919654832587744  | -0.0047313495285532585974 |
176   | 0.006126754609866160925   | 0.0062923946664506600485  | -0.0032025457036629601491 |
177   | 0.0088440962056308795869  | 0.00025041308586024616173 | 0.00012234537386894832767 |
178   | 0.0029738570918141139267  | 0.0067148238207984855749  | -0.0072893263094880858186 |
179   | 0.0002882504700810640131  | 0.0090554193657452815985  | -0.0072977760815788319734 |
180   | 0.0064528384910020513202  | 0.00013195061778175539422 | -0.013263581330932848815  |
181   | 0.00034409655325957563821 | 0.00021288810742203109435 | -0.013427199013118470625  |
182   | 0.0040111011137128277718  | 0.0097872469682025019927  | -0.0038630209812792006864 |
183   | 0.0051951145487311861659  | 0.0067339084392254713526  | -0.0066534024161956370827 |
184   | 0.00089191506345335646189 | 0.0068566775043811100526  | -0.0096838984964560392843 |
185   | 0.0031645149666464085329  | 0.008696436871608242275   | -0.0027125077274608847856 |
186   | 0.0051128289662246886177  | 0.0013086584437801375078  | -0.0039136172907729607079 |
187   | 0.0096332393496270651845  | 0.0030926738431383596871  | -0.010615747346157980782  |
188   | 0.0037079725814217015002  | 0.0061600725572109769554  | -0.0019565516212226431551 |
189   | 0.0090300083286874669591  | 0.0025806021652690601387  | -0.0046185771273128213218 |
190   | 0.0079558524687534312725  | 0.0072803139233787129633  | -0.011835462261296213551  |
191   | 0.0022809226614451537547  | 0.006766230950734771106   | -0.012030701597022413693  |
192   | 0.0010457285974396408369  | 0.0058038302897698255955  | -0.0028462035115520735451 |
193   | 0.0029684076715894677952  | 0.004477016917616480525   | -0.0071842673143982776346 |
194   | 0.0021722503389388970498  | 0.00094304914034860898558 | -0.0063220283014022195245 |
195   | 0.0039815181119568420973  | 0.0050575092708439314468  | 0.00055704875520637972888 |
196   | 0.0029196096991886875092  | 0.0048113039554550504281  | -0.011868773523508424975  |
197   | 0.0031980674860884617666  | 0.0086738659127420843914  | -0.0086978600432201583215 |
198   | 0.0065178412814831413954  | 0.00093419127502363929344 | -0.0071835696153412127718 |
199   | 0.0048272344313754697587  | 0.0075751900242150230907  | -0.0016796715959778523407 |
200   | 0.00026019792460762439408 | 0.0060212188320023776397  | -0.011132646376145000078  |
201   | 0.0062373883844227739556  | 0.0011301298183814521316  | -0.0077468892775098604359 |
202   | 0.0061221251493066173796  | 0.00042040005563163593532 | -0.010143835471982580107  |
203   | 0.001771295077772424122   | 0.0082512920506172173635  | -0.012057293536750680538  |
204   | 0.0081336548682152762929  | 0.0095540533070125471804  | -0.0071055327920552793439 |
205   | 0.0006996441047936300707  | 0.0082724566167731508615  | 0.0007002932392315549745  |
206   | 0.0085727728088649951532  | 0.00090908019581360268151 | -0.012904397951389206742  |
207   | 0.0062703344900876300042  | 0.0030736195408630402094  | -0.0065884765929349643765 |
208   | 0.0060189391451781334638  | 0.0070357821400384833871  | -0.013052350998688670713  |
209   | 0.0040493463496504835883  | 0.0061642206962944949208  | -0.00697737044603036205   |
210   | 0.0052501735591455236246  | 0.0040987712901351920983  | -0.0043189971649802254283 |
211   | 0.0098933374614979929101  | 0.0076477750820488597794  | -0.007182296480047582754  |
212   | 0.0066551567738161012192  | 0.0045523442441235796932  | -0.0014011517536559603414 |
213   | 0.0099356153799825385614  | 0.0082722741271034003208  | -0.0074738527974282245939 |
214   | 0.0058541788973273381144  | 0.0029462065546529423235  | -0.008669560117425761589  |
215   | 0.0033878345960497440077  | 0.0055294174754301666022  | -0.0022620487007259425585 |
216   | 0.006959966550309113105   | 0.00658230145625205397    | -0.0015106215624470053886 |
217   | 0.0058284140025058580117  | 0.0098193845777898094984  | -0.0035432940723433199205 |
218   | 0.0086978165116131413159  | 0.0011546061510054298101  | -0.0059966089101401044009 |
219   | 0.0038083515116698655155  | 0.0027114918287912954768  | -0.0055183439269858095    |
220   | 0.00041758337038385798636 | 0.0015231880561819017682  | -0.011152170834670729546  |
221   | 0.0038845455010674575895  | 0.0074690232834359951419  | -0.0067244025751960470258 |
222   | 3.6446265436511756037e-05 | 0.007967573609450313496   | -0.0014780437649684931289 |
223   | 7.9851675346091744671e-05 | 0.0071147443214886448362  | -0.00040782748448042971607 |
224   | 0.0090484043558873832741  | 0.0026023167759550319168  | -0.00047487330060335053916 |
225   | 0.0070790844140349497987  | 0.0073127787719180943615  | -0.0030674388066050544722 |
226   | 0.0059646000079678785505  | 0.0023985050245989678226  | -0.0037465949798390382579 |
227   | 0.00057763009881568554409 | 0.0049597025691978510395  | -0.011510006934526157557  |
228   | 0.0028166331880694812397  | 0.0071232459942654358792  | -0.0027131299553548112076 |
229   | 0.0049111825754919596898  | 0.0079590283993363139525  | -0.0087484984879832791704 |
230   | 0.0075570997310923553394  | 0.0048921987324457094984  | -0.0086077902177664877142 |
231   | 0.0035152988718708034523  | 0.0065202525400199695324  | -0.0048064377657967439356 |
232   | 0.0028245841669483238642  | 0.0093301364493896289665  | -0.010009512032285382624  |
233   | 0.0099020972591133717133  | 0.0043323910589878212446  | -0.0067747468600863960941 |
234   | 0.0091783583185747492222  | 0.009322856609790302479   | -0.012899797542170415507  |
235   | 0.0011144458913236959894  | 0.005784597412184220612   | 0.0004887486512742147916  |
236   | 0.0022995481418529588498  | 0.0023341937284430572079  | -0.004588398840187759252  |
237   | 0.0077510196161571544293  | 0.0059747736245259778706  | -0.004143923411643282706  |
238   | 0.0050307150144413750187  | 0.0032377427310496336398  | -0.0024891748774992080925 |
239   | 0.0059938711670005674625  | 0.0011049457116230304403  | -0.006546306208846356875  |
240   | 0.0081414582776673447007  | 0.0092262156767342496516  | -0.0033577151833765763421 |
241   | 0.0091442861550843877738  | 0.0016054911079444770475  | -0.0027393275549739957465 |
242   | 0.0005692437012517561918  | 0.0043423823541702240639  | 0.00046646645769092234162 |
243   | 0.0015331043598473159846  | 0.001973226356281079525   | -0.0075536033629380388774 |
244   | 0.0023975862301026757903  | 0.0048390211746806603352  | -0.010988582438091275273  |
245   | 0.0054970212387109931851  | 0.0016054747117439957353  | -0.0017990685990922101068 |
246   | 0.0030327514251489375192  | 0.0058390223336075314925  | -0.0045126803604516188897 |
247   | 0.0052596790487392363483  | 0.008227890069957406044   | -0.0067811044882923939697 |
248   | 0.0088098973089010823578  | 0.0011144264661266838675  | -0.0087074543925547628898 |
249   | 0.0086669045381813098611  | 0.0053850780823579335807  | -0.0043646141714002760839 |
250   | 0.0011363708148524325359  | 0.0055850193368472455038  | -0.00093493606966333936848 |
251   | 0.0083280675863449931534  | 0.0017407066850772189796  | -0.011248601922032620826  |
252   | 0.0013828643920133863038  | 0.0046050400005508539819  | -0.0080027160584541338906 |
253   | 4.8926126473025417405e-05 | 0.0055824321749257952222  | -0.011630997397676968302  |
254   | 0.00099933544465637103547 | 0.0035989603190994265761  | -0.011259077644311686617  |
255   | 0.0078928992694361904681  | 0.007705185558811845567   | -0.011403790386526323555  |
256   | 0.0062419603816933968976  | 0.0066692180545010202111  | 0.00095731448675131787084 |
257   | 0.0069446988006960945136  | 0.0053889731073840253101  | -0.010590777662893808425  |
258   | 0.0089541973352817421511  | 0.005838971835755784115   | -0.0041597323711966465234 |
259   | 0.0036815270660187147771  | 0.0011641900082236622625  | -0.00065156500339055541463 |
260   | 0.0096165177484646945094  | 0.0055377778204337424484  | -0.0025141366882320769459 |
261   | 0.0052288376884392674671  | 0.00068890549866324542628 | -0.0021074135093402056838 |
262   | 0.0035757593257974441131  | 0.0030969245962213023948  | -0.0099834253679925415853 |
263   | 0.009097907753192387495   | 0.00029513701878846075382 | -0.001538849013419972718  |
264   | 0.0057225374574639935321  | 0.0034122059867017339591  | 0.00052513970031496843855 |
265   | 0.0094754066097260426782  | 0.0067592369568294898355  | 0.00037016739354027352465 |
266   | 0.0020937200244218966659  | 0.006989483133940177853   | -0.003718167410673307513  |
267   | 0.0088931615292857976035  | 6.685397889878881561e-05  | -0.003527472956537765908  |
268   | 0.0046014795252638848039  | 0.0030601496638912612652  | -0.0039959971715705089323 |
269   | 0.0077449129923567693046  | 0.0070637252148289322862  | -0.0051526333745591876984 |
270   | 0.004299080177218259427   | 0.0035539408087234820692  | -0.0094030261867425399269 |
271   | 0.0062525872330333118199  | 0.0023118833913023479829  | -0.0037279922947979983634 |
272   | 0.00075602736030047374555 | 0.0015242515367497354913  | -0.011902161141239502376  |
273   | 0.0078750445062071555008  | 0.0044876133221207290674  | -0.012420013426662499315  |
274   | 0.00043407109083434309736 | 0.0063519026976208781479  | -0.0055854998040527660541 |
275   | 0.00094188675575920409368 | 0.0059906559740681474338  | -0.0093682149410791813043 |
276   | 0.0075429352273531091733  | 0.0075045088804632205728  | -0.0087847220730283438056 |
277   | 0.0071274920083933173201  | 0.0079839372224708732989  | -0.00063010839275754642122 |
278   | 0.00022006489924025158318 | 0.0030424793128489089483  | -0.0031741396253200135184 |
279   | 0.0064779392506665294665  | 0.0033707186732045502434  | -0.0086921827606942555361 |
280   | 0.0021376713861531492292  | 0.0046603527974740065198  | -0.0025452616359494598108 |
281   | 0.008762624461151122604   | 0.0067101773688028705164  | -0.002502969071672033613  |
282   | 0.0091120454419724526002  | 0.00014751289713080264977 | -0.010815209908198999619  |
283   | 0.0071643156149456049472  | 0.0043311474013931657023  | -0.0092890175009101728226 |
284   | 0.0035494877136371971206  | 0.0051207877767507018613  | -0.009657486197176899656  |
285   | 0.00090672132791686399934 | 0.0078735987929724905038  | -0.006919943779125638586  |
286   | 0.0026564029129565363066  | 0.0044670557980675332233  | -0.012291625120065515289  |
287   | 0.0037917490145028985224  | 0.0071904711527426591611  | -0.0054499394884522179075 |
288   | 0.0037202966404608112279  | 0.0061448394818866564765  | -0.0014842085364100887548 |
289   | 0.0040790547523920353198  | 0.00078456397370500524559 | -0.00070481823276641092282 |
290   | 0.0030394062437733905015  | 0.0068932864896907170005  | -0.0078359691977706626143 |
291   | 0.0040425317154256503946  | 0.00096238577010608183232 | -0.011212094633644234878  |
292   | 2.0007611895415389338e-05 | 0.0074143812312445576268  | -0.011620597770211248817  |
293   | 0.0097750979310274269812  | 0.0076440411351861026201  | -0.002126392117543138803  |
294   | 0.0054819742162237460742  | 0.0068809758460488751677  | -0.013337091318734603518  |
295   | 0.0053501373104563815578  | 0.0018388842578235381747  | -0.009958984801464825648  |
296   | 0.0032332293834679386169  | 0.0092920573757514952906  | -0.013256421238909214463  |
297   | 0.0046154276773853449359  | 0.0030424046112790632465  | -0.0068219861667753057405 |
298   | 0.0027021478355382720464  | 0.0028646361964163816888  | -0.003930459126181217247  |
299   | 0.003024104391836817448   | 0.00072039756490986758992 | -0.004329610150614366694  |
300   | 0.0068131690712972649629  | 0.0091999914963544707908  | -0.0035269272685929629885 |
301   | 0.0023831817255157241621  | 0.0011263059600472150913  | -0.0038508312793548863176 |
302   | 0.00062540181056937056009 | 0.0070631527350026312995  | -0.010009807691430236756  |
303   | 0.00051978705503788035641 | 0.0035152076874948620482  | -0.0086858905078723777637 |
304   | 0.0084648037272172810958  | 0.0076109865163127071383  | -0.011664159662558796354  |
305   | 0.0046157380292805192876  | 0.0035497573548227676944  | -0.0073116263955315318954 |
306   | 0.0092158746893872163508  | 0.0067237467252564365669  | -0.0092310728955648253119 |
307   | 0.0053075205139161028486  | 0.0070408397378744240133  | -0.0062480555634007233987 |
308   | 0.0060913102358280974552  | 0.0060457975717665961984  | -0.013153309714872139097  |
309   | 0.0033950310917085931538  | 0.0048576435227782278556  | -0.0004712277185222641003 |
310   | 0.0032982363521693786913  | 0.0092540697494879094187  | -0.0086066156738973369905 |
311   | 0.003195715204977009772   | 0.00027544755111121081931 | -0.0099001357537079823223 |
312   | 0.0039325713696978983197  | 0.0023968557466921684186  | -0.0039096398529277799627 |
313   | 0.0008316832453278425125  | 0.0060579718881442036829  | -0.0090854319957715118372 |
314   | 0.0097865409510670305082  | 0.0065446483751309143112  | -0.0024082687210122679863 |
315   | 0.002000343440313143064   | 0.0012655337015889415661  | -0.0030691882336553754675 |
316   | 0.0070576200002196269601  | 0.0070569649284411466519  | -0.01143793448333070388   |
317   | 0.0011709627411785167826  | 0.0083195398053530558724  | -0.0082845360792137487382 |
318   | 0.0040883393388013071837  | 0.0039468436966220059661  | -0.010082508923995434427  |
319   | 0.0058065762385911710505  | 0.0081368226339699686878  | -0.0092501815776491608245 |
320   | 0.0027956711092354323382  | 0.0079081348389485710271  | -0.0034506793343619898175 |
321   | 0.0090060930229739454     | 0.0025188792345700052565  | -0.0066133359175557428905 |
322   | 0.0058045514708122336253  | 0.0023883830691552982405  | -0.012307641900385593581  |
323   | 0.0023545921820249254841  | 0.0019880235159002303084  | -0.0054028857401199423954 |
324   | 0.00015772615646121761267 | 0.0034757682454689977324  | -0.0026061272280228720347 |
325   | 0.0026357417893082273237  | 0.0044384128394208697058  | -0.0095935562664468069377 |
326   | 0.0025844724387286696979  | 0.0066377506275630939261  | -0.0037468480539803862388 |
327   | 0.0012020594234616690556  | 0.0042220088654699337513  | 0.00093518949098916849191 |
328   | 0.0016324775879136747912  | 0.002327184312690639377   | -0.0012195293016244545918 |
329   | 0.0068544473345138754242  | 0.0053146859794440609939  | -0.0022483369327861422483 |
330   | 0.0053781293096964435593  | 0.0041847457613153173431  | 4.0533230305532079259e-06 |
331   | 0.0035397235421188093067  | 0.0088961665402501957645  | -0.0071725659248851221517 |
332   | 0.0030112334541818911934  | 0.0022050023257611526054  | -0.0088567103387495859507 |
333   | 0.0051049361558672253988  | 0.00079807253152695172352 | -0.0016431959126295466594 |
334   | 0.0056052139307707646645  | 0.0013035565982215428175  | -0.0042903323212512885915 |
335   | 0.0050084425961170204317  | 0.0024513450493880762672  | -0.010976654560608379782  |
336   | 0.008071702556025297029   | 0.0078474086015116427395  | -0.0091754367149321711117 |
337   | 0.0093220673515978288298  | 0.0083684675717126781602  | -0.000307956376253196531  |
338   | 0.0041893040773268459126  | 0.00070446823170883059433 | -0.0069054122738833028511 |
339   | 0.0035521724266577531064  | 0.0050185305707427874458  | -0.012509237892033677267  |
340   | 0.0047784712278726862791  | 0.0038430580690334212313  | -0.0043974697941678549465 |
341   | 0.0020366877667175329117  | 0.0062192550033157486394  | -0.0089861375680666821797 |
342   | 0.006311893013690925841   | 0.0072033434686962572249  | -0.0027876268432735196688 |
343   | 0.00047557543484622662611 | 0.0055440983484594573774  | -0.0062170363112377504192 |
344   | 0.0014197679707725686157  | 0.0046767155177229787627  | -0.0086253817881475729201 |
345   | 0.0061405708920414248109  | 0.0052201045360123600816  | -0.0013314025216944200616 |
346   | 0.0093878771526276771908  | 0.0060060540110304762654  | -0.0082852113841252530979 |
347   | 0.0086370788082901408383  | 0.0071615310980463180862  | -0.010015929658720364517  |
348   | 0.0063842448092330233295  | 0.0066085343101751261446  | -0.0018827999272940914438 |
349   | 0.0093281555570632560676  | 0.0029729120280371796464  | -0.011452264045091170575  |
350   | 0.0082241753532289289808  | 0.0091066565821553892984  | -0.0012793200749285039627 |
351   | 0.0074407669832016725547  | 0.0060222222296649041001  | -0.0020020999887934024311 |
352   | 0.0034223784083461652669  | 0.0047416196620820054083  | -0.0067787594242370288397 |
353   | 0.0059559438555352520184  | 0.0034628404385977453774  | -0.0077365939060743613154 |
354   | 0.0027974268083928379054  | 0.0033856037369606826332  | -0.0012685593180883430412 |
355   | 0.0052919303158984569435  | 0.0035028420673260526538  | -0.011514931016622650256  |
356   | 0.0063094725282637608571  | 0.0083741970370836641552  | -0.0047919292483123805335 |
357   | 0.0029691117825098602666  | 0.0046661449043199718784  | -0.0047321522244421574538 |
358   | 0.0003626107110441258944  | 0.0072480115278037394663  | -0.0077440126808752049459 |
359   | 0.0093569008161303798832  | 0.003407133237685205842   | -0.0095224446875744259144 |
360   | 0.005552252840692328828   | 0.007447909930143435317   | -0.009550785376327872514  |
361   | 0.0055099485288928537474  | 0.0074265690955314170307  | 0.00074356621536671467163 |
362   | 0.0049519955712230504657  | 0.0058700886215694823844  | 0.00075306221169923939079 |
363   | 0.0047536063367353813963  | 0.0084548389176715733895  | -0.0038972283079585310489 |
364   | 0.0044549144390091796261  | 0.0077380854483011293071  | -0.009173797885877162453  |
365   | 0.0010005284568570668117  | 0.00077311303593323064346 | -0.0095626224339557530651 |
366   | 0.0016484232904396692657  | 0.0023872935376793844899  | -0.0097651423278656505206 |
367   | 0.0029007723483253310647  | 0.0040305168553799253575  | -0.0070330728085728801136 |
368   | 0.0055242280588082611631  | 0.0022827927579973476824  | -0.013031276884695575102  |
369   | 0.0028270599309677046582  | 0.005993301233971614142   | -0.0036313057112138673495 |
370   | 0.0078772084170217245708  | 0.0072081633080140535691  | 0.00069334917435115352852 |
371   | 0.0056651686343607669805  | 0.0048307136508545242895  | -0.0042477293663717458766 |
372   | 0.0060624843598117168081  | 0.0059684893604076598786  | -0.012836413556053877932  |
373   | 0.0067865336210317867352  | 0.0038716438289287313443  | -0.0083752728606089239805 |
374   | 0.0090859655276864358803  | 0.0089620811532041700503  | -0.011717546306202390391  |
375   | 0.00027997035570443556951 | 0.006987548163371558145   | -0.0076156691828291574534 |
376   | 0.0032268630465670852109  | 0.0010641336053487928867  | -0.0096732091469439746706 |
377   | 0.00042196077200466042658 | 0.0034050855194908873427  | -0.012800609380034919452  |
378   | 0.0091532365747250647725  | 0.0011703448719062676999  | -0.0028205892440411545544 |
379   | 0.0044135513450124187404  | 0.0092046875309372191282  | -0.0056779051425697871572 |
380   | 0.0024000360236762735382  | 0.0026629315636719969908  | -0.010073730125478441363  |
381   | 0.0061511727582083371504  | 0.0056028871236803662673  | -0.0099894446995346386498 |
382   | 0.0080558310578605057256  | 0.0047457217564742691304  | -0.0018981712591622762042 |
383   | 0.0048134938452412843676  | 0.0048350442573029984994  | -0.013335118191788168651  |
384   | 0.0048493403129592120918  | 0.0053471183523493394721  | -0.001849845835238324819  |
385   | 0.0092775975309075404268  | 0.0081085427669077593527  | -0.0018669945855798117124 |
386   | 0.0051597439573956927275  | 0.0053699805359188482537  | -0.0087544764209665591054 |
387   | 0.0044100354843306993277  | 0.00052473284180529298354 | -0.012922623441078018997  |
388   | 0.0060017111630753057147  | 0.0076768363596026187659  | -0.00048970289712284341497 |
389   | 0.00048957583565842018904 | 0.0052126532029145552019  | -0.0094565576563647099628 |
390   | 0.0019896543875541766733  | 0.0014134642585376683971  | -0.0032578135005087343126 |
391   | 0.0037081788350391687963  | 0.0034971067225870646616  | -0.0038943775249019674592 |
392   | 0.004743046104183973842   | 0.0064614746007001355038  | -0.0067512598472708584135 |
393   | 0.0085207683601456248729  | 0.0075198324790822345526  | -0.010881022305902729105  |
394   | 0.0025440292390384597679  | 0.0067765282459693529371  | -0.0036870702179769587227 |
395   | 0.00023352121875395824178 | 0.0049492384206180975448  | -0.0085155607094395020795 |
396   | 0.0017627029171565042776  | 0.0061046713230232920247  | -0.005692505647963882684  |
397   | 0.0010479561562222617505  | 0.0021305366430979647864  | -0.0097109745795024952908 |
398   | 0.009568462341242386579   | 0.0060482082710235753401  | -0.0022765093519807049101 |
399   | 0.0064238899672311600836  | 0.003216683314569707651   | -0.00079194075495961173666 |
400   | 0.0024075019908590673638  | 0.0024223866883978264868  | -0.0072414968372463963883 |
401   | 0.0075955537998053457641  | 0.00036827611973977030001 | -0.0034834101948672353474 |
402   | 0.00091733068718567029303 | 0.0092027804106131223111  | -0.010301986343360032203  |
403   | 0.0099278506430754004386  | 0.0063846642898803592642  | 8.2643540337085758755e-05 |
404   | 0.0032829674309179900094  | 0.0084357203856062785291  | 0.00097803408348200084749 |
405   | 0.0035262443707275849085  | 0.0047704804828714994155  | -0.0059615857449894539555 |
406   | 0.0026955340856944769862  | 0.0028344084550171563981  | -0.0061963604087961849862 |
407   | 0.0094146479247554856751  | 0.003660883803843177544   | -0.0076996456446499607698 |
408   | 0.0035078632259276450352  | 0.0032528060682485504876  | -0.01064263835167383529   |
409   | 0.0075849750909498872553  | 0.00971175141509104424    | -0.00068764708683181094504 |
410   | 0.0033511071598187453478  | 0.0046863857277014715069  | -0.010174106716582720714  |
411   | 0.0045383425699705758419  | 0.0058159484931825117943  | -0.010118638988510607682  |
412   | 0.0067410127527428144803  | 0.0022904204575194772077  | -0.0019148155937465294232 |
413   | 0.0035420211104430056673  | 0.0022681964001161022439  | -0.0052670978034305548227 |
414   | 0.00085956434732755056249 | 0.001589425573862380571   | -0.009069508026631919323  |
415   | 0.0025056310285930518886  | 0.0071857930690480287944  | -0.011751805829228155476  |
416   | 0.0023367060713000683062  | 0.004862056649502240202   | 0.00079151265689161778155 |
417   | 0.0080076962922910558534  | 0.0022916593943201942624  | -0.013307210881727928389  |
418   | 0.0088654671459973757863  | 0.0039535189726753513367  | -0.00039803591941681252002 |
419   | 0.004640753420923912978   | 0.0039759955421185501009  | -0.002402712309185421613  |
420   | 0.0061437443418566745068  | 0.0039750987396118863185  | -0.0073507176631553454091 |
421   | 0.0022935818276089096207  | 0.0063841000279451168981  | -0.0084433152251982539899 |
422   | 0.0011189038272359016091  | 0.0090338580035276561109  | -0.0050183042966587291731 |
423   | 0.0055359724263571233327  | 0.0051122600580272778426  | -0.007934128462676621335  |
424   | 0.0091152663631269142952  | 0.006682742962056967273   | -0.0063771779338884226895 |
425   | 0.0074816247813145539403  | 0.00442731071212185915    | -0.0045305806234194334614 |
426   | 0.0036117813425555408968  | 0.0072523311461609035744  | -0.0021874408964363983333 |
427   | 0.0032206086791138430897  | 0.0057955617308549905314  | -0.0032558283295995456806 |
428   | 0.004864542855236104503   | 0.0026250555808343960414  | -0.0099846923044523278046 |
429   | 0.0057200694528131553959  | 0.0031468575958568047353  | -0.012102753184737221129  |
430   | 0.0028843517758957893     | 0.0013345351190770945136  | -0.0052502083656886877963 |
431   | 0.0022997563345540142886  | 0.0039897469192535662402  | -0.007363430563831017267  |
432   | 0.0043115989519846376413  | 0.00037988057809708878276 | -0.0091812587358427732998 |
433   | 0.0030164026966544923991  | 0.007245910822514533417   | -0.0068745268671124310639 |
434   | 0.0048805518373605388804  | 0.0030769290195352414288  | -0.012192499321626351291  |
435   | 0.0013003149082188461636  | 0.0081347350127422644178  | -0.0085077606773333123297 |
436   | 0.0041669829800331792402  | 0.0088829877839699221409  | -0.0054395849610534945107 |
437   | 0.0023792682111217168181  | 0.0052503019573439833542  | -0.0020192944723936216526 |
438   | 0.0077794842693758399152  | 0.0031204775055181351376  | -0.0010954621852436539214 |
439   | 0.0056824742233529358312  | 0.00079859434978312620126 | -0.0098529730804656958515 |
440   | 0.0052425736085406193093  | 0.008906069897752874609   | -0.013216901419409518917  |
441   | 0.0067127108204021951679  | 0.0054307611851154621169  | -0.0011113566709263769314 |
442   | 0.0047900944383392719469  | 0.0062524582660311760554  | -0.0060891047603917796208 |
443   | 0.0092510288267102606941  | 0.0027844865135626638286  | -0.01190646686778831613   |
444   | 0.0091822751128761582323  | 0.002665188877014307723   | -0.0047915285224022705068 |
445   | 0.0061713206655643155704  | 0.003893909221494515089   | -0.0059417679199344989455 |
446   | 0.0047521388246992962018  | 0.0072188163908184837733  | -0.0008123417104593267388 |
447   | 0.0093087948202842957929  | 0.0077059923534249724977  | -0.0061814638031523379269 |
448   | 0.0048390299434921532282  | 0.0017497278059517870456  | -0.013494029058574439836  |
449   | 0.0054650944074979583218  | 0.0033140208511429707604  | -0.0084176815403727758141 |
450   | 0.0028771257663930166655  | 0.0064169197253038916945  | -0.01318871020046728619   |
451   | 0.00068186887533460977927 | 0.0071169195108907274891  | -0.0068217753324408061943 |
452   | 0.0047304809549245166456  | 0.0050283419442764491075  | -0.012567844086404234352  |
453   | 0.0049550046597835956455  | 0.009755859946043646605   | -0.0042805003805636157935 |
454   | 0.0048233679814736144659  | 0.0061977015711980124046  | -0.011416207229374700921  |
455   | 0.00044220671423506752043 | 0.0061434134640368006502  | -0.0036803472528630165952 |
456   | 0.0066442149395535528636  | 0.0099947097139074479732  | -0.006199496760923240736  |
457   | 0.0097213611150409190431  | 0.00318382095721298072    | -0.012041330508259078316  |
458   | 0.0048340512898257352592  | 0.0067171387811823966493  | -0.011064937724376106357  |
459   | 0.0041539036500240471977  | 0.0083613263380379176243  | -0.013249421264650087376  |
460   | 0.0027985349175644810837  | 0.0028096307993832193677  | -0.0024725951316821527699 |
461   | 0.0010827124421372107382  | 0.0058092740192084504902  | -0.0065279624268412281621 |
462   | 0.0060373509703692965558  | 0.0041880234282546434724  | 0.00081664073087429900344 |
463   | 0.0081409729863367898128  | 0.0061218185023850174922  | -0.0056653723049484320737 |
464   | 0.0017128902283488310621  | 0.0043073213232060160102  | -0.011407253343315680583  |
465   | 0.0052483434292198288817  | 0.0074069985820816777039  | -0.0083073629743799243946 |
466   | 0.0070751691569090387895  | 0.0088554408058819922278  | 5.57662058807448333e-05   |
467   | 0.0045917416204059877463  | 0.0030136688335338193863  | -0.010216819819079781678  |
468   | 0.0064295668426999248724  | 0.002799733253047634058   | -0.0058258498664979932805 |
469   | 0.0093935030411644651616  | 0.0050021899804207382856  | -0.010169922297439223935  |
470   | 0.0087500272933246307089  | 0.0038438978346733232785  | -0.010835948186843075494  |
471   | 0.0024868828555486715594  | 0.0080493273660192255631  | -0.0088008076706708182613 |
472   | 0.0036380422434282161381  | 0.0052279370440647780771  | -0.010575456380531622277  |
473   | 0.0024296644982319064686  | 0.0037378253490639797192  | -0.0092552507218377905174 |
474   | 0.0046427010833815542112  | 0.00457317151024502766    | -0.011785603928371525886  |
475   | 0.0065448391362522987183  | 0.0018008182387191892012  | -0.01230472258652900823   |
476   | 0.0060348455835049661863  | 0.0003052450270494256831  | -0.0034238162549197152101 |
477   | 0.0099394634644969330484  | 0.003263339169995394147   | -0.0082075749586456355628 |
478   | 0.0061996061344327391129  | 0.0081177647378987121546  | -0.0028259653651334258259 |
479   | 0.0085820879404574276078  | 0.0058457007873424513336  | 0.00033867319237520815845 |
480   | 0.00024180688592274985553 | 0.0092755788583072235065  | -0.0036888466369343745656 |
481   | 0.0085804841328043553877  | 0.002997825949813505593   | -0.004853663015588210658  |
482   | 0.0045394270245283346171  | 0.0091972837259981874564  | -0.0023459898783254875751 |
483   | 0.0021073170958237738733  | 0.0036329394249416369599  | -0.0061870950852254127592 |
484   | 0.0046653761054842781547  | 0.0041336822329524043965  | -0.012508246693549709624  |
485   | 0.0067439100012191589839  | 0.0027704997054775592352  | -0.002218354859462495169  |
486   | 0.0099460875193632322655  | 0.0087088340602424693659  | -0.0044675273089148708969 |
487   | 0.0021884822125243607975  | 0.0025379709423059347399  | -0.0031012251944371638408 |
488   | 0.0041521103509228295125  | 0.009045408058469102397   | -0.012809452317538707819  |
489   | 0.002891566239221077337   | 0.0018997939691679504182  | -0.0089473513436006957278 |
490   | 0.00016036741068338889859 | 0.0063064063252174611118  | -0.0035067697916898528561 |
491   | 0.0082258852897665515197  | 0.0037781251246903971297  | -0.010045830042543543725  |
492   | 0.00028489604635554850037 | 0.0031587371585751443381  | -0.0026813769744512641093 |
493   | 3.1937281738327758993e-05 | 0.0081641869093381901762  | -0.013036418610491382411  |
494   | 0.00062631562360368161525 | 0.0012109742870534342691  | -0.0054705487621860629521 |
495   | 0.0042339554593120529852  | 0.0068416109779932130289  | -0.0039130108504611691225 |
496   | 0.0075870664218133446188  | 0.0082957460393313624952  | -0.012936596427324411826  |
497   | 0.0044972268847042968024  | 0.002344408890057702536   | -0.0083438181964050044809 |
498   | 0.0097500890704640703205  | 0.0064510090065103553592  | -0.0053296382973420392687 |
499   | 0.0055439747945433479059  | 0.0038983363185079800486  | -0.010074420288202755661  |
500   | 0.0086450996539139835645  | 0.0018828086748806510675  | -0.010657290951620811484  |
501   | 0.0049618152681951237237  | 0.0041032008601476046075  | -0.0087614853257423266214 |
502   | 0.0082669591744175784098  | 0.0032047632968052169183  | -0.0020825485564218300903 |
503   | 0.0058474917318212336209  | 0.0049763908053484535304  | -0.0094877881257472099913 |
504   | 0.0031717023331999725892  | 0.0049233756407237108665  | -0.0027544200966746076008 |
505   | 0.0089044744525213683634  | 0.0081115354036723451292  | -0.0079076115581562626822 |
506   | 0.0020798930929590512401  | 0.0032350007260338918894  | -0.01008495845315703944   |
507   | 0.0067708229577114519351  | 0.005128827035894610066   | -0.011516627256516273267  |
508   | 0.0047497803344632664319  | 0.0029247320137767984782  | -0.00076684874153228478177 |
509   | 0.0069645754126439907844  | 0.0051528896562207651341  | -0.0091113773717903627503 |
510   | 0.0063363225279039429166  | 0.0015203656452259072928  | -0.0096535851466958734479 |
511   | 0.0031000728129966900921  | 0.0033310230535996509897  | -0.0065060919127286880731 |
512   | 0.00083321837731537668707 | 0.005883441824981823845   | -0.013454669289295999313  |
513   | 0.0052927842325900410075  | 0.0070344051395794067114  | -0.0094261936930896701031 |
514   | 0.0069499273753400262615  | 0.0053527745326674685405  | -0.0058994344943581822696 |
515   | 0.0035969974903774840601  | 0.0023039095978326980946  | -0.0058816886186881774459 |
516   | 0.0020151144495381629121  | 0.0062471325600157792679  | -0.0056281824057519413973 |
517   | 0.007959099913909410684   | 0.0027792758504589496794  | -0.004882910127820320155  |
518   | 0.0061283647843762088098  | 0.0066346766732356659418  | -0.01119515293380101903   |
519   | 0.0087347757431777243997  | 0.0043881491622650807549  | -0.0053088190639132958742 |
520   | 0.00099331748022928132574 | 0.0047065680574978436754  | -0.0086611116639403410572 |
521   | 0.0048338408778918267802  | 0.00069235540628589508499 | -0.010272153229496320398  |
522   | 0.0083921753477136894206  | 0.0075056034149699043731  | -0.0030006412539893283394 |
523   | 0.0073997175027791734295  | 0.0055107287420881959084  | -0.010267135759010228083  |
524   | 0.0044541081555787244081  | 0.0030481168811928279275  | -0.01013407677536276065   |
525   | 0.0046991724796025076058  | 0.0023128526485242093848  | -0.0057917148774472857267 |
526   | 0.0080687365143535007272  | 0.0012802135305267302832  | -0.0070800185199053414231 |
527   | 0.0040283634454096450134  | 0.003079829556498918635   | -0.0030545465674805035577 |
528   | 0.0044321346042438310858  | 0.0043279374411431138087  | -0.0054179346562624672301 |
529   | 0.0021871808651696650165  | 0.003876011859994657905   | -0.011036129996854852561  |
530   | 0.006452943358405612527   | 0.0045344773654384723169  | -0.0088763424200968069067 |
531   | 0.0052867866183428178367  | 0.00095777144080135369949 | -0.0062272677480793613494 |
532   | 0.0051465233821958314767  | 0.00065604516753116706457 | -0.0032332836721665168811 |
533   | 0.0081576215174797555435  | 0.0019630457492990165645  | -0.0074607722572958340077 |
534   | 0.00070871120527058221409 | 0.0017987838337218044638  | -0.010082101746831443473  |
535   | 0.0092186927440893653291  | 0.0025298679792188907486  | -0.013049333642352219792  |
536   | 0.0093289846691452116972  | 0.0054127015749769738159  | -0.010461211324290961913  |
537   | 0.0016387269834715573018  | 0.0097151092273566243968  | -0.001237095470337203117  |
538   | 0.0007625000232884584497  | 0.0018996017959585849606  | -0.00067729584085335738704 |
539   | 0.0092953892528804867718  | 0.0062154479294737807402  | -0.0064559150022575877842 |
540   | 0.0094343603901179823312  | 0.0047230832356086691753  | -0.0090761260067543560875 |
541   | 0.0039188254679872599681  | 0.0049374625538024441082  | -0.0055198088593398563981 |
542   | 0.0024792542627805631145  | 0.0016198648012363601849  | -0.011153578608989030141  |
543   | 0.0066321166322364615009  | 0.001267132941896162001   | -0.0045562713988364107048 |
544   | 0.0048939596164213356594  | 0.0087801406456359740171  | -0.0052071189061144102297 |
545   | 0.0010363078458015672224  | 0.0037004898657582159342  | -0.0075663086718940394254 |
546   | 0.00693275648324898075    | 0.0054305765581614279941  | -0.0033544489363537062683 |
547   | 0.003507505809963159648   | 0.0076555501623917932702  | -0.0072586799611789667996 |
548   | 0.0046275992485047415595  | 0.0084076530374552309322  | -0.0067593901068346128741 |
549   | 0.00073126619347220554301 | 0.0043566925829533406644  | -0.0087304872585131053364 |
550   | 0.0054827283718116735442  | 0.008815205979069568043   | -0.00029922232226380199088 |
551   | 0.0072360482873440106974  | 0.0042790856329797495247  | -0.0059387755623272857342 |
552   | 0.0047375785217471360483  | 8.7908623660468753554e-05 | -0.00090713539934872986035 |
553   | 0.0033890698606693181287  | 0.0037229396905568302306  | -0.0032205944547422883303 |
554   | 0.00054464508361001091018 | 0.0093833583490814109762  | -0.012953364157763281803  |
555   | 0.0079042171192657412204  | 0.0044834823163502303053  | -0.01248074979728235924   |
556   | 0.00076220627674874455362 | 0.0070253539777783372694  | -0.011925745910229467936  |
557   | 0.0088037050223091859597  | 0.0033338528038109375116  | -0.011459255514032509055  |
558   | 0.0092490446744332450307  | 0.005459661768099392451   | -0.013195548762766441675  |
559   | 0.0051242016528998410654  | 0.0059945307990692279707  | 0.00041559300273718815166 |
560   | 0.003530159956287318157   | 0.0031595272567868609541  | -0.0010224291234018970369 |
561   | 0.005697441740289456609   | 0.0061585361403160244695  | 0.00044692053882241979806 |
562   | 0.0048430211157948089423  | 0.0015341710628484913573  | -0.0059421277624168286277 |
563   | 0.0071321488186100621617  | 0.0042438788417633946382  | -0.005441697835945937152  |
564   | 0.0012138985947430355663  | 0.0063969072555192648885  | -0.0030677705074695217451 |
565   | 0.0033013235473059055619  | 0.0039499180685824818865  | -0.0040662071971760277433 |
566   | 0.0056017288278797875561  | 0.0048181811348425697752  | -0.001208675507301309451  |
567   | 0.0017690116158838469808  | 0.003705685238996208903   | -0.0062898181198982570927 |
568   | 0.00085127981403289906381 | 0.00703982569941455881    | -0.0041068207344519234991 |
569   | 0.0035480849800058442307  | 0.0027332202727568901714  | -0.0038559830162451778392 |
570   | 0.0083089981038425020365  | 0.0061812793330192818825  | -0.0066697236136169296347 |
571   | 0.0076263661664782338503  | 0.0038316519602317523387  | -0.009577845616360538758  |
572   | 0.0067215701179931522033  | 0.0097871390590032834172  | -0.012815635279434944502  |
573   | 0.0068690983968654785452  | 0.0057057335262541948942  | -0.0013709263856677967024 |
574   | 0.0094712795775301270029  | 0.0063778085757039424189  | -0.0020660593376653564775 |
575   | 0.0079260605177563312612  | 0.0063497162504833441765  | -0.0083256490187973326844 |
576   | 0.0025160305625803883536  | 0.0055301588582167835254  | -0.012523280997175301882  |
577   | 0.0064638444766978572428  | 0.0090853532481668299731  | -0.0022664751858772654025 |
578   | 0.006538138313468489643   | 0.0074457318010236073907  | -0.0082762785263244612044 |
579   | 0.0042219894260516893647  | 0.0016815341157661717591  | -0.00089232450204531363683 |
580   | 0.0091615501847948938724  | 0.0061710940375353231721  | -0.010824184911484813557  |
581   | 6.9929444254163161221e-05 | 0.006636322824674583884   | -0.0062517628488806984907 |
582   | 0.0090158648721168771489  | 0.0078956755176185482864  | -0.0058434415220331020757 |
583   | 0.003672296559282100907   | 0.0053030527949497596046  | -0.010469974066798682852  |
584   | 0.0067593734220755402609  | 0.0031683487841062348868  | -0.0068765315662383278902 |
585   | 0.0087032788769801049111  | 0.004826551000407600274   | -0.011833903666859433776  |
586   | 0.0042414822601698470156  | 0.0023336726369491199266  | -0.0069231190467901283433 |
587   | 0.0082084083139207369983  | 0.0071266646894160524603  | -0.0089163076708671570175 |
588   | 0.00066183099517999426347 | 0.0056911431055858370184  | -0.0052365665278793398565 |
589   | 0.0061360601460768056381  | 0.0029838031321195875555  | -0.008033247895358178528  |
590   | 0.0087317419870734380716  | 0.0024886451984851443858  | -0.0020577472501231491506 |
591   | 0.00094105091050478346416 | 0.0095051015942588298197  | -0.012136616412637359422  |
592   | 0.0050477748916715522304  | 0.0054566971977664264354  | -0.013312011628738240621  |
593   | 0.0056254798638997122531  | 0.008268037840848653508   | -0.0099919038467983188612 |
594   | 0.007923046106516777598   | 0.006665827797920117169   | -0.011829845868797860334  |
595   | 0.0097978985197465992552  | 0.0042503046022825509767  | 0.00015083854488549553732 |
596   | 0.0063783805350449097535  | 0.0058706619714146944522  | -0.0072858069233929893815 |
597   | 0.0012641027610849652537  | 0.00052826997285427841188 | -0.0048765180816057428215 |
598   | 0.0035128250924755200987  | 0.0015757179970071347533  | -0.0035931703947173977871 |
599   | 0.0039509503154822886786  | 0.0031155793885108188333  | -0.0096496430135095123681 |
600   | 0.0012084501779915206299  | 0.0022906805061944958413  | -0.011338540916770356928  |
601   | 0.0082767056909697281353  | 0.0037225626603089906515  | -0.0053697820824187818961 |
602   | 0.0037815726998630555013  | 0.0072293555195682476094  | -0.0038860953276165541119 |
603   | 0.0079938772076647360287  | 0.0034924644765205272758  | -0.0070950987644356798903 |
604   | 0.0087270562018670720661  | 0.0064547436409412781155  | -0.0072899311268554206275 |
605   | 0.0044473985735214126291  | 0.0024273497378096259812  | -0.00093849206249674429689 |
606   | 0.0040770512753155107796  | 0.0072472559997430758411  | -0.010382458138070939022  |
607   | 0.00090966647242495023498 | 0.0021031044426219583539  | -0.010414965436926807221  |
608   | 0.00048635461912435257398 | 0.0044147964606782398242  | -0.0084525010334418875652 |
609   | 0.0096056782666820560851  | 0.0094473963769035294857  | -0.010293067962982752062  |
610   | 0.0083491274410369045039  | 0.0046639933610198624006  | -0.0073621041754049461672 |
611   | 0.0038438305783443393361  | 0.00066954146836295720148 | -0.0028624161511592270679 |
612   | 0.0094235468690450300416  | 0.0057851489628915255675  | -0.0025537408407714698964 |
613   | 0.005026627240281268498   | 0.0072654279198059021003  | -0.008835494363555089839  |
614   | 0.0088180421840953360918  | 0.0045956598955399123943  | -0.0084278272217112436965 |
615   | 0.0025973947898730470087  | 0.0071996457661002580611  | -0.0051458714014436628126 |
616   | 0.0085595999980424570391  | 0.0039354579700193754316  | 0.00011117216546888410394 |
617   | 0.0068955452373028374227  | 0.0033048381723599874402  | -0.0047344547617822092811 |
618   | 0.0048625408093427484671  | 0.0082563870938472064959  | -0.0080245937356291652254 |
619   | 0.0045903439189648774857  | 0.0042566713253908167874  | -0.0060672479319654913296 |
620   | 0.0098359123716133933096  | 0.0091849301312780778223  | -0.007761950860561173636  |
621   | 0.0070658319742352608886  | 0.0098799298363964269121  | -0.010527233252540844563  |
622   | 0.0094020151179371735939  | 0.004902586427432155218   | -0.0078937311985060286401 |
623   | 0.0079622885747601054862  | 0.0057613933209494806037  | 4.1051736902982726508e-06 |
624   | 0.0001610618274418223301  | 0.0073469505962508521724  | -0.0092901998853889295599 |
625   | 0.0061430600539349074218  | 0.0022128118191840880427  | -5.4997515122266987624e-05 |
626   | 0.0035549668590998009625  | 0.00095034091750580704586 | -0.011637327399182632523  |
627   | 0.0018044887682645298268  | 0.00052583450821544952189 | -0.0111861474136614545    |
628   | 0.0048746016673701497018  | 0.009151927928568457174   | -0.00084285923531709344963 |
629   | 0.0014928511221885985491  | 0.0033148219517451400773  | -0.0077798423201348824996 |
630   | 0.0071150709202416036539  | 0.0071445869025049011866  | -0.0080308377746873913644 |
631   | 0.005406323624729913839   | 0.0040585196445685834191  | -3.1254060371916358183e-05 |
632   | 0.0011317112114581882876  | 0.0079544975166367260649  | -0.0069149736555318948653 |
633   | 0.0093343675536813226767  | 0.0020361341808673031131  | -0.0083009998891231447787 |
634   | 0.0033782531340062794956  | 0.0067312644305661528676  | -0.012359830910356878891  |
635   | 0.0070909565333376152127  | 0.0063759246100364257159  | -0.0079420627022013315366 |
636   | 0.00053078610859396682317 | 0.0021605644361025878701  | -0.0029042689656932469365 |
637   | 0.0044859418987894875142  | 0.0074545992489477861179  | -0.0051453560248568078195 |
638   | 0.0026745338475647494926  | 0.00065252293962937701639 | 0.00093903759673911080426 |
639   | 0.0094219876672099692888  | 0.0047763983585302621782  | -0.0091023636895712529971 |
640   | 0.0028902240943481129209  | 0.0086389404133956782667  | 0.0004037622965963501287  |
641   | 0.0092221271544832526812  | 0.0029935412027858364706  | -0.0042586005998650911658 |
642   | 0.0050300887452195105001  | 0.0063186084641121739031  | -0.0069859134495493186226 |
643   | 0.0070765763705586612331  | 0.0080218797031921251772  | -0.0070982304475112629333 |
644   | 0.0069458071638223359279  | 0.0054251402447388430775  | -0.0025794565300424369611 |
645   | 0.0094832120462809751243  | 0.0051036155617549608388  | -0.0034454454095651796189 |
646   | 0.0044221692051156554631  | 0.0073014775487347397323  | -0.01136493578896958026   |
647   | 0.0058017783828520673797  | 0.0069571232777451532184  | -0.0070612132334525422317 |
648   | 0.0049472820965886770556  | 0.0076706963757794243558  | -0.0043085822324827023969 |
649   | 0.0090753034086462139318  | 0.0059936615321712774854  | -0.0047114182562370413368 |
650   | 0.0026704303077539665208  | 0.0010545763770474097815  | -0.0032132490855264002512 |
651   | 0.0071237893265301936718  | 0.0035309348748654243583  | -0.0019969018046402777292 |
652   | 0.00072089699033516278434 | 0.0048441724407521985149  | -0.012363157516088815399  |
653   | 0.0010866165698630589689  | 0.0080806646134868251319  | -0.01041139732082086225   |
654   | 0.0035351594780716490661  | 0.0035775446229084966951  | -0.0029106856475270641814 |
655   | 0.0016332016871367924845  | 0.0060815095572005336763  | -0.0050312927158184172702 |
656   | 0.0029566124588163615952  | 0.0085550978937298412241  | -0.0053930763882679344165 |
657   | 0.0019669467359912677293  | 0.0058922957372350729874  | -0.0087474958271862995884 |
658   | 0.0090586321905986918329  | 0.003526537860409083118   | -0.0019393247167774597343 |
659   | 0.0051738273097408924231  | 0.0003712363900009556239  | -0.0098827791145115299887 |
660   | 0.0030228005719210022766  | 0.00049463656826906148532 | -0.008293397928194517002  |
661   | 0.0032193984675166066427  | 0.0071253213035258108204  | -0.0046739956953007304186 |
662   | 0.0044084201698688105578  | 0.0012035220011321987738  | -0.013328331669019574668  |
663   | 0.0014376608730985401905  | 0.0091450461828471822645  | -0.0075251609959779358974 |
664   | 0.0044346683655374450478  | 0.0096988672426531526843  | -0.012919127710380499952  |
665   | 0.00019846002920692577148 | 0.0037385753706418328214  | -0.0024851027302321406984 |
666   | 0.0015810479625214474489  | 0.0045555986274298538447  | -0.008746365378281403466  |
667   | 0.0052317841115629122942  | 0.0041338842415930623919  | -0.0043597372715616627276 |
668   | 0.006805082539151581511   | 0.003375888557962046857   | -0.0011014638611347819797 |
669   | 0.0055926088951951738459  | 0.003391407119166296117   | -0.0034839334770709207839 |
670   | 0.0069618002993938627593  | 0.0022374819675979392038  | -0.0091654196573810221838 |
671   | 0.0080025744719227909219  | 0.0077848800378891337692  | -0.00073133683553513898021 |
672   | 0.0002238285812787001942  | 0.0064360899267489639006  | -0.011681718927819740098  |
673   | 0.004774576478889712601   | 0.0058708021208574547381  | -0.0035380565130275045196 |
674   | 0.0065262250916520696958  | 0.0038365353148396715531  | -0.0086551065028794230832 |
675   | 0.0043626006180425584355  | 0.0049980333178054458382  | -0.00092211362376141059113 |
676   | 0.0084139330150017812432  | 0.004026234695774040008   | -0.010226174479213393995  |
677   | 0.00020259608643663766948 | 0.00022042875576625017126 | -0.0077158514818494667101 |
678   | 0.0023193133734170558874  | 0.0069499546921141727718  | -0.012907927657615473824  |
679   | 0.0019010993082024408435  | 0.0041782847143444663829  | -0.0068990899989322404876 |
680   | 0.0076963782180446737094  | 0.0058757149010398640118  | -0.0032143395353690317438 |
681   | 0.0049042018842490554473  | 0.0095008277278346708883  | -0.008151539223902819209  |
682   | 0.0078948919645252888661  | 0.0065893435998353819955  | -0.0073139342269240847916 |
683   | 0.0060229503183544894768  | 0.0079406917509258871657  | 0.00027630727103271270767 |
684   | 0.0092187429329929713312  | 0.0095986233377286667851  | 0.00014426435920871392093 |
685   | 0.0018415835349151526892  | 0.0049846878306859130833  | -0.012555104904221838988  |
686   | 0.0019328419408960113065  | 0.0058152970920849599706  | -0.0025512284794556986701 |
687   | 0.0048728316088455184835  | 0.0019363355817898686342  | -0.0012180688694731565524 |
688   | 0.0010560081792692199015  | 0.0044526500360296842815  | -0.0027496034715983196269 |
689   | 0.0080462897730234593519  | 0.0055545414350765915865  | -0.0034100526308481855439 |
690   | 0.0010246902128960590477  | 0.0090812277630133910605  | -0.0077829795497944354379 |
691   | 0.0036917387407377501816  | 0.0047993964344134661809  | -0.0072714813451260776681 |
692   | 0.00732301163972665526    | 0.0013886228492660029551  | -0.0083785725768204203506 |
693   | 0.0011483393807156896168  | 0.0017751242484512123974  | -0.0093713448242074993272 |
694   | 0.0019616030052808761282  | 0.0022007548242956201205  | -0.0056423312562098116088 |
695   | 0.0064556218295126087045  | 0.0048852215532972087519  | -0.0073977269688757594374 |
696   | 0.0069851151821993988714  | 0.0036878933754470820915  | -0.011808317072959425426  |
697   | 0.0070925114189575389281  | 0.0079008645136378046619  | -0.010270832648934368619  |
698   | 0.0072757795999157095709  | 0.0017381094739680614646  | -0.0011514181511743095884 |
699   | 0.0065406086577190110376  | 0.00085075291038219419317 | 0.00038004167304370086583 |
700   | 0.0038308921880151041578  | 0.0089042279001112466241  | -0.0072424575265245668895 |
701   | 0.0049573897677908460718  | 0.0048041248777163812408  | -0.0083572230360402319921 |
702   | 0.0066181151381780227785  | 0.0061168850952245190991  | -0.0043256330982617500341 |
703   | 0.0021077436770200242734  | 0.0046804612135156941841  | -0.0043708163574413348013 |
704   | 0.00764230817342689394    | 0.0036545644956797354412  | -0.012041202529115705225  |
705   | 0.0037033455281146382063  | 0.0041740690885724088255  | -0.0025728098537755369341 |
706   | 0.0067883272172685827153  | 0.0065214116963545265201  | -0.0093548480354312679719 |
707   | 0.00060197336665390179748 | 0.0095528122368649485974  | -0.0025867100046045063237 |
708   | 0.0099238982717571588843  | 0.0016513450745697848352  | -0.0098833977168407711328 |
709   | 0.0045299064632344987133  | 0.0039381818186696700493  | -0.0019681566584258858472 |
710   | 0.00011884818566021015821 | 0.0009663417903886162199  | -0.011186496745390569346  |
711   | 0.0044053614092398269211  | 0.0063184466114910627782  | -0.0079574797663087941391 |
712   | 0.0046649285519264963029  | 0.0048146320381643771535  | -0.0032793552437734197098 |
713   | 0.0084226641221995385278  | 0.0038725994364230795393  | -0.0082231759008406426353 |
714   | 0.0044291977708045019921  | 0.0031733012238890300448  | 0.00056095515304340371355 |
715   | 0.0060380417598152142863  | 0.0080137336511276156814  | -0.012142351321710452561  |
716   | 0.0017946745358432341592  | 0.0026062511307168084382  | -0.0095683040274606792619 |
717   | 0.0036925343413662099594  | 0.0085079623682042214428  | -0.0088500527879104284867 |
718   | 0.0069066482779862343327  | 0.0029596449662200666197  | -0.0032428081418240154409 |
719   | 0.0030077495758572456684  | 0.0027079271497494877136  | -0.012464260720429389331  |
720   | 0.0072520946025831402315  | 0.0097344612463769082666  | -0.0050460639299039584602 |
721   | 0.002947087952981164178   | 0.0066142338711669768428  | -0.010805922443884100406  |
722   | 0.00030413352086180675277 | 0.0043265003343769588978  | -0.0057855061733271366531 |
723   | 0.006389535206581449002   | 0.0022504245412143229245  | -0.0063085938325932238921 |
724   | 0.0013217420959684353376  | 0.00043207774318389696776 | -0.0063679168061782009599 |
725   | 0.0053626786879225679314  | 0.00094374105313025573143 | -0.013405941103228265557  |
726   | 0.0018325551290209686397  | 0.0044290149483492144769  | -0.007188721389548928184  |
727   | 0.0010748094830902905645  | 0.0028164076433341931477  | 0.00094642813619036283285 |
728   | 0.0067940778556674109867  | 0.0091653069971238485675  | -0.010998178857310504652  |
729   | 0.0078156781294572326424  | 0.0016282540650183851931  | -0.010954479538135402164  |
730   | 0.0068633935638778304639  | 0.0089990491421796832416  | -0.013100698763258603052  |
731   | 0.0071139887602550801529  | 0.0039901590699781518123  | -0.01267035666832410333   |
732   | 0.0049155908035411720325  | 0.0028406173552977527323  | -0.007413700172412216946  |
733   | 0.0086793382356290769974  | 0.00096064249549490709004 | -0.0090788582866520080999 |
734   | 0.001349896573040062402   | 0.0092841512234107612805  | -0.0026551059761158778486 |
735   | 0.0027556841606909583675  | 0.0091897188935975756413  | -0.0053912870262756854359 |
736   | 0.0023013469418971897046  | 0.0064173318946297705154  | -0.001913291360670504003  |
737   | 0.0010500974881981861402  | 0.0064650455181000073338  | -0.0055685438350280324141 |
738   | 0.00047390646450363852794 | 0.0066296666430067487455  | -0.010331092350576427316  |
739   | 0.0073629966410461156201  | 0.0067379219512997794161  | -0.0099080876819547594736 |
740   | 0.0096946169683943001633  | 0.0066351928242266797892  | -0.00098523142445540532602 |
741   | 0.0005130721355016755773  | 0.0046003931238236097159  | -0.011462729966772083889  |
742   | 0.0042894302771080599149  | 0.0056817977094289432577  | -0.0061712465665637785545 |
743   | 0.0082869463931199531526  | 0.0068981952269695249666  | -0.0025565186497951142286 |
744   | 0.0008472753093827630963  | 0.0057728206350243661121  | -0.010276442411954878411  |
745   | 0.0013765446759176507875  | 0.0059993310413862122737  | -0.0093632237614913391144 |
746   | 0.00054151817585548777962 | 0.0073435943921998144551  | -0.010701549568168423204  |
747   | 0.0053878239156126628631  | 0.0013983053925910877546  | -0.0043882637017284677541 |
748   | 0.0097765805887609340957  | 0.006817737626421500538   | -0.0093818710800691214324 |
749   | 0.0075433179868265240464  | 0.0066481950339151692567  | -0.011180151482540525917  |
750   | 0.00081450914122231817243 | 0.0014583359275160635762  | -0.0072896596927238708694 |
751   | 0.00082787853729995484423 | 0.0044975241323823760345  | -0.0065327456238596214727 |
752   | 0.0058089489557237913159  | 0.0023300714094411580264  | -0.011921848065464096464  |
753   | 0.0082777708362469712422  | 0.0049566825709271532252  | -0.0064283737884853397668 |
754   | 0.0072134818186020055117  | 0.0018344253255555876842  | -0.0069596130166963698915 |
755   | 0.0052489228113860907435  | 0.005124498102790333437   | -0.011131208897243781084  |
756   | 0.0041633393289646847615  | 0.006677208126662280939   | -0.0072333197963463302313 |
757   | 0.005989874072019237862   | 0.0059006984952347718218  | -0.0060784422672889052916 |
758   | 0.00027639936861323090257 | 0.0071828795752259715426  | -0.0031323193037558366182 |
759   | 0.0048363855033747181131  | 0.0064482856846820764407  | -0.0064924473760658713006 |
760   | 0.0012854699617505934654  | 0.0077133695088976161891  | 0.00077956771505388513382 |
761   | 0.0011295106574151754855  | 0.0076633558531475380257  | -0.00018940449052794311176 |
762   | 0.00047623884130524576832 | 0.0046614007670910716577  | -0.0085914772325557196148 |
763   | 0.0016044435429657356255  | 0.0093347289892745863304  | -0.0017941306417188121036 |
764   | 0.0053814370878107961604  | 0.00916949551164865026    | -0.010854346988765114015  |
765   | 0.0072649385201049151636  | 0.0095215956609211952616  | -0.0085310875940975278153 |
766   | 0.0055416388221162264302  | 0.0011452885856695913316  | -0.0033014021864890769412 |
767   | 0.0043723443494980548593  | 0.0054844653738513379077  | -0.011364076009083002444  |
768   | 0.009795518888877955202   | 0.0094130326222225668698  | -0.013276332579388159041  |
769   | 0.0097886598206737771011  | 0.0051614923403743321814  | -0.00941099352673073139   |
770   | 0.0038555844177409603207  | 0.00067730457847669167052 | -0.0044192592369710513231 |
771   | 0.0083070998724120298506  | 0.00075286399535513662869 | -0.005441652042611269495  |
772   | 0.0050620905054308655557  | 0.004507090630408906555   | -0.0032812134258760282911 |
773   | 0.0053228501654632096041  | 0.0032891535531592501311  | -0.0030993024250970317539 |
774   | 0.0028795952429453938216  | 0.0074544708575179719282  | 0.00062760432765419840034 |
775   | 0.0055474921924508575552  | 0.0093901195785971794394  | -0.011307726573879219034  |
776   | 0.0054144505293716917865  | 0.0056909091796640449978  | -0.0063820889967332126297 |
777   | 0.0074851037054913128338  | 0.00082947121307296999438 | -0.0074902217223413829206 |
778   | 0.0088135015986923921638  | 0.0099925273765620430122  | -0.011563375853661871095  |
779   | 0.0051853479515904053049  | 0.0047982884999282693003  | -0.0063725361517265391442 |
780   | 0.0089295542513541034668  | 0.00591335297246356386    | -0.0076992291290137728973 |
781   | 0.0062358546368337383972  | 0.0022811861529234418559  | -0.011789153384777479108  |
782   | 0.0025102438096050064091  | 0.0023641669021312785443  | -0.0033165209736504357683 |
783   | 0.003742063663544129698   | 0.0001200457298717960377  | -0.0021887125411447598544 |
784   | 0.0052115570050302725477  | 0.0055323169048664758152  | -0.010298084679136511668  |
785   | 0.0070761400228640906895  | 0.0035107489539611476566  | -0.0033028276740438128854 |
786   | 0.0055706768473056189964  | 0.00018826781876118601176 | -0.0098438804560454281484 |
787   | 0.0090557684814989384409  | 0.0052718090582644615283  | -0.006763398034688276883  |
788   | 0.0063285403105190329159  | 0.0025548303465033040359  | -0.0010609128439431638434 |
789   | 0.0040508012701255240867  | 0.0062843631555498666655  | -0.0038823145563226736827 |
790   | 0.0015530164614588994661  | 0.006286947882838849963   | -0.0014019714934217553971 |
791   | 0.0033521878848311753053  | 0.0026525254929590843384  | -0.0025705920463755058819 |
792   | 0.0084602179081145114509  | 0.005191595229277264946   | -0.0038816138421552200295 |
793   | 0.0098756924547365367711  | 0.0043902763679161977556  | -0.013012628647256474154  |
794   | 0.0031754883416612159942  | 0.001262729397673150681   | -0.0054968817875340652071 |
795   | 0.007665552033496260409   | 0.0033222511052254941402  | -0.012901785736103827881  |
796   | 0.0059740917881932658132  | 0.0051180915970533980008  | -0.0021451214072744141138 |
797   | 0.0021308100792950023308  | 0.0056402519356110875082  | -0.0023411451984539938947 |
798   | 0.0074137203805940011386  | 0.0026621779706836857203  | -0.0015205846647912768868 |
799   | 0.0043260241236829800188  | 0.0072812271462266431321  | -0.0016648593472374485173 |
800   | 0.0067016091991406942507  | 0.009243587246952048378   | -0.0043761771647194604856 |
801   | 0.0063502231002231148554  | 0.0073514825252182832566  | -0.012789824989077587178  |
802   | 0.0031446285834996604881  | 0.0045698997509931353969  | -0.00024401685045730237629 |
803   | 0.0049368328769599425371  | 0.009749964965863661473   | -0.012534116057954194923  |
804   | 0.0030402044575757233152  | 0.0060377766489016207116  | -0.0075288293871908981703 |
805   | 0.001336325224205206887   | 0.0044115739695257871408  | -0.005118699121144356691  |
806   | 0.0076468032555555322249  | 0.0063254032659650436671  | -0.0018279916267257524057 |
807   | 0.0062294763277344527078  | 0.0050616365508670138965  | -0.0051524431009221322367 |
808   | 0.0085183928259287434309  | 0.0042282179976701871754  | 0.00077125330158887752535 |
809   | 0.0051959678265700503727  | 0.0096988523953764078228  | -0.01030201978600989339   |
810   | 0.0056438846499118136557  | 0.0046914934197373261981  | -0.0028393006490007471378 |
811   | 0.0093965416996645064612  | 0.00067949840629163212481 | -0.010184931941501607078  |
812   | 0.0096430864804755555414  | 0.0089597918835878573307  | -0.00038058990027428347795 |
813   | 0.0012107251503234914541  | 0.0022233525534454479447  | -0.0078852961411898254279 |
814   | 0.0063548587327256498072  | 0.00015901932617797502742 | -0.0036962520118256378225 |
815   | 0.0055085931541310273821  | 0.0040968432592100364337  | -0.011415655979515855825  |
816   | 0.0086576776058001868319  | 0.0099885966230399848148  | -0.0068760093853861645879 |
817   | 0.0079764743061857944911  | 0.0071144026031989115316  | -0.0073845412883625297096 |
818   | 0.0073624968699170841718  | 0.0056832114394641114474  | -0.011819293252886430359  |
819   | 0.0034503682603882241016  | 0.0036275213279772602383  | -0.0020946617305700808258 |
820   | 0.0079750352250598025017  | 0.0017384587793482916482  | -0.0055822933360359355132 |
821   | 0.0035645726542139072324  | 0.0085831877721546899485  | -0.0022387357387282447521 |
822   | 0.0077544846209827798106  | 0.0080598310601694544281  | -0.013495620882708687233  |
823   | 0.0041051691638316302121  | 0.0049417355345118697124  | -0.0080180844117340045046 |
824   | 0.0035852263597062074794  | 0.0096566529899957970901  | -0.011019631206951728541  |
825   | 0.0038445639906748872369  | 0.0094769506231034868204  | -0.0070378213800193212268 |
826   | 0.0011651677561701737247  | 0.0076372525076144554337  | -0.011478903053921490907  |
827   | 0.0088896673256676286834  | 0.0083820971780456041134  | -0.010231369166352356076  |
828   | 0.0094864996282384896759  | 0.0098189058770716819424  | -0.0044555271112859170385 |
829   | 0.0069671202188224855625  | 0.0081541587733053970399  | 4.4944318039171382746e-05 |
830   | 0.00036776115806040778457 | 0.0050274192315547796758  | -0.00031514486441784855635 |
831   | 0.0081679744269118614852  | 0.0057124722453085197138  | -0.0049171180669872046817 |
832   | 0.0076717993826950102096  | 0.0020100351872693001873  | -0.0079854010856201078361 |
833   | 0.0037833351031636118511  | 0.0036883111834406859253  | -0.011366103757666237706  |
834   | 0.0013024744036784874184  | 0.0059805961271983633029  | -0.0077615396831623353208 |
835   | 0.00012920905421052845691 | 0.0027870045641853898565  | -0.011398186895854728329  |
836   | 0.0071087478586669729241  | 0.0046616992212479791899  | -0.0014652766617551545286 |
837   | 0.0022907643132518626383  | 0.0031033287151378740817  | -0.0020799243794779802112 |
838   | 0.0037033121605709617453  | 0.001313365123228067222   | -0.0063962810125666154717 |
839   | 0.0087863114980478527333  | 0.0067115174631595230642  | -0.0064435454777126144332 |
840   | 0.0016822857625681034415  | 0.0067552178848267292396  | -0.012150627164279765788  |
841   | 0.0086769279133410859989  | 0.0067347224302222938319  | -0.0017830922968246811638 |
842   | 0.0055371628504265902465  | 0.0068086618580255782451  | -0.0093940885322931298035 |
843   | 0.0084644202116989381707  | 0.0087879462368454942106  | -0.01068707104372463787   |
844   | 0.00012674176366150486663 | 0.0076485951935059259127  | -0.0079037170938032839246 |
845   | 0.0089173207281753753134  | 0.0050976673886866550808  | -0.0044291828122838177231 |
846   | 0.0083455274885498257481  | 0.00043348083723116799656 | -0.0093422810078616254359 |
847   | 0.0099201574200631238015  | 0.0057211053839414174882  | -0.0042197400660716859189 |
848   | 0.0067966838325993327724  | 0.0098463088791297635749  | -0.00052840180350226912624 |
849   | 0.0044498348954268495889  | 0.0071160361149835435826  | -0.0032455195775438938806 |
850   | 0.00059853309891490485539 | 0.0031120697506321830066  | -0.0040232880073587194009 |
851   | 0.00043601780125946559309 | 0.0024875555745843777079  | -0.011628722269175646373  |
852   | 0.0019449293690133528326  | 0.002720428834237568344   | -0.012282002228515057768  |
853   | 0.006454129215484626092   | 0.0035977141739638703391  | -0.0030464217141837213881 |
854   | 0.0063793379201433379408  | 0.00054087781273277110283 | -0.0054417220912966008869 |
855   | 0.0036887508386803345706  | 0.0045797258391802285471  | -0.0071397028506335275325 |
856   | 0.0025978803766223343419  | 0.001958793576437805814   | -0.0088545192690631518984 |
857   | 0.0033944857930438554483  | 0.0094299389240885041902  | -0.012170605438063230794  |
858   | 0.0091440213682208362073  | 0.0035353691427884347334  | -0.0053515027441443886388 |
859   | 0.0090427790419452987181  | 0.0032145189214071593145  | 0.00041502434012762479815 |
860   | 0.0028668794866489369887  | 0.0040262969368014640478  | -0.0069638393739989935469 |
861   | 0.00022151921025199766083 | 0.0024956711759700055814  | -0.010742080348319811567  |
862   | 0.0012123843998487024865  | 0.0035644623354184686199  | -0.0012765602999710806784 |
863   | 0.0018420052750621059793  | 0.007727846879544183166   | -0.0093595485900789549688 |
864   | 0.0037077799174507603507  | 0.0054136150717128215387  | -0.00098721452430516128292 |
865   | 0.009508271246147687733   | 0.0016020827526485226146  | -0.0060571935120008763703 |
866   | 0.0061102153820893024758  | 0.0028734365128135924174  | -0.008673753584359188834  |
867   | 0.0052906517959626390632  | 0.00095188852869204328751 | -0.0065197003338315203877 |
868   | 0.007219995299431459547   | 0.0091888075875942165638  | -0.01095186430474471076   |
869   | 0.00099166785351082159354 | 0.0067327232284921075325  | -0.0013632565879071673661 |
870   | 0.002568766352402289746   | 0.0088809237103064150171  | -0.010167931619196509882  |
871   | 0.0071774287422044051599  | 0.0067531293743452718709  | -0.0082412488491145942382 |
872   | 0.0012781026841181116968  | 0.0031791844579629169841  | -0.0072356677058892553481 |
873   | 0.0086324316403139662174  | 0.00062870695710012824454 | -0.0058529752869573839144 |
874   | 0.0024619013682863149194  | 0.00055267825724771002787 | -0.0047431450973255406822 |
875   | 0.0039484836710659545686  | 0.0078353564480082866367  | -0.010898516279375356636  |
876   | 0.0034947760746345158007  | 0.0036032872768009403981  | -0.0080520036648483884339 |
877   | 0.0048235414976631118752  | 0.00025124167678868230928 | -0.0083276656124242637996 |
878   | 0.0065339696883666186292  | 0.0051665672410090611802  | -0.010821172783085775473  |
879   | 0.0082502527622296470411  | 0.0075590458312654509182  | -0.0048096321636262430801 |
880   | 0.0047340327516142439307  | 0.0087944421132541000796  | -0.011130899761924561292  |
881   | 0.00084835524478889690753 | 0.0047423795801886155926  | -0.0091124217335379533583 |
882   | 0.0032998192362326925382  | 0.0081210635983365239698  | -0.010390058465150122172  |
883   | 0.0061021042279138107758  | 0.0012926747609957657016  | -0.0099946793979211450559 |
884   | 0.0035091426027266136613  | 0.002739456163412749834   | -0.0076171158172307490419 |
885   | 0.0084838337981533208654  | 0.0074939902858812785721  | -0.00361788144645083104   |
886   | 0.0015231412683524390029  | 0.0085941359660703323803  | -0.0063951284421606248778 |
887   | 0.0036602031530030680086  | 0.001995432026582141978   | -0.0085178414471853772238 |
888   | 0.0043836125411134702762  | 0.0065573662968772764709  | -0.0049892444231187174641 |
889   | 0.0057723288177022082091  | 0.0066547966431087460931  | -0.010127243388947639036  |
890   | 0.002290081670491340201   | 0.001862112307777296456   | -0.00091708437299409153575 |
891   | 0.0025106163336880284002  | 0.0097239921405891053402  | -0.0057419157199092157873 |
892   | 0.0012487488745082111173  | 0.0031449346115850450312  | -0.011261052456234753663  |
893   | 0.0064301740381966848367  | 0.00020899335497671171747 | -0.0047442655877858218652 |
894   | 0.0099620527854533385409  | 0.0058881672397410106043  | -0.011804422017735400133  |
895   | 0.006220467713740916553   | 0.0049023464986938025331  | -0.010078034893009591225  |
896   | 0.0079919297214043529681  | 0.0038436907730452934441  | -0.00073853885062534572331 |
897   | 0.0098057787873367264347  | 0.0039040767519238793112  | -0.010808944955847835795  |
898   | 0.0086573701688121180997  | 0.005574369158604822877   | -0.0048751904229319157832 |
899   | 0.0098608777803452958566  | 0.0083875486128293878091  | -0.0049433150371504305104 |
900   | 0.0016771046153980823275  | 0.0016651264300486857441  | -0.0031588743182128045141 |
901   | 0.0039985001847499673788  | 0.0016646098505677044306  | 2.9205927963938698084e-05 |
902   | 0.006444269655853563164   | 0.0069173495898212948238  | 0.00072350946600072043452 |
903   | 0.0032148582593254362502  | 0.0042234108701171618402  | -0.0047252251789665087114 |
904   | 0.0095907538310934827008  | 0.0067287850581409886994  | -0.0027813701637143238045 |
905   | 0.0081349297371529523393  | 0.0083497894486080637133  | -0.0094721134001002228048 |
906   | 0.0045105247630432389674  | 0.0015678206065392235116  | -0.0099630378756389199879 |
907   | 0.003834202216127258981   | 0.0029982066928923227327  | -0.00024095893491859790808 |
908   | 0.0095367986998560506928  | 0.0060690842961985784487  | -0.00098790651858906620465 |
909   | 0.0029134172992273141105  | 0.0026231550766811426167  | -0.0010961941067486329245 |
910   | 0.006368391341253111862   | 0.0021845583893630453505  | -0.0088254285823358251395 |
911   | 0.008851690093261976866   | 0.00033553184309026976755 | -0.0039381243148498843235 |
912   | 0.0092939019148118705987  | 0.001986274196042436737   | -0.0074072664246771207502 |
913   | 0.0043043703310696335845  | 0.0003770999702264596549  | -0.012839931150700823956  |
914   | 0.0025363985323825833686  | 0.0087299875176440628471  | -0.0070258734802606968503 |
915   | 9.6431193111214518073e-05 | 0.0024863170928657888845  | -0.0012421441840492983017 |
916   | 0.002998442586294990022   | 0.0055861440897590512386  | -0.0048819276601882463998 |
917   | 0.0036530456148530835413  | 0.00887836611063743536    | -0.0089094566718263910193 |
918   | 0.00070419392780223205412 | 0.0099626446511864013428  | -0.0091911625476509828392 |
919   | 0.0045950206851052711327  | 0.0038096591652063056289  | -0.0026802153301780664262 |
920   | 0.0015967755235204883924  | 0.003877387075865958415   | -0.00047913974755786755896 |
921   | 0.0037253325762792218606  | 0.0070510660768636412507  | -0.004459536394989681643  |
922   | 0.0040336670966682848169  | 0.00057036649454975964484 | -0.004003291718306935601  |
923   | 0.0049448574020278879618  | 0.0026057799875232930814  | -0.0051912355725595568309 |
924   | 0.0079043742734863867844  | 0.007506835312698852819   | -0.0050155215643564940442 |
925   | 0.0048420393828603513001  | 0.0076238665208417759345  | -0.0021227771896793513895 |
926   | 0.00044908659929386427921 | 0.0089765718585647791966  | -0.0099427401852335058757 |
927   | 0.0080815333126248133089  | 0.0094692258231605305752  | -0.0081248503004939381933 |
928   | 0.0061855299131724703066  | 0.0037448504901772977117  | -0.0047157858954720265066 |
929   | 0.0085180604939245254531  | 0.0091278199526963910843  | -0.0087331621952474701442 |
930   | 0.0065023854556635462404  | 0.0046492128162260353344  | -0.0039886750439776033628 |
931   | 0.00036461016240163073845 | 0.007057105860794461033   | -0.00047559866132792279897 |
932   | 0.0042821800971035387656  | 0.0012427550977322854905  | -0.0076554533835878502829 |
933   | 0.00095343108747451138507 | 0.0089009235314081100454  | -0.0093675884768389550833 |
934   | 1.7392512623836526003e-05 | 0.00793682734788820482    | -0.0034659573570158023169 |
935   | 0.0074052414225262395975  | 0.0027632457469207436819  | -0.0041152122456461397507 |
936   | 0.0061598929736640054694  | 0.0030080016329256664687  | -0.0074968899846110312324 |
937   | 0.009780499833828334294   | 0.003814181212943780052   | -0.0066428439660208673037 |
938   | 0.002791241168471966707   | 0.0076296504343015669053  | -0.0089400000050934343848 |
939   | 0.0028436881397271413473  | 0.0048448010166421808312  | -0.0079740296013503693395 |
940   | 0.0015570003363576023683  | 0.0044954792784071342937  | -0.012360176534586694852  |
941   | 0.0043809466486651590586  | 0.0040550454878903498257  | -0.010509253797173665271  |
942   | 0.0034983544355301223437  | 0.0044279656240549716134  | -0.0042166475512857180472 |
943   | 0.0092189870655380676961  | 0.0094244254441530270205  | -0.0091307432114882090823 |
944   | 0.0041722820305828047655  | 0.0031661422355883277538  | -0.0068074488692683272559 |
945   | 0.0047098211491434747999  | 0.0077880866119404354442  | -0.00065630126621834899113 |
946   | 0.0058893851943696579748  | 0.0066246441435719996202  | -0.0052992646280634048139 |
947   | 0.0068227609001261539309  | 0.001590511719854694481   | -0.0045312041408745312721 |
948   | 0.0058969228574985493516  | 0.0070514645264840337957  | -0.0066007291981536979353 |
949   | 0.0060074834196454868565  | 0.0045939257348756182622  | -0.0089263016802168856229 |
950   | 0.0026002700513507726043  | 0.0013725788188233211621  | -0.007320440534706680949  |
951   | 0.0032015193498337942042  | 0.0099115580001403486704  | -0.011534801156263730162  |
952   | 0.0046837549352423350074  | 0.0025777734583134160815  | -0.0041344918990129505762 |
953   | 0.003441888957934176145   | 0.0023003129938024453882  | -0.01081278037778189878   |
954   | 0.0068156104588056633242  | 0.009754124403165561133   | -0.0037376804122839246171 |
955   | 0.0074045651593855456654  | 0.0038285648934180752101  | 0.00044277601769508647539 |
956   | 0.0015449220263364317387  | 0.0016154898926334570683  | -0.0066617208800025268928 |
957   | 0.0027646387393102768784  | 0.0068642034952024260849  | -0.0055018096295739015583 |
958   | 0.004382532428284063343   | 0.0026393744422534672414  | -0.0080616976696506227607 |
959   | 0.0042028053297391582827  | 0.005859911742927679211   | -0.0035396252129591106519 |
960   | 0.0039500994344739961614  | 0.0032208063631986461745  | -0.0065337852791685470735 |
961   | 0.0083472881937645630052  | 0.00040196791972270406491 | -0.0022113472062389406478 |
962   | 0.0048997590127606155397  | 0.0038851545009585958246  | -0.0025748450179083701844 |
963   | 0.0045844431254074705442  | 0.0052187659638319944602  | -0.008407058107369509356  |
964   | 0.00580370409201240358    | 0.0031100149800180857014  | -0.0050107028729084995139 |
965   | 0.00045509440176821018944 | 0.007064418164740298052   | -0.0028558863069807548067 |
966   | 0.0014460180809032297314  | 0.0086775639646078980144  | -0.0088086752463156520881 |
967   | 0.0090170709017455968892  | 0.0042754896139032506561  | -0.0025302634955703200668 |
968   | 0.0028208933031225319477  | 0.0033630102512308872667  | -0.0073338717715413235046 |
969   | 0.0052510853780059442084  | 0.008604416571668979663   | -0.012788183954868902539  |
970   | 0.0053320005966756315804  | 0.0069620934450610200833  | -0.010566062197451998525  |
971   | 0.0075358870915673325033  | 0.0022317492394289153816  | -0.004151701611125970838  |
972   | 0.0019174614549473036496  | 0.0026088060624505481772  | -0.0030970086451908239965 |
973   | 0.0031511534909259499189  | 0.0044980668919008997067  | -0.00026743674789271012961 |
974   | 0.0026595325560569232047  | 0.0012496662399753067415  | -0.013026606139124284611  |
975   | 0.0017944312375428842117  | 0.0082552186520101437234  | 0.00030866156967919358006 |
976   | 0.002733758997475297433   | 0.0051231618392413658461  | -0.0067974706337402875794 |
977   | 0.0034519047758231995171  | 0.0027239418167671431911  | -0.0012130098978505340739 |
978   | 0.0087822811206166428305  | 0.0094287047011654464418  | -0.008469247907314280191  |
979   | 0.0021114921590244563332  | 0.0084833079623680938963  | -0.0027938962544992208825 |
980   | 0.0071079078945661998759  | 0.002810469705461987773   | -0.0064576024062941630305 |
981   | 0.0091510128057704868271  | 0.0081925598296869878157  | -0.0039754451796596484633 |
982   | 0.005065878738283047765   | 0.00086050644823085350663 | 0.0005813523805694017707  |
983   | 0.0034334897550839724167  | 0.0046262418518995098229  | -0.011194410964758951671  |
984   | 0.0093894017212773975278  | 0.0014993850857893125002  | -0.012983468832766907261  |
985   | 0.0046451049586236732233  | 0.0068326989043116705819  | -0.0041134902905760953318 |
986   | 0.0034057016893031602511  | 0.0017830609805572505706  | -0.0069296360369601401122 |
987   | 0.0064078666595061310393  | 0.0042797912745933816905  | 0.0004763606301392349536  |
988   | 0.0049892463649114544844  | 0.001318940352078231586   | -0.0092195481520095778211 |
989   | 0.0022243768062312819535  | 0.001209619111323539031   | -0.012190561914223175394  |
990   | 0.0066382213568004881654  | 0.0067099617430153796552  | -0.006047192390225388306  |
991   | 0.0031390605407899327406  | 0.0077837452300257093177  | -0.011571538876517935626  |
992   | 0.0091644487017927284828  | 0.0059445527061992775239  | -0.0045255427507096207887 |
993   | 0.0029476582070562073849  | 0.0014086819948080386324  | -0.012827844521428724556  |
994   | 0.0071171042200779150583  | 0.0062437315953051027162  | -0.010818353849393115909  |
995   | 0.003571759169901189343   | 0.0028150338843895375031  | -0.010625702839690153237  |
996   | 0.0040159448203466695249  | 0.0039747340358143451455  | -0.010128934793218838731  |
997   | 0.0039245749193974133542  | 0.0027090068579602535372  | -0.0010466518341850702001 |
998   | 0.0084590926392740621587  | 0.0068049929734395036424  | -0.008389686122194870907  |
999   | 0.0041587269387805226792  | 0.0039290244954264200855  | -0.0076858162707402807173 |
