N			X			Y			Z
0     | 0.0070354756183131517827  | 0.0049781767952321448467  | -0.00324673942540849381   |
1     | 0.007418914473777869778   | 0.0043971980347862048982  | -0.0032678265285574037251 |
2     | 0.0014234002078422475484  | 0.008059069208739935361   | -0.0088725026805596719781 |
3     | 0.0061246425662550988203  | 0.0010176117100652549378  | -0.0025242624648442132419 |
4     | 0.0089586236532358982931  | 0.0080114806831578528473  | 0.00027227812063546134825 |
5     | 0.00071357655524169642455 | 0.001001196340356350729   | -0.0054520614599429459424 |
6     | 0.0022590434573960694459  | 0.009575637656259745889   | -0.0076890416667882051371 |
7     | 0.0069330961429966732334  | 0.0031928658581454063235  | -0.006280322031208457334  |
8     | 0.0060804814847317603665  | 0.0089845211550194405137  | -0.0025233860481859811051 |
9     | 0.003815667267146413081   | 0.00037282982294465662459 | 0.00042005894373008025727 |
10    | 0.0086434749436827620905  | 0.0069015174987366928114  | 0.00045627032457099588741 |
11    | 0.0097178528827745296048  | 0.0022792832113092075484  | -0.0088966638656202343127 |
12    | 0.0032240812029316109205  | 0.006073019711834781037   | -0.0044157593408607597602 |
13    | 0.00087105535594033322525 | 0.0046603954508680350832  | -0.006942481320463199726  |
14    | 0.0035549493063751686807  | 0.0088931431624229874411  | -0.0044235918923411577178 |
15    | 0.0060625899325295936476  | 0.0051915990283465749539  | -0.0061421408114690507346 |
16    | 0.007922908841463464219   | 0.0069062394248388565832  | -0.0047019823569415149234 |
17    | 0.0060856605628012748824  | 0.000818167898257223772   | -0.0023869488277629695612 |
18    | 0.0075075437429570684653  | 0.0018040326185385503581  | -0.0080759201984553705134 |
19    | 0.0090612035910702451447  | 0.0079518012858914924323  | -0.005024122369064643219  |
20    | 0.0058052907262609336134  | 0.0054343685081264768433  | -0.0036641319526451022852 |
21    | 0.0018907323842012745303  | 0.0086885199676626136828  | -0.0049057999520496289869 |
22    | 0.0093020534955761437212  | 0.0019877261060886482723  | -0.0041081915277598433922 |
23    | 0.0034527210527304746761  | 0.0059370701131452431956  | 0.00027347803894909401747 |
24    | 0.0058509087381741087946  | 0.0074339356769534698649  | -0.0047786516777842879752 |
25    | 1.3244088712257231721e-05 | 0.008520954783883033859   | -0.0075327573693680007633 |
26    | 0.0052256736761231966162  | 0.0049309934045562824056  | -0.0034704496996393312952 |
27    | 0.0045008663382511268289  | 0.0029008307831223769171  | -0.0081780728093565138725 |
28    | 0.0033655667138189292696  | 0.0072405744468114346946  | -0.0039079457595303105158 |
29    | 0.0020401553424117531248  | 0.0096883728232504996714  | -0.006559897735811031326  |
30    | 0.0024282712306046248807  | 0.0047953740470243980815  | -0.0084513440864673865932 |
31    | 0.0071711326729962986473  | 0.0085426958112366606357  | 0.00063782333719362299413 |
32    | 0.0083737531615813605435  | 0.0011655553902139828473  | -8.3280368877102327742e-05 |
33    | 0.0094501561866205362195  | 0.0010679895244928825932  | -0.0021988606535644945883 |
34    | 0.0058168023727852048721  | 0.0071012230062689708429  | -0.0050523951017116550469 |
35    | 0.0056141911435745516998  | 0.003483127582747667754   | 0.00013653524262411515476 |
36    | 0.0037610173771389196658  | 0.0065247980351914505043  | -0.0066490511834692263629 |
37    | 0.0067789835196816871504  | 0.0074485537347924977991  | -0.0033044334462860301162 |
38    | 0.0035349734964259991142  | 0.0069893293215194116433  | -0.0040956119667741571269 |
39    | 0.0068891613834903440636  | 0.0065536332711529383249  | -0.0046666242938212870381 |
40    | 0.004791000701578123841   | 0.0075996501540503058267  | -0.0074035283170328933591 |
41    | 0.0032258316972827937551  | 0.0031386002264952904753  | -0.0078077629415646727928 |
42    | 0.0037581516621078029858  | 0.0063258488320034065092  | -0.00062827060972093996989 |
43    | 0.0089792143540628147763  | 0.0067557802756186800808  | -0.001725896530436183459  |
44    | 0.009215265569779832952   | 0.0098224058703421032734  | -0.0014653118736823809564 |
45    | 0.0085028426018876231141  | 0.0077812969030709435922  | -0.0041443936290356071447 |
46    | 0.009940793284569376595   | 0.0069966961786580650698  | -0.004974129281484150969  |
47    | 0.0015370750628448733455  | 0.0022507921820909986867  | -0.0056833038603227017602 |
48    | 0.008736495113453252373   | 0.00063964628866530293203 | -0.0072997611123108629635 |
49    | 0.0016009849027190277415  | 0.0081046545037984710214  | -0.0051225581327053642047 |
50    | 0.00713758523389968879    | 0.002461318025673410112   | -0.0071055472975157935034 |
51    | 0.0071556382037427888887  | 0.0020596287664089150439  | -0.00080157225317993769688 |
52    | 0.0031593088268531202556  | 0.00031937336358822177897 | -0.0030862646294607335579 |
53    | 0.0017782282578870244223  | 0.002337768947812826105   | -4.7703421460966855103e-05 |
54    | 0.0049999759481113015269  | 0.0051275466042470362743  | -0.0079223024929324353111 |
55    | 0.0082881306702097794908  | 0.0010241502335011202791  | 0.00070244134433558092813 |
56    | 0.0054414946986661421463  | 0.0063419915988372948037  | -0.0083720052970628153904 |
57    | 0.0025894845854718046875  | 0.0036256126461375664735  | -0.0057216589066318070816 |
58    | 0.0060927036718272757632  | 0.0030822229469672697034  | -0.0062846895918064445488 |
59    | 0.0091488806102167849477  | 0.0078212941796366990815  | -0.00055718345384222361678 |
60    | 0.0053103450006216834298  | 0.0070239839427515349604  | -0.0055206071072209650374 |
61    | 0.0079407175138432022771  | 0.006827497167379793265   | 0.00015543057577923512962 |
62    | 0.0042640974873028531303  | 0.0057548005072551762507  | -0.0055863201939761030629 |
63    | 0.0018506570558816813534  | 0.0099338005077456749403  | -0.0031561136538291742828 |
64    | 0.0089915091696832882134  | 0.0065611745472136809645  | -0.0085621514482456476808 |
65    | 0.0093198644955239471482  | 0.0009111144618476461508  | -0.0051463607724342476379 |
66    | 0.0055371453380234384942  | 0.0018450304220702024634  | -0.0059443743749881469696 |
67    | 0.0046644197700691824096  | 0.0053732437619534193993  | -0.0021306884283422123337 |
68    | 0.0062398125146787006626  | 0.0032110921135700587654  | -0.0058239750619760591657 |
69    | 0.0044804336136778123711  | 0.0060263307877015731204  | -0.002181601292582059301  |
70    | 0.007706215830743432145   | 0.0071285869919732597344  | -2.0501583917645571599e-05 |
71    | 0.0086448170656399734441  | 0.0063750575209036673685  | -0.0032612987132852348446 |
72    | 0.0081532293068252888191  | 0.0045838931966158801695  | -0.0064763761729355788857 |
73    | 0.001359880433476812981   | 0.0039355689437673571987  | -0.0068881161118177752084 |
74    | 0.0021090511878221257155  | 0.0044849965641922326376  | -0.0013760561155961306083 |
75    | 0.0071382632322918625548  | 0.0017385477663724290681  | -0.0032249109520900232431 |
76    | 0.0066989901585978684981  | 0.0085319827492972896005  | -0.0065903295633903272513 |
77    | 0.0070408476544524898483  | 0.0077410776240460421257  | -0.0084803207121067203378 |
78    | 0.00099957016705733885489 | 0.0087087822884339780721  | -0.0087308454871576433171 |
79    | 0.0077166357512682597422  | 0.0031558599792685907044  | -0.0021312238311016365282 |
80    | 0.00786834485299503332    | 0.0023354254412722630016  | -0.0069705804062174395522 |
81    | 0.0043493618505849856309  | 0.0031154770204720890446  | -0.006742085746361352154  |
82    | 0.0056048049262017131042  | 0.0036830705925350575719  | -0.0010466065892680358976 |
83    | 0.0022176395621694693777  | 4.0140829983980861088e-05 | -0.0009162605469267124823 |
84    | 0.0064130242932990931537  | 0.0054728007324381334683  | -0.0011801011549369122815 |
85    | 0.0097917425260967052431  | 0.005326255410994408003   | -0.0029375197872207737919 |
86    | 0.005192174920364611701   | 0.0048500516563049420049  | -0.0078760194145036793723 |
87    | 0.0019365039703633231231  | 0.009382197147636314738   | -0.0060374871521490089052 |
88    | 0.00314117370722871974    | 0.0053037923665442436236  | -0.0070191062534967259973 |
89    | 0.0091615161294177870077  | 0.0064128363586820006509  | -0.00051569522147771446573 |
90    | 0.005527902615966575825   | 0.0043166072452325513625  | -0.0048133404354034608347 |
91    | 0.0096443331495986873297  | 0.0011194094539668873311  | -0.00083239449309150358169 |
92    | 0.003701378821282475147   | 0.0073317487433069167962  | -0.00043777363501451587629 |
93    | 0.003575576530245590072   | 0.0045476715047717292811  | -0.0081448744626599605539 |
94    | 0.0031043337595401403368  | 0.0060066353593005534714  | -0.0052862689968377479799 |
95    | 0.0020410585328315355123  | 0.0025623030043467531422  | -0.0046998898656071220678 |
96    | 0.0019154109511244025305  | 0.0086203265479915698599  | -4.5170604216726479858e-05 |
97    | 0.0038177763338197588834  | 0.0085500579434105664772  | -0.0029950905757867856034 |
98    | 0.0057066738927091563774  | 0.00096410357933257833773 | -0.00037382905448894813158 |
99    | 0.005578666563446045383   | 0.0076140066964943053582  | -0.0053743663798195744422 |
100   | 0.0066378533841201245794  | 0.0033375334372185540624  | 0.00067694747010761452052 |
101   | 0.0026059047038275275424  | 0.0099851423596634906327  | 0.00042726205346426489231 |
102   | 0.0055855539473473273665  | 0.0098705448331234939968  | -0.0067168612947192257723 |
103   | 0.0098934873279041355559  | 0.0078907582057886772181  | -0.0076189571496702388625 |
104   | 0.005457197246186611464   | 0.003207781043213116072   | -0.0019540910871403060697 |
105   | 0.006975949975637867756   | 0.0031225746628809180477  | -0.0024660785515164896156 |
106   | 0.0094411604823608705206  | 0.0093453677425687307206  | -0.0041804507822037978784 |
107   | 0.0054952244871237015608  | 0.0052135524391248170076  | 0.0006234087233683285531  |
108   | 0.0044510532236093861697  | 0.0014401176865535313468  | -0.0022360050469037561632 |
109   | 0.0069731500141832023637  | 0.0028531298345828440613  | -0.0038109871565690277631 |
110   | 0.0066106405586372797567  | 0.0089591635106208572514  | -0.0046674864591927153062 |
111   | 0.0020095294579952818065  | 0.00079165651457927086083 | -0.0009797041982276752381 |
112   | 0.0017654229627408262945  | 0.0024438572684320094934  | -0.0010029281661422478986 |
113   | 0.0068722324956496548196  | 0.001863127628113466416   | -0.0073621128770082503931 |
114   | 0.0067382300350142167872  | 0.0045525943736879096943  | -0.0021712582920511308039 |
115   | 0.0071949018649170972187  | 0.0032130717536730983921  | -0.006566868020450326339  |
116   | 0.0086811771347711560315  | 0.0056339025753105627381  | 0.00098430595300833586409 |
117   | 0.00085468822056492118559 | 0.0093236110334764324414  | -0.007084413804848113845  |
118   | 0.0019718479872755973088  | 0.0054970876584135141413  | -0.0047121283074310748445 |
119   | 0.002563034089452885262   | 0.0012690053502700580999  | -0.0052279250981096042281 |
120   | 0.0067777526066270781663  | 0.0080237482900702514904  | -0.0021679354978174801213 |
121   | 0.0028824863710855911508  | 0.0017860564406028912529  | -0.0011174960436233611575 |
122   | 0.0031645088264874812224  | 0.00031349894211080879883 | -0.0028658997045199860638 |
123   | 0.0037779440594372451501  | 0.0032515753155216817367  | -0.00016749941097736774148 |
124   | 0.0035566431134667424695  | 0.0050315595399198689147  | -0.0030253149420114374725 |
125   | 0.0097081804253476618877  | 0.0046524203946132665355  | -0.0013279607268552697571 |
126   | 0.0031102085154938001466  | 0.0018473541047362518428  | -0.0031367223954861288629 |
127   | 0.007636875231522965296   | 0.0027167644740938340538  | -0.0013780930723072332741 |
128   | 0.002753348787020486188   | 0.0070958651147167376566  | -0.0066918800316580484555 |
129   | 0.0092060278782851306945  | 0.0057472619839600887909  | -0.00079316846689693476253 |
130   | 0.0067750920288882137896  | 0.00050467417227642282287 | -0.005255405447002629675  |
131   | 0.0063516829921380062868  | 0.0023722913760229175605  | 0.00032866103241006080354 |
132   | 0.0052995702436403682722  | 0.0054261434354886516757  | -0.0071916223542671936508 |
133   | 0.0067153711748244564878  | 0.0047757102932096066189  | -0.0046948203120044862055 |
134   | 0.0083943013200373905319  | 0.0016758027787778264055  | -0.0078877164630634603176 |
135   | 0.0098822287051458183177  | 0.0088600498799792908738  | -0.0051736701281178826273 |
136   | 0.00083294453773616859444 | 0.0044041151556701877909  | -0.0044126321499260556108 |
137   | 0.0081122768940405671351  | 0.0087644399257678015647  | -0.0043031851018957654326 |
138   | 0.0060511103639877533017  | 0.0026282686736859624949  | -0.00064023848753147689136 |
139   | 0.00060809953879896623801 | 0.0073321600131878734291  | -0.0081385222294313060154 |
140   | 0.0067094020393975023486  | 0.0048781138345784574514  | 5.360249920677972725e-05  |
141   | 0.0052589171697133719335  | 0.00510576051671319045    | -0.0038398330503031543985 |
142   | 0.0044013880944936637635  | 0.0014842751539508294758  | -0.003473961666067845646  |
143   | 0.0090032642280154923098  | 0.008481604483636091471   | -0.0043741966415673195698 |
144   | 0.0095935682354877389183  | 0.0032878971097663346052  | -0.0066714213505923549222 |
145   | 0.0016544149088401677219  | 0.0015460536500006059977  | -0.0058451848439713205777 |
146   | 0.00099707064886892741301 | 0.0035081918645795714777  | -0.0063966559895203061945 |
147   | 0.0096268320971227509114  | 0.0054596433601454994952  | -0.0067458559646150356715 |
148   | 0.0080569311545057829826  | 0.0019893471145026719177  | -0.0062461459281395572199 |
149   | 0.0034219179506401872434  | 0.0046382880170522302471  | -0.0023920490064640721577 |
150   | 0.0061289934247180663865  | 0.0035993410783622275563  | -0.0051472057112512594607 |
151   | 0.0068384299467055620694  | 0.0021398047381199379255  | -0.006663074852969633026  |
152   | 0.0086662569464173947603  | 0.0041615495212991137491  | -0.0031388149860409253131 |
153   | 0.0077291072567270829863  | 0.0066922774414566498294  | -0.00050856864433642518485 |
154   | 0.0079964428263123322332  | 0.0071394700122548631141  | -0.0013914176475227817489 |
155   | 0.0016258266741607299826  | 0.0034056719519473441747  | -0.0016196520334879551013 |
156   | 0.0013634502796234209809  | 0.0067505421523088764493  | -0.0042305067363266578295 |
157   | 0.0039965659318704875591  | 0.002671416955047383867   | -0.0043889706289444692724 |
158   | 0.0079451980770218148115  | 0.0076827122217893329542  | -0.008084732424052106653  |
159   | 0.0061992056923955663958  | 0.00090730281898689579215 | -0.0021177899217715446395 |
160   | 0.0020558696033124404697  | 0.0038323020013174961297  | -0.00789681827886772221   |
161   | 0.0046487248707176498028  | 0.0041719315993778210636  | 0.00072616800560012292193 |
162   | 0.0026805348508325750091  | 0.003539055531778967801   | -0.0029271385556030181559 |
163   | 0.0049602620965359701943  | 0.0089632190834259845708  | -0.0044483003661227324757 |
164   | 0.0078955506573583356111  | 0.006739922400269551632   | -0.0076110512637337351255 |
165   | 0.0093640298234079627493  | 0.0053769241111608174696  | -0.0089019938010624789088 |
166   | 0.0045696506373276695595  | 0.0091279279524680602409  | -5.9748263992055095268e-05 |
167   | 0.0050293716121922963508  | 0.0057950351104522745266  | -0.0033236095263621981237 |
168   | 0.0038089880345808578392  | 5.3009654650448786485e-05 | -0.004247056672883502311  |
169   | 0.0088236693380181561303  | 0.0088550570818439477971  | 0.00024643973890782044488 |
170   | 0.0097984577132724341719  | 0.0058857667008112091525  | -0.0049051953191944263136 |
171   | 0.0029153489880385701286  | 0.0082253676853466517471  | -0.0049909452222164120416 |
172   | 0.0091588861614864212207  | 0.00010959655286095582667 | -0.0074852784926112735445 |
173   | 0.0058381383888990185521  | 0.0072605315446905138027  | -0.0070597447235896549494 |
174   | 0.006929244126241609382   | 0.0058487047371873551391  | -0.005174058383321130522  |
175   | 0.0077136471396637793646  | 0.0021410559496061222495  | -0.0028943785258116537344 |
176   | 0.0061271207560396551486  | 0.0062926988212353741903  | -0.0018555759268440558639 |
177   | 0.0088433358516497341528  | 0.00025189320460449892043 | 0.00040364493352920791536 |
178   | 0.0029750447527799031219  | 0.0067152878720280967731  | -0.0046324909538629490888 |
179   | 0.00028819808325636830579 | 0.0090546934943566588505  | -0.0046382324656883402655 |
180   | 0.0064522909807248488359  | 0.00013273298823627397076 | -0.0086919206479296618612 |
181   | 0.00034313531219891895254 | 0.00021293103312972069883 | -0.008803096765309345248  |
182   | 0.0040118897716493193487  | 0.0097871079719359741628  | -0.0023043604103561246034 |
183   | 0.0051952076231698588946  | 0.006733851452702309566   | -0.0042003888212550086548 |
184   | 0.00089071422772172474756 | 0.0068570203044559423569  | -0.0062595720553022815569 |
185   | 0.0031657814300242990459  | 0.0086968447006914514907  | -0.0015226014045514033902 |
186   | 0.0051123184663036704001  | 0.0013080526856073591661  | -0.002338739953985693662  |
187   | 0.0096339926567657295509  | 0.0030915304444304723443  | -0.0068927514018339106766 |
188   | 0.0037092299679199374277  | 0.0061601001690282349357  | -0.0010089389221061002659 |
189   | 0.0090315250295815163728  | 0.0025812091788394190758  | -0.0028177511249582397855 |
190   | 0.007954479853978539336   | 0.0072803297857468541807  | -0.0077215320493539841423 |
191   | 0.0022821088712376143108  | 0.0067652654067325837181  | -0.0078541946749470844397 |
192   | 0.001046796796223921442   | 0.0058032558645416511614  | -0.0016134459757927127176 |
193   | 0.00296718076381803815    | 0.004478582081852783281   | -0.0045611047136353537884 |
194   | 0.0021724390053342304205  | 0.00094348126936052566661 | -0.0039752243586458103908 |
195   | 0.003982842833113175128   | 0.0050580931869113696792  | 0.00069902030802542142532 |
196   | 0.0029206677332176745644  | 0.0048101191204886692421  | -0.0077441666249480562226 |
197   | 0.0031969396019136874995  | 0.0086742052199217916514  | -0.0055895715678290838757 |
198   | 0.00651658381062307588    | 0.00093348674603509803737 | -0.0045606306360468536198 |
199   | 0.0048285596336784400787  | 0.0075747535027605146854  | -0.0008208024947048501432 |
200   | 0.00026013277135569182631 | 0.0060213432533036907041  | -0.0072439776658420884647 |
201   | 0.0062368162279049380384  | 0.0011315069373164338921  | -0.0049433991244640981128 |
202   | 0.0061229541464437901507  | 0.00041975286449532836627 | -0.006572093333501511335  |
203   | 0.0017717041151668732474  | 0.0082516292380251498456  | -0.0078722635570684495326 |
204   | 0.0081332161362294395912  | 0.0095534704748221968562  | -0.0045076056151124024515 |
205   | 0.0007001505382457243274  | 0.0082716385680515324558  | 0.00079635309845221043806 |
206   | 0.0085724321012414818333  | 0.00090823436831806414991 | -0.0084478601464567700668 |
207   | 0.0062694696647560181971  | 0.0030738040919490025246  | -0.0041562725567579929253 |
208   | 0.0060175673869618849857  | 0.0070363153512721507074  | -0.0085483923452582752378 |
209   | 0.0040484896280469778729  | 0.0061629288634051388601  | -0.0044205209441163240136 |
210   | 0.0052498764782491214032  | 0.0040997702386967611182  | -0.0026141903813368277433 |
211   | 0.0098932965255802904347  | 0.0076468234638808829998  | -0.0045597655569809200649 |
212   | 0.0066546589133835111138  | 0.0045513309950037054291  | -0.00063155183260845868497 |
213   | 0.0099356763773250211108  | 0.0082723748047716719189  | -0.004757874336719578913  |
214   | 0.0058550402890706274017  | 0.0029467915010564084237  | -0.0055703421310754055659 |
215   | 0.0033888936305628359139  | 0.0055303138771013136965  | -0.0012165202710076913461 |
216   | 0.0069590874031083454002  | 0.0065831473786328951331  | -0.00070593516422480821412 |
217   | 0.0058269559204274521194  | 0.0098197574469372373579  | -0.0020871100747844374169 |
218   | 0.0086991145061806156302  | 0.0011550060539946328548  | -0.0037541060543349758644 |
219   | 0.0038081069879484985216  | 0.0027108011168300583105  | -0.0034291311298653500035 |
220   | 0.00041651090842827393802 | 0.0015244017319220148476  | -0.0072572442851433554764 |
221   | 0.0038855509034715711957  | 0.0074680982397085345428  | -0.0042486325190434761842 |
222   | 3.534208172848203605e-05  | 0.0079679733904125648464  | -0.00068379896850019215512 |
223   | 8.0258320879938739026e-05 | 0.0071150666035930797831  | 4.3399273365891076482e-05 |
224   | 0.0090478980032447486187  | 0.0026024245673592089761  | -2.1574991277140009165e-06 |
225   | 0.0070780070193987932106  | 0.0073118828956787781242  | -0.0017637725224354827182 |
226   | 0.0059657275469291492012  | 0.0023986968834901205468  | -0.0022252504350097515422 |
227   | 0.00057810937419342769885 | 0.0049598230934466682948  | -0.0075003893273184627996 |
228   | 0.0028158180521878017032  | 0.0071242161281080008256  | -0.0015230242004379630945 |
229   | 0.004912125843707900244   | 0.0079582708646171555766  | -0.0056239797418190171086 |
230   | 0.0075564565106231241023  | 0.004892695055407584627   | -0.0055283702761541719112 |
231   | 0.0035164135755574306257  | 0.0065203108139903123014  | -0.0029454000203591886552 |
232   | 0.0028234694353501408118  | 0.0093315779826885734971  | -0.0064808222783482184043 |
233   | 0.0099034203459168242828  | 0.0043318400939695135901  | -0.0042828408152080846283 |
234   | 0.009179264231204763147   | 0.0093233041200443938362  | -0.0084447342273860134115 |
235   | 0.0011155571056563184235  | 0.0057837197427634328903  | 0.00065261126304579683121 |
236   | 0.0023008714099323596645  | 0.0023326895433640414644  | -0.002797245365776508761  |
237   | 0.00775227548481876097    | 0.0059739808106173842434  | -0.0024952300104839481021 |
238   | 0.0050302722512766424173  | 0.0032384024759382745023  | -0.0013708495962480157435 |
239   | 0.0059944826644171894311  | 0.001104294146534214472   | -0.0041276183213731203886 |
240   | 0.0081426918694585161129  | 0.0092273982244410347048  | -0.0019610115989472805785 |
241   | 0.0091441569685315002985  | 0.0016050398612911156299  | -0.0015408251334994354717 |
242   | 0.00056871709790477537484 | 0.0043436965958542550145  | 0.00063747079817413117991 |
243   | 0.0015319541134622826229  | 0.0019721931143865103694  | -0.0048120638235416906756 |
244   | 0.0023970530316549717303  | 0.0048393857581300984971  | -0.0071460880669519050504 |
245   | 0.0054961188613445056267  | 0.0016057064680539624886  | -0.00090193122758340776163 |
246   | 0.0030342912349201034937  | 0.0058396769040583839522  | -0.0027457956295370931216 |
247   | 0.0052589250037068614382  | 0.0082289696476515964557  | -0.0042871607420696174889 |
248   | 0.0088092201939406027111  | 0.0011140448884316596356  | -0.005596090805185468392  |
249   | 0.0086665277650570318735  | 0.00538466523433265426    | -0.0026451865523656231845 |
250   | 0.0011372986821773169337  | 0.0055858053536188764787  | -0.00031476425246419498672 |
251   | 0.0083286351433134037103  | 0.0017413276136178910698  | -0.0073227679726251297329 |
252   | 0.0013829236310317538552  | 0.0046065481745768627544  | -0.005117230142277701295  |
253   | 4.803151022456441597e-05  | 0.0055820358292611458109  | -0.0075826007958704651213 |
254   | 0.00099785984312662822163 | 0.0035975364108754123889  | -0.0073298860916354499628 |
255   | 0.0078928149666119933048  | 0.0077060483904860263907  | -0.0074282165446948201365 |
256   | 0.0062424400481492390777  | 0.0066705495897976373881  | 0.00097099574100364342399 |
257   | 0.0069452136560326747927  | 0.0053879300632016374761  | -0.0068757848222617181516 |
258   | 0.0089548265851224547601  | 0.0058389070586589240236  | -0.0025059719958166097944 |
259   | 0.003682726650537745082   | 0.0011631674255988863186  | -0.00012221724589400962064 |
260   | 0.0096178884200685214184  | 0.0055367506514185657954  | -0.0013878108266177440443 |
261   | 0.005230126530504159571   | 0.00068998618010076336743 | -0.0011114476409686490331 |
262   | 0.0035755457774140058519  | 0.0030954760684745955684  | -0.0064630967244372634212 |
263   | 0.0090971781730192317894  | 0.00029636007235038746947 | -0.00072511535527303584269 |
264   | 0.0057227303879273383469  | 0.0034107197255097976285  | 0.00067733851431604600885 |
265   | 0.0094746646737199589905  | 0.006760206948004949222   | 0.0005720368186876217606  |
266   | 0.0020931409546339901917  | 0.0069901083067194086373  | -0.0022059342662368707638 |
267   | 0.0088920002941890920883  | 6.702074174741196478e-05  | -0.0020763598294385281207 |
268   | 0.0046007284602836099469  | 0.0030588873078472912127  | -0.0023947160268237570498 |
269   | 0.0077433643744148177024  | 0.0070644849251632517786  | -0.0031806354981076616871 |
270   | 0.0043000643183574880843  | 0.0035546554673056723374  | -0.0060687229217833262365 |
271   | 0.0062512799079058184448  | 0.0023127964790481507495  | -0.0022126101490327694694 |
272   | 0.00075562178789611146677 | 0.0015246063215947187018  | -0.0077668530831035706777 |
273   | 0.0078745692763780138906  | 0.0044885626815207926854  | -0.0081187270719673774316 |
274   | 0.00043396861633263457631 | 0.0063520417078897226451  | -0.0034747626873660210356 |
275   | 0.00094266537237757308705 | 0.0059917147787080593871  | -0.0060450691266496856674 |
276   | 0.0075418872420611850552  | 0.0075040183967912382074  | -0.0056485932034710190433 |
277   | 0.007128073182374044213   | 0.0079844967661645144252  | -0.00010763775405352286896 |
278   | 0.00022004566479462569183 | 0.0030416468570248615146  | -0.0018362743607859791529 |
279   | 0.0064785184133024894051  | 0.0033693709183426744785  | -0.0055857139271362262617 |
280   | 0.0021362867056532570086  | 0.0046600802920560976603  | -0.0014089598295583013847 |
281   | 0.0087622199985159677366  | 0.0067088479599179988086  | -0.0013802225743366309477 |
282   | 0.0091132925862178366938  | 0.00014864886968413769754 | -0.0070282836555840468712 |
283   | 0.0071630920149463239363  | 0.0043317831620722458894  | -0.0059912554813730967834 |
284   | 0.0035489300868463001699  | 0.0051219482115910826281  | -0.00624162523655673665   |
285   | 0.00090535784858013299958 | 0.0078733912330808883406  | -0.0043815002601993464221 |
286   | 0.0026563195866409700444  | 0.0044668749591688606745  | -0.0080314888636298393393 |
287   | 0.0037903308628517125636  | 0.0071897535472251862879  | -0.0033826511908740053772 |
288   | 0.0037200747129359358449  | 0.0061461292483655617994  | -0.00068798785166575575269 |
289   | 0.00407987490154113671    | 0.00078381111587394719075 | -0.00015840213252042343282 |
290   | 0.0030385463528734913199  | 0.0068947249935998730294  | -0.0050039277882269785069 |
291   | 0.0040431432602325931974  | 0.00096343706732879004322 | -0.0072979617382405246456 |
292   | 2.0477990482782646006e-05 | 0.0074158725684580267465  | -0.0075755343823179603635 |
293   | 0.0097750371495952930595  | 0.0076425253748365574655  | -0.0011243433619215357968 |
294   | 0.0054824534061298649604  | 0.0068794384976357007486  | -0.0087418697422174534983 |
295   | 0.0053493270303069514679  | 0.0018379854203837745451  | -0.0064464896728221874125 |
296   | 0.0032317989306088518338  | 0.0092918753061966043172  | -0.0086870554571542284855 |
297   | 0.0046143168763334019289  | 0.0030426888608077492897  | -0.0043149393184422502739 |
298   | 0.002701816551918985454   | 0.0028657632866365950058  | -0.0023501837652228625523 |
299   | 0.0030233641798825760215  | 0.00072193596061392970205 | -0.0026214017690111566031 |
300   | 0.0068138582020957575575  | 0.0091986351271897155019  | -0.0020759890414753755239 |
301   | 0.002381685936804067618   | 0.0011253604094490011252  | -0.0022960776641803163148 |
302   | 0.00062440827720303679945 | 0.0070621945311065892001  | -0.0064810231749272235666 |
303   | 0.00051910646473788204808 | 0.0035154171504022824896  | -0.0055814384220206824869 |
304   | 0.0084659930333784803175  | 0.0076121234571241789407  | -0.0076051341296836704256 |
305   | 0.0046154061508264631469  | 0.0035491991468173406804  | -0.0046476435764693157723 |
306   | 0.0092165653512094585648  | 0.0067242919145593148603  | -0.0059518828649397798741 |
307   | 0.0053065423744985563276  | 0.0070397696960951246584  | -0.0039249608315409583933 |
308   | 0.0060908491940961000458  | 0.0060465543776096900355  | -0.0086169924985639335946 |
309   | 0.003394553899095897366   | 0.0048590133528095616477  | 3.1962715794669094721e-07 |
310   | 0.0032987702849218859119  | 0.0092529935889364405693  | -0.0055275721886807729563 |
311   | 0.0031972726056519067996  | 0.00027513933637988161399 | -0.0064065024993143699153 |
312   | 0.0039334544926645630819  | 0.0023975366752774880316  | -0.0023360373359735432663 |
313   | 0.00083057134830078231322 | 0.0060592600395308580941  | -0.0058529217406954291147 |
314   | 0.0097855105172499224492  | 0.0065442567926209749621  | -0.001315874900168864008  |
315   | 0.0019989794313133757604  | 0.0012653477897951333729  | -0.001764961235684025468  |
316   | 0.0070584596791926400641  | 0.0070577547474460671298  | -0.0074514170206711324504 |
317   | 0.0011697378363644318246  | 0.0083190986605253293418  | -0.0053087232333202966778 |
318   | 0.0040888785803548360204  | 0.0039472655501271471101  | -0.0065304227304114970468 |
319   | 0.005806594203424549766   | 0.0081354596537764733294  | -0.0059648669694429131902 |
320   | 0.00279650822748766896    | 0.0079066032501904828095  | -0.0020241795477084025857 |
321   | 0.0090069223078727469328  | 0.0025185894883163763812  | -0.0041731641490888506801 |
322   | 0.0058037518238215797528  | 0.0023892774937064082015  | -0.0080423720604610587914 |
323   | 0.0023556789397690403032  | 0.0019892090387003250919  | -0.003350678772129670694  |
324   | 0.00015766248587281855051 | 0.0034766773920739536645  | -0.0014503172190366922251 |
325   | 0.0026361489148349860276  | 0.0044377697508213541366  | -0.0061981856682247716758 |
326   | 0.0025833446048510533624  | 0.0066362218732503039723  | -0.0022254223956497671925 |
327   | 0.0012021163120641586205  | 0.004223208226708788024   | 0.0009559620900271808934  |
328   | 0.0016314435279529545739  | 0.0023284386014671156449  | -0.00050814170494981947875 |
329   | 0.0068543457033913126122  | 0.0053142389177822631566  | -0.0012072033004845007884 |
330   | 0.0053784437973953443113  | 0.0041832530018449838594  | 0.00032326700154746475929 |
331   | 0.0035397128739366912238  | 0.0088976782129356075252  | -0.0045531537694757824586 |
332   | 0.0030107773768328670652  | 0.0022058101388798771053  | -0.0056975083071169147983 |
333   | 0.0051052238351906907912  | 0.00079823725238009992679 | -0.00079601773549908643162 |
334   | 0.0056043572263296363711  | 0.0013031029410556750018  | -0.0025947129875078024132 |
335   | 0.0050097272687413558351  | 0.0024504831119845429943  | -0.0071379832270455504176 |
336   | 0.0080726456485036932748  | 0.0078473560542523350392  | -0.005914078793483370719  |
337   | 0.0093208189798037709151  | 0.0083673987353557292834  | 0.00011126041100741664719 |
338   | 0.0041879738055451698475  | 0.00070535961104792484471 | -0.0043716262886906980673 |
339   | 0.0035522261038746397004  | 0.0050175057395280518724  | -0.0081793539522746500775 |
340   | 0.0047775432526346306439  | 0.003844191070834002133   | -0.0026675115268180423292 |
341   | 0.0020358766689377613517  | 0.0062186861405886442039  | -0.0057854524500816914903 |
342   | 0.0063111530572088131094  | 0.007202903902396778045   | -0.0015736438806803454936 |
343   | 0.00047428110146867163499 | 0.0055455361220348668022  | -0.0039038836473801854024 |
344   | 0.0014185569344736896884  | 0.0046779721211040554626  | -0.0055403235226996585053 |
345   | 0.0061395183448330744799  | 0.005219617307808016235   | -0.00058415812371714285339 |
346   | 0.0093868505987928958778  | 0.0060057528572124646918  | -0.0053091820943550714629 |
347   | 0.0086360363665942858902  | 0.0071630668484429548329  | -0.0064851829732483785157 |
348   | 0.0063855775809282550731  | 0.0066069458433117289609  | -0.00095882559162302298788 |
349   | 0.009328637489756572837   | 0.0029719421082521515869  | -0.0074611537741796109258 |
350   | 0.0082253388798463628745  | 0.0091077219002079750493  | -0.00054876876886232194182 |
351   | 0.0074407993407184088927  | 0.0060235100960570053807  | -0.0010398884539287033164 |
352   | 0.003422202179666601965   | 0.0047428515661417048818  | -0.0042855673010835917611 |
353   | 0.0059568125847891438898  | 0.0034632612217211562224  | -0.0049364035515706491952 |
354   | 0.0027958516805240357997  | 0.0033846062461680296099  | -0.00054145697254673352296 |
355   | 0.0052933994641729082906  | 0.0035021772190383395305  | -0.007503735177945833508  |
356   | 0.0063082813761756928103  | 0.0083740468863838998792  | -0.0029355416687174935506 |
357   | 0.002969231365118873197   | 0.0046657282390342828815  | -0.0028949239473771795107 |
358   | 0.00036306186639204770334 | 0.0072468220111848516418  | -0.0049414445139280213648 |
359   | 0.0093558573191286961007  | 0.0034079216313554275275  | -0.0061498662620582487254 |
360   | 0.0055525800314106974961  | 0.0074482092489016309828  | -0.0061691233967211085362 |
361   | 0.0055087706449722991658  | 0.0074260177280405983286  | 0.00082575653095529706268 |
362   | 0.0049518150805548622959  | 0.0058712387644510579884  | 0.0008322089387187139517  |
363   | 0.0047551511869635895713  | 0.0084552086619958735647  | -0.0023276038502925231605 |
364   | 0.0044557758009488839662  | 0.0077365829284339309585  | -0.005912965230124286875  |
365   | 0.00099913959386245553874 | 0.00077270230046189798592 | -0.0061771665256361296681 |
366   | 0.0016475508779492998614  | 0.0023877013004384712962  | -0.0063147761971723654836 |
367   | 0.0029021515201280616639  | 0.0040299470212524328427  | -0.0044583699853201798347 |
368   | 0.0055253766187008815716  | 0.0022830004194490001457  | -0.0085340727549416683928 |
369   | 0.0028259312933633746676  | 0.0059935949219106143468  | -0.0021469128550552917141 |
370   | 0.0078769247239951021428  | 0.0072078070740460133473  | 0.00079163469539245048118 |
371   | 0.0056648826169486306281  | 0.0048317493469268073605  | -0.0025657648258620097473 |
372   | 0.0060632033150363655663  | 0.0059696905903653162476  | -0.0084016656213768033112 |
373   | 0.0067853529494923698479  | 0.0038723466864083802563  | -0.0053703777129714587446 |
374   | 0.0090853768243863031878  | 0.0089606178271863859419  | -0.0076414096696438222125 |
375   | 0.00027887287358432341937 | 0.006988067918609701043   | -0.0048542367524524983671 |
376   | 0.0032254900055113120208  | 0.0010651015627295814039  | -0.0062523087793171861284 |
377   | 0.00042197061088664977822 | 0.0034057842434092656415  | -0.008377337142833460662  |
378   | 0.0091544396638556426588  | 0.0011703524888082618167  | -0.0015960414094175609176 |
379   | 0.0044130387609705307161  | 0.0092040757731896745419  | -0.0035375509302147259763 |
380   | 0.0024006920468589887548  | 0.0026640077571202132323  | -0.0065244576493826743693 |
381   | 0.0061512432899307311479  | 0.0056021159745797922611  | -0.0064671867829849847761 |
382   | 0.0080565180596883015363  | 0.004745663418045047155   | -0.00096927021455889695711 |
383   | 0.0048124452428749391747  | 0.0048336278869803859029  | -0.0087405290277961442125 |
384   | 0.0048487996443512858605  | 0.0053460151193677257417  | -0.00093643370855276916211 |
385   | 0.0092786695986096755229  | 0.0081078318170267633241  | -0.00094808606456018543369 |
386   | 0.0051584453986435628223  | 0.0053697357229037937301  | -0.0056280416706414124889 |
387   | 0.0044112248637640516513  | 0.00052341897964522279395 | -0.0084602441329963314065 |
388   | 0.0060015252739431847184  | 0.0076773107386074197073  | -1.2234019839880970763e-05 |
389   | 0.0004893044120703847347  | 0.0052118468941001177414  | -0.0061050968690436416969 |
390   | 0.0019882681194607659987  | 0.0014121431568140422556  | -0.0018931296862480838719 |
391   | 0.0037077905348017452941  | 0.0034964398437469105044  | -0.002325666779744391989  |
392   | 0.0047444786953295516388  | 0.006462657024376288438   | -0.0042668816911215889237 |
393   | 0.0085210662194554805809  | 0.0075204503318445628177  | -0.0070730023360634679611 |
394   | 0.0025428011542013694707  | 0.0067770589274591978499  | -0.0021848041224715058529 |
395   | 0.00023400207985567993011 | 0.004949818477435453945   | -0.0054657015076874154377 |
396   | 0.0017631261790863606009  | 0.0061061656914580004357  | -0.00354747178641320925   |
397   | 0.0010473339349031302904  | 0.002129613686497186173   | -0.0062779699066044074296 |
398   | 0.0095696877541257899247  | 0.0060495822576643772106  | -0.0012263460981407354588 |
399   | 0.0064243661763973176904  | 0.0032159639452885276437  | -0.00021760076939545712547 |
400   | 0.0024085040675908887288  | 0.0024221229337253965576  | -0.0045999914407116029511 |
401   | 0.0075942197223390862579  | 0.00036848369414781422275 | -0.0020464197477899582697 |
402   | 0.00091690079932682229478 | 0.0092036571093909985003  | -0.006679554823017374611  |
403   | 0.0099275347520299660892  | 0.0063835378513215799631  | 0.00037666804663627793471 |
404   | 0.0032843062198977816986  | 0.0084370359281430735293  | 0.00098507444134033391586 |
405   | 0.0035250631977404517717  | 0.0047696355162085190063  | -0.0037303082625963304188 |
406   | 0.0026943459268204332339  | 0.0028351126272086160825  | -0.0038898346367687358302 |
407   | 0.0094150637891195453066  | 0.0036595279358570239128  | -0.0049112976816234167957 |
408   | 0.0035089255595895083896  | 0.0032533922203822809166  | -0.0069110234953415833684 |
409   | 0.007583641264709180263   | 0.0097108229166555665862  | -0.00014673455900167237912 |
410   | 0.0033506287684715086762  | 0.0046860559376055337458  | -0.006592662256139547941  |
411   | 0.0045380588493657463348  | 0.0058172497844289289617  | -0.0065549726460770400133 |
412   | 0.0067422226059811749335  | 0.0022895591541878925271  | -0.00098057982652723584514 |
413   | 0.00354228352157364779    | 0.0022692225259828635933  | -0.0032584126100065717579 |
414   | 0.00085886572340843937712 | 0.0015882808662372204823  | -0.0058421016078334326097 |
415   | 0.0025065432402579888166  | 0.0071868931128568095887  | -0.0076646885762570943559 |
416   | 0.002337695805528289348   | 0.0048622259252496810925  | 0.00085833552327250952491 |
417   | 0.0080077613108736778874  | 0.0022924441598305886868  | -0.0087215663683116746024 |
418   | 0.0088648516259984995458  | 0.0039531977633942595729  | 5.0052516291980048992e-05 |
419   | 0.00464163279251045887    | 0.0039751549381963399016  | -0.0013120993895803943676 |
420   | 0.0061447758238689087484  | 0.0039766038518499859447  | -0.0046742055916312056849 |
421   | 0.0022933063716687675411  | 0.0063840867816320626474  | -0.0054166116273761657704 |
422   | 0.0011180283059829701584  | 0.0090353751339105944224  | -0.0030893606118426752451 |
423   | 0.0055362888703526062784  | 0.0051116597592710611223  | -0.0050706257502991678929 |
424   | 0.0091156047589625536359  | 0.0066840157326542954871  | -0.0040126978268670843164 |
425   | 0.0074829063131661129396  | 0.0044282955849570754606  | -0.0027579586287443387353 |
426   | 0.0036122010011058855623  | 0.0072525320553631852927  | -0.0011658252244996368703 |
427   | 0.0032209659894956521944  | 0.0057939714614470335524  | -0.0018917807880574357381 |
428   | 0.0048634219370098479007  | 0.0026246384537430586352  | -0.0064639575914813987914 |
429   | 0.0057202891144322353181  | 0.0031461109638591341388  | -0.0079031528049602079583 |
430   | 0.0028830200182886336555  | 0.0013336038042910172956  | -0.003246936453619016661  |
431   | 0.0022993257015599529933  | 0.0039907174473478666116  | -0.0046828438446563404318 |
432   | 0.004312983255685091423   | 0.0003809641146311121317  | -0.0059180347820654496949 |
433   | 0.0030176360050826957389  | 0.0072462703219145566114  | -0.0043506400507308824049 |
434   | 0.0048793820985251574671  | 0.0030768555097381877252  | -0.0079641341544223667043 |
435   | 0.0013014406467955906728  | 0.0081352917763445886656  | -0.0054604014858892577916 |
436   | 0.0041678227171341123564  | 0.0088836177391649652491  | -0.0033756154222735665869 |
437   | 0.0023788822124382294661  | 0.0052514512617004059994  | -0.0010515718850866368535 |
438   | 0.0077783831092318048497  | 0.0031212228012418427245  | -0.00042383968997321454101 |
439   | 0.0056820256858147498782  | 0.00079936232585427755611 | -0.0063744560674903949157 |
440   | 0.005243608475414497129   | 0.0089070269580951225152  | -0.0086602022465621184694 |
441   | 0.0067119859690551470638  | 0.005430545690134225105   | -0.00043463978921980030851 |
442   | 0.0047893022459395036272  | 0.0062533117679037112172  | -0.0038169557987056696585 |
443   | 0.0092522871798707811281  | 0.0027854339421602199861  | -0.0077697787691251287909 |
444   | 0.0091828681457277443884  | 0.0026661136923751072372  | -0.0029352693806059745874 |
445   | 0.0061722771812649365394  | 0.0038930126108223397051  | -0.003716842304573775204  |
446   | 0.0047509987895506923875  | 0.0072191905886123189373  | -0.00023146295710645999185 |
447   | 0.009308244451379735912   | 0.0077065359150452908757  | -0.0038797125841871405068 |
448   | 0.0048374720271809447739  | 0.0017488043403948423746  | -0.0088485069244145769102 |
449   | 0.0054660621332177595708  | 0.0033126312208461355588  | -0.0053991938671926944376 |
450   | 0.0028769605320120334065  | 0.0064173795376749305855  | -0.0086410466746768398866 |
451   | 0.00068245333155568955324 | 0.0071155435277141581771  | -0.0043147960592199233187 |
452   | 0.0047310796197204268987  | 0.0050296251916706622223  | -0.0082191761099926988893 |
453   | 0.0049554135646891492653  | 0.0097545863529090864885  | -0.0025880323098717997535 |
454   | 0.0048217892685708408501  | 0.0061976099330662871856  | -0.007436653630220893367  |
455   | 0.0004422521332473551732  | 0.0061423873586026562707  | -0.0021802359538810678688 |
456   | 0.0066452951240486496723  | 0.009994383594059921827   | -0.0038919657477803266434 |
457   | 0.0097212437143106723153  | 0.0031829309120841404665  | -0.0078614168838329768346 |
458   | 0.0048328560073713248621  | 0.0067165415987853723315  | -0.0071979705050246823791 |
459   | 0.0041551049897919469303  | 0.0083625470184347863722  | -0.0086822990644309337716 |
460   | 0.0027969530493807317345  | 0.0028089833499143289884  | -0.0013595838715291176831 |
461   | 0.001083387890547835887   | 0.0058082886257775825228  | -0.0041151539567202697137 |
462   | 0.006038155011137373053   | 0.0041889712131177106458  | 0.0008754097273903325982  |
463   | 0.0081399766355474637708  | 0.0061231549616373977599  | -0.0035290350277285857314 |
464   | 0.0017127501699113079764  | 0.0043077084165922393741  | -0.0074305695794340742219 |
465   | 0.0052488046990314058196  | 0.0074057060276094726151  | -0.0053242338159270883105 |
466   | 0.0070745814523774184363  | 0.0088544119237619865748  | 0.00035840524246017331196 |
467   | 0.0045912334132628025707  | 0.0030129935385533618969  | -0.0066216852616638906259 |
468   | 0.006428950341114405935   | 0.0027992659513289795681  | -0.0036380774733894712634 |
469   | 0.0093936774301222585731  | 0.0050032385826779615656  | -0.0065898189969916115549 |
470   | 0.0087493517164324886848  | 0.0038451894914386885137  | -0.0070423750499874534364 |
471   | 0.0024853112825824500917  | 0.0080489750833048403361  | -0.0056595231608432871109 |
472   | 0.0036366730721243299349  | 0.0052274077272098816091  | -0.0068653742072802611401 |
473   | 0.0024309802315745634646  | 0.0037370963575334595168  | -0.005968311387930344547  |
474   | 0.0046427846166977844791  | 0.0045747392831552487896  | -0.0076876539512756658992 |
475   | 0.0065461561471727288883  | 0.0018008854808053719777  | -0.008040388424181558677  |
476   | 0.0060342198705725796914  | 0.00030590329383879037804 | -0.0020059264296211163497 |
477   | 0.0099394957543741842276  | 0.0032640900083617126713  | -0.005256429138566364942  |
478   | 0.0061997281195335087953  | 0.0081174137248697670471  | -0.0015996944147688458172 |
479   | 0.0085817459894279076588  | 0.0058443877435450037119  | 0.00055063691276815388432 |
480   | 0.00024063665133858659975 | 0.009274550523648009831   | -0.0021860111763876964065 |
481   | 0.008581211671137759997   | 0.0029982085395977050961  | -0.0029774889721197236175 |
482   | 0.004538760226665812178   | 0.0091976081899014829057  | -0.0012735572250100045833 |
483   | 0.0021065450332125750833  | 0.0036345457444912549795  | -0.0038835389681885091467 |
484   | 0.0046661864423826505954  | 0.0041335630353087600766  | -0.008178680445670430052  |
485   | 0.0067425597724724908866  | 0.0027718276562143603393  | -0.0011868308660428607357 |
486   | 0.0099452055552679084066  | 0.0087098083320498818211  | -0.0027151147099123465987 |
487   | 0.0021874951714820436467  | 0.0025379132708730918998  | -0.0017867299398187997447 |
488   | 0.0041529064360728710006  | 0.0090458825496207116712  | -0.0083833458055085265798 |
489   | 0.0028917780637015455709  | 0.0019012392004871716666  | -0.0057590977078482152862 |
490   | 0.00015954575390697933019 | 0.0063057112629495088232  | -0.0020622922943532924663 |
491   | 0.0082267126483334743203  | 0.0037773399513641035992  | -0.0065054999006793111718 |
492   | 0.00028472418814426148906 | 0.0031574760847211734253  | -0.0015014484570076917346 |
493   | 3.1140172999361963877e-05 | 0.008164082495773470477   | -0.0085375664917005742588 |
494   | 0.00062729775009972481379 | 0.0012095392333221380125  | -0.0033966549281668569939 |
495   | 0.0042349329621141889451  | 0.0068411428796558270554  | -0.0023383278855794394947 |
496   | 0.0075874046207638932635  | 0.0082957789007844749685  | -0.0084697385980429997637 |
497   | 0.0044970865301346253998  | 0.002343006035131363872   | -0.0053490046719060586541 |
498   | 0.0097506120758097114543  | 0.0064521478825887036007  | -0.0033009080738455828276 |
499   | 0.0055446506307118689424  | 0.0038977443943229213991  | -0.0065249266060673927897 |
500   | 0.0086439819809973478248  | 0.0018834591322707408892  | -0.006920979749177812515  |
501   | 0.0049613242089562052325  | 0.0041036631652480439966  | -0.0056328041315876131376 |
502   | 0.0082669351342306070934  | 0.0032045592303398232233  | -0.0010945522242357687802 |
503   | 0.0058487591738229397983  | 0.0049769425381520938922  | -0.0061263175726226307832 |
504   | 0.0031723879245317350602  | 0.0049239129398668665324  | -0.0015510803221050486166 |
505   | 0.0089047602569945101536  | 0.0081113959830362136055  | -0.0050526078536160109675 |
506   | 0.0020787655414862158884  | 0.0032357241290633812283  | -0.0065320871540855366538 |
507   | 0.0067714533118250017779  | 0.0051294663051010755406  | -0.0075048877511719267602 |
508   | 0.0047485712201778959227  | 0.0029250205312014616876  | -0.00020055106796423329257 |
509   | 0.0069633302904362750704  | 0.0051534281922444779775  | -0.0058705512910814080033 |
510   | 0.0063352243810910879168  | 0.0015193405420887468212  | -0.0062389745227553776094 |
511   | 0.0031007475264256591924  | 0.0033299231955640101223  | -0.0041002932227772442147 |
512   | 0.00083380535719028848595 | 0.0058822974662840277552  | -0.0088217624658419244166 |
513   | 0.0052919308216539855463  | 0.0070351657224404983912  | -0.0060844649453328826516 |
514   | 0.006949235224360408511   | 0.0053520421974273266544  | -0.0036880772846021995549 |
515   | 0.0035970700068134386571  | 0.0023048569775489806573  | -0.0036760191896385522453 |
516   | 0.0020161793685756442852  | 0.0062471834048622382554  | -0.0035037649680316747085 |
517   | 0.0079583549396924982422  | 0.0027784257765169832581  | -0.002997362009918478308  |
518   | 0.0061281764231621224659  | 0.0066355014128967344106  | -0.0072864500703539022627 |
519   | 0.0087350678716244471028  | 0.0043891534380905003129  | -0.0032867616716409759313 |
520   | 0.00099396924862298280737 | 0.0047054202412428799279  | -0.0055646015152377220278 |
521   | 0.0048348771901937709003  | 0.00069327314914046170042 | -0.0066592836046727192298 |
522   | 0.0083927953645851396253  | 0.0075042046831134230286  | -0.0017183844418054436756 |
523   | 0.0073998706064007926594  | 0.0055120907556515967227  | -0.0066558742977889124443 |
524   | 0.0044555179446901811008  | 0.003046959817608769442   | -0.0065654624242903417836 |
525   | 0.0047004055974136484466  | 0.0023128965883492179183  | -0.0036148831859762167902 |
526   | 0.0080677003625693605171  | 0.0012804640580262747953  | -0.004490268994313685591  |
527   | 0.0040278532156162892217  | 0.0030800420108558269373  | -0.0017550124112406856238 |
528   | 0.0044312258953910074397  | 0.004329425630652831633   | -0.0033609043177382645802 |
529   | 0.0021885040394072790594  | 0.003877146818064955338   | -0.0071783960234563402511 |
530   | 0.006452501704801679068   | 0.0045355979720518779449  | -0.0057108480546807297018 |
531   | 0.0052860784515379490023  | 0.00095709062443217758197 | -0.0039108357775344869747 |
532   | 0.0051479645979426707364  | 0.00065449435941950927665 | -0.0018764619823568311381 |
533   | 0.0081587742130223416676  | 0.0019634306804195119159  | -0.0047489862774114993335 |
534   | 0.00070854627581949897012 | 0.0017998141444533273959  | -0.0065301460587497443464 |
535   | 0.0092190401605477968056  | 0.0025307869195952317071  | -0.0085463420903207874824 |
536   | 0.0093295783654931425249  | 0.0054112712897390379332  | -0.0067877461562766572972 |
537   | 0.0016394430693177004278  | 0.0097156609886569680196  | -0.00052007769138273760197 |
538   | 0.00076312848041367386479 | 0.0019011491506087008392  | -0.00013970102006687464468 |
539   | 0.0092949078191151904282  | 0.0062143660798750300148  | -0.0040661986554022793577 |
540   | 0.0094334009836821216405  | 0.0047243216250518254781  | -0.0058465984404951331505 |
541   | 0.0039192341709168073555  | 0.0049364125338218472344  | -0.0034301265326057628    |
542   | 0.0024804288426057865928  | 0.0016200367696701080747  | -0.0072582008497323767179 |
543   | 0.006632189238781888499   | 0.0012681993903176317501  | -0.0027754151812499415312 |
544   | 0.0048953210025213201792  | 0.0087785152317602522382  | -0.0032176577182386084143 |
545   | 0.0010378990804027672396  | 0.0037014364552929945006  | -0.0048206969180570376915 |
546   | 0.0069335587450365405299  | 0.0054316443364595427476  | -0.001958792225970195245  |
547   | 0.0035065591242473960303  | 0.0076545015560167293731  | -0.0046116671531034672538 |
548   | 0.0046281982628159322457  | 0.0084063578207662983943  | -0.0042724060982591415686 |
549   | 0.00073261954713820876331 | 0.0043557219148641738993  | -0.0056117413423059613053 |
550   | 0.0054827767268933128714  | 0.0088143994627810570708  | 0.00011719508871921546474 |
551   | 0.0072364999801217020844  | 0.0042786399380603714476  | -0.003714809035937998577  |
552   | 0.0047383257003324264281  | 8.8356138326482910016e-05 | -0.00029587405340365682902 |
553   | 0.0033876259301142096214  | 0.0037223646439843655412  | -0.0018678398218209292785 |
554   | 0.00054547443813951501396 | 0.0093832034391671381018  | -0.0084811320559271107661 |
555   | 0.0079053422019631849893  | 0.0044840768520559813604  | -0.008159996657111973431  |
556   | 0.00076367476636474552858 | 0.0070240408583682458973  | -0.0077828786313085315113 |
557   | 0.0088044925943819313946  | 0.003333101685444319999   | -0.0074659043877029511102 |
558   | 0.0092476884285534223518  | 0.0054612064962714862784  | -0.0086456933900983870545 |
559   | 0.0051232394698123408586  | 0.0059948286580828414813  | 0.00060290293775632549517 |
560   | 0.0035304169493394475278  | 0.0031596274019678777419  | -0.00037421466077335675858 |
561   | 0.0056978582768604625966  | 0.006159521647830304425   | 0.00062418959689215704895 |
562   | 0.0048431151340896936089  | 0.0015332889827150656282  | -0.0037170868129249709164 |
563   | 0.0071327659474085839883  | 0.0042423542660746122596  | -0.0033770510936582025588 |
564   | 0.0012134408208240045606  | 0.0063955293219744692793  | -0.0017639979089100427199 |
565   | 0.0033010773528044400939  | 0.0039484584513939649172  | -0.0024424228391131419004 |
566   | 0.0056012528908704790898  | 0.0048187152653524703561  | -0.0005007666908608384088 |
567   | 0.0017697116450685109607  | 0.0037069634485047760382  | -0.0039533379532640210152 |
568   | 0.00085084957044422851371 | 0.0070402667789125584694  | -0.0024700192169996256809 |
569   | 0.0035475771672697775649  | 0.0027344050129333437142  | -0.0022995782033590609662 |
570   | 0.0083088733937873235358  | 0.0061826471572841322152  | -0.0042114788656655360519 |
571   | 0.0076258221865119386884  | 0.0038303437616721727581  | -0.0061875104828920026584 |
572   | 0.0067223570052965028049  | 0.0097861291911907587193  | -0.0083875470487961064497 |
573   | 0.0068699436299150843863  | 0.0057042160252339154519  | -0.00061101408257065322437 |
574   | 0.0094702021458183006236  | 0.0063791395139410865534  | -0.0010833480114866649545 |
575   | 0.0079249808067245047782  | 0.0063498155568356062436  | -0.0053366589486604255888 |
576   | 0.0025153426212686353335  | 0.0055305803103070710555  | -0.0081888960621800295503 |
577   | 0.006462948741464367812   | 0.0090866457388050769772  | -0.001219528010916199473  |
578   | 0.0065388581779174722447  | 0.0074465476818960018787  | -0.0053031123320058728976 |
579   | 0.0042215928688661766288  | 0.0016811421327344326562  | -0.00028581023856910853578 |
580   | 0.009160522767542046349   | 0.0061704357536289068317  | -0.0070343820552270742638 |
581   | 6.9255041446530181577e-05 | 0.0066373608592084267638  | -0.0039274798845224277374 |
582   | 0.0090154399059718184906  | 0.0078944199958146058643  | -0.0036500307777721512255 |
583   | 0.0036738573961232609197  | 0.0053036574099732444049  | -0.0067937003274016315862 |
584   | 0.006760894356979712215   | 0.0031694357620754287641  | -0.0043520022180824650612 |
585   | 0.0087025282818288477588  | 0.00482562007633481789    | -0.0077204730044489475529 |
586   | 0.0042429009030404011074  | 0.0023334922038535138751  | -0.0043836578138257932188 |
587   | 0.0082099778804157717838  | 0.0071274749229152285779  | -0.0057380039301892001719 |
588   | 0.00066322977474448957958 | 0.0056921844892508883726  | -0.0032376669997027447863 |
589   | 0.0061371659463573431659  | 0.0029850958922200648664  | -0.0051379761340374380946 |
590   | 0.0087308973937139343346  | 0.0024889337720147685501  | -0.0010777000545745005298 |
591   | 0.00094148446253228702113 | 0.0095050003456360488557  | -0.0079261624342849019281 |
592   | 0.005046790555057277701   | 0.0054552363620558250168  | -0.0087248284143844889726 |
593   | 0.0056251340892523133894  | 0.0082674997562443754834  | -0.0064688577420912735799 |
594   | 0.0079219129192929955974  | 0.0066646286797967567786  | -0.007717715782700627393  |
595   | 0.0097976289803961471442  | 0.0042497576177159251259  | 0.0004230056779373523668  |
596   | 0.0063784177264142550776  | 0.0058713604393443906762  | -0.0046300995761316514343 |
597   | 0.0012630223384473703192  | 0.00052791497994096115483 | -0.0029930186964808674042 |
598   | 0.0035132862007761184002  | 0.0015762465443694357106  | -0.0021210003963975311743 |
599   | 0.0039506336057173237902  | 0.0031169243221827887778  | -0.0062362958938008139498 |
600   | 0.0012077260381211803696  | 0.0022913309091540552676  | -0.0073838803665234545998 |
601   | 0.008275454221851670511   | 0.003721483422650804368   | -0.0033281852611307103686 |
602   | 0.0037806691760459412363  | 0.0072290193918599877573  | -0.0023200391328665917294 |
603   | 0.0079948033889261568841  | 0.003493582972912415846   | -0.0045005158271349586865 |
604   | 0.0087274576646623313464  | 0.0064536307516031956102  | -0.0046329019195247627891 |
605   | 0.0044477005615583091458  | 0.0024278274789576409325  | -0.00031718050400295994071 |
606   | 0.0040782229850197622076  | 0.0072478202838634278593  | -0.0067342343758956760974 |
607   | 0.00091115925104307015671 | 0.0021021839922370807834  | -0.0067563226686679174124 |
608   | 0.00048743789296591829262 | 0.0044153226731445446157  | -0.0054228532663007592701 |
609   | 0.0096058107649089532337  | 0.0094461593421336764037  | -0.0066734948979256933019 |
610   | 0.0083489077498431294583  | 0.0046653615634905873377  | -0.0046819425807491906258 |
611   | 0.0038445351148943783526  | 0.00067033558522608047148 | -0.0016244622565558773652 |
612   | 0.0094241396410392353628  | 0.005784032005559837028   | -0.0014147213405256062711 |
613   | 0.0050279280923713545737  | 0.0072658094991505306134  | -0.005683092323973585637  |
614   | 0.0088183275017363008802  | 0.0045951849608802291039  | -0.0054060877275655689483 |
615   | 0.0025983091431262348575  | 0.0071986057224593374276  | -0.0031760408240580450916 |
616   | 0.0085584282692210984084  | 0.0039347058087374252658  | 0.00039605288166478982287 |
617   | 0.0068945238035121739553  | 0.0033042045947262069054  | -0.0028964884919773954686 |
618   | 0.0048634989417564366762  | 0.0082563737424985426949  | -0.0051320957434634328909 |
619   | 0.0045899581561176750963  | 0.0042572880426577086599  | -0.0038021043640254106703 |
620   | 0.0098355236144123548564  | 0.009185455099758396344   | -0.0049536332770461549355 |
621   | 0.0070666358023136451386  | 0.0098798793461501045049  | -0.0068326072100861360778 |
622   | 0.0094027532750342052853  | 0.0049036112445619726638  | -0.0050431763271917796551 |
623   | 0.0079623038525536461718  | 0.005760713311800397772   | 0.00032330223340636175897 |
624   | 0.0001620285645480494367  | 0.0073462361761062518889  | -0.0059920588964744430499 |
625   | 0.0061441921342321658903  | 0.00221171572948622875    | 0.0002831427140819664165  |
626   | 0.0035538097570985607149  | 0.00095149370343468125076 | -0.007586901950672270134  |
627   | 0.0018058836536735355365  | 0.00052693937482617403661 | -0.0072803309349102991385 |
628   | 0.0048735194971775037953  | 0.0091520263338168549722  | -0.00025219922399679137312 |
629   | 0.0014917436474735190459  | 0.0033159067407361282262  | -0.0049657902944452818328 |
630   | 0.0071166068568821868809  | 0.0071458254217652535448  | -0.005136338487905520514  |
631   | 0.0054052177690737338717  | 0.004059164621062452856   | 0.00029927608718331136402 |
632   | 0.001130206801034428811   | 0.0079554198483123925861  | -0.0043781231249336556924 |
633   | 0.0093349324726559011756  | 0.0020373590547809630573  | -0.0053199101810497200979 |
634   | 0.0033767234613085866934  | 0.0067301089107516670618  | -0.0080778338237612219708 |
635   | 0.0070899502163173713787  | 0.0063775072493367727239  | -0.0050760169643114874671 |
636   | 0.00052923999261680811784 | 0.0021611440533998598802  | -0.0016529007074595875558 |
637   | 0.0044855255834911596582  | 0.0074552678453393859612  | -0.0031756906322641179075 |
638   | 0.0026742989306398875018  | 0.00065311658764561708948 | 0.00095857682854933010282 |
639   | 0.0094233552435309970302  | 0.0047769056572705649241  | -0.005864426609602249596  |
640   | 0.0028905514116320356333  | 0.008638453526827708992   | 0.00059486412461076665359 |
641   | 0.0092230595441327480055  | 0.0029937912338226292143  | -0.0025731516896527351773 |
642   | 0.0050304117279777651323  | 0.0063184360516732934396  | -0.0044263258054570093006 |
643   | 0.0070767061130735890023  | 0.0080228032107849088506  | -0.0045026437656404422888 |
644   | 0.0069450151847155637205  | 0.0054243167094763476699  | -0.0014321948216988139406 |
645   | 0.0094826089919480271995  | 0.0051045775538196020565  | -0.0020206231629195390079 |
646   | 0.0044212250619673001961  | 0.0073024030547040544997  | -0.0074018153437853152765 |
647   | 0.0058019594315823642267  | 0.0069570580003213630671  | -0.0044774910432625013301 |
648   | 0.0049474322838158899321  | 0.0076693353646373691249  | -0.0026071135682243199057 |
649   | 0.0090765846699696062228  | 0.0059932154692583705299  | -0.0028808354818098272712 |
650   | 0.0026716763814619176078  | 0.001053833173323956646   | -0.0018628487376025283824 |
651   | 0.0071224876235458332852  | 0.0035314873007408599873  | -0.0010363563544297353398 |
652   | 0.00072011141773593802164 | 0.0048438359071829731675  | -0.0080800942096376972973 |
653   | 0.0010869692474832714189  | 0.0080798553199720388185  | -0.0067538981795702175692 |
654   | 0.00353554433077254808    | 0.0035763578477639315981  | -0.0016572607605060793619 |
655   | 0.0016338235786679863176  | 0.0060810909091670566767  | -0.0030981860761257122398 |
656   | 0.0029555249500319387065  | 0.0085539613257524845652  | -0.0033440134433284913855 |
657   | 0.0019665298785427804719  | 0.0058934772492614875827  | -0.0056232984466991625672 |
658   | 0.0090590376045097259494  | 0.0035256062074055433998  | -0.00099723346140150417351 |
659   | 0.0051750555213157210799  | 0.00037025489733536951203 | -0.0063947088855054838585 |
660   | 0.0030229572752499093979  | 0.00049467828061665623709 | -0.0053147447461020669995 |
661   | 0.0032192042696093945212  | 0.0071248396912112193363  | -0.0028554073314347315667 |
662   | 0.0044074454474346772687  | 0.0012021683139120389276  | -0.0087359176725389370288 |
663   | 0.0014364163175074821498  | 0.0091443406644488803986  | -0.0047927375998385252434 |
664   | 0.0044361572788174158041  | 0.0096995918898665784563  | -0.0084578688287934508661 |
665   | 0.00019886466473038787932 | 0.0037394287290313681961  | -0.0013680826243931399049 |
666   | 0.001579612399453429088   | 0.0045564800498032751244  | -0.0056225303211600201683 |
667   | 0.0052303767868463945864  | 0.0041330929040125485158  | -0.0026418727614574955519 |
668   | 0.0068060139228280375906  | 0.0033772640132816579388  | -0.0004279177517968295319 |
669   | 0.0055933596581902193454  | 0.0033909158062676806461  | -0.0020467753113335030585 |
670   | 0.0069624788964799191882  | 0.0022370841515791366899  | -0.00590727233131397092   |
671   | 0.0080022672217046862675  | 0.007783534059987986739   | -0.00017642118311987181568 |
672   | 0.00022259316067198861404 | 0.0064350358950459197321  | -0.0076170654253264972328 |
673   | 0.0047731297986075690507  | 0.0058698009028873964626  | -0.0020835512203867508421 |
674   | 0.006527573389442704703   | 0.0038372270780755832371  | -0.0055605210852740461977 |
675   | 0.0043636777765496750914  | 0.0049995385249228495306  | -0.00030605156486416873257 |
676   | 0.0084140674818754066649  | 0.004025539577862498157   | -0.0066280416333458552422 |
677   | 0.00020308240518601529206 | 0.00022073433074267512764 | -0.0049223093402287415934 |
678   | 0.0023189611325049467108  | 0.0069503383138407402037  | -0.0084502585366352505475 |
679   | 0.0018998857598211361594  | 0.0041787700156313712513  | -0.0043673303838703556382 |
680   | 0.0076957509315786713083  | 0.0058759133531145514573  | -0.0018635896842930457524 |
681   | 0.0049052040823208470019  | 0.0095009030561392718295  | -0.005218353575194505968  |
682   | 0.0078951646096598153413  | 0.0065907767169463152626  | -0.004649211718302265206  |
683   | 0.0060240644134717039049  | 0.0079393153039832072698  | 0.00050826006877863812855 |
684   | 0.0092187817574687826866  | 0.0095978118569316709513  | 0.00041853860305170111512 |
685   | 0.0018401537534690792005  | 0.0049844986636741403507  | -0.0082105199990178314579 |
686   | 0.0019340461044518300268  | 0.0058151008989006424191  | -0.0014130142232220484644 |
687   | 0.0048723673731289598651  | 0.0019367028574712170756  | -0.00050714936002853577141 |
688   | 0.0010564452330314520311  | 0.0044538440882960720485  | -0.0015478074871172068164 |
689   | 0.0080468395100639286688  | 0.0055535004731255502991  | -0.0019965742235252921175 |
690   | 0.0010239640136146799503  | 0.0090818345890200172232  | -0.0049679220017901171494 |
691   | 0.003690603663579281133   | 0.0048007905826739551841  | -0.0046203655293600301782 |
692   | 0.007322803250758359514   | 0.0013872431752572796353  | -0.0053726198278510701664 |
693   | 0.0011472998145902247626  | 0.0017739291874373512743  | -0.0060471958420901961856 |
694   | 0.0019626330841580447682  | 0.0022015715390328229745  | -0.0035133789304944511821 |
695   | 0.0064548134948344418685  | 0.0048864209677723794215  | -0.00470614781218529378   |
696   | 0.0069857563777044311831  | 0.0036894411709314659312  | -0.0077030872418843389024 |
697   | 0.0070938010903576487198  | 0.0079013879940007716168  | -0.0066583862870979275417 |
698   | 0.0072748448618718229708  | 0.0017394643557195462943  | -0.00046186105143769632135 |
699   | 0.0065408472937710992676  | 0.000850453342705392531   | 0.00057874626501687367192 |
700   | 0.0038317131644906043432  | 0.0089029904797817398937  | -0.0046006442167462599166 |
701   | 0.0049569033074024207094  | 0.0048051998070372291608  | -0.0053581130886020096951 |
702   | 0.0066188081277579425762  | 0.0061168723092463392343  | -0.0026186994129252351773 |
703   | 0.0021090835603581369398  | 0.0046799263056425495153  | -0.0026494008582653751083 |
704   | 0.0076439038842670255572  | 0.0036559458948655612805  | -0.0078613299236139719955 |
705   | 0.0037045946179573114795  | 0.0041746465023900667865  | -0.0014276784903873485002 |
706   | 0.0067873401943062379796  | 0.0065217464400080258149  | -0.0060359864856115172729 |
707   | 0.00060068607996698270349 | 0.0095539614704178467408  | -0.0014371234646674585934 |
708   | 0.0099251481811975447722  | 0.0016501642727709761333  | -0.0063951292178237532232 |
709   | 0.0045289971502540616807  | 0.0039369139871944470663  | -0.0010168243961102311438 |
710   | 0.00011811206280627707579 | 0.00096517175129727365325 | -0.0072805683013412699281 |
711   | 0.0044050081685581381208  | 0.0063200266594457604405  | -0.0050864926617410930951 |
712   | 0.0046657760369263039796  | 0.0048150240840728834174  | -0.0019077670246011029388 |
713   | 0.0084223660837305924787  | 0.003871782556911049656   | -0.0052670297787780432502 |
714   | 0.0044299148680245229934  | 0.003172436546951667817   | 0.00070167465527250325475 |
715   | 0.0060368237044523993806  | 0.0080150702707065812902  | -0.0079300592314036841279 |
716   | 0.0017951260865995213607  | 0.0026065916723809474768  | -0.006181027095600762078  |
717   | 0.003691154635207475037   | 0.0085076265685916814541  | -0.0056929845866593165038 |
718   | 0.0069082540693957677352  | 0.0029607891272317526064  | -0.0018829337373793273488 |
719   | 0.0030068137506763297981  | 0.0027081007790254723461  | -0.0081487925407490741786 |
720   | 0.0072528873276816469701  | 0.0097331079950512058852  | -0.0031082229267202442745 |
721   | 0.0029464029067848085744  | 0.006612727671465865216   | -0.0070219729425979914364 |
722   | 0.00030363092081096555415 | 0.0043269461481205860262  | -0.0036106644510814842053 |
723   | 0.0063897321683236158602  | 0.0022490017433820942011  | -0.0039660958093466541427 |
724   | 0.0013222643711956907995  | 0.00043171615355472905658 | -0.0040064050093031522079 |
725   | 0.0053635057811569760919  | 0.00094485024303556683183 | -0.0087886522880497325999 |
726   | 0.0018334390991327186027  | 0.0044277074285147275182  | -0.0045641312006167982646 |
727   | 0.0010744409590231183711  | 0.0028154031224441704306  | 0.00096359860536011834181 |
728   | 0.0067947615165497897774  | 0.0091648941729161881309  | -0.0071526087107730293782 |
729   | 0.007814193777390144105   | 0.0016285902508529307309  | -0.0071229155836367063007 |
730   | 0.0068637524454963141918  | 0.008998154254776574365   | -0.0085812440314494004001 |
731   | 0.0071148249649411526505  | 0.0039896692136017850722  | -0.0082888320951289753274 |
732   | 0.0049145502918707109283  | 0.0028392918221270884924  | -0.004717001399185486929  |
733   | 0.008678731319996108029   | 0.0009594196797102673294  | -0.0058484549896549234416 |
734   | 0.0013512785457750807559  | 0.0092833083333505525547  | -0.0014835976504379887533 |
735   | 0.0027567783220055659676  | 0.009190473276410707909   | -0.0033427975947951590885 |
736   | 0.0023015768486560335242  | 0.0064185476132523119203  | -0.00097954412968090983499 |
737   | 0.0010506871022412116092  | 0.0064641597568360527337  | -0.0034632413237979157127 |
738   | 0.00047486102070854629325 | 0.0066289127065723351881  | -0.0066993319817756150081 |
739   | 0.0073615484397491276133  | 0.00673718637949991591    | -0.0064119057326254905171 |
740   | 0.0096961174378500502441  | 0.0066357966906741509133  | -0.00034893930123305264956 |
741   | 0.00051416152278673877066 | 0.0046012737509677058972  | -0.0074682652338322339305 |
742   | 0.0042880091388435232283  | 0.0056833412693887272113  | -0.0038727701028925375776 |
743   | 0.0082859415425382363513  | 0.0068976104620860970162  | -0.0014166088261439722159 |
744   | 0.00084809381549368631839 | 0.0057725052763819518706  | -0.0066621980491342273206 |
745   | 0.0013780559901018141124  | 0.0059993913775882893799  | -0.0060416776840713721022 |
746   | 0.00054270241144548656345 | 0.0073426837489182781096  | -0.0069510529116987200896 |
747   | 0.0053871343529541338216  | 0.0013982797536655640867  | -0.0026612561050205429079 |
748   | 0.0097768663468928308086  | 0.0068182125516792662159  | -0.0060543482979735713592 |
749   | 0.0075417661755288519648  | 0.0066470802938525790776  | -0.0072762567765997012564 |
750   | 0.00081579930076689649576 | 0.001458622556832695101   | -0.0046327174835102567438 |
751   | 0.00082828731634998758061 | 0.0044962012898466406294  | -0.0041184040777287721918 |
752   | 0.0058101298212212635491  | 0.0023294197134875811901  | -0.0077802300957069015636 |
753   | 0.0082782320861349567576  | 0.0049576604627763936131  | -0.0040474847536884272711 |
754   | 0.0072136086710825704157  | 0.0018337486545362911144  | -0.0044084549985249632531 |
755   | 0.0052489725593187234673  | 0.0051236714669926188351  | -0.0072430009173530245786 |
756   | 0.0041638785022838509936  | 0.0066774495535924811157  | -0.0045944352462333670414 |
757   | 0.0059906724829526351861  | 0.0059012967353827723571  | -0.0038097107713887688393 |
758   | 0.00027553376647656825605 | 0.0071838104126582856893  | -0.0018078579884402081086 |
759   | 0.0048370694222971697199  | 0.0064475001637571928079  | -0.0040910219350128590454 |
760   | 0.0012857635505490443845  | 0.0077142144849995809147  | 0.00085021908843405016171 |
761   | 0.001129276536459689409   | 0.0076646823520601708654  | 0.00019181489746082674075 |
762   | 0.00047539026240385495216 | 0.0046602037996099918496  | -0.005517285811858238867  |
763   | 0.0016059005953127656122  | 0.009334247608279328326   | -0.00089857594885870274541 |
764   | 0.0053802553907755772816  | 0.0091689047073517868092  | -0.0070548768001040792    |
765   | 0.0072660523641448915982  | 0.0095227873590580432855  | -0.005476251826764851581  |
766   | 0.0055416974218551314987  | 0.0011467129883032736726  | -0.0019227476395413882048 |
767   | 0.004371187750307780652   | 0.0054851697475289552114  | -0.0074012311344283463616 |
768   | 0.0097953444347167097778  | 0.0094134750229571545477  | -0.0087005849577849268123 |
769   | 0.0097878379628613069313  | 0.0051605439615847945034  | -0.0060741366271278391872 |
770   | 0.0038541823614773990624  | 0.00067687310144575070763 | -0.0026823171738441118836 |
771   | 0.0083075504742023166538  | 0.00075332263114201870186 | -0.0033770199776565093357 |
772   | 0.0050620223448581448678  | 0.0045058681636862942324  | -0.0019090296355404653278 |
773   | 0.0053232550916265022195  | 0.0032887755770033407984  | -0.001785423442702869113  |
774   | 0.0028793840268130344549  | 0.0074553163097000035159  | 0.00074696191494451943255 |
775   | 0.0055486286944488889122  | 0.0093886570093297937872  | -0.0073629424155340177094 |
776   | 0.0054141578821927426393  | 0.0056915509211934930955  | -0.0040160348311200719934 |
777   | 0.0074860238462209740054  | 0.00082844284692797196153 | -0.0047689968113099438785 |
778   | 0.0088121212920413485858  | 0.0099923851731182379565  | -0.0075366528236468152691 |
779   | 0.0051854020865208429875  | 0.0047985040876642754554  | -0.0040095437954264304126 |
780   | 0.0089287675435734455837  | 0.005913835833801826293   | -0.0049110146645813526275 |
781   | 0.00623698893327490414    | 0.0022812813751978073054  | -0.0076900657614517534816 |
782   | 0.0025090109298305635598  | 0.0023634148629441097123  | -0.0019330206615938135082 |
783   | 0.0037415926115998256532  | 0.00012080362768749093442 | -0.0011666892907832258908 |
784   | 0.0052117278201688245487  | 0.005531303504165154504   | -0.006676903692270422068  |
785   | 0.0070759399436023289257  | 0.003512151538921764668   | -0.001923716240050566675  |
786   | 0.0055716350217709887868  | 0.00018755441745897910143 | -0.0063682777457595351675 |
787   | 0.0090551052712828459385  | 0.0052704216823316737614  | -0.0042751294338018094865 |
788   | 0.0063283928195560432139  | 0.0025536760889165090876  | -0.00040036385549848654743 |
789   | 0.0040513130597867085328  | 0.006285136986878383028   | -0.0023174701472358440364 |
790   | 0.0015542159761665693025  | 0.0062863478024308451497  | -0.0006321088352716900706 |
791   | 0.0033507944951963620356  | 0.0026530690881827029802  | -0.0014261715186844891885 |
792   | 0.0084609822866842081951  | 0.005190454216647688232   | -0.0023169940209514035441 |
793   | 0.009875276670449632116   | 0.0043905813528345959129  | -0.0085214015167800246514 |
794   | 0.0031756347509009157613  | 0.0012620839754067243559  | -0.0034145478812733121195 |
795   | 0.0076653087415731735454  | 0.0033219931562111439279  | -0.0084460851796710877809 |
796   | 0.0059730144092009183898  | 0.0051166450251917605305  | -0.0011370696741719785432 |
797   | 0.0021311040111156379084  | 0.0056415475622072037629  | -0.001270265327159580699  |
798   | 0.0074146975321943081952  | 0.002662563636130870371   | -0.00071270496454082241447 |
799   | 0.0043258990381239668943  | 0.007280444856057687042   | -0.00081073776158292439661 |
800   | 0.0067003017012430233709  | 0.0092443467877609836886  | -0.0026530434580778663317 |
801   | 0.0063489786938495142155  | 0.0073510301353335505067  | -0.0083700092874547226546 |
802   | 0.003144864312697703921   | 0.004568553883880815264   | 0.00015470649904664055202 |
803   | 0.0049364811325574835948  | 0.0097489011692082003235  | -0.0081962583470726185775 |
804   | 0.0030413187943718546398  | 0.0060384938915726766098  | -0.0047952302246228248328 |
805   | 0.0013349639222647268193  | 0.0044131709176819062732  | -0.0031575776079577140727 |
806   | 0.0076478700516895165712  | 0.0063251734289449341661  | -0.0009215840540518445206 |
807   | 0.0062304938070727308372  | 0.0050616563799327453019  | -0.0031805062096125413448 |
808   | 0.0085188621445954019334  | 0.0042278730136346221249  | 0.00084456955107962191492 |
809   | 0.0051956434180745617382  | 0.0096980159153023052371  | -0.0066795775469300957411 |
810   | 0.0056428616549133794877  | 0.0046913024085363979124  | -0.0016087555691916993229 |
811   | 0.009395142170689780442   | 0.00067987311938970753939 | -0.0066000178576851040516 |
812   | 0.0096419783303231844374  | 0.0089595620784874915876  | 6.1906862634936166145e-05 |
813   | 0.0012113485138710927084  | 0.0022244920109528555988  | -0.0050374448138614828438 |
814   | 0.0063553420713280649179  | 0.00015891099579667036378 | -0.0021910430336638700259 |
815   | 0.0055078287617285164035  | 0.0040978690477647180396  | -0.0074362790629889114619 |
816   | 0.008659212563819516581   | 0.0099893032585630300857  | -0.0043516474029175831323 |
817   | 0.0079750874368094172573  | 0.0071147044717246371234  | -0.0046971883113213555583 |
818   | 0.0073636107873970855012  | 0.0056839781548913255807  | -0.0077105454154390165936 |
819   | 0.0034496830554562327512  | 0.0036264231857425009535  | -0.0011027829707766919568 |
820   | 0.0079752470131885851851  | 0.0017376251426637755616  | -0.0034725839334609188112 |
821   | 0.0035638214616033159036  | 0.0085827552644133341814  | -0.0012006794122136367747 |
822   | 0.0077560317489270254668  | 0.0080593010259153736313  | -0.0088495885485068877252 |
823   | 0.0041039823275220519566  | 0.0049419829362218449867  | -0.005127672741308640994  |
824   | 0.003585321471555601245   | 0.0096559284840908934933  | -0.0071671853073227232214 |
825   | 0.0038449317990000442952  | 0.0094766718900202578935  | -0.0044615965787369038509 |
826   | 0.0011640033701191391559  | 0.0076359193436471911251  | -0.0074792546391992120736 |
827   | 0.0088885237085219639258  | 0.0083830820156444892099  | -0.0066315713566583852842 |
828   | 0.0094878454579644336958  | 0.0098175583915794343431  | -0.0027069607294646774731 |
829   | 0.0069676965219379431715  | 0.0081555882926389652171  | 0.0003510519084119322758  |
830   | 0.00036712512487883957506 | 0.0050288388336845448942  | 0.00010637592546034680871 |
831   | 0.0081682104962439161522  | 0.005711890344337244331   | -0.0030206058660382176934 |
832   | 0.0076719204808882585089  | 0.0020088847938735587481  | -0.0051054648402360340576 |
833   | 0.0037831240438820920927  | 0.0036893579307248308523  | -0.0074026089635016350046 |
834   | 0.0013011803957819175273  | 0.005980700116666377332   | -0.0049533538872836759687 |
835   | 0.00012770840688137671294 | 0.0027873578701752502879  | -0.0074244090446363986135 |
836   | 0.0071090389684865130243  | 0.004662983431571578706   | -0.00067512388555603282132 |
837   | 0.0022909637770096285408  | 0.0031029109840190242063  | -0.001092769129641702917  |
838   | 0.0037024345778712123602  | 0.001312869894710892325   | -0.0040256781239232904482 |
839   | 0.0087862160196469901025  | 0.0067108285768569409663  | -0.0040577937220126758522 |
840   | 0.0016830401522191056063  | 0.0067538435307727745158  | -0.0079356825603475854986 |
841   | 0.0086762082051297650942  | 0.0067340011658571508057  | -0.00089107553502379942267 |
842   | 0.0055366020674407793664  | 0.0068096169827813182382  | -0.0060626499001702159608 |
843   | 0.0084658837799823985493  | 0.0087877720908089221319  | -0.0069412149399539881459 |
844   | 0.00012612055553821484169 | 0.0076477056739790386791  | -0.0050499616150016610888 |
845   | 0.0089168862739850730803  | 0.0050989174963991107381  | -0.0026890601160303897847 |
846   | 0.0083444730744681606255  | 0.00043198305046554221409 | -0.0060274473515120217601 |
847   | 0.0099204253981151624409  | 0.0057207890893535007226  | -0.0025467464551512768167 |
848   | 0.006796602137072808511   | 0.0098467199602901255007  | -3.8529430585129776699e-05 |
849   | 0.0044504306425994745108  | 0.0071150646004413389475  | -0.001884776123212858652  |
850   | 0.00059857295996821734563 | 0.0031133285814767281546  | -0.0024132597998621886995 |
851   | 0.0004347513633693824201  | 0.002486781894897349774   | -0.0075810548752090877594 |
852   | 0.0019454336528806439634  | 0.002721767340186873399   | -0.0080249502321836398144 |
853   | 0.0064534352922729788099  | 0.0035980424094278328634  | -0.0017494916775947885919 |
854   | 0.0063784954233078042588  | 0.0005404998021662885295  | -0.0033770675748456091374 |
855   | 0.0036893490764808825784  | 0.0045788177546652953157  | -0.004530823731819893542  |
856   | 0.0025985439959138501194  | 0.0019597286232141963858  | -0.0056960195033381871843 |
857   | 0.0033951490557079782445  | 0.009430874170211746288   | -0.0079492575413045215432 |
858   | 0.009143122322674685637   | 0.00353609363207152156    | -0.0033157646851163752148 |
859   | 0.0090438228509342032807  | 0.0032136626688697923944  | 0.00060251653880610735875 |
860   | 0.0028674755232497364799  | 0.0040276535524522670551  | -0.004411326754153700562  |
861   | 0.00022037763423660708872 | 0.0024972754697854039098  | -0.0069785930572211999495 |
862   | 0.0012115694644533750793  | 0.0035656963538470334146  | -0.00054689353715923604699 |
863   | 0.0018416833113019254187  | 0.007728762776449970423   | -0.0060391804522220713172 |
864   | 0.0037067914845634610498  | 0.0054129967395246973358  | -0.0003502867921562061366 |
865   | 0.0095085066617710597286  | 0.0016024067480987867068  | -0.0037952725145372827147 |
866   | 0.0061109067234858651177  | 0.0028743411171504181477  | -0.0055731915380759318099 |
867   | 0.0052914586831458920377  | 0.00095111437292974890505 | -0.0041095399704444554242 |
868   | 0.0072209261573140054793  | 0.009189509880832049879   | -0.0071211385660431324521 |
869   | 0.00099098614803343654418 | 0.0067322140960035100829  | -0.00060580255332152988228 |
870   | 0.0025691092868149415646  | 0.0088794209855734117925  | -0.006588466356635310113  |
871   | 0.0071774892553206912429  | 0.0067541577979921309238  | -0.0052793101154238785203 |
872   | 0.0012771717447250352344  | 0.0031789417494107741202  | -0.0045960306206760852613 |
873   | 0.0086323264419416560755  | 0.00062785598518690934576 | -0.0036565088488039361458 |
874   | 0.002462322829251784289   | 0.00055358968748293120761 | -0.0029023934635673547151 |
875   | 0.0039475040718291278322  | 0.0078346505817137972183  | -0.0070848892667546327362 |
876   | 0.0034935565570674491191  | 0.0036038941267323197984  | -0.0051507204389370951289 |
877   | 0.0048243033586200089607  | 0.00025063478737453852036 | -0.0053380291981979400423 |
878   | 0.006534584463333571562   | 0.0051652428874056554794  | -0.0070323353526397323204 |
879   | 0.0082510328499481484787  | 0.0075580617518787246781  | -0.0029475705727061108849 |
880   | 0.0047355818890626013087  | 0.0087937146045713038278  | -0.0072427908638876365918 |
881   | 0.00084880239941866378849 | 0.004741924123255102097   | -0.0058712609215239861329 |
882   | 0.0032988799301257747988  | 0.0081197260872501696161  | -0.0067393987007070416118 |
883   | 0.0061011001847336857398  | 0.0012934225566583834686  | -0.0064707436934280876742 |
884   | 0.0035085169421626882964  | 0.0027403141964813357463  | -0.0048552197219837028852 |
885   | 0.008484083682779718083   | 0.0074946019009678966835  | -0.0021377912392411893561 |
886   | 0.0015219576324591293365  | 0.0085948480657531620142  | -0.0040248949671315816315 |
887   | 0.0036606889158187394702  | 0.0019951005576894519956  | -0.0054672512397659859401 |
888   | 0.0043849275380033504723  | 0.0065576382332059599337  | -0.0030696148003243116202 |
889   | 0.0057713427593633721477  | 0.0066546270698041752253  | -0.0065608192258367684091 |
890   | 0.0022885251210966253699  | 0.001861809458358485575   | -0.00030263425344404215047 |
891   | 0.0025092363119294551141  | 0.0097243481307763991045  | -0.0035810452968620255614 |
892   | 0.0012479516290698252756  | 0.00314385479397501005    | -0.0073312279510139742242 |
893   | 0.0064300176768777939432  | 0.00020889272351975299888 | -0.002903154822466340497  |
894   | 0.0099607994654937852264  | 0.0058894799005227566058  | -0.0077004406017492678382 |
895   | 0.0062196949102695285941  | 0.0049013514149999545116  | -0.0065273826837491319419 |
896   | 0.0079909976605096900287  | 0.0038449079009122560935  | -0.00018131486004021275869 |
897   | 0.0098067474372379968839  | 0.0039026244872929134223  | -0.0070240267008024647247 |
898   | 0.0086569736740152100629  | 0.0055739832421535535217  | -0.0029921165694209053525 |
899   | 0.0098622863269776945422  | 0.0083870592957461589934  | -0.0030384063713812534471 |
900   | 0.0016778451584208127836  | 0.0016662396273966699044  | -0.0018259017803107760632 |
901   | 0.003998749685679194206   | 0.001663740726724233232   | 0.00034035787412697496692 |
902   | 0.0064437957701997030519  | 0.0069186119808752940402  | 0.00081212822689792543013 |
903   | 0.0032151356666496040508  | 0.0042248235564938015074  | -0.0028902171087951365747 |
904   | 0.0095891502749899035218  | 0.0067279417777383445157  | -0.0015693925471405982021 |
905   | 0.0081360925146953724102  | 0.0083488334285438860899  | -0.0061156667975020726977 |
906   | 0.0045110562329393763883  | 0.001567491762273545133   | -0.0064492436847497008542 |
907   | 0.0038343307818930060134  | 0.0029989293717537874803  | 0.00015678431345180472256 |
908   | 0.0095366151589788179799  | 0.0060688761982183756991  | -0.00035075699340125304987 |
909   | 0.002912432395484187888   | 0.0026221765016513753216  | -0.00042433702125306538809 |
910   | 0.0063668786060740167887  | 0.0021837387389417222197  | -0.0056762527546455679439 |
911   | 0.0088517192192628397357  | 0.00033410771261592692519 | -0.0023553921626534037558 |
912   | 0.0092935684821731281285  | 0.0019865533432040774139  | -0.0047126297501192942335 |
913   | 0.0043047159857268167682  | 0.00037700405143240326919 | -0.0084040557819401572742 |
914   | 0.0025371217429704146125  | 0.0087302511523730599863  | -0.0044534781340473004671 |
915   | 9.5788466356794082189e-05 | 0.0024859306033399222041  | -0.00052350822762090823588 |
916   | 0.0029980367526353220511  | 0.0055865098609838232183  | -0.0029966944357760535306 |
917   | 0.0036524291129372641468  | 0.008879066726609007032   | -0.0057333487641903387033 |
918   | 0.00070437687981848374    | 0.0099639496690559405806  | -0.0059247642952027501639 |
919   | 0.0045935969040797226814  | 0.0038102539570640356521  | -0.0015006591346126661735 |
920   | 0.0015957730413658857433  | 0.0038787043387786971152  | -5.0564951337905178721e-06 |
921   | 0.003724268413338515521   | 0.0070511792992822121609  | -0.0027096849863389605578 |
922   | 0.0040349573308396426141  | 0.00057172172669134433028 | -0.0023996725778317185007 |
923   | 0.004943341703679825748   | 0.002606512829942769522   | -0.0032068651967288438684 |
924   | 0.0079052925870527045865  | 0.0075081317584785424793  | -0.0030874697809185115173 |
925   | 0.0048421863318978417348  | 0.0076247145907852326846  | -0.0011218870647757459794 |
926   | 0.00045050392715537986152 | 0.0089760259294425527588  | -0.0064354516643390143743 |
927   | 0.0080829952956757798038  | 0.0094702601882767686176  | -0.0052002187939024927324 |
928   | 0.0061869577779154905778  | 0.0037447645331125270322  | -0.0028838032366697258051 |
929   | 0.0085178945941209796566  | 0.0091288127846748477051  | -0.0056135589275241567012 |
930   | 0.006501599765115083536   | 0.0046505768812022518083  | -0.0023897407350185534067 |
931   | 0.00036551575337244809763 | 0.0070560560355975299185  | -2.6503724407631648721e-06 |
932   | 0.0042807862452372358666  | 0.0012436073025982406076  | -0.0048812696067914596726 |
933   | 0.00095263572617432191666 | 0.0089009844715453884795  | -0.0060446434521876681034 |
934   | 1.5968944459900085299e-05 | 0.0079377197547238556585  | -0.0020345607682144182214 |
935   | 0.0074039429725453751244  | 0.0027633489801366013273  | -0.0024757211412728217376 |
936   | 0.0061583007264895024691  | 0.0030071427193142253459  | -0.0047735278100363640053 |
937   | 0.0097806937147525262882  | 0.0038148639369424077079  | -0.0041932144897599667524 |
938   | 0.0027902336150382274146  | 0.0076308913932686094073  | -0.0057541025675635956022 |
939   | 0.0028426970135695200058  | 0.0048458017564130375157  | -0.0050977380624598368775 |
940   | 0.0015565065070898131006  | 0.0044969139667471007271  | -0.0080780686709784749189 |
941   | 0.0043812560070307024485  | 0.0040554818123585611653  | -0.0068203904006579685673 |
942   | 0.0034996647443239800417  | 0.0044281513165786408684  | -0.002544645131001821263  |
943   | 0.0092183542875391155658  | 0.0094250245853704558291  | -0.0058837101308826219095 |
944   | 0.0041726346480022730862  | 0.0031673268878872813149  | -0.0043050614111700231598 |
945   | 0.004709571138040746438   | 0.0077873968109226573975  | -0.00012543547576394030972 |
946   | 0.0058887062802921927296  | 0.0066236226333431773988  | -0.0032802695549527926405 |
947   | 0.0068224542929927137896  | 0.0015916058598028728389  | -0.0027583823008508340235 |
948   | 0.005896526631180111673   | 0.0070509393950336420737  | -0.0041645980449250379063 |
949   | 0.0060063683351438759694  | 0.0045937347148159897448  | -0.0057447947314104904487 |
950   | 0.0026000266511142884271  | 0.0013717428677291793222  | -0.0046536326710191495276 |
951   | 0.0032025271799150534929  | 0.0099113084545521534796  | -0.0075172366831412805802 |
952   | 0.0046834817642137267779  | 0.0025768940488653628573  | -0.0024888214185694442979 |
953   | 0.0034412101275792510852  | 0.0023007220258363558947  | -0.0070266328208332656108 |
954   | 0.0068146794845693877893  | 0.0097541067544779543053  | -0.0022191931006546755135 |
955   | 0.0074047584912684235106  | 0.0038290944728193118153  | 0.00062137344792102030405 |
956   | 0.0015455346063498415308  | 0.0016162668314923377567  | -0.0042060411107493218125 |
957   | 0.0027638640340749039137  | 0.0068634479854933500703  | -0.0034178962867417897291 |
958   | 0.0043827282743573014318  | 0.0026409072111654766611  | -0.0051573073909295654924 |
959   | 0.0042026379559002924671  | 0.0058604773615841187703  | -0.0020846171318824715038 |
960   | 0.0039494110720779207827  | 0.0032195746515491716067  | -0.0041191105101786697554 |
961   | 0.0083482877442900664533  | 0.00040179510104133511371 | -0.001182069255521330008  |
962   | 0.0049003196918272311222  | 0.0038851738488548596788  | -0.0014290613583244483713 |
963   | 0.0045838173343310468014  | 0.0052188051963615632658  | -0.0053919753806530969567 |
964   | 0.0058027266918608284146  | 0.0031115737474024136866  | -0.0030841955418338855635 |
965   | 0.00045662224949258171155 | 0.0070657899559510121967  | -0.0016200253111483607464 |
966   | 0.0014448169048473450803  | 0.0086768736097502987409  | -0.005664869077624232023  |
967   | 0.0090168484685225081671  | 0.0042766281107891029184  | -0.0013987687854470575409 |
968   | 0.0028199751609491643251  | 0.003362157222823861525   | -0.0046627590242340763785 |
969   | 0.0052499493806587166356  | 0.0086048961421383816928  | -0.0083688942257407628739 |
970   | 0.005331123678199482796   | 0.0069629865218653694964  | -0.0068589909802907527911 |
971   | 0.0075363861855411605137  | 0.0022304894099986344314  | -0.002500515197312682715  |
972   | 0.0019169454646857388667  | 0.0026101454628643609018  | -0.0017838648486671493821 |
973   | 0.0031504104835319316977  | 0.0044987896152120223844  | 0.00013879297899697527925 |
974   | 0.0026581819783942362001  | 0.0012486309474601131088  | -0.0085308990432908168855 |
975   | 0.0017935975417070089671  | 0.0082560365477782806515  | 0.00053024439991022128543 |
976   | 0.0027339180657798669086  | 0.0051221516053026067833  | -0.0042982813280619588253 |
977   | 0.0034517018157439335012  | 0.002723050306778778025   | -0.00050371185366535802322 |
978   | 0.0087807524765677949508  | 0.0094277152209842254166  | -0.0054342325524123985883 |
979   | 0.0021111389849832119976  | 0.0084844928847393249333  | -0.001577903865246506462  |
980   | 0.0071065845031726667183  | 0.0028095928181613286957  | -0.0040673452247874854887 |
981   | 0.0091517904248742138612  | 0.0081918900998658658597  | -0.002380751211810589428  |
982   | 0.005065024985791952844   | 0.00086174168085240859284 | 0.00071553430987408069702 |
983   | 0.003434723565039653724   | 0.0046264461381408158308  | -0.0072859459119393983964 |
984   | 0.0093907402150570293275  | 0.0014978030524117171354  | -0.0085015877966749791445 |
985   | 0.0046461115285858483465  | 0.0068339627007288454574  | -0.0024745510948841250437 |
986   | 0.0034053973980338169553  | 0.001781510907531841598   | -0.0043880860251063686164 |
987   | 0.0064079136580571785173  | 0.0042807648104760970958  | 0.00064419376150535003281 |
988   | 0.0049881982667056568026  | 0.0013187423273559770957  | -0.0059440519494404608219 |
989   | 0.0022238273082836579851  | 0.001210141303025376357   | -0.0079628177108897919834 |
990   | 0.0066366851984699199926  | 0.0067088382488487193628  | -0.0037884768805445958283 |
991   | 0.0031388945443573423345  | 0.0077832662815317636695  | -0.0075421994930148523323 |
992   | 0.0091632774777600459887  | 0.0059437842085480006166  | -0.0027545354588222230666 |
993   | 0.0029460672510789038918  | 0.0014076529935643103744  | -0.0083958430722559512782 |
994   | 0.0071180100004142338871  | 0.0062431099248850359038  | -0.0070304199233195991542 |
995   | 0.00357034984217565474    | 0.0028158436537921642355  | -0.0068995160321247382684 |
996   | 0.0040159414973716571831  | 0.0039744286085565631167  | -0.0065619685133788061004 |
997   | 0.0039233652501236958993  | 0.0027086631433623185872  | -0.00039067368220154044837 |
998   | 0.0084582992684872383704  | 0.00680507212940948715    | -0.0053801713394308683935 |
999   | 0.0041580426209024707457  | 0.0039299682923205035701  | -0.0049019007993270687779 |
