N			X			Y			Z
0     | 0.0070252660534263237577  | 0.0049881961517257719999  | -0.001924641302397568296  |
1     | 0.0074212560452729644037  | 0.0043893052668912569542  | -0.0019391635526792717469 |
2     | 0.0014321546103173302469  | 0.0080610168533691017867  | -0.0057989876951137523872 |
3     | 0.0061340953665641106615  | 0.00099909832636625771699 | -0.0014270864144691633533 |
4     | 0.0089615510151608360201  | 0.0079942644588471643147  | 0.00049883304534540826806 |
5     | 0.00069969101411694687581 | 0.0010097914496095504455  | -0.0034434008167470234185 |
6     | 0.0022550480981212545593  | 0.0095822250156577439689  | -0.0049839626573048058378 |
7     | 0.0069264107432047998178  | 0.003207359177302256982   | -0.0040138066818524859025 |
8     | 0.0061005534809742455529  | 0.0089903174220361953273  | -0.0014264828445014849853 |
9     | 0.0038317355454265994603  | 0.00038357329241645786401 | 0.00060060663105939490064 |
10    | 0.0086628247903557803467  | 0.0069092446808049334112  | 0.00062554465748757264593 |
11    | 0.0097088775463620123618  | 0.0022756526298003103975  | -0.0058156270017937434016 |
12    | 0.003226190315426855082   | 0.0060593564570075421696  | -0.0027297210554929774579 |
13    | 0.00087907662071873412732 | 0.0046607144853180789562  | -0.0044698220414673296014 |
14    | 0.0035400280759178650615  | 0.0088960595965569544408  | -0.0027351151711397943787 |
15    | 0.0060743555717202085339  | 0.0051898155072405867394  | -0.0039186441437456271536 |
16    | 0.0079253655980630506594  | 0.0069092013626150796876  | -0.0029268369061988723859 |
17    | 0.0061001851315527749059  | 0.00082549932384896732886 | -0.001332521362516027319  |
18    | 0.0075084162040686417208  | 0.001808926589867294963   | -0.0052503978725317026685 |
19    | 0.009071316655394304207   | 0.0079517319539739190343  | -0.0031486880466294283644 |
20    | 0.005802286359653940559   | 0.0054539174874458969805  | -0.0022120908730541076308 |
21    | 0.0018814139207438190446  | 0.0086898989885759222312  | -0.0030672018537646551957 |
22    | 0.009317160246855603345   | 0.0019978827672332173659  | -0.0025179054860955969036 |
23    | 0.0034482726109317106584  | 0.0059437514363761259281  | 0.00049965940417981402882 |
24    | 0.0058570243770124479077  | 0.0074408508069328700707  | -0.0029796374762057595449 |
25    | 2.0587141388989720308e-05 | 0.0085302666750478595148  | -0.0048763329053240402761 |
26    | 0.0052088311067322937142  | 0.0049268986567021907583  | -0.0020787059252258526659 |
27    | 0.0044993000804747843024  | 0.0029153828259036456035  | -0.0053207482555006806527 |
28    | 0.0033587017094481963313  | 0.0072522032651537761405  | -0.0023800003815639967156 |
29    | 0.0020489075505638215148  | 0.0096908736656095527395  | -0.0042063446671003331886 |
30    | 0.0024215631162540604722  | 0.0047933779859251597968  | -0.0055089445123933352202 |
31    | 0.0071728047796951665757  | 0.0085329112998022080272  | 0.00075057644919891881603 |
32    | 0.0083797753001060137218  | 0.0011475726311530767658  | 0.00025396729313171672454 |
33    | 0.00945331270844207254    | 0.0010564904959672616076  | -0.0012029889406631889392 |
34    | 0.0058171026414099947718  | 0.0070866950306019589612  | -0.0031681588908087105622 |
35    | 0.0056027459717277929702  | 0.0034776957959280082287  | 0.00040534974256332359944 |
36    | 0.0037477097394002507717  | 0.0065290779551918053103  | -0.0042677427961682031302 |
37    | 0.006789621237525260769   | 0.0074397176869527778531  | -0.0019643739771560407049 |
38    | 0.003532224412221774551   | 0.0069859372461480544192  | -0.0025092422035250228594 |
39    | 0.0069020494374190484096  | 0.0065527786806423658078  | -0.0029024865419718438343 |
40    | 0.0047856599386812814084  | 0.0076181868612512889175  | -0.0047873355390756775277 |
41    | 0.0032228709691452736563  | 0.0031310620001416267222  | -0.0050657235352288172703 |
42    | 0.0037672411531502517611  | 0.0063206526177515126586  | -0.00012135617461956054591 |
43    | 0.0089840858783532071691  | 0.0067514285470800577613  | -0.0008772683652961156802 |
44    | 0.009235630011521046151   | 0.0098300844187839808014  | -0.00069780912055458158959 |
45    | 0.0084879130738975527154  | 0.0077763480552426964693  | -0.0025428371218823675286 |
46    | 0.0099201769582793995761  | 0.0069908536338475881292  | -0.003114258844797991501  |
47    | 0.0015517214325286535648  | 0.0022604866951130217489  | -0.0036026526585404700098 |
48    | 0.0087334771627513990699  | 0.00063060488783416707419 | -0.0047158732188606810806 |
49    | 0.0015990943966178174877  | 0.0081089557957176247593  | -0.0032164787140398403212 |
50    | 0.0071232011989003840222  | 0.0024672015379707283242  | -0.0045821221954746166327 |
51    | 0.0071670566614854798806  | 0.0020602423741402876509  | -0.00024070541964314168108 |
52    | 0.0031640264645675908982  | 0.00030518715790470504886 | -0.0018141256410381502787 |
53    | 0.001789726674329146722   | 0.0023380187733362312909  | 0.00027846839842694034312 |
54    | 0.0050095395911589632801  | 0.0051319202164265250235  | -0.0051446045470304995612 |
55    | 0.0082818898180321426361  | 0.0010288001566906119447  | 0.00079507752959016180817 |
56    | 0.0054495127113085573001  | 0.0063221254022623471838  | -0.0054543055347622080437 |
57    | 0.0025825121624840382921  | 0.003614633402959245307   | -0.0036290669828814730614 |
58    | 0.0060791935712923650739  | 0.0030906042819592812777  | -0.0040168145301910209224 |
59    | 0.0091559288985636737984  | 0.0078355501107562480767  | -7.239992575917419005e-05 |
60    | 0.0053129132464630130298  | 0.0070178724887647054437  | -0.0034906067813992541597 |
61    | 0.0079432857467049370476  | 0.0068265094353995130205  | 0.00041836256633656063219 |
62    | 0.004254074764237780748   | 0.0057610529009717954471  | -0.0035358620203954959152 |
63    | 0.0018568987815552604522  | 0.0099405984103643780375  | -0.0018622292144354847445 |
64    | 0.0090070740389289558753  | 0.0065690655700678295473  | -0.0055852552426631204077 |
65    | 0.0093189612683424322137  | 0.00089934232139790722636 | -0.0032328710979843979477 |
66    | 0.0055470511057508177163  | 0.0018499492468654287446  | -0.0037824465035151632296 |
67    | 0.0046757121783128161724  | 0.0053602835067413021064  | -0.0011560401440436330299 |
68    | 0.0062365133091560462017  | 0.0032235611474666948928  | -0.0036995299955174957077 |
69    | 0.0044774893602352351663  | 0.0060294723137450621786  | -0.0011911027769633249305 |
70    | 0.0076967660497497146152  | 0.007146044328296927671   | 0.00029720173937747198373 |
71    | 0.008632744985170562671   | 0.0063843707338592887643  | -0.0019346679817875439989 |
72    | 0.0081477982894976510447  | 0.0045912860367299506564  | -0.0041488251002291297656 |
73    | 0.0013704370095057997504  | 0.0039458243026947743132  | -0.0044323818505737893475 |
74    | 0.0021203091030400551299  | 0.0044878046449358336561  | -0.00063634053243765093064 |
75    | 0.0071408410389136398738  | 0.0017207205032526802155  | -0.0019096084858639557607 |
76    | 0.0067061953351645843188  | 0.0085166708782269309047  | -0.0042273024351687652281 |
77    | 0.0070521073640103246541  | 0.0077547488352511179457  | -0.0055289001130431622913 |
78    | 0.00099513325326543427413 | 0.0087085990668175437129  | -0.0057014313260599931016 |
79    | 0.0077046279822415870281  | 0.0031559948388772450859  | -0.0011564088648197371357 |
80    | 0.0078534689627841186566  | 0.0023322933174624565361  | -0.0044891732986090402205 |
81    | 0.0043357388071107909669  | 0.0031103425152418403936  | -0.0043318137687373371378 |
82    | 0.0055911801139425891527  | 0.0036841284756029663537  | -0.00040945548128879758224 |
83    | 0.0022125603583288328859  | 4.4748780592658341068e-05 | -0.0003196888672235832481 |
84    | 0.0064186010161147444286  | 0.0054545973212692822757  | -0.00050139041802246700572 |
85    | 0.0097983914752754596583  | 0.0053384991613473070649  | -0.0017116881553501032791 |
86    | 0.0051955923904256689702  | 0.0048358399066054632079  | -0.005112730351498132042  |
87    | 0.0019241690225602523737  | 0.0093791070475089111103  | -0.0038465713406460703971 |
88    | 0.0031354054235961420667  | 0.0053017416871520709268  | -0.0045225920425023598964 |
89    | 0.0091705342350207157132  | 0.0064082667143235969368  | -4.3827841207423840018e-05 |
90    | 0.0055386454314576777716  | 0.004324965657000564255   | -0.0030035269036196698272 |
91    | 0.0096347889923631743064  | 0.001128100924538924521   | -0.00026193205656311295678 |
92    | 0.0037083863690239369897  | 0.0073146652809529498496  | 9.8351381503767481597e-06 |
93    | 0.0035865652724000655037  | 0.0045396792203725175666  | -0.005297885243140370258  |
94    | 0.0030983616166665611281  | 0.0060092786298388692692  | -0.0033292229883975219852 |
95    | 0.0020407321076859157027  | 0.0025622970912463128614  | -0.0029253958508375322786 |
96    | 0.0019008605246908028344  | 0.0086121652496087743728  | 0.00028021269709437094915 |
97    | 0.0038125351988666619958  | 0.0085574693707769263623  | -0.0017513359625777426883 |
98    | 0.0056989197903467517931  | 0.00096178031927996029612 | 5.3872443606667839988e-05 |
99    | 0.0055918897385610986245  | 0.0076247746139768675724  | -0.0033898938275987583468 |
100   | 0.0066508530542182652673  | 0.0033493935146055582412  | 0.00077752042752746121021 |
101   | 0.0026037341414771692991  | 0.010000675359038556367   | 0.00060556726323511675305 |
102   | 0.0055819452158817600002  | 0.0098714471020201564194  | -0.0043144422124188064327 |
103   | 0.0099062991718877370373  | 0.0078914250381579304633  | -0.004935696904945311228  |
104   | 0.0054451649353953676669  | 0.003205530773572095541   | -0.0010344212203881428432 |
105   | 0.0069857977573862780132  | 0.0031113540606471875617  | -0.0013870163609467711999 |
106   | 0.0094349137344033363883  | 0.0093472454063424983972  | -0.0025676689349139682379 |
107   | 0.005506314286883033822   | 0.0052216239957238747699  | 0.00074064940382913193456 |
108   | 0.0044489055962751147474  | 0.001455632907452157794   | -0.0012285695134341906645 |
109   | 0.0069676814572645134546  | 0.0028560319990087795414  | -0.0023132270040494952792 |
110   | 0.0066114480383772560382  | 0.0089676950782450713662  | -0.0029030802973673969225 |
111   | 0.0020023340357441469367  | 0.00078996006118141684493 | -0.00036338119311899943912 |
112   | 0.0017760154245641938432  | 0.0024394045261167305282  | -0.00037937505781426047839 |
113   | 0.006876255353472392369   | 0.0018532219583119969794  | -0.00475881358512151003   |
114   | 0.0067454026801505679797  | 0.0045429001226867417318  | -0.001183979767169242997  |
115   | 0.0071869544962732019588  | 0.0032009776750716320906  | -0.0042111449574980400548 |
116   | 0.0087001944960951940744  | 0.0056445965703322571044  | 0.00098919183556234451665 |
117   | 0.00086002766177935047361 | 0.0093378003729230954488  | -0.0045675679976918794403 |
118   | 0.0019753427879218212609  | 0.0054790431539643996706  | -0.0029338242117232355387 |
119   | 0.00257538819313045831    | 0.0012576813789124026161  | -0.003289042756236925779  |
120   | 0.0067712738486450261763  | 0.008024704240900050467   | -0.0011816914277420029634 |
121   | 0.0028810297048912016267  | 0.0017859167660638228595  | -0.00045827557721297816498 |
122   | 0.0031500208917329937733  | 0.00031312295654663420668 | -0.0016623648908414198882 |
123   | 0.0037961091071654559648  | 0.0032601355773278833591  | 0.00019596738678046260029 |
124   | 0.00353854090835455104    | 0.0050243362025588732267  | -0.0017721508562936630436 |
125   | 0.0097071397004712262069  | 0.0046408665864310057539  | -0.00060321823641882438803 |
126   | 0.0031010264896873121834  | 0.0018403413062344092539  | -0.0018488748572769628763 |
127   | 0.0076370036162774655383  | 0.002708293045573075767   | -0.00063774334224708036263 |
128   | 0.002761866270590546471   | 0.0070875863047260932032  | -0.00429723813500831886   |
129   | 0.0092021591346372576259  | 0.0057528107664262129878  | -0.00023491790644758681799 |
130   | 0.0067855804180930283376  | 0.00051728024617337514928 | -0.0033079679021789333213 |
131   | 0.0063562662660828521052  | 0.0023640092935493291909  | 0.00053766278647107961647 |
132   | 0.0053116848130884521464  | 0.0054289778656982923266  | -0.0046414003005631754295 |
133   | 0.0067078508698633276461  | 0.0047649297323642180943  | -0.002921904554494154059  |
134   | 0.0083925618527277024566  | 0.00167954273033092032    | -0.0051207858660877129259 |
135   | 0.009893386902175732231   | 0.0088736285855474418549  | -0.0032516784844563860653 |
136   | 0.00082903409791312289955 | 0.0043974196591164659009  | -0.0027275674240057178749 |
137   | 0.0081311907469574437601  | 0.0087753039908806864527  | -0.0026521935135723623267 |
138   | 0.0060481894409172530513  | 0.0026137583687297705551  | -0.00012959820367757095868 |
139   | 0.00060539828410927304728 | 0.0073504464548619346392  | -0.0052935105919591071352 |
140   | 0.0067110396910431881906  | 0.0048801989302829111225  | 0.00034823568341520085706 |
141   | 0.0052533092249096710255  | 0.0051167822429592380723  | -0.0023330925723784412366 |
142   | 0.0044030048969522245922  | 0.0014900799798048857195  | -0.0020811245436198624013 |
143   | 0.0089917601146228317427  | 0.0084767285909453926607  | -0.0027010976871142031684 |
144   | 0.0095867513950471817258  | 0.0032788055605213954451  | -0.0042831486659702074429 |
145   | 0.0016520585693225063248  | 0.001533371259233446077   | -0.0037141367321730863089 |
146   | 0.00099935226743371450599 | 0.0035169880033822428084  | -0.0040939234644995969523 |
147   | 0.0096291634146841945802  | 0.0054454626032610694425  | -0.0043344102397874229027 |
148   | 0.0080729053003711567782  | 0.001994074927112262155   | -0.0039902703090210602313 |
149   | 0.0034116585667224061211  | 0.0046514829069726265284  | -0.0013360337497348849945 |
150   | 0.0061174664743834095137  | 0.0035975975971489671142  | -0.0032334529898217136828 |
151   | 0.0068432101255431363948  | 0.0021251331296633143436  | -0.0042774006062862605579 |
152   | 0.0086587315823161616762  | 0.0041718975627284349619  | -0.0018503159809617425544 |
153   | 0.007715638257008276997   | 0.0066802525221313158524  | -3.8919915440162948755e-05 |
154   | 0.0080021824832406385219  | 0.0071420850869247142281  | -0.0006469197006528413325 |
155   | 0.0016374268856964686262  | 0.0034117360819223216395  | -0.00080409998532280952278 |
156   | 0.001345672770503844335   | 0.0067428808518391197824  | -0.002602141431621723261  |
157   | 0.0039855663258246002215  | 0.0026763544543288017227  | -0.0027112722255864785646 |
158   | 0.0079490909406062272569  | 0.0076924615141168899493  | -0.005256466669394691156  |
159   | 0.006195465262067499472   | 0.00092262178495926445987 | -0.0011471572102757985039 |
160   | 0.0020508775274811971712  | 0.0038464470888551725858  | -0.005127054097708718533  |
161   | 0.0046416132620310046955  | 0.0041657479083588733887  | 0.0008114175887623488112  |
162   | 0.0026833041012035143899  | 0.0035547944524573606498  | -0.0017045388165875560542 |
163   | 0.0049677139461857611549  | 0.0089632546158869286224  | -0.002752131384212381203  |
164   | 0.0078924791507273099611  | 0.0067400252782868685583  | -0.0049302522854130347713 |
165   | 0.009368985549149303968   | 0.0053725565305518269837  | -0.0058192976177000475466 |
166   | 0.0045743657778933811617  | 0.0091353229600748594302  | 0.00027017336536248361123 |
167   | 0.0050286815234440096142  | 0.0057932982014695221656  | -0.0019775801455135899425 |
168   | 0.0037965292145788367799  | 4.1340888284011132869e-05 | -0.0026135390294424534763 |
169   | 0.0088134624280985455341  | 0.0088588747490196441403  | 0.00048103868811554060646 |
170   | 0.0097906811064582491971  | 0.0058917104228066348448  | -0.0030667854556628171975 |
171   | 0.0029134777068362347624  | 0.0082416982734619410184  | -0.0031258396341569162635 |
172   | 0.0091562426793443032341  | 9.3094094350782490249e-05 | -0.0048436351883114113839 |
173   | 0.0058248102689629098136  | 0.0072592818263688772135  | -0.0045505789134155389536 |
174   | 0.0069368049589816479714  | 0.0058517288512611332491  | -0.0032519458677527346945 |
175   | 0.0077238045711185933026  | 0.0021449196018559096334  | -0.0016819776640021942386 |
176   | 0.0061289281042428049931  | 0.0062878462997821909716  | -0.00096657587414365937501 |
177   | 0.0088612659053809682275  | 0.00025438186184459311758 | 0.00058930264290303244982 |
178   | 0.0029755418956547751222  | 0.0067014254943499043313  | -0.0028789796191671271179 |
179   | 0.00028093310536021049405 | 0.0090578397340613254346  | -0.0028829336792006157383 |
180   | 0.0064622917489001487079  | 0.00013554344969878947733 | -0.0056746245971475584718 |
181   | 0.00034703017870732467097 | 0.0002226467765727066484  | -0.0057511892817553233667 |
182   | 0.0040076286129399332422  | 0.0097795095246517946969  | -0.0012756444335468943886 |
183   | 0.0051942880353514180036  | 0.0067331005417665609758  | -0.002581399848594194326  |
184   | 0.00089854914975273994515 | 0.0068681186349007807002  | -0.0039995166041408014568 |
185   | 0.0031654181185256850643  | 0.0086823752100822718797  | -0.00073726323143332610829 |
186   | 0.0051079329825466542048  | 0.0013154712029568402677  | -0.0012993209117060976285 |
187   | 0.0096195453554097608284  | 0.0030879041800768764099  | -0.0044355740786231282607 |
188   | 0.0037049952146094790491  | 0.0061470901455679847689  | -0.00038351454069596722148 |
189   | 0.0090323077388216113648  | 0.0025634545115229443943  | -0.0016292059634155377744 |
190   | 0.0079595750580753413944  | 0.0072943667500297657696  | -0.0050063381094721127323 |
191   | 0.0022679321914203984766  | 0.0067565550120420383995  | -0.0050977001063209868847 |
192   | 0.0010370601699322562223  | 0.0057943517637123291564  | -0.00079982600220034820275 |
193   | 0.0029876605680875744329  | 0.0044855556972527126092  | -0.0028298173971318236163 |
194   | 0.0021761981414545224223  | 0.00093999124415447988384 | -0.0024263337564265799288 |
195   | 0.0039840782345614209059  | 0.0050423927594541086833  | 0.00079272153288598894497 |
196   | 0.0029046999654549240759  | 0.0048035128266643691355  | -0.0050219260718982134187 |
197   | 0.0032044765161698784799  | 0.0086845670374622770116  | -0.0035381011740709743078 |
198   | 0.0065138683035938990673  | 0.00094893005799154294712 | -0.0028294909097303800466 |
199   | 0.0048193154869173313384  | 0.007562714957169078267   | -0.00025394888786318969582 |
200   | 0.00026164444577859573586 | 0.006021565151456214314   | -0.0046774563170421668001 |
201   | 0.0062530124174890490407  | 0.0011324333068340978071  | -0.0030930956234538945458 |
202   | 0.0061133299051715104741  | 0.00041356635412876356249 | -0.0042147435221413709003 |
203   | 0.0017736965167112286618  | 0.0082462176120636845877  | -0.0051101437704221697872 |
204   | 0.0081288081660752953966  | 0.0095600696995262468558  | -0.0027929736783301041363 |
205   | 0.00068993103152843130582 | 0.0082693780877506166405  | 0.00085975260553784304401 |
206   | 0.0085649714648342017281  | 0.00091477212477201628928 | -0.0055065451952013618614 |
207   | 0.0062744722774526395445  | 0.003082020927679140522   | -0.0025510178928570270696 |
208   | 0.0060279716344286120994  | 0.0070484844881123099453  | -0.0055757796339942150912 |
209   | 0.0040383036583408558201  | 0.0061763677025565210874  | -0.0027330002728331585955 |
210   | 0.0052612011748405743822  | 0.0040992310514633197721  | -0.0014890179041332121234 |
211   | 0.0098836724396103286389  | 0.0076506633205574306814  | -0.0028288951477391070799 |
212   | 0.0066460439073291084633  | 0.0045600840013065606013  | -0.00012361588472105538325 |
213   | 0.0099364909455661645094  | 0.0082713867126791955353  | -0.0029653285526518727636 |
214   | 0.005857951189747733281   | 0.0029358448225413136604  | -0.0035248582600946650606 |
215   | 0.0033942923377354677732  | 0.005516218631171947856   | -0.00052647150739364558057 |
216   | 0.0069709324186908736345  | 0.0065891347108572740493  | -0.0001748421414002696711 |
217   | 0.0058360239752209214573  | 0.0098333891248205875651  | -0.0011260286364078912844 |
218   | 0.0086985565061846858298  | 0.0011402412836429361327  | -0.0022740541695035910302 |
219   | 0.0038018934472542971655  | 0.0027157938706689221421  | -0.0020502506837658464496 |
220   | 0.00043282665737673635831 | 0.0015310525352972758836  | -0.0046865927624062031151 |
221   | 0.0038724397892483412506  | 0.0074610988364226795908  | -0.0026146242819827789951 |
222   | 4.3414773975049389572e-05 | 0.0079778745469045141137  | -0.00015959740283534308266 |
223   | 8.210627012327792885e-05  | 0.0071097330976340033376  | 0.00034120893354443442708 |
224   | 0.0090508243205658905212  | 0.002607236444078179366   | 0.00030983492984658117693 |
225   | 0.0070726796822842335696  | 0.0073261647746766271269  | -0.00090335277488356546891 |
226   | 0.005963645869086471249   | 0.0023864299277653730144  | -0.0012211630354328551536 |
227   | 0.00057762469353557011672 | 0.0049544688197481106043  | -0.0048540417065613848321 |
228   | 0.0028287084498648828491  | 0.0071290998549069107409  | -0.00073755440219066604503 |
229   | 0.0049009579784292309212  | 0.0079513075292266012506  | -0.0035617973693553850456 |
230   | 0.0075638640757775613133  | 0.0048975161440416546677  | -0.0034959531146958214114 |
231   | 0.0035130063741449319911  | 0.0065086556721540610518  | -0.0017171151083676524859 |
232   | 0.0028422767092885952225  | 0.0093378440300291749854  | -0.0041518870407496900193 |
233   | 0.0098930086981677978902  | 0.0043202345097510591251  | -0.0026381828255663299088 |
234   | 0.0091806039614001615917  | 0.0093123941631589705892  | -0.0055043924396283080286 |
235   | 0.0011025522065490544685  | 0.0057754636320372955416  | 0.00076076058681504097735 |
236   | 0.0022806714782280575887  | 0.0023245073820261866887  | -0.0016150840726609915106 |
237   | 0.0077396220810231446119  | 0.0059639344756427939767  | -0.0014070923657116055083 |
238   | 0.0050386375076987982569  | 0.0032405780380130714581  | -0.00063275491062222890149 |
239   | 0.0059855950712176097389  | 0.0011003566335043241196  | -0.002531284315665437764  |
240   | 0.0081504014637575356722  | 0.0092104823979232749304  | -0.0010391872332381345452 |
241   | 0.0091399877992706501234  | 0.0016079878464081624832  | -0.00074981353533561372754 |
242   | 0.00058410397595855690495 | 0.004344381168905511563   | 0.0007503336628935054417  |
243   | 0.0015254780944672628219  | 0.0019877166401029784833  | -0.0030026477275401008624 |
244   | 0.0024027125485829308078  | 0.0048435505346762835685  | -0.0046100417819526029808 |
245   | 0.0055017411145671882983  | 0.0016141392604323496259  | -0.00030982056239308033247 |
246   | 0.0030354792176277289872  | 0.0058215140654842689044  | -0.0015796517071282657231 |
247   | 0.0052727196445100862898  | 0.0082328328219837352414  | -0.0026411578695405856822 |
248   | 0.0088077352995895516474  | 0.001122368637395150439   | -0.0035425908375382002269 |
249   | 0.0086636425448938202132  | 0.0053900174493479550974  | -0.0015103643238027525571 |
250   | 0.0011420352946643352616  | 0.0055734535832668817557  | 9.4549146888595422432e-05 |
251   | 0.0083329713681224958088  | 0.0017332687234310182635  | -0.0047317175660662900635 |
252   | 0.0013981966443980260294  | 0.0046005204642170357751  | -0.0032128094376012552094 |
253   | 4.7176544148989360073e-05 | 0.0055926459413323300479  | -0.0049106590386781730218 |
254   | 0.00098854160043515462014 | 0.0036178044861536707774  | -0.0047366196668691337712 |
255   | 0.0079019774264479317877  | 0.0077038135249633812526  | -0.0048043378090860278801 |
256   | 0.0062543885842253708202  | 0.0066608396747002271074  | 0.00098002536880743406494 |
257   | 0.0069326536401939035242  | 0.0053863916020003323182  | -0.0044238895474017266712 |
258   | 0.0089519003206789005828  | 0.0058326787106586577836  | -0.0014144901480613982295 |
259   | 0.0036679162394923471927  | 0.0011545246612359408734  | 0.00022715227405272414097 |
260   | 0.00960241613479246095    | 0.0055263676510936259739  | -0.0006444357579522843292 |
261   | 0.0052365916299013963095  | 0.00067286909003307668158 | -0.00045411016783773440692 |
262   | 0.0035614397026629412979  | 0.0031028738904811861005  | -0.0041396798196554774468 |
263   | 0.0091123581077647564097  | 0.00029945647864463339604 | -0.0001880511408958707685 |
264   | 0.0057067762334415553585  | 0.0034140794266447099976  | 0.00077778973155675720525 |
265   | 0.0094872905713502073827  | 0.0067643395735198490887  | 0.00070527063928487159633 |
266   | 0.0021016410275868703007  | 0.0069938076915744395307  | -0.0012078603908981361791 |
267   | 0.0088978853714846428691  | 7.8345023234490824833e-05 | -0.001118625165553031181  |
268   | 0.0045904654932118257177  | 0.0030711353466505186306  | -0.0013378704712992319642 |
269   | 0.0077567298319066307899  | 0.0070776561540222488259  | -0.0018791168996488410037 |
270   | 0.0043038660139413627628  | 0.003541982296526136921   | -0.0038680827668829383462 |
271   | 0.006265353182307688458   | 0.0023229389774471827408  | -0.0012124579328277181826 |
272   | 0.00076072208388983043794 | 0.0015274958482147718824  | -0.0050375497647904702095 |
273   | 0.0078860249503195003346  | 0.0044900309145485478926  | -0.0052798780778685969889 |
274   | 0.00043576419932174985774 | 0.0063525943956810795171  | -0.0020816761903527693234 |
275   | 0.00095073927668446888035 | 0.0059799152786204753593  | -0.0038517928891255081778 |
276   | 0.0075406167836170384308  | 0.007516541571071557945   | -0.0035787481495764029982 |
277   | 0.0071317301784359814557  | 0.0079765186361670722959  | 0.00023719286749169404046 |
278   | 0.00021156715220442578237 | 0.003044835687819069138   | -0.00095328328620638918232 |
279   | 0.0064625985574041869969  | 0.0033682670938881488672  | -0.0035354444969879269406 |
280   | 0.0021384643154708465711  | 0.0046752773625445397804  | -0.00065900063733570913693 |
281   | 0.0087500230602804134755  | 0.0067177780436254936128  | -0.00063920988609852285624 |
282   | 0.0091204752492050761292  | 0.0001317612493468978802  | -0.0045289123288581780574 |
283   | 0.0071740168476464903982  | 0.0043420625157881342568  | -0.0038147325484798304956 |
284   | 0.0035628491603339747067  | 0.0051235040191643524757  | -0.0039871570025165094242 |
285   | 0.00090812613306036100037 | 0.0078881372366033965238  | -0.0027061275376874904634 |
286   | 0.0026547621620331943344  | 0.004468380374386233915   | -0.0052197989343822932123 |
287   | 0.0037880584739798206333  | 0.0072068937132834598805  | -0.0020182409144723851072 |
288   | 0.0037341154636329801884  | 0.0061437733687636853289  | -0.00016248219973215188611 |
289   | 0.0040691974722915202206  | 0.00077809515720713600447 | 0.00020223249364091021004 |
290   | 0.0030564067810464742511  | 0.0068983852307014257785  | -0.0031347804579281469961 |
291   | 0.0040517404315360532746  | 0.00095338003218537999486 | -0.004714634027274075892  |
292   | 3.4100742301920379561e-05 | 0.0074056837914908517362  | -0.0049057925463083899842 |
293   | 0.0097596917825859379192  | 0.007648596183210776972   | -0.00046299118320894009715 |
294   | 0.0054649460500674276742  | 0.0068800424720520062666  | -0.0057090235017161336181 |
295   | 0.0053430094431817795955  | 0.0018495352172520679226  | -0.0041282428878830637956 |
296   | 0.0032350696105198058564  | 0.0093072173951376357265  | -0.0056712740412365831785 |
297   | 0.0046212270742276191637  | 0.0030530731125967061623  | -0.0026602883985424340997 |
298   | 0.0027145799063552711675  | 0.0028651148298625807656  | -0.0013072020269899102367 |
299   | 0.0030418202415356367443  | 0.00072400838877534400093 | -0.0014939842371530377262 |
300   | 0.0067974547371498304088  | 0.0091964331077060649383  | -0.0011183698115777680141 |
301   | 0.002377351994911396961   | 0.0011441168441660007002  | -0.0012699402781650998961 |
302   | 0.00061813961612669900223 | 0.0070758392924219646811  | -0.0041520253940352342889 |
303   | 0.00052370284428132174263 | 0.0035216527491210821224  | -0.0035325000453585641766 |
304   | 0.0084733934727631715633  | 0.0075958262370300700175  | -0.0049261772779860867402 |
305   | 0.0046108670553994795388  | 0.0035546127188220894878  | -0.0028894149158716995324 |
306   | 0.0092196815251691464216  | 0.006715241147782949338   | -0.0037876174447272494515 |
307   | 0.005299070049330886073   | 0.00705365826913089463    | -0.0023917183085135139235 |
308   | 0.00610027675112055634    | 0.0060485688462894289866  | -0.0056230231358005179632 |
309   | 0.0034103340048270091266  | 0.0048589908278587508328  | 0.00031154087530688417268 |
310   | 0.0032858016788326806917  | 0.009251378241229657115   | -0.0034954034884468183735 |
311   | 0.0031885115305990670634  | 0.00026025553033665646107 | -0.0041007045514145851542 |
312   | 0.0039372728466653510171  | 0.0023860219605828835235  | -0.0012974596747747119563 |
313   | 0.00084779351605720890735 | 0.006066048141456737916   | -0.0037194649723677579434 |
314   | 0.0097851925035572374229  | 0.0065562443592281846594  | -0.00059489497841600522468 |
315   | 0.0020019719010401439314  | 0.0012800214419854637465  | -0.0009041714170235362006 |
316   | 0.0070635522273619147371  | 0.007046294829342906671   | -0.0048203154953678764225 |
317   | 0.0011696097270693132323  | 0.0083332611453643106597  | -0.0033446867550315151005 |
318   | 0.0040912724572926941272  | 0.0039402127544322226513  | -0.0041860458426460989481 |
319   | 0.0057925346126412105563  | 0.0081401729005317977755  | -0.0037965593280253426972 |
320   | 0.0027777738379437737042  | 0.0079035113313562256609  | -0.0010826896885170350128 |
321   | 0.009000967264984720273   | 0.0025111155870601972913  | -0.0025626507819245811573 |
322   | 0.0058158091834494074837  | 0.0023942742335135809226  | -0.0052272939661634374928 |
323   | 0.0023639467131134550212  | 0.0019737902087517853952  | -0.0019962221732560910849 |
324   | 0.00016722636639876405909 | 0.0034740642481659741135  | -0.00068748261310852510578 |
325   | 0.0026280827443101104079  | 0.0044359002624370109241  | -0.0039572410733982278305 |
326   | 0.0025717001437625332423  | 0.0066532958336886546119  | -0.0012212814611515588389 |
327   | 0.0012142268917263868491  | 0.004218314332786250731   | 0.00096967200539226907838 |
328   | 0.0016480382971829933818  | 0.0023345491562374392179  | -3.8625891143715274795e-05 |
329   | 0.0068501204882890961295  | 0.0053168889263640320073  | -0.00052005510316541745958 |
330   | 0.0053619861171631307689  | 0.0041853879080412138836  | 0.00053394802936759366147 |
331   | 0.0035552730147301327655  | 0.0088923557354142999942  | -0.0028243417469056178275 |
332   | 0.0030207108359783505815  | 0.002207590344788365553   | -0.0036124349662204307924 |
333   | 0.0051058814417233857816  | 0.00079469146542995644164 | -0.00023688013859861337574 |
334   | 0.0056027775560018363427  | 0.0013135297180648568358  | -0.0014756042272432079096 |
335   | 0.0049962606034970680549  | 0.0024403894060101550233  | -0.0046044601469412702391 |
336   | 0.0080687172030115082016  | 0.0078378612337745862809  | -0.0037615825653051627835 |
337   | 0.0093143300801468448952  | 0.0083840577140946656587  | 0.00038794349059944732011 |
338   | 0.0042019066348369634237  | 0.0007158157315519677287  | -0.0026993275384429209554 |
339   | 0.003541510287547364709   | 0.0050206371940925082278  | -0.0053216305520336921325 |
340   | 0.0047925114481658977889  | 0.0038496481816128660242  | -0.0015257390703618089588 |
341   | 0.0020329501894806689503  | 0.006229058607523412644   | -0.003673000272214757729  |
342   | 0.0063092985513754562196  | 0.0072120812812906977263  | -0.00077241512537067373231 |
343   | 0.0004936951485651059051  | 0.0055536598247262931871  | -0.0023772028892341924913 |
344   | 0.0014358114136540441226  | 0.0046858915458949813165  | -0.0035041850675096861481 |
345   | 0.0061382977061331268215  | 0.0052321756255566120863  | -9.0976821049813170984e-05 |
346   | 0.0093874471617048788064  | 0.0060173756394153888466  | -0.0033450027631076661647 |
347   | 0.0086555512933599587644  | 0.0071682520673566072281  | -0.0041548901608368677546 |
348   | 0.0063644780964783407434  | 0.0065989689558409335077  | -0.00034900253008011787852 |
349   | 0.0093169466164965287353  | 0.0029704789317555996796  | -0.0048270209954301875055 |
350   | 0.0082320965348337063472  | 0.009091946751594593909   | -6.6604906858805308948e-05 |
351   | 0.0074539068379852538304  | 0.0060185500536607539068  | -0.00040482884091275829789 |
352   | 0.0034354845874994643755  | 0.0047402343740832620506  | -0.0026400604998023237228 |
353   | 0.0059580114957674921994  | 0.0034528291033312113502  | -0.0030882779175981987622 |
354   | 0.0027912695143382940458  | 0.0034043639737503903105  | -6.1569424489839105351e-05 |
355   | 0.0052812936119949471792  | 0.0034894811065276786118  | -0.0048563459244191338818 |
356   | 0.0063110198986602531607  | 0.0083868171461449220888  | -0.0017103258661877041979 |
357   | 0.00296452335348062904    | 0.004665997606414149651   | -0.0016823532845142937821 |
358   | 0.0003492267747620247248  | 0.0072464639508745777238  | -0.003091749523742880635  |
359   | 0.0093677022034687612573  | 0.0034158032246470143405  | -0.003923964501246596584  |
360   | 0.0055544777052994320776  | 0.0074437740984860554724  | -0.0039372264901806437384 |
361   | 0.0055073418089073558276  | 0.0074400934760565405959  | 0.00088000213924376144078 |
362   | 0.0049642732822275954102  | 0.0058689591335358204036  | 0.0008844457785515671619  |
363   | 0.0047533964719831860515  | 0.0084380175573719982951  | -0.0012916517082238198645 |
364   | 0.0044372527729901042534  | 0.007733137620562323053   | -0.0037608156773512864228 |
365   | 0.00099991289129376464094 | 0.00078843903011551266791 | -0.003942765626145178226  |
366   | 0.0016548726844038139441  | 0.0023951939559623837937  | -0.0040375345508824002014 |
367   | 0.0028913445901278932854  | 0.0040178333620095492418  | -0.0027590661219733972169 |
368   | 0.0055233816647886737131  | 0.0022704608368406152194  | -0.0055659180293474190201 |
369   | 0.0028330024981008390499  | 0.0060041284030201320931  | -0.0011672135699906320116 |
370   | 0.0078742863427428665124  | 0.0072120001096906746069  | 0.00085650313927970646993 |
371   | 0.0056765448804554025433  | 0.0048309645123373956901  | -0.001455668229126185929  |
372   | 0.0060729540240746287746  | 0.0059579919028927277522  | -0.0054747319845356570353 |
373   | 0.0067968124715844270567  | 0.0038819441476310627762  | -0.0033871469155307321226 |
374   | 0.0090724668765564866341  | 0.0089719209035165319727  | -0.0049511594894603239495 |
375   | 0.00028815337642166085393 | 0.0069974691499603489109  | -0.0030316913483901682634 |
376   | 0.0032403628220009743355  | 0.001075721662558276441   | -0.0039945145367146434393 |
377   | 0.0004291097304745598558  | 0.0034031724358370494914  | -0.0054579774662804987281 |
378   | 0.009150194714612525787   | 0.0011579718383277612034  | -0.00078783983855752173688 |
379   | 0.0044085991628191132513  | 0.0092115372489918103532  | -0.0021249171500603855969 |
380   | 0.0024093850239811634081  | 0.002653404557802170171   | -0.0041819378151594687257 |
381   | 0.0061430717086105764146  | 0.0056041627907798046912  | -0.0041424965580975940324 |
382   | 0.008053450382297303381   | 0.0047388189379227799169  | -0.00035619552512066663666 |
383   | 0.0048016700278192261594  | 0.0048494844621831045481  | -0.005708100179521682048  |
384   | 0.0048394145130767219493  | 0.0053555310250529590196  | -0.00033358170494714368568 |
385   | 0.0092675172391220774631  | 0.008099378575564938551   | -0.00034160644068723208973 |
386   | 0.0051605978847761675363  | 0.005383948988694838185   | -0.0035645947354315545529 |
387   | 0.0043934602747053999941  | 0.00051592767953484376837 | -0.0055150737897070737162 |
388   | 0.0060070641528665071063  | 0.0076775148169836784917  | 0.00030289543916689389697 |
389   | 0.00048200058815735935666 | 0.0052175312385961993     | -0.0038931327494398175991 |
390   | 0.0019796844813689692087  | 0.0014311245362037083688  | -0.00099243836883605458105 |
391   | 0.003702338355825670474   | 0.003502823248655328927   | -0.0012903176879403921787 |
392   | 0.0047514719353012333306  | 0.0064436983246539030271  | -0.0026271921080407434346 |
393   | 0.008526339989098217359   | 0.0075151717408840062323  | -0.0045597091559695561783 |
394   | 0.0025526631529430776277  | 0.0067877619210566769031  | -0.0011933084994379069589 |
395   | 0.00023823016654352221957 | 0.0049427966453165564364  | -0.0034527944345442351456 |
396   | 0.0017769493635561314868  | 0.0060964498144594888793  | -0.0021317494378136005347 |
397   | 0.0010400929257211343534  | 0.0021393191707847771486  | -0.0040121868224916694412 |
398   | 0.0095793924271131182524  | 0.0060320624986066077519  | -0.00053323835060635558624 |
399   | 0.0064152685143803308762  | 0.0032136592140056346144  | 0.00016146362107677652425 |
400   | 0.0024021949982761304533  | 0.0024127814138616469029  | -0.0028565978789814061058 |
401   | 0.0076011449401332661577  | 0.00038143606392158598602 | -0.0010980060527189553984 |
402   | 0.00092744746532460987064 | 0.0092049208699494875635  | -0.0042887500196305628278 |
403   | 0.0099171036349023529433  | 0.0063908291348187054592  | 0.00057072422079526476807 |
404   | 0.0032930033870536877874  | 0.0084185620390305835464  | 0.00098972107752683374099 |
405   | 0.0035206315138029179411  | 0.0047848000503614290801  | -0.0022576651242432349033 |
406   | 0.002705845853188158269   | 0.0028447822438767422781  | -0.0023675276272022002452 |
407   | 0.0093996474210653480769  | 0.0036601300063007751601  | -0.0030709880260258977727 |
408   | 0.0035111267795063269385  | 0.0032403779441372809571  | -0.004448157690205714089  |
409   | 0.0075789004207714371839  | 0.0097278550510488739911  | 0.00021026770936632935998 |
410   | 0.0033489615375621871636  | 0.0046921531063267782335  | -0.0042289089122470539112 |
411   | 0.004552439982170497848   | 0.0058154869812636882792  | -0.0042029528600338404015 |
412   | 0.006729031306033163122   | 0.0022802314127709447794  | -0.00036398422015539297   |
413   | 0.0035518768050323036578  | 0.0022628408343729530111  | -0.001932680382366134186  |
414   | 0.00084962232568468198674 | 0.0015995676861700310403  | -0.0037120133714461170382 |
415   | 0.0025145605289154846461  | 0.007173573675074538733   | -0.0049671911892961934445 |
416   | 0.0023358774298077636909  | 0.0048514550939084454331  | 0.00090243861508389807552 |
417   | 0.0080155856209613973035  | 0.0022889565885432839633  | -0.0056950409894969983987 |
418   | 0.0088637652583027377179  | 0.003960672130494832105   | 0.0003457908838596806568  |
419   | 0.004629841580387074329   | 0.0039691461907311251234  | -0.00059229486263517687732 |
420   | 0.0061565237580060994116  | 0.0039606041842441732509  | -0.0029077076244252730332 |
421   | 0.0022941601774930800786  | 0.0063869627533293506574  | -0.0034189872528135869731 |
422   | 0.0011367522340676584729  | 0.0090389133279784733555  | -0.0018162577798625414559 |
423   | 0.0055289879179667216977  | 0.0051105676256294613191  | -0.0031807139601190610213 |
424   | 0.0091274575403837744647  | 0.0066759675437255503599  | -0.0024521409562330009901 |
425   | 0.0074884139213434184126  | 0.004411597832870666272   | -0.0015880281122543104567 |
426   | 0.0036127559365959462448  | 0.007247501071428453373   | -0.00049155888102323907606 |
427   | 0.0032033532021227134612  | 0.0057960170562256349211  | -0.00099150941063964317598 |
428   | 0.0048631667774714252769  | 0.0026376469027712440459  | -0.0041402726809205850703 |
429   | 0.0057118333931762453951  | 0.0031465384198062227097  | -0.0051314165543627533739 |
430   | 0.0028782428227628852058  | 0.0013506248182487260757  | -0.0019247769916527269519 |
431   | 0.0023108384814811365991  | 0.0039916516943136019779  | -0.0029136566100010532869 |
432   | 0.0043191346409564186637  | 0.00036285656814313729628 | -0.0037643069725484053396 |
433   | 0.0030168955843853663933  | 0.007232314932284580368   | -0.0026848747519190598564 |
434   | 0.0048828306213009910197  | 0.0030891304988436220531  | -0.0051734131440677368768 |
435   | 0.0013031122681194610285  | 0.0081217320647299050262  | -0.0034491444195231210114 |
436   | 0.0041712735800292933402  | 0.0088727316760119478295  | -0.0020133955266575498909 |
437   | 0.0023920702730550491046  | 0.0052512847935377226713  | -0.0004128749774644492024 |
438   | 0.0077899926709822601284  | 0.0031298513452034304114  | 1.9431156905200425188e-05 |
439   | 0.0056915230060283414359  | 0.00080120826297684058417 | -0.0040786348389266957257 |
440   | 0.005249716867418900354   | 0.0088929618948939345713  | -0.0056527807924417238297 |
441   | 0.0067123779416969923603  | 0.0054387627960542344469  | 1.1993352707508968429e-05 |
442   | 0.0048009126256417389983  | 0.0062583790150481004647  | -0.0023173374840203351394 |
443   | 0.0092574936017372228686  | 0.0027691087395843834787  | -0.0050395646240074245745 |
444   | 0.0091902331259237496353  | 0.002656701235085813257   | -0.0017101383470204194973 |
445   | 0.0061596336853501727424  | 0.0038864130037757635763  | -0.0022483913984356978209 |
446   | 0.0047589376225934095291  | 0.0072295517966385761457  | 0.00015191702010489176655 |
447   | 0.0093158034103579586555  | 0.0077102338602683534452  | -0.0023605567796701099233 |
448   | 0.0048335881019972853911  | 0.0017681193392831029854  | -0.0057824623158690682465 |
449   | 0.0054483160459570115566  | 0.0033076881177448720465  | -0.0034069920028866676476 |
450   | 0.0028822756207940803189  | 0.0064174238772265416314  | -0.0056395887476551444586 |
451   | 0.00066622460636490217403 | 0.0071144867840286741753  | -0.0026601897388941410545 |
452   | 0.0047421047306383861883  | 0.0050188669223900830157  | -0.0053490552455610846164 |
453   | 0.0049408670001275661887  | 0.0097549642378410919563  | -0.0014710033832153533544 |
454   | 0.0048265212504249709741  | 0.0062141493966240083507  | -0.0048101482547793809538 |
455   | 0.00043155290816269947915 | 0.0061456081869020332334  | -0.0011901624965419532048 |
456   | 0.0066380650200828748841  | 0.0099844641681488474627  | -0.0023689952791344491036 |
457   | 0.0097125266256156798927  | 0.0031873346514901010167  | -0.0051026738917117489894 |
458   | 0.0048310192649259784889  | 0.0067309606248597206313  | -0.0046457721402527419816 |
459   | 0.0041633220231650459528  | 0.0083458253293054607963  | -0.0056679984122862932597 |
460   | 0.0027959893166438608975  | 0.0028275524544886907093  | -0.0006249964398281144173 |
461   | 0.0010708427584185198442  | 0.0058048940389214308613  | -0.0025227003664155690094 |
462   | 0.0060449976092947143788  | 0.00417730959520236627    | 0.00091419726509091477074 |
463   | 0.0081572796250769571275  | 0.0061285830499198503188  | -0.0021190524247634871455 |
464   | 0.0017172281157327782923  | 0.0043077555574972644162  | -0.0048059582952722145963 |
465   | 0.0052338752729391346472  | 0.0074056143667263355304  | -0.0033553685713482170674 |
466   | 0.0070661287713942892361  | 0.0088641436216981596419  | 0.00055814700660153284545 |
467   | 0.0045861256890005345013  | 0.0030206383860785410676  | -0.0042488964537694025314 |
468   | 0.0064263674282412225347  | 0.0028072753633310151486  | -0.002194147693937846446  |
469   | 0.009403817797755221336   | 0.0049976799336078356686  | -0.0042269508186961873841 |
470   | 0.0087650420121974780691  | 0.0038474848762548819955  | -0.0045386167797083678405 |
471   | 0.0024873413178218908848  | 0.0080663778298905395442  | -0.0035862753843435239004 |
472   | 0.0036361580199935723476  | 0.0052433683714852748203  | -0.0044167199729343627895 |
473   | 0.0024187670371873413663  | 0.0037262059957498465217  | -0.0037989314275500138049 |
474   | 0.0046585822907649152708  | 0.0045682479581522885195  | -0.0049830069664478999006 |
475   | 0.0065421140628222568605  | 0.0017871208290043542107  | -0.0052259278770322411048 |
476   | 0.0060432273584001194519  | 0.00030996268954933613952 | -0.0010701191449240413187 |
477   | 0.009947089308405087163   | 0.0032610604075580195381  | -0.0033086728973140463322 |
478   | 0.006195685590055112664   | 0.0081174225098763833075  | -0.0007903555875282229767 |
479   | 0.0085694924592702084037  | 0.0058526171540997408427  | 0.00069053296822749806339 |
480   | 0.00023428284492066220736 | 0.0092902616539692912251  | -0.0011941397724159377291 |
481   | 0.0085825257671255251318  | 0.0029893634082604125454  | -0.0017392141034329943686 |
482   | 0.004544487871186594051   | 0.0092032889257620421192  | -0.00056575167382593891888 |
483   | 0.002125812986291536217   | 0.0036367011378082131877  | -0.0023631919309158120474 |
484   | 0.0046620506744842723015  | 0.0041256708451286126099  | -0.0053211667220201958051 |
485   | 0.0067610470156749223614  | 0.0027809199261955319139  | -0.00050602503038958180932 |
486   | 0.0099583785807636267945  | 0.0087153633794832870846  | -0.0015585223945615131382 |
487   | 0.0021904498190263043712  | 0.0025482554116862611744  | -0.00091916307175865313243 |
488   | 0.0041549178573853980806  | 0.009036003345040942783   | -0.0054621155075686069619 |
489   | 0.0029058564854849643598  | 0.0018938709247848016601  | -0.0036548503082481586211 |
490   | 0.00015536140418429689051 | 0.0063166456325308506861  | -0.001108937146111162609  |
491   | 0.0082156774984347286095  | 0.003771666088560670857   | -0.0041688820070850301017 |
492   | 0.00027239307513061126499 | 0.0031637722398721711964  | -0.00072269563548610078578 |
493   | 3.2932374453636360995e-05 | 0.00817264238023136802    | -0.0055683240933419074839 |
494   | 0.00060903350899575237412 | 0.0012046114872893253899  | -0.002027884997692591066  |
495   | 0.0042266140022258142164  | 0.0068327879690393764078  | -0.0012990371287486136148 |
496   | 0.0075865267629282705925  | 0.008292188201198437067   | -0.0055216124307172678026 |
497   | 0.0044831864090505097256  | 0.0023494881855301067396  | -0.0033724277457343283457 |
498   | 0.0097604266600985287866  | 0.0064426852634326741906  | -0.0019619461263178394374 |
499   | 0.0055361442346294181122  | 0.0038929319405066678539  | -0.004182260775858053295  |
500   | 0.0086546770825311775815  | 0.0018925980192467744233  | -0.0044550143555654331956 |
501   | 0.0049678357063219812442  | 0.0041070441065060728572  | -0.0035678745434455016658 |
502   | 0.0082649261719906757379  | 0.0032055393630507412507  | -0.00044247464499296815287 |
503   | 0.0058498699444724305482  | 0.0049619458979641758306  | -0.0039077470075604085059 |
504   | 0.0031754413028012304712  | 0.0049149425890839424855  | -0.00075687607088716036749 |
505   | 0.0089023016856679612618  | 0.0081089623436690488889  | -0.0031683054086175384094 |
506   | 0.0020902451439021130057  | 0.0032447023271537406459  | -0.0041871920966983448148 |
507   | 0.0067757522038346370066  | 0.0051206967108434718605  | -0.0048571396776975143267 |
508   | 0.0047558785177341522665  | 0.0029363989238875756044  | 0.0001732053965912363385  |
509   | 0.0069733341610643279768  | 0.0051642779006644120784  | -0.0037316060778341043382 |
510   | 0.0063286447169048536468  | 0.0015342998654270694533  | -0.0039853315109546509284 |
511   | 0.0030870297165297975496  | 0.0033269474705761217098  | -0.0025124660873841664008 |
512   | 0.00081994587615526865441 | 0.0058803824944707828656  | -0.0057640439623238845859 |
513   | 0.0053028070935825918561  | 0.0070411954530661029564  | -0.0038789239717857593344 |
514   | 0.0069442027931190348708  | 0.0053617807417432284886  | -0.0022285815261890496754 |
515   | 0.0036065370916203080658  | 0.0023007080835167016339  | -0.0022202773664401643378 |
516   | 0.0020128747804448823312  | 0.0062360661458652419387  | -0.002101649459113098372  |
517   | 0.0079523033853852245767  | 0.0027891297882984373777  | -0.0017529002521055651008 |
518   | 0.0061373216770379971155  | 0.0066344718947055746766  | -0.0047067061805283463491 |
519   | 0.0087443300138865965448  | 0.0043825451255998766967  | -0.0019522037927412352974 |
520   | 0.00097984145557763113396 | 0.0047028524473530048874  | -0.0035209048170837023949 |
521   | 0.0048405766775372555469  | 0.00067933452710060987512 | -0.0042747896522891430313 |
522   | 0.0083762052736730888136  | 0.0075028645485337910198  | -0.00087209494577488810927 |
523   | 0.0074133055574789052944  | 0.0055056244570384155548  | -0.0042724417333828441229 |
524   | 0.0044385713420426950448  | 0.0030366419208494336776  | -0.0042101769525825453316 |
525   | 0.004696425706228952654   | 0.0023000770822017408378  | -0.0021781742695805195349 |
526   | 0.008073996060398248853   | 0.001290202989709501695   | -0.0027810343074043501754 |
527   | 0.0040318681408135562116  | 0.0030845176040163991248  | -0.00089731986812174478405 |
528   | 0.0044497719152691442637  | 0.0043334085895435229055  | -0.0020032642942912561208 |
529   | 0.0021954030808774760083  | 0.0038594821696671353928  | -0.0046322916010611584967 |
530   | 0.0064655950873361046904  | 0.004536106088767311896   | -0.0036216217735061187466 |
531   | 0.0052816325653709363455  | 0.00096680849171555736758 | -0.0023819906769748698874 |
532   | 0.0051268621113804615369  | 0.00064526864965814732193 | -0.00098095966709594141844 |
533   | 0.0081585845973295156863  | 0.0019502116353787620623  | -0.0029592075306726930116 |
534   | 0.00071971812747098770028 | 0.0017978053342084078861  | -0.0041858553046158234953 |
535   | 0.0092272274102264302542  | 0.00252391755450050723    | -0.005574367665980042158  |
536   | 0.0093127588651948072646  | 0.0054103147968071231555  | -0.0043632591453459396852 |
537   | 0.0016425353660969896179  | 0.0097063255531310271146  | -4.6845957272066468449e-05 |
538   | 0.00077675838080950069219 | 0.0018891359362867904056  | 0.00021511156165173513782 |
539   | 0.0092855293982785514634  | 0.0062231969254479104284  | -0.0024889858664520559187 |
540   | 0.0094495642404093874167  | 0.0047297227722452378149  | -0.0037151102467442138032 |
541   | 0.0039069839740033590267  | 0.0049359891087928401895  | -0.0020509361969833625125 |
542   | 0.0024779738943792833754  | 0.0016073582739031830411  | -0.0046872515285738850996 |
543   | 0.0066428785933803384187  | 0.0012636217116500977203  | -0.0016000500776533193182 |
544   | 0.004873739324852081195   | 0.0087703772972554400883  | -0.0019046133342592954686 |
545   | 0.0010419007164792913785  | 0.0036816962519921792203  | -0.0030085931605387957431 |
546   | 0.0069416398244373251486  | 0.0054195698027590432158  | -0.0010376587971313011843 |
547   | 0.0034991938719347169713  | 0.0076679901378603424617  | -0.0028646386997736375535 |
548   | 0.0046127465325062726176  | 0.0084048613702090452932  | -0.0026309966525770926531 |
549   | 0.00071778964150275936882 | 0.0043453137051248542921  | -0.0035533690376141533439 |
550   | 0.0054743216855898339107  | 0.0088168010758376772623  | 0.00039203057996738599131 |
551   | 0.0072303004943044960409  | 0.0042756035236123281912  | -0.0022469911285210690532 |
552   | 0.0047402358679579179729  | 7.9076041592597733272e-05 | 0.00010755843492019339508 |
553   | 0.0033869099653113569036  | 0.0037392572381813203239  | -0.00097502176407943553366 |
554   | 0.0005409036401869984868  | 0.0093752443044137472733  | -0.005529458868715237882  |
555   | 0.0079074040228439158168  | 0.0044703881453740336102  | -0.0053082995845995187972 |
556   | 0.00074491485421216655383 | 0.0070136809950014037535  | -0.005048586227220713471  |
557   | 0.0087939500877899125231  | 0.0033277139765773935433  | -0.0048302926443777203722 |
558   | 0.0092684231572666801735  | 0.0054695815857535509674  | -0.0056427888441374710049 |
559   | 0.0051297553682726699034  | 0.0060036380013645251896  | 0.00072652749487034460479 |
560   | 0.0035305217624805847534  | 0.0031566287457391074833  | 5.3606884561738365612e-05 |
561   | 0.0057064806607466161611  | 0.0061517033584890540993  | 0.00074118717521818363453 |
562   | 0.0048337201202988538951  | 0.0015354932571780292774  | -0.0022485597862603448269 |
563   | 0.0071148940740719188169  | 0.0042414959911517080907  | -0.0020143842437482977273 |
564   | 0.0012009372007896383996  | 0.00640518117186677019    | -0.00090350799387302186717 |
565   | 0.0032869747220132627778  | 0.0039562313312829274631  | -0.0013707251627866796906 |
566   | 0.0056084475492498460369  | 0.0048216828358829807652  | -3.3546872006814833082e-05 |
567   | 0.0017803207861291077234  | 0.003695182476028807065   | -0.0024112610432854252041 |
568   | 0.00085692459012616398282 | 0.0070430995387600666552  | -0.0013897302154776021692 |
569   | 0.0035615668062070906207  | 0.0027353619930459704968  | -0.0012723510268447390126 |
570   | 0.0083233662997421586222  | 0.0061790125603888908928  | -0.0025890373320176158535 |
571   | 0.007614344374330847022   | 0.0038406301879815897549  | -0.0039498892948027688327 |
572   | 0.0067091601284513958242  | 0.0097816782992237345795  | -0.0054650088166204556506 |
573   | 0.0068513247332377151186  | 0.0057009901612943125054  | -0.00010947196252552733576 |
574   | 0.0094877398005060089442  | 0.0063854199776169039138  | -0.00043475853621276617893 |
575   | 0.0079298802957687222759  | 0.0063605451488700139734  | -0.0033639255023798944437 |
576   | 0.002522142113838046415   | 0.0055361296307701859595  | -0.0053282020050831506788 |
577   | 0.0064794387125249501905  | 0.0090911987058785916765  | -0.00052854287544189606802 |
578   | 0.0065446488678988041718  | 0.0074362243651702655128  | -0.003340822643747357306  |
579   | 0.0042189929814764022889  | 0.0016866225139488396842  | 0.00011448917532515950901 |
580   | 0.0091574554329208017467  | 0.0061833507063673315979  | -0.0045331121700969657581 |
581   | 8.2336933456791659464e-05 | 0.0066405555502322089964  | -0.0023934531280177424872 |
582   | 0.0090040753148288108637  | 0.0079032951043515979606  | -0.0022023796865852031564 |
583   | 0.0036744568798245513114  | 0.0052854581750834033274  | -0.0043673596594409596489 |
584   | 0.0067665901106286636263  | 0.0031499129244435290428  | -0.0026858128482995960278 |
585   | 0.00869566675917451265    | 0.0048366723291258951339  | -0.0050056087672020613613 |
586   | 0.0042359504955207134824  | 0.002319573990143363254   | -0.0027076134000898022074 |
587   | 0.0082126572789492507942  | 0.0071084471864064739666  | -0.0036403234613453772615 |
588   | 0.0006688963184136853795  | 0.0056740797764408502576  | -0.0019183933111248648116 |
589   | 0.0061464664016953633394  | 0.0029690961894968926314  | -0.0032270967715599405481 |
590   | 0.0087368954042648140634  | 0.0024965690740920260492  | -0.00043086890550820091447 |
591   | 0.00093888692673108162679 | 0.00950091247254966631    | -0.005147262808517375117  |
592   | 0.0050353278394199077472  | 0.0054705928397497547919  | -0.0056972874929110137524 |
593   | 0.0056208515545918998069  | 0.008272983702833873812   | -0.0041436473129492102513 |
594   | 0.0079136723884880594976  | 0.0066805730993265092371  | -0.0050037099258205272947 |
595   | 0.009792981118632852755   | 0.0042544907637244539986  | 0.00060263598574991346455 |
596   | 0.0063854559295695688392  | 0.0058684686971870866565  | -0.0028773327269559709207 |
597   | 0.0012632596544903361424  | 0.00054028434971876743327 | -0.001749909102286044231  |
598   | 0.0035170563694241867292  | 0.00156961262653997893    | -0.0011493681975182578302 |
599   | 0.0039655814001946535982  | 0.0031153434267165249806  | -0.0039834867947930729937 |
600   | 0.0012170064660297209673  | 0.0022964292072073042711  | -0.0047738044033604990629 |
601   | 0.008268869651843520005   | 0.0037382115804661690192  | -0.0019807313590805828742 |
602   | 0.0037804645342867462289  | 0.007239504580409679424   | -0.0012864420443316167738 |
603   | 0.0080029599500026724762  | 0.0034800537885764713623  | -0.002788091088497793215  |
604   | 0.0087145879438034652698  | 0.0064535075816813669558  | -0.0028792626426865286157 |
605   | 0.0044515208336119152163  | 0.0024230099689755706278  | 9.2885124600345194464e-05 |
606   | 0.0040798066349389842597  | 0.0072337615181105770212  | -0.0043264066928196762835 |
607   | 0.00089634397198766480042 | 0.0020901637202109545934  | -0.0043416184416170495661 |
608   | 0.00048894840825383135714 | 0.0044023087699640037554  | -0.0034232857399997067803 |
609   | 0.0095926328153553667988  | 0.0094492439936612222795  | -0.0042845766749880350929 |
610   | 0.0083637458427589794763  | 0.0046627008707976575971  | -0.0029130359282603210565 |
611   | 0.0038501574117394167518  | 0.00066024786127573615105 | -0.00080741268611766666991 |
612   | 0.0094105407030410162528  | 0.0057819590968681139342  | -0.00066296847036333627842 |
613   | 0.0050271716776182978278  | 0.0072510812317138628735  | -0.003602506977845614921  |
614   | 0.008812425632710061893   | 0.0045939619504916963388  | -0.0034117396614410811645 |
615   | 0.0025843443879538527744  | 0.0071929544475598386835  | -0.0018759526429835374651 |
616   | 0.0085549155714176022131  | 0.0039494398852769159111  | 0.00058407415435405337506 |
617   | 0.0068916886512262257036  | 0.0033169693303828082578  | -0.0016834307539062183523 |
618   | 0.0048599189143620534839  | 0.0082465836465581456027  | -0.003223047068623806008  |
619   | 0.0045976767823786681214  | 0.0042590329420241967648  | -0.002307109609184957149  |
620   | 0.0098423109269778347175  | 0.0091875604335346118534  | -0.0031001436719262425931 |
621   | 0.0070632289084119007777  | 0.0098718070963679863117  | -0.0043941540220239659262 |
622   | 0.0094106235832265693747  | 0.0048923493116422465607  | -0.0031618101121243754638 |
623   | 0.0079552666417864112414  | 0.0057629999728405186324  | 0.00053397229281951837793 |
624   | 0.00015121906562024715458 | 0.0073388769357587086209  | -0.0038152858438153343032 |
625   | 0.0061288695234371836848  | 0.0022040302353009081499  | 0.00050631526535833536878 |
626   | 0.00356980443549996182    | 0.00095923238842205544533 | -0.0049136211547094882368 |
627   | 0.0018122160313527701635  | 0.00050864652857696081474 | -0.0047024920589345360275 |
628   | 0.0048784185704223133676  | 0.0091627844144453410996  | 0.00013763638347327787972 |
629   | 0.0015068618057119992533  | 0.0033233801933662686541  | -0.0031085159574901458264 |
630   | 0.0071238047246001334409  | 0.0071256040009773542743  | -0.0032259689586396785542 |
631   | 0.0054158141290083245539  | 0.0040682018637488636878  | 0.00051742598456987827678 |
632   | 0.0011450831946480926476  | 0.0079675527951431329016  | -0.0027038017747182617988 |
633   | 0.0093454794682193090966  | 0.0020271570447334633785  | -0.0033523909737293170266 |
634   | 0.0033703553204577313233  | 0.0067499677648270445252  | -0.0052517157465562167018 |
635   | 0.0071098167870467590679  | 0.0063821530514953589766  | -0.003184426777304190815  |
636   | 0.0005407472701492340968  | 0.0021749367353219102757  | -0.00082699765702537225611 |
637   | 0.0044938866895600226847  | 0.0074571400347469476294  | -0.0018757114731537947484 |
638   | 0.0026812386355004945264  | 0.00065339550263288754227 | 0.00097147272154407483986 |
639   | 0.0094236499457629897131  | 0.0047610405097365058463  | -0.0037273881367999028846 |
640   | 0.0028843759000199763014  | 0.0086368422132481175585  | 0.00072099133110028156002 |
641   | 0.0092222764220962448467  | 0.0029833190301107154717  | -0.0014607554089125802249 |
642   | 0.0050274808020977059322  | 0.0063157392190511581903  | -0.0027369979603560855817 |
643   | 0.0070857224445070058835  | 0.0080181525029062138132  | -0.0027895565555870424114 |
644   | 0.0069394050352497831796  | 0.0054354080023121245299  | -0.00067500209418705947768 |
645   | 0.0094946537000023482206  | 0.0051073128906997250498  | -0.0010802404801201321259 |
646   | 0.0044341207945402250079  | 0.0073087717889344910177  | -0.0047861558499637003872 |
647   | 0.0058006385877920098315  | 0.006955433564598889791   | -0.0027722343977180400817 |
648   | 0.0049329177855612785578  | 0.0076726838806037145346  | -0.0014841442498129957684 |
649   | 0.0090674004485672872466  | 0.0059816623943212948039  | -0.0016726508506845437756 |
650   | 0.0026595675704483511502  | 0.001043709144246827026   | -0.000971584507972772949  |
651   | 0.0071328374310902897121  | 0.0035428680671851682515  | -0.00040239635729677329136 |
652   | 0.00071947876477600431009 | 0.0048531114348800540731  | -0.0052532724273799602174 |
653   | 0.0010773921424486532835  | 0.0080791421387430960993  | -0.0043399487463041154511 |
654   | 0.0035219756392785347282  | 0.0035766707297100299237  | -0.00083000033506256364058 |
655   | 0.0016272902201850793572  | 0.0060762097096518311728  | -0.0018223356939299935591 |
656   | 0.0029477625419891237586  | 0.0085692119539596857403  | -0.0019916318996476898955 |
657   | 0.0019801595338067002304  | 0.0058935119034191517026  | -0.0035613281755728638626 |
658   | 0.0090480146145654472001  | 0.0035247912160958588638  | -0.00037545323285272417472 |
659   | 0.0051605641526746128325  | 0.00036117053935788876818 | -0.0040925825343614934126 |
660   | 0.0030228224812887103702  | 0.00049291936751921848307 | -0.0033488336459129345278 |
661   | 0.0032149569173859490409  | 0.0071285643262315803725  | -0.0016551390112710887958 |
662   | 0.0043970483815836567884  | 0.0012170410480156130563  | -0.0057049244348617161871 |
663   | 0.0014336442417527881215  | 0.0091596549181697448083  | -0.0029893381583865137781 |
664   | 0.0044382476979991647426  | 0.0096816998421991526391  | -0.0055134379669906970894 |
665   | 0.00020617291072054882398 | 0.0037322075016014691004  | -0.00063084935453604402706 |
666   | 0.0015938213428038070819  | 0.0045680530769940073943  | -0.0035607991834551121213 |
667   | 0.0052273084142342900529  | 0.0041503868469575100342  | -0.0015080821847831280338 |
668   | 0.0068167902355465376588  | 0.0033627580590246128681  | 1.6622680366421951404e-05 |
669   | 0.0055856170947813079883  | 0.0033849724714062239331  | -0.0010982509219597056793 |
670   | 0.0069559556756994848567  | 0.0022315458438775014408  | -0.0037568950961077290929 |
671   | 0.0079895508319570446992  | 0.0077915255085719463748  | 0.00018982314747416774003 |
672   | 0.00021620973615209298146 | 0.0064515086926312239721  | -0.004934394113680956942  |
673   | 0.0047680478005844607881  | 0.0058882531280056767814  | -0.001123577727243853415  |
674   | 0.0065298314422441170249  | 0.0038208970303843848605  | -0.0035180947096599369736 |
675   | 0.0043752625517894210005  | 0.004983069511618393177   | 0.00010054939400939522185 |
676   | 0.0084064468428817727685  | 0.0040266567008705872466  | -0.0042532739550348785604 |
677   | 0.00020447250984921891805 | 0.00021464277789998126951 | -0.0030785715267590630165 |
678   | 0.0023241658842138432015  | 0.0069525766124907319859  | -0.0055081969167434657875 |
679   | 0.0019092295610722064079  | 0.0041894868177975172832  | -0.0026963690379502368126 |
680   | 0.0077000427111887778317  | 0.0058816411959342297308  | -0.00097209478258285925405 |
681   | 0.0049023762699601600851  | 0.0094903418355489783248  | -0.0032824510470562413139 |
682   | 0.0079089000912777596142  | 0.0065828274677303772952  | -0.0028904948626118638459 |
683   | 0.0060059277312415953673  | 0.0079328219118375686153  | 0.00066134891529094890633 |
684   | 0.0092103099878668819034  | 0.0096003291693158108316  | 0.00059955960398872410345 |
685   | 0.0018433491442755832197  | 0.004999859362446920294   | -0.0053430939615831873554 |
686   | 0.0019277045790566452177  | 0.0058034415838406940014  | -0.00066179281410331733393 |
687   | 0.00487780672433961969    | 0.001940149852720618245   | -3.7942483793303118014e-05 |
688   | 0.0010671352215309761607  | 0.0044450657480544254752  | -0.00075462213735218977486 |
689   | 0.0080341755312051364724  | 0.0055515963654717680881  | -0.001063678474692182456  |
690   | 0.0010328043950391320623  | 0.009087110621696238566   | -0.0031099840201072670789 |
691   | 0.0037089974988637817825  | 0.004807435810130467578   | -0.0028706290909713801443 |
692   | 0.0073093856241961329898  | 0.0013943406027451773262  | -0.0033886910135346118983 |
693   | 0.0011387645256439057981  | 0.0017888977298314281614  | -0.0038532575138927756785 |
694   | 0.0019673176171597205747  | 0.0021880599542589873781  | -0.0021082703955223130142 |
695   | 0.0064700336992588435708  | 0.0048904109670379154393  | -0.0029297055687695860125 |
696   | 0.006999345030702002271   | 0.0036772955752532991182  | -0.0049936355533747823696 |
697   | 0.0070945418871362639704  | 0.0078862646248980261543  | -0.0042741716882858764304 |
698   | 0.007292115614865046086   | 0.0017441936072502117056  | -6.7533656125959340397e-06 |
699   | 0.00653691383201848112    | 0.00084907949671510663404 | 0.00070989129571916772393 |
700   | 0.0038160572903773175464  | 0.0088990072445209178476  | -0.0028570474322925768808 |
701   | 0.0049696886848976775178  | 0.0048063321343376555483  | -0.0033787005232823858446 |
702   | 0.0066161866651691164307  | 0.0061098026597041473276  | -0.0014921231806043118179 |
703   | 0.0020987764304797344381  | 0.0046680905556870863626  | -0.0015132666288114257624 |
704   | 0.0076523540468525497182  | 0.0036345972923286411563  | -0.0051026140039828280642 |
705   | 0.0037060350267488668952  | 0.0041597460198704678744  | -0.00067189179055114416853 |
706   | 0.0067943240822184282693  | 0.0065306782977007102678  | -0.0038455378627304816729 |
707   | 0.00061711208604960446356 | 0.0095630496525666297547  | -0.00067839634830900712604 |
708   | 0.0099085323441337747052  | 0.0016415733157532951588  | -0.0040928720085065071338 |
709   | 0.004519246607216447463   | 0.0039508065866311068218  | -0.00038894510298189902001 |
710   | 0.0001087433104258385706  | 0.00097693463471802926938 | -0.0047026555282687317397 |
711   | 0.0044225013783913509277  | 0.0063179760067094440854  | -0.0031916411727185064334 |
712   | 0.0046667562138475882777  | 0.0048049133647976461498  | -0.0010025187999612120582 |
713   | 0.0084150493576857967465  | 0.0038777781666987894485  | -0.0033159733382087750592 |
714   | 0.0044184595888209230244  | 0.0031681805309493214426  | 0.00079454952674370895194 |
715   | 0.0060549250095277154862  | 0.0080227742382198031362  | -0.0051499464518012178296 |
716   | 0.0017970001627696833516  | 0.0026007314674785712676  | -0.0039454243205732167366 |
717   | 0.0036926644675836315518  | 0.0085230000029542681006  | -0.0036093195738483166771 |
718   | 0.0069142320547881533713  | 0.0029401895052230089984  | -0.00098541663045940606179 |
719   | 0.0030119593481948603482  | 0.0027170858851360388427  | -0.0053005835422105535698 |
720   | 0.007236143622668015675   | 0.0097298310690770873493  | -0.0018292478646344423766 |
721   | 0.002933398930240705034   | 0.0066251740550574492183  | -0.0045245662717944461553 |
722   | 0.00031001455601427867605 | 0.0043305048498114718375  | -0.0021752689144240860974 |
723   | 0.0063744151676242647581  | 0.0022520920033561142408  | -0.0024200471139764032254 |
724   | 0.0013166748460258104886  | 0.00042765277833950216153 | -0.0024478072233924032947 |
725   | 0.0053719228447086288941  | 0.00093237193310519747395 | -0.0057412416700708089612 |
726   | 0.001816837085357450891   | 0.0044233292709768157885  | -0.0028319016759038406587 |
727   | 0.0010654508191255138497  | 0.0028227967432890048102  | 0.00097493111501215697773 |
728   | 0.0067880659960177728435  | 0.0091593578004801265435  | -0.0046145324140108726421 |
729   | 0.0078229795672371156556  | 0.001642623485298013537   | -0.0045940833736206236962 |
730   | 0.0068532741718634760525  | 0.0089976849426685375638  | -0.0055984039084553257823 |
731   | 0.0071067903323828018197  | 0.0039828433323963697774  | -0.0053970258768201917129 |
732   | 0.0049046787167698500595  | 0.0028547389097016424679  | -0.0029371802088714294397 |
733   | 0.0086683563672892757074  | 0.0009700455144350978191  | -0.0037163888136169552154 |
734   | 0.0013376578215257494634  | 0.0092721471086169744702  | -0.00071040215549058195049 |
735   | 0.0027605925601351605572  | 0.0091765276776954937676  | -0.001990794569997261787  |
736   | 0.0023132336649980024534  | 0.0064118183961963037473  | -0.00036327095723417306746 |
737   | 0.0010394734256690732997  | 0.0064612884979943470756  | -0.0020737416663860384035 |
738   | 0.00046368954044167750607 | 0.0066218205364639058999  | -0.0043023701384067788989 |
739   | 0.0073591995535441916826  | 0.0067546996540676891921  | -0.0041044256460681730059 |
740   | 0.0096969261583006102767  | 0.0066182199960558192597  | 7.1013500094736529077e-05 |
741   | 0.00051928918851114086886 | 0.0045869235276719518349  | -0.0048319185100919323853 |
742   | 0.0043089650555455938363  | 0.0056923868695971527668  | -0.0023557756368977247202 |
743   | 0.0082835480081718294854  | 0.0069100295190132618797  | -0.0006642683425342185222 |
744   | 0.00084191451773853653515 | 0.0057652340864785831323  | -0.0042767967696725976007 |
745   | 0.0013732447904246996781  | 0.0059836564416835052657  | -0.003849457272974934896  |
746   | 0.00052909654450571488079 | 0.0073337963459898904486  | -0.0044757251184287154613 |
747   | 0.0053893489556429445206  | 0.0014054522910653844282  | -0.0015214310911958810971 |
748   | 0.0097807160257332662751  | 0.0068135718084053461738  | -0.0038581832618175071828 |
749   | 0.0075358963122995371864  | 0.0066670199291076551185  | -0.0046996862706787569802 |
750   | 0.00081410636462137886751 | 0.0014443452718673119566  | -0.0028791356254292714209 |
751   | 0.00081323551278725183123 | 0.0044967574389919006544  | -0.0025249386573072234163 |
752   | 0.0057991949270479563328  | 0.0023196364177803965693  | -0.0050467622357239522862 |
753   | 0.0082866156005731942541  | 0.0049494104245487412219  | -0.0024760979907485153664 |
754   | 0.0072062048056037034463  | 0.0018348776751451979436  | -0.0027246907065318344381 |
755   | 0.0052403059265048474585  | 0.0051261310753912686655  | -0.0046767836506251252854 |
756   | 0.0041644200102139679667  | 0.0066710458002081701387  | -0.0028527714431588117698 |
757   | 0.005993946197502456226   | 0.0058909489722656785751  | -0.0023123479840672740357 |
758   | 0.00028820201444699578095 | 0.0071893535323511378876  | -0.0009337135203442843397 |
759   | 0.004826546136765350048   | 0.0064433003836106344728  | -0.002506081143917870957  |
760   | 0.0012933847608336472394  | 0.0077081636024925346759  | 0.00089684899486495908011 |
761   | 0.0011437382702505335865  | 0.0076623196805252029307  | 0.00044341969353429424791 |
762   | 0.00046614910778021092933 | 0.0046732181420682233214  | -0.0034883194741979020072 |
763   | 0.0015957220446152903508  | 0.0093210164282114503498  | -0.00030750985157212480008 |
764   | 0.0053784353208507365909  | 0.009183161319831672012   | -0.004547226475541965747  |
765   | 0.0072742862142270879253  | 0.0095070682175576320949  | -0.0034600602203252858388 |
766   | 0.0055561125704675171783  | 0.001140992864692731007   | -0.0010128356385559137819 |
767   | 0.0043825763395139499465  | 0.0054945145863745789225  | -0.0047857535171049684491 |
768   | 0.0098005138715791320636  | 0.0094136765975797627448  | -0.005680591527526793541  |
769   | 0.0097810532897393068219  | 0.0051723906585371551628  | -0.0038718110734169059774 |
770   | 0.0038547900937107811882  | 0.00069281983151236331293 | -0.0015359354121718779996 |
771   | 0.0083106405469786630985  | 0.00074704781284387416444 | -0.0020143628148076536503 |
772   | 0.0050497150233388314947  | 0.0045109608246714245211  | -0.0010033883339051422739 |
773   | 0.0053179189901983031641  | 0.0032859760212144398413  | -0.00091826331431071818619 |
774   | 0.002888824082641960455   | 0.0074544470370560694805  | 0.0008257379225561313138  |
775   | 0.00552952719449905164    | 0.0093822430145106463367  | -0.0047593848710769069699 |
776   | 0.0054217988565623143754  | 0.0056922497901658718894  | -0.0024544390818153991735 |
777   | 0.007472158198581089518   | 0.00082269018469990288622 | -0.0029729883700440676297 |
778   | 0.0088156211213742032701  | 0.01000706910824515801    | -0.0048790156238368784236 |
779   | 0.0051874212068693491273  | 0.0047971735427765832896  | -0.0024499688402416313314 |
780   | 0.0089365524899974319029  | 0.0059201786182420312529  | -0.0030707931180559556832 |
781   | 0.0062338907115861829505  | 0.0022692922862089779691  | -0.004984667930056774568  |
782   | 0.0025057192244535833256  | 0.002378776396745905207   | -0.0010199104556223392935 |
783   | 0.0037510673514859209539  | 0.00012291695702615901818 | -0.00049215394553947468172 |
784   | 0.0052007084506315330238  | 0.0055331911161576848371  | -0.0042869242408995087909 |
785   | 0.0070910606016353116068  | 0.003509165922116632471   | -0.0010135026936150240331 |
786   | 0.005560866753128551089   | 0.00018027943693788055701 | -0.0040743799570043042965 |
787   | 0.0090432429082962541289  | 0.0052822168755434217857  | -0.0026328721572389346232 |
788   | 0.0063170709316559131574  | 0.0025593382102572044198  | 3.5598476872754507869e-05 |
789   | 0.0040574196787054993968  | 0.0062771012753928025207  | -0.0012846728372477990258 |
790   | 0.0015437440549898714861  | 0.0062761875428466997948  | -0.00012399948089521201479 |
791   | 0.0033613830950941004684  | 0.0026654230220788176046  | -0.00067085397041613981529 |
792   | 0.0084465197016168353655  | 0.0051867056971083517342  | -0.0012843449389568848806 |
793   | 0.0098799023176172305616  | 0.0043937546849141459471  | -0.0055571916106220125425 |
794   | 0.0031684814716847753413  | 0.0012628998991299586908  | -0.0020402075031412153679 |
795   | 0.0076635343704112846019  | 0.0033254181792161277391  | -0.0055053228124254793147 |
796   | 0.005962032491146958095   | 0.0051329056035333484043  | -0.0004717555303244597739 |
797   | 0.0021433512533976383126  | 0.0056338737979925706395  | -0.00056348461210008248066 |
798   | 0.0074151462530623775404  | 0.0026511444318590309845  | -0.00017950436237255886114 |
799   | 0.004318315988379336362   | 0.0072845402982556223953  | -0.00024701751505246973255 |
800   | 0.0067127989815250511951  | 0.0092550428130215960099  | -0.0015157752116944141901 |
801   | 0.0063488051972343459428  | 0.0073654332693414825001  | -0.0054529309243836320692 |
802   | 0.0031301979278299937523  | 0.0045709696393827770056  | 0.00041786390971883209189 |
803   | 0.0049268220552739563911  | 0.0097563354974953345189  | -0.0053332722578907773223 |
804   | 0.0030446791805101404774  | 0.0060244745904035456457  | -0.0029910547773278964301 |
805   | 0.0013562530124352505014  | 0.0044214102762556049472  | -0.0018632374092545302309 |
806   | 0.0076416766861627351617  | 0.0063150454932698989186  | -0.00032335505609280064832 |
807   | 0.0062270412188975268405  | 0.0050511376817850995452  | -0.0018790278613309374742 |
808   | 0.0085136334182944820026  | 0.0042242937244122641741  | 0.00089295827574351321204 |
809   | 0.0051882201916867596789  | 0.0097043527239769715453  | -0.0042887656690980876378 |
810   | 0.0056445763703715937445  | 0.0047024928641803340201  | -0.00079659581651772787356 |
811   | 0.009404018755413877384   | 0.00069289694988957858945 | -0.0042339745623662114818 |
812   | 0.0096436007063214375379  | 0.0089717663057975217955  | 0.00035395472615501726715 |
813   | 0.0012208084428529271653  | 0.0022139968277461691097  | -0.0031578629378361732991 |
814   | 0.006352492918056307572   | 0.00015433736324604299586 | -0.0011976051080879871521 |
815   | 0.0055211082794537156421  | 0.0041020317535056544794  | -0.0048098902980811281821 |
816   | 0.0086609525831933160955  | 0.0099710031479019294032  | -0.0026855684944673478658 |
817   | 0.0079831705650573563104  | 0.0071278600722862218986  | -0.0029235353464741810521 |
818   | 0.0073674806649480315685  | 0.0056697853847147410694  | -0.0049987718427237240806 |
819   | 0.0034408695700933419372  | 0.00363740489269507054    | -0.00044814298930932142812 |
820   | 0.0079659262231018598127  | 0.0017384460844637337953  | -0.0020801757277614080742 |
821   | 0.0035620798085185872636  | 0.0085920226514105985799  | -0.00051556223671311808207 |
822   | 0.0077450299520871977721  | 0.0080453197823113897086  | -0.0057832072079337009177 |
823   | 0.004110787396971316357   | 0.0049532803238654526945  | -0.003220001038827901077  |
824   | 0.0035775404952535375461  | 0.0096575553055077961034  | -0.004624571013519923092  |
825   | 0.003840748100803182373   | 0.0094738968406700430069  | -0.0027612882098905083827 |
826   | 0.0011544985702699067133  | 0.0076526657897010470777  | -0.0048394866854825080438 |
827   | 0.0089027454426952139233  | 0.0083912857411509670508  | -0.0042557048022218981961 |
828   | 0.0094691734398933934125  | 0.0098085814864477434416  | -0.0015529069174586315836 |
829   | 0.006980303902441856688   | 0.0081445340213466589641  | 0.00055308291805701570443 |
830   | 0.00038398706380509534369 | 0.0050302684283416512767  | 0.00038457964677968310696 |
831   | 0.0081613872686206699603  | 0.0057115573848479719854  | -0.0017689078133987358541 |
832   | 0.0076596731268213655644  | 0.0020117751649833550374  | -0.00320470691828254493   |
833   | 0.0037946304276429412491  | 0.0036877637172583466185  | -0.0047867023994043233007 |
834   | 0.0013068980214940861557  | 0.0059936132737073441815  | -0.0030999512620037607963 |
835   | 0.00013672854103473743373 | 0.0028014969045749575811  | -0.0048017156628323010015 |
836   | 0.0071211791293834519195  | 0.0046553796666062140924  | -0.00015362305326018668261 |
837   | 0.0022859577779135880661  | 0.0031023639643099395341  | -0.00044124666475354274928 |
838   | 0.0037005030778290647596  | 0.0013236604307629961774  | -0.0024610802174186963663 |
839   | 0.0087794856479188367049  | 0.0067142843779024619782  | -0.0024831975632765841515 |
840   | 0.0016662175190030887716  | 0.0067510360620994577102  | -0.0051538191217523456403 |
841   | 0.0086713884729440453975  | 0.0067439828850441385991  | -0.00030234447223408746378 |
842   | 0.0055484243650763395359  | 0.0068119429557146598392  | -0.0038639004029419159181 |
843   | 0.0084588364935868961408  | 0.0087733699926136141795  | -0.0044689499114653587555 |
844   | 0.0001192192363398657804  | 0.0076572806026118126962  | -0.0031664829990038318927 |
845   | 0.008931283499345204005   | 0.0050988863427957218863  | -0.0015405791365117288243 |
846   | 0.0083328827617398203154  | 0.00044819186058688286227 | -0.0038396571383204130753 |
847   | 0.0099162147479564463626  | 0.0057191740668531571706  | -0.0014425706719438068093 |
848   | 0.0068011166683206317543  | 0.0098460816354781748733  | 0.00028478633553965290032 |
849   | 0.0044383144154739630205  | 0.0071124385111493897485  | -0.0009866854433407826544 |
850   | 0.00061135535810202649726 | 0.0031083958288387479769  | -0.0013506411829205117181 |
851   | 0.00043135804118640483102 | 0.0025025657649301244478  | -0.0049095943951911590747 |
852   | 0.0019573653036163399417  | 0.0027117796060885756941  | -0.0052152959146049039652 |
853   | 0.0064592991348105133903  | 0.0036039881148320447243  | -0.00089351785343472287914 |
854   | 0.0063776414364405441607  | 0.00055050886878234869641 | -0.0020143955939879542964 |
855   | 0.00367787519703435253    | 0.0045759381633399542899  | -0.0028089635134211357256 |
856   | 0.0026057603878793379575  | 0.0019495546212689026863  | -0.003611409657959710473  |
857   | 0.0034023687760586797911  | 0.0094207031137754759093  | -0.0051631679293893378152 |
858   | 0.009153791969524212313   | 0.0035427216354175549221  | -0.0019721775661578860687 |
859   | 0.0090312800728655825283  | 0.0032060217149668299684  | 0.00072626138993250790449 |
860   | 0.0028792634211505926597  | 0.0040166586291894637584  | -0.0027266684250357659317 |
861   | 0.00024095259011728823915 | 0.0025032322939487483549  | -0.0044946914450515549483 |
862   | 0.0012271687000474540852  | 0.0035696297838242289913  | -6.5313473703218242138e-05 |
863   | 0.0018522446498429856986  | 0.0077287775220107775287  | -0.0038477374812624365319 |
864   | 0.0037039942871502210854  | 0.0054253678402635856573  | 7.0085511062415128914e-05 |
865   | 0.0095109874981442726199  | 0.0015988252685800164159  | -0.0023024046562385293117 |
866   | 0.0061177109173478644993  | 0.0028639918568597166199  | -0.0035268205875448829269 |
867   | 0.0052806102227458077275  | 0.00094561111930678207454 | -0.0025188341305840277091 |
868   | 0.007224792353061021237   | 0.009177428254206367389   | -0.0045928595785000901966 |
869   | 0.00098820802069529353751 | 0.0067410433333987326149  | -0.0001058828904950090714 |
870   | 0.0025524470636659850331  | 0.0088812996108400526357  | -0.0042260192833449188379 |
871   | 0.0071878316290873902478  | 0.0067498409318195737652  | -0.0033244305511880060076 |
872   | 0.0012780248424690231462  | 0.0031893727494486196969  | -0.002853870144435393004  |
873   | 0.0086239667080144580963  | 0.00063199402617088358287 | -0.002206840999648029128  |
874   | 0.0024701668948154736558  | 0.00054598702261111073993 | -0.0016874973852869519075 |
875   | 0.0039437763343722447018  | 0.0078472455223372820227  | -0.0045678954384249549625 |
876   | 0.003504169865411024213   | 0.0036142354495401407197  | -0.0032358735098403671945 |
877   | 0.00481533418009032297    | 0.00024499280962336317203 | -0.0033648691648105778784 |
878   | 0.0065187769220716000607  | 0.0051636893070233415987  | -0.0045317026484998860353 |
879   | 0.0082381252013310618532  | 0.0075535880101510292917  | -0.0017186099227127101235 |
880   | 0.0047225452102973740007  | 0.0087804223285872489563  | -0.0046766389911832668622 |
881   | 0.00084251898485713746546 | 0.00473896938501246201    | -0.0037320947855718085949 |
882   | 0.0032885216958831293109  | 0.0081341770406239185393  | -0.0043299632561341894199 |
883   | 0.0061123864373831722496  | 0.0013010449235597780319  | -0.0041449461284981193102 |
884   | 0.003519575435463512085   | 0.0027436552178359318102  | -0.0030323682991069307591 |
885   | 0.0084894657955555934831  | 0.007489838326847499117   | -0.0011609317024944320121 |
886   | 0.0015335227052516286345  | 0.0086044427540939594917  | -0.0024605408735859607243 |
887   | 0.0036555398724493490606  | 0.001991303855402699885   | -0.0034538617028559517354 |
888   | 0.0043829944846568418687  | 0.0065431587167111169775  | -0.0018026592492800038326 |
889   | 0.0057731448709013493195  | 0.006665361226469878296   | -0.0042069792781835937956 |
890   | 0.0022910087503685751947  | 0.0018788803106658260537  | 0.00010290282545792213387 |
891   | 0.0025178505535289334889  | 0.0097372389403944121372  | -0.0021548708176508802985 |
892   | 0.001239728904743905933   | 0.0031559210818177794479  | -0.004737543777568259222  |
893   | 0.006429546262368967223   | 0.0002108598437623900165  | -0.0016880217173554830108 |
894   | 0.0099787814816019605041  | 0.0058976320568878814327  | -0.0049918128672541035862 |
895   | 0.0062122544017038042879  | 0.0049128622521562703013  | -0.0041839522256007025125 |
896   | 0.0080068443410787632636  | 0.0038501046659524152012  | 0.00018645297374712956973 |
897   | 0.0097883549017349254229  | 0.0038978969638399684275  | -0.0045259806524271988318 |
898   | 0.0086544358538895443944  | 0.0055794411832173207433  | -0.0017492878261160191029 |
899   | 0.0098522005883717265334  | 0.0083743546881749290206  | -0.0017811666519891792681 |
900   | 0.0016866143782733877821  | 0.0016546356119488429479  | -0.00094613990530838275924 |
901   | 0.0039889289980851519446  | 0.0016643019536528573955  | 0.00054571815859535835816 |
902   | 0.0064584608128403992247  | 0.0069189415695123613823  | 0.00087061660909008072723 |
903   | 0.0032286442537844298011  | 0.0042168988247119421411  | -0.0016791117824692567643 |
904   | 0.009586253689587912255   | 0.0067474372686033498581  | -0.00076948732020193919608 |
905   | 0.0081220978273992203156  | 0.0083403294122801324012  | -0.0039004120397872930545 |
906   | 0.0045057698961344554503  | 0.0015632163098846306275  | -0.0041301395187277800333 |
907   | 0.0038412892389591175857  | 0.0029950124011314995659  | 0.00041929485737562385362 |
908   | 0.0095351379482546318872  | 0.0060715085655967532263  | 6.9761693224454021395e-05 |
909   | 0.0029059235547328715436  | 0.0026358058555503169687  | 1.9088655175916026754e-05 |
910   | 0.0063638982982390226648  | 0.0022022167719514761618  | -0.003597796708388410758  |
911   | 0.0088369916330416353745  | 0.000338926093212900154   | -0.0013107889422037262948 |
912   | 0.0092976329071292624501  | 0.0019889739361812911259  | -0.0029341695448954841288 |
913   | 0.004302489025298394075   | 0.00037379955356925203235 | -0.0054763780385124376585 |
914   | 0.0025372299635669963783  | 0.0087218779091923648999  | -0.00275569720552706161   |
915   | 9.412956751040612018e-05  | 0.0024939189054084035489  | -4.9208496381471774695e-05 |
916   | 0.0030032507952098873652  | 0.005589362591900673069   | -0.0017524405076515012052 |
917   | 0.0036618383420830321988  | 0.0088828793670927864989  | -0.0036371175451344476062 |
918   | 0.00071711934426798890248 | 0.0099573816954237909932  | -0.0037689414485645774539 |
919   | 0.0046048203972389265687  | 0.0038227359796854380909  | -0.0007221520455330185384 |
920   | 0.0016129009558443734972  | 0.003884264363508517677   | 0.00030783845146606738687 |
921   | 0.003729254921861487309   | 0.0070616992382745670184  | -0.0015547830566294848584 |
922   | 0.0040442365055600301357  | 0.00055360377684377339632 | -0.0013412839451115341448 |
923   | 0.0049563129896056327267  | 0.0026194425881751583554  | -0.0018971807486811848031 |
924   | 0.0079153045982902157235  | 0.0074940439191804406743  | -0.0018149556038345295104 |
925   | 0.0048503662423864868022  | 0.0076201582832160722619  | -0.00046129958234494773846 |
926   | 0.00043980534366389398152 | 0.0089634345852028889101  | -0.0041206412405486499834 |
927   | 0.0080883626588203107882  | 0.0094515317244539941849  | -0.0032699619995615737504 |
928   | 0.006180944309490283943   | 0.0037304121410072577439  | -0.0016746946818602076283 |
929   | 0.0085286851020026904074  | 0.0091269486134698402102  | -0.0035546207708316572733 |
930   | 0.0065184292265096782648  | 0.0046537427190638195468  | -0.0013344440910986654549 |
931   | 0.00035148204773378677887 | 0.0070505298803997043522  | 0.00030949549822476950939 |
932   | 0.0042945452998715038032  | 0.001254857030203674912   | -0.0030503083141058423035 |
933   | 0.00095611949484372866798 | 0.0089089322342712270325  | -0.0038514997359446081875 |
934   | 3.0247573634830673094e-05 | 0.0079491301472557340801  | -0.001089839019618582365  |
935   | 0.0074096687951942493203  | 0.0027763104658578767296  | -0.0013936570123827835693 |
936   | 0.0061552029825031381177  | 0.0030265782665630136701  | -0.0029761087748318960054 |
937   | 0.0097870072142447386149  | 0.0038104198855008711982  | -0.0025764590354042300226 |
938   | 0.002806596266131510236   | 0.0076367776789852473418  | -0.0036514102587939020056 |
939   | 0.0028565340722884594894  | 0.0048523825668330628283  | -0.0031993856467953003808 |
940   | 0.0015730123576893665586  | 0.0044968292057218283916  | -0.0052518774809451832658 |
941   | 0.0043846245295523856092  | 0.004050737450051988299   | -0.0043857405589576093155 |
942   | 0.0034968629885156025938  | 0.004414029844275159202   | -0.0014411235336144496023 |
943   | 0.0092267800634052397901  | 0.0094293689857454718317  | -0.003740668297682933803  |
944   | 0.0041835315300119040385  | 0.0031594493149416334743  | -0.0026534856888251420227 |
945   | 0.0047033866691430937373  | 0.0077924426356448623851  | 0.00022493594593656334596 |
946   | 0.0058806570444253124588  | 0.0066342643779043423274  | -0.0019477328067194793915 |
947   | 0.0068347906430578182421  | 0.001590822428604140009   | -0.0015883198864351936227 |
948   | 0.0058925583912310614335  | 0.0070568948321051826883  | -0.0025567514837700985354 |
949   | 0.0060084138724446909188  | 0.0046058707743133432341  | -0.0036450001452183098359 |
950   | 0.0025923177626198125843  | 0.0013772459854103804959  | -0.0028935394809853783558 |
951   | 0.0031963433350313220568  | 0.0099018568008105121991  | -0.0048656441308274249805 |
952   | 0.004675433624596073319   | 0.002582859014556408879   | -0.0014026789014694770585 |
953   | 0.003447849352262153267   | 0.0023062224253034189179  | -0.004527775433201803798  |
954   | 0.0068178436148843687623  | 0.0097637293861215779245  | -0.0012169914749793708884 |
955   | 0.0074095014799323098004  | 0.0038252063660209226041  | 0.00073924775187013663097 |
956   | 0.0015513109550097015001  | 0.0016071850414064820997  | -0.0025852924630655350208 |
957   | 0.0027588902971535109523  | 0.006874117468951192883   | -0.0020425134804945110738 |
958   | 0.0043977629458231146456  | 0.0026333884451819025881  | -0.0032404098069686378299 |
959   | 0.0042090471480689672923  | 0.0058601634665705962246  | -0.001124311798371889666  |
960   | 0.0039392374462881227237  | 0.0032310687452308615303  | -0.0025254251626701507659 |
961   | 0.0083429214803969441172  | 0.00039215275238825277005 | -0.00050274580804770684257 |
962   | 0.0048985036210887813318  | 0.0038793472900566479747  | -0.00067284414299416828859 |
963   | 0.0045864688793271282674  | 0.0052250898212854203495  | -0.0034020207810202653456 |
964   | 0.0058222442371648353704  | 0.0031160084130171039965  | -0.0018127007033410496694 |
965   | 0.00046521761582979582377 | 0.0070451726948064412673  | -0.00080435705390049139392 |
966   | 0.0014420446485723422813  | 0.0086916879554158731763  | -0.0035899570062878942076 |
967   | 0.0090293378051290312802  | 0.0042748209931769750453  | -0.00065198227676881441613 |
968   | 0.0028145155289819568344  | 0.0033746499340701042145  | -0.002899824611027633503  |
969   | 0.0052589556675413824671  | 0.0086148372458285729647  | -0.005452163004516191562  |
970   | 0.0053434448652057032342  | 0.0069687815257389292348  | -0.00441232397700685227   |
971   | 0.0075216568624354145783  | 0.0022298917782590916246  | -0.0014107321641887895624 |
972   | 0.0019325525348832337663  | 0.0026106306561627218819  | -0.00091718994294905738154 |
973   | 0.0031605012926854887147  | 0.0045038217697035204043  | 0.00040690459874464704861 |
974   | 0.0026524047705863370607  | 0.0012662188368794927325  | -0.0055637323599973427524 |
975   | 0.0018049914568033186262  | 0.008261657897205121337   | 0.00067648906786269957098 |
976   | 0.0027229734233239068046  | 0.0051241484540144582177  | -0.0026488163863142614139 |
977   | 0.003443277133381605036   | 0.0027283378305961950711  | -3.5575144505502891178e-05 |
978   | 0.0087760855289363698395  | 0.0094469668690261542066  | -0.0034311224181647692957 |
979   | 0.0021245748187214978826  | 0.0084838613850703025604  | -0.00077534888832981956573 |
980   | 0.0071023361042914035304  | 0.0028263323493400885171  | -0.0024897754849930787448 |
981   | 0.0091421193780432292997  | 0.0081863121275887844319  | -0.0013282531930387073572 |
982   | 0.0050807761733506909621  | 0.00086606932044581887847 | 0.00080409438321516878839 |
983   | 0.0034323876184992221754  | 0.0046130433390808803923  | -0.0047063589770784926627 |
984   | 0.0093696862277926878243  | 0.0014897442927895251409  | -0.0055435463128103963995 |
985   | 0.0046554711582496187058  | 0.006819085969275568565   | -0.0013928512257236308307 |
986   | 0.0033905747335578723632  | 0.0017902053655576358193  | -0.0027106630172828794292 |
987   | 0.0064177410090502824691  | 0.0042767839441479500728  | 0.00075496362820698598509 |
988   | 0.004989931172980428993   | 0.0013302157441801604632  | -0.0037822244557448436025 |
989   | 0.0022311637119536683119  | 0.0012139070955809315878  | -0.0051725065367439204689 |
990   | 0.0066306692012870612971  | 0.0067286486167926432694  | -0.0022977246441552730792 |
991   | 0.0031345732054733959834  | 0.0077866917726020275919  | -0.0048828354999028173583 |
992   | 0.0091595952247478743674  | 0.0059585718047557214433  | -0.0015856706461665317012 |
993   | 0.0029412184130541280114  | 0.0014276864727517961026  | -0.0054707221158019200477 |
994   | 0.007108371893625354751   | 0.0062360433014360498738  | -0.0045303835321110780959 |
995   | 0.003583728781535292212   | 0.002827404773866722381   | -0.0044402327390883448988 |
996   | 0.0040128173209494043261  | 0.0039755602456979632214  | -0.0042077707686472079485 |
997   | 0.0039241828041338628133  | 0.0027223190860935849063  | 4.2271898105720681366e-05 |
998   | 0.00846196292405616661    | 0.0068129339971534016995  | -0.0033938915828030311039 |
999   | 0.0041701925125353081145  | 0.0039336034228439073837  | -0.0030645165882074616726 |
