N			X			Y			Z
0     | 0.0070217843959590395264  | 0.0049828026023002935582  | -0.0035672480612900050491 |
1     | 0.0074245139840334014106  | 0.0043910479383357054958  | -0.0035899266439218357853 |
2     | 0.0014305072304769113432  | 0.0080646891595273287323  | -0.009617597222485955305  |
3     | 0.0061413792952460782154  | 0.0010049268963271042882  | -0.0027902445376624071018 |
4     | 0.0089688544931710873637  | 0.0079971072856909724419  | 0.00021735571464534230173 |
5     | 0.00069716767178976070309 | 0.0010029107065855924225  | -0.0059390094946571089785 |
6     | 0.0022525134701172374978  | 0.0095798733404883641002  | -0.0083448183963486730064 |
7     | 0.0069206438718854576889  | 0.0032031104554988295251  | -0.0068297802977189958629 |
8     | 0.0060961914138591213885  | 0.0089986169740351850538  | -0.0027893019763519195584 |
9     | 0.0038255605996167455635  | 0.00038966573132926155768 | 0.00037628980740782216191 |
10    | 0.0086576791829858761734  | 0.006917052269259517383   | 0.00041523412265182576414 |
11    | 0.0097112846935044645075  | 0.002272035306552178547   | -0.0096435818932145353499 |
12    | 0.0032320059024303956358  | 0.0060615184755601131047  | -0.0048244958948941551319 |
13    | 0.00087821141948533855328 | 0.0046642117055730857728  | -0.0075419138729470470289 |
14    | 0.0035400946179387333089  | 0.0088892368120582990892  | -0.0048329195823341797658 |
15    | 0.0060740762149187887964  | 0.0051951487385918856954  | -0.0066811703066747291785 |
16    | 0.0079238415244913644464  | 0.0069100136258776478915  | -0.00513232064802681201   |
17    | 0.006095649600024354714   | 0.00083122154467597829993 | -0.0026425676072188157735 |
18    | 0.0075061860188264722601  | 0.0018088677992090167017  | -0.0087608953077827830813 |
19    | 0.0090704331198152698262  | 0.0079561838052376980535  | -0.00547877311389461958   |
20    | 0.0057939643893989267037  | 0.005450829977152987782   | -0.004016141911335994498  |
21    | 0.0018816499167403440054  | 0.0086856780656252297046  | -0.0053515207031490166778 |
22    | 0.0093113301574110161202  | 0.0020036055655025799757  | -0.0044937154166420877066 |
23    | 0.0034457376268673578674  | 0.0059411920990170338092  | 0.00021864619283259946383 |
24    | 0.0058534318385470487239  | 0.00744291418484403864    | -0.0052147763327159901356 |
25    | 1.5830081696069000098e-05 | 0.0085326529918301925737  | -0.0081767390576210820935 |
26    | 0.0052121533320884172805  | 0.0049198649407206397621  | -0.0038078421298001745993 |
27    | 0.0044930447297515064761  | 0.0029133791117952117719  | -0.008870757549673098652  |
28    | 0.0033542102718268971932  | 0.0072481344832498280015  | -0.0042783567602494168916 |
29    | 0.0020470171897775499455  | 0.0096944950094683228492  | -0.0071304560554984732987 |
30    | 0.0024230468370368902012  | 0.0047906095800050755781  | -0.0091646530741217018673 |
31    | 0.0071769548126967798105  | 0.0085345306570529626267  | 0.00061048924943476340094 |
32    | 0.00838713603367594214    | 0.0011518451646632624913  | -0.00016503737784896897679 |
33    | 0.0094580822625465570119  | 0.0010589173418797462323  | -0.002440284099118939648  |
34    | 0.0058234618319000803349  | 0.0070881400554779361994  | -0.0055091796376854082831 |
35    | 0.0056061681300508267936  | 0.0034731555537652540437  | 7.1368091123961063457e-05 |
36    | 0.0037470310733378709919  | 0.0065228412561379551723  | -0.007226338065239171389  |
37    | 0.0067925440300904095167  | 0.0074451925006501374488  | -0.0036292963478933002765 |
38    | 0.0035339639896668413079  | 0.0069850353546757884202  | -0.0044801864548345534181 |
39    | 0.0069012602903516526501  | 0.0065585213561908531701  | -0.0050942940518453943763 |
40    | 0.0047779941136251134759  | 0.0076141637869952061637  | -0.0080377568692649448145 |
41    | 0.0032264522744474004486  | 0.0031304417992658265663  | -0.0084724997673430620104 |
42    | 0.0037687038452072795826  | 0.0063251178828926937422  | -0.00075115895762482777671 |
43    | 0.0089855585618126496139  | 0.0067539633191045613317  | -0.0019316245704703422469 |
44    | 0.0092304140843926830995  | 0.0098383424068729519174  | -0.0016513731471679081019 |
45    | 0.0084914378520282475515  | 0.007770232483017257448   | -0.0045326497519818471568 |
46    | 0.0099246085648169880128  | 0.0069823189832714863123  | -0.0054250069631050380076 |
47    | 0.0015461361070369507385  | 0.0022660488836923234172  | -0.0061877041516628364035 |
48    | 0.0087377244177591628649  | 0.00063009538865281783208 | -0.0079261581773896958025 |
49    | 0.0015973744617559060104  | 0.0081077360029416772197  | -0.0055846379917757942371 |
50    | 0.0071219148965545112095  | 0.0024603467354674837635  | -0.0077172867161924424417 |
51    | 0.0071657549328798739174  | 0.002065206337418056589   | -0.00093753997040059628733 |
52    | 0.0031698361776199977975  | 0.00030854311771399527955 | -0.0033946619599877995294 |
53    | 0.0017885776335154241097  | 0.0023430507639573294222  | -0.00012677537779749248684 |
54    | 0.0050067526455791237436  | 0.0051357289977122036473  | -0.0085956838131644158069 |
55    | 0.0082804098107695321002  | 0.0010256364934379640086  | 0.00067998408730416738145 |
56    | 0.0054575209960516461033  | 0.0063274455227740541985  | -0.0090793264515711489399 |
57    | 0.0025879686733650260171  | 0.0036125607050036829399  | -0.0062289539184491506812 |
58    | 0.0060767302695263333487  | 0.0030839078990361041242  | -0.006834477485531395731  |
59    | 0.0091490251372253836998  | 0.0078373600130202253355  | -0.00067470673337737690784 |
60    | 0.0053153676537124883161  | 0.0070195538094552818731  | -0.0060127283983278378976 |
61    | 0.0079434878267136306562  | 0.0068277276712634124914  | 9.1689487159277432027e-05 |
62    | 0.0042522321329976440346  | 0.0057560819410141473781  | -0.0060834009633277241064 |
63    | 0.0018533463792125405654  | 0.0099427278095200171543  | -0.0034697826088334613251 |
64    | 0.0090021984931979194544  | 0.0065751945187679360777  | -0.0092838232556699765846 |
65    | 0.0093242177971002704329  | 0.00090000923271784402744 | -0.0056102370571518046793 |
66    | 0.0055439935700295718199  | 0.0018538591461581914715  | -0.0064684781014062373017 |
67    | 0.0046803887537689827306  | 0.00536641885824904602    | -0.002366966800293383074  |
68    | 0.0062313302476804787594  | 0.0032209839109225055741  | -0.0063389920477841957616 |
69    | 0.0044763744820145697292  | 0.0060278941249217012424  | -0.0024217221448532676858 |
70    | 0.0076899460742886720233  | 0.0071403125305611976278  | -9.7520571383128096211e-05 |
71    | 0.0086297420732774476199  | 0.0063782222651712593142  | -0.0035829061633452811628 |
72    | 0.0081450393355383642058  | 0.0045882304641357996716  | -0.0070406309784401726118 |
73    | 0.0013649747759541491603  | 0.003949537976762324161   | -0.0074834456296951051141 |
74    | 0.0021180572194453694407  | 0.0044924997003530451473  | -0.0015553811054535295836 |
75    | 0.0071484447150673060406  | 0.0017234648950085629943  | -0.0035437721560237301147 |
76    | 0.0067122750552212314193  | 0.0085212220680988166877  | -0.0071631846247773725903 |
77    | 0.0070450800128375699882  | 0.0077584628758012776778  | -0.0091958166149100073472 |
78    | 0.00099561480113002790229 | 0.0087066652107487575718  | -0.0094652489201413423509 |
79    | 0.0077056539549605037112  | 0.0031507041751764157389  | -0.0023675426108063393586 |
80    | 0.007856190282480371434   | 0.0023260371292812844456  | -0.0075721336444255363599 |
81    | 0.004339227118731610669   | 0.0031048180379782920266  | -0.0073263941045732345822 |
82    | 0.0055919464837783268429  | 0.0036780435562212723637  | -0.0012010674639281254065 |
83    | 0.0022109938125980197615  | 4.2099557853913051938e-05 | -0.0010608839844302563743 |
84    | 0.0064260990021987327361  | 0.005458693997644231688   | -0.0013446370911598104752 |
85    | 0.0097924083371754618715  | 0.0053403153785413102692  | -0.0032346910919166939162 |
86    | 0.0052015308407526508749  | 0.0048386266365377170184  | -0.0085459076722019938765 |
87    | 0.0019266422201865876073  | 0.0093739640298871485663  | -0.0065686182579677140567 |
88    | 0.0031368282125700673764  | 0.0052993913562211780732  | -0.0076243218197983905066 |
89    | 0.0091717279460388715512  | 0.0064126439702230060916  | -0.00063008731366526854988 |
90    | 0.0055340002415267611213  | 0.0043289326447828718053  | -0.0052520831097752889577 |
91    | 0.0096318309188836402635  | 0.0011231198941382238617  | -0.00097068841709838614429 |
92    | 0.0037152627215215490962  | 0.0073192897109256574092  | -0.00054628485275146098678 |
93    | 0.0035890854310209048365  | 0.0045452320813950666464  | -0.0088350536673919826541 |
94    | 0.0030977394247009878807  | 0.0060064144482023153898  | -0.0057607043928212114947 |
95    | 0.0020407642091373754192  | 0.0025621541329834689356  | -0.0051300702328239923197 |
96    | 0.0019057631956185586662  | 0.0086065066654838172366  | -0.000124051404534556754  |
97    | 0.0038097509127055363513  | 0.0085544955883536232671  | -0.003296606845655081653  |
98    | 0.0057006418797817710875  | 0.000958581681291841535   | -0.00047751426614849138428 |
99    | 0.0055859611845191772458  | 0.007629614169135634158   | -0.0058554506349052142314 |
100   | 0.0066444645996830498449  | 0.0033540361107670664358  | 0.00065256614709674259575 |
101   | 0.0025971021903887798327  | 0.0099983173413833621723  | 0.00038403654806527050183 |
102   | 0.0055818747441276246601  | 0.0098697791992153911106  | -0.0072992659207314486425 |
103   | 0.009904848112885434458   | 0.0078969967073568899524  | -0.0082694444817247667739 |
104   | 0.0054472416011750908471  | 0.0032004448882415703452  | -0.0021770413578646374483 |
105   | 0.0069898401662227159156  | 0.0031166971423421882537  | -0.0027276693855939971103 |
106   | 0.0094346529128924664503  | 0.0093443297066246773508  | -0.0045714281997286049589 |
107   | 0.0055017638348941371243  | 0.0052257694395512555366  | 0.00059498674022631561215 |
108   | 0.0044422793875436355701  | 0.00145328657857109406    | -0.0024802318428988733706 |
109   | 0.0069668999447503807132  | 0.0028533657891980199368  | -0.0041740805268716749121 |
110   | 0.0066076246812244521581  | 0.0089672789586212938578  | -0.0050952212863058284759 |
111   | 0.0020037300950916867026  | 0.00078695036201795231026 | -0.0011291158358280525831 |
112   | 0.0017770154573761545898  | 0.0024444632851009623874  | -0.0011540925560400933179 |
113   | 0.0068802461867104851984  | 0.0018558856285551318145  | -0.0079932157356474610455 |
114   | 0.0067490159001402207431  | 0.0045469292947706808558  | -0.0024105985405046431204 |
115   | 0.007192989190840559828   | 0.003198577160580856095   | -0.0071379523993478502866 |
116   | 0.0086937747622051753105  | 0.0056519898632161847882  | 0.00098312149663160649377 |
117   | 0.00085330761800874886571 | 0.0093388651044436447185  | -0.0076945582429465949129 |
118   | 0.0019829590834237148349  | 0.0054822102797440668345  | -0.0051432323306329751772 |
119   | 0.0025792495218576339672  | 0.0012641355529287689585  | -0.0056979571809900380827 |
120   | 0.0067714391703259995889  | 0.0080217698561813894492  | -0.0024070249693509291819 |
121   | 0.0028812227568625397786  | 0.0017852890563067301283  | -0.0012773070657820901567 |
122   | 0.0031514955820168191053  | 0.00030678821082897521312 | -0.0031576657199580524145 |
123   | 0.0037907043691265836748  | 0.0032673470487104673901  | -0.00025561257407012060111 |
124   | 0.0035433522703254005659  | 0.0050170315255756783857  | -0.0033291122961248372815 |
125   | 0.0097123126798763104867  | 0.0046414533226206543953  | -0.0015036558760519837859 |
126   | 0.0031049391004298663825  | 0.0018369388076149239207  | -0.0034489278592941307114 |
127   | 0.0076407159540738452813  | 0.0027091151249711495352  | -0.0015575717947468520948 |
128   | 0.002764735733483113158   | 0.0070920787253301691144  | -0.0072723992793307101756 |
129   | 0.0092000696094856129759  | 0.0057506086160096702917  | -0.00092850193609717035243 |
130   | 0.006779091000354334727   | 0.00052075148980808543681 | -0.0057275115184750409122 |
131   | 0.0063594927391797569094  | 0.0023667725772690841567  | 0.00027799394051648048526 |
132   | 0.0053093439226470718131  | 0.0054340471148701073589  | -0.0078098580036499859469 |
133   | 0.006713269559574281016   | 0.0047625982350876956695  | -0.0051246180714009303622 |
134   | 0.0083910750257398802887  | 0.0016784400660729160287  | -0.0085584875168757627156 |
135   | 0.0098864093900471773646  | 0.0088773063629821093862  | -0.0056396074962782455353 |
136   | 0.00083233078343710874703 | 0.0043963058106177010931  | -0.0048211326895431071832 |
137   | 0.0081247056072712570129  | 0.0087826364118368839551  | -0.0047034254869385925396 |
138   | 0.0060548319930678546133  | 0.002613785798250352517   | -0.00076403007149596286526 |
139   | 0.00059760391558757054026 | 0.007347606296475658709   | -0.0088282220203213697396 |
140   | 0.0067099750972619345846  | 0.0048807303730591432636  | -1.7823727267915664681e-05 |
141   | 0.005248971045552228501   | 0.0051133209184176043119  | -0.0042051034691883166367 |
142   | 0.004400307037534583951   | 0.0014902660703971697207  | -0.0038116191502976597659 |
143   | 0.0089949432354765705699  | 0.0084721121973671802835  | -0.0047797963881064066058 |
144   | 0.0095913640362360764319  | 0.0032766306461194422313  | -0.0072503965468643906747 |
145   | 0.0016578465649775718169  | 0.0015334816672375518355  | -0.0063618025680436196892 |
146   | 0.00099527937603773888008 | 0.003517195986191755299   | -0.0069548941774041144956 |
147   | 0.0096351864067850626766  | 0.005447769072113692497   | -0.0073304488676035478578 |
148   | 0.0080693832747659403198  | 0.0020006696782067360553  | -0.006793024866107677702  |
149   | 0.0034067854844268270591  | 0.0046457804547526326475  | -0.002648052705065087175  |
150   | 0.0061192746876885866988  | 0.0035926880591251272347  | -0.0056111457649311493462 |
151   | 0.0068492275635596540709  | 0.00212856045225096914    | -0.0072414201248928748364 |
152   | 0.0086548628422244439778  | 0.0041676542502905675885  | -0.0034511783812113594125 |
153   | 0.0077221415918842109885  | 0.0066754185124663295917  | -0.00062242288164528875548 |
154   | 0.0080005141799529624902  | 0.0071443718241619227904  | -0.0015719019982791309145 |
155   | 0.0016337127443000513342  | 0.0034162873269038959365  | -0.0018173616209222966285 |
156   | 0.0013506473101056975898  | 0.0067357584902859772916  | -0.0046252619617096722704 |
157   | 0.0039843899969727271035  | 0.0026710729074319278058  | -0.0047956853933948913674 |
158   | 0.0079444534306200697421  | 0.0076932916359569577733  | -0.008770372606986816949  |
159   | 0.0061890692813530530023  | 0.00091959301587611109747 | -0.0023530948215309700072 |
160   | 0.002045110693049064475   | 0.0038429742054866301848  | -0.0085682762621655406826 |
161   | 0.0046449742836596058515  | 0.0041631806066797774277  | 0.00070550143998503785786 |
162   | 0.0026761351720098291822  | 0.0035545893077878702032  | -0.0032235263711226235135 |
163   | 0.0049670248325389652899  | 0.0089665271506457807499  | -0.0048594928465905693274 |
164   | 0.0078927115277977050178  | 0.0067386657817506559823  | -0.0082609419251543896728 |
165   | 0.0093704575909140785245  | 0.0053751297492529862346  | -0.0096493140879382200553 |
166   | 0.004570688867070199328   | 0.0091367273242146749418  | -0.00013972926504767058217 |
167   | 0.0050295074182016719783  | 0.0057931518273668901331  | -0.0036499196792951940464 |
168   | 0.0038027846892932188824  | 3.6918752931729897709e-05 | -0.0046430609500868235198 |
169   | 0.0088127067209435375195  | 0.0088540428718886423493  | 0.00018956726637219938622 |
170   | 0.009788771160978475272   | 0.0058877547269234426983  | -0.0053508704376295001051 |
171   | 0.0029064680961811435039  | 0.0082393997306844952294  | -0.0054430920314458598741 |
172   | 0.0091637358839984466019  | 9.3423533387234150571e-05 | -0.0081256768694112409962 |
173   | 0.0058265642185601615108  | 0.0072535358891899597011  | -0.0076680273442379254939 |
174   | 0.0069347922498961319521  | 0.0058547791873849045277  | -0.0056400250537643158155 |
175   | 0.0077211881317107754555  | 0.0021490354954898593064  | -0.0031882938862503105819 |
176   | 0.0061308978689407029813  | 0.0062890793571323839323  | -0.0020710910911350805495 |
177   | 0.0088585514124953027709  | 0.00026203878082294978233 | 0.00035863700398356638133 |
178   | 0.0029815907036504496475  | 0.0067028969064763460964  | -0.0050575846107629709655 |
179   | 0.00028020665972154060099 | 0.0090543617791618152824  | -0.0050637594442308189388 |
180   | 0.0064601524390137934559  | 0.00013968566277549473932 | -0.0094233863572101717737 |
181   | 0.00034240723539657514675 | 0.00022348081100430399132 | -0.0095429531249588053082 |
182   | 0.0040113539228462911923  | 0.0097783231124031044085  | -0.0025537461017038167767 |
183   | 0.0051947012388689033091  | 0.0067327641685999859919  | -0.0045928709964455092032 |
184   | 0.00089296233731899572663 | 0.0068705597143323563283  | -0.0068074642858868827933 |
185   | 0.0031718115736660769562  | 0.0086835232470316454229  | -0.0017129864162169204135 |
186   | 0.005105068246436489203   | 0.0013128729140274427931  | -0.0025907203278716563893 |
187   | 0.0096224451579033244003  | 0.0030818810547009298402  | -0.0074884307529153124744 |
188   | 0.0037110970037587160016  | 0.006146404436044007602   | -0.0011605569539647471282 |
189   | 0.0090400417426013245786  | 0.0025654032382458808771  | -0.0031058832853322281518 |
190   | 0.0079529440706626770841  | 0.007295337889344861472   | -0.0083797608832647408478 |
191   | 0.002273042459668918238   | 0.0067511103495852490403  | -0.0085224357824791371202 |
192   | 0.0010418542995922299745  | 0.0057908764040338041659  | -0.0018106871815116970092 |
193   | 0.0029827440948991170572  | 0.0044939281088158958624  | -0.0049808107297574216038 |
194   | 0.0021773925672016747335  | 0.00094195914305424555818 | -0.0043507129894868358522 |
195   | 0.0039908683043991715136  | 0.0050443548233439000281  | 0.00067630485957437475389 |
196   | 0.0029090471730358544167  | 0.0047970906553878138456  | -0.0084041037287177159515 |
197   | 0.0031992403999912149594  | 0.0086869436817763098085  | -0.006086897723891655787  |
198   | 0.0065073250298426687024  | 0.00094634059491209023517 | -0.0049803008727339510842 |
199   | 0.004825442971900356301   | 0.0075597393751056715661  | -0.00095822155090853047745 |
200   | 0.0002614102776533038376  | 0.0060222096108646788748  | -0.0078661646594905543228 |
201   | 0.0062511413937275071839  | 0.001139469238051035423   | -0.0053919575489514200844 |
202   | 0.006116919256476145185   | 0.00040989478329180587717 | -0.0071435720756494241676 |
203   | 0.001775895332210499335   | 0.008247582548255473836   | -0.0085418683538176064934 |
204   | 0.0081263056137609208929  | 0.0095575355730487306788  | -0.0049232739634232627543 |
205   | 0.00069184834557965051507 | 0.0082650900127741594448  | 0.00078098352097690556389 |
206   | 0.0085627718315091309181  | 0.00091090163729217452949 | -0.0091609061952459599348 |
207   | 0.0062704081190048744157  | 0.0030834773848489272982  | -0.0045454252025463083575 |
208   | 0.00602168189380544467    | 0.0070519582341467459269  | -0.0092690257298071385139 |
209   | 0.0040333167036743057879  | 0.0061706754743726457968  | -0.0048296168644225700994 |
210   | 0.0052604146755318298423  | 0.0041042579873952289918  | -0.0028869594667180913973 |
211   | 0.009882854302908087446   | 0.0076460856405601617183  | -0.0049793705046715860951 |
212   | 0.0066429748072976933793  | 0.0045555058533595944176  | -0.00075468781997510190306 |
213   | 0.0099368516791011017586  | 0.0082718340905830935877  | -0.0051924308904329622219 |
214   | 0.0058625001363337035307  | 0.0029381137751804992271  | -0.0060662170088876246274 |
215   | 0.0034000005112655861013  | 0.0055198657602771395228  | -0.0013838048197626115054 |
216   | 0.0069672299114371697912  | 0.0065938005097792269996  | -0.00083468498794035976204 |
217   | 0.0058292120829634965981  | 0.00983614331250641169    | -0.0023200995143938586175 |
218   | 0.0087050973586919235675  | 0.0011413304250176385668  | -0.0041129065112637964302 |
219   | 0.0038002602672417237252  | 0.0027126112283840167483  | -0.0037634051774046235923 |
220   | 0.00042842843357210704837 | 0.0015376236522947124997  | -0.0078804325330781212905 |
221   | 0.0038767016204173995048  | 0.0074559679457251639562  | -0.0046447557280278875189 |
222   | 3.8332735704489508501e-05 | 0.0079805283472590780175  | -0.00081087813593402500653 |
223   | 8.4283800498851944101e-05 | 0.007111027473837644268   | -2.8797007889555056333e-05 |
224   | 0.0090484445967839634978  | 0.0026080879243112497536  | -7.779202736387965235e-05 |
225   | 0.0070668830166489586195  | 0.007322532151224104939   | -0.0019723591279026141988 |
226   | 0.0059692264205757229051  | 0.0023866235270511215391  | -0.0024686655621824374167 |
227   | 0.0005800221749491417866  | 0.0049547396760395434612  | -0.0081419281444716946894 |
228   | 0.0028253965936327150171  | 0.007134324934839924269   | -0.0017134411212246587926 |
229   | 0.0049050283248227672869  | 0.0079470276082963097614  | -0.0061239027412052990385 |
230   | 0.0075610752898796311505  | 0.0049003366959702830685  | -0.0060210774668121424397 |
231   | 0.003518437779463861638   | 0.0065082112913477504698  | -0.0032431660596291974306 |
232   | 0.0028378224371166469592  | 0.0093455451663772889231  | -0.0070454126389781646794 |
233   | 0.0098990513764671394376  | 0.0043167065770689733509  | -0.0046815457823886144628 |
234   | 0.0091852787670930573227  | 0.0093139691287053381213  | -0.0091575443577515177468 |
235   | 0.0011073568719838868847  | 0.0057704930127791369265  | 0.00062639324516234370487 |
236   | 0.0022860939193848884253  | 0.0023163672268811151891  | -0.0030838299216823087702 |
237   | 0.0077451819402013406812  | 0.0059592801690858962851  | -0.0027590209546694416387 |
238   | 0.0050369251088106178904  | 0.0032440586810557016026  | -0.0015497816412482065193 |
239   | 0.0059881292116933642483  | 0.0010968056214476096938  | -0.0045146083833688382264 |
240   | 0.0081571406749232529265  | 0.0092154002885389066368  | -0.0021844841724559679007 |
241   | 0.0091390687065875508138  | 0.0016058886910029560036  | -0.0017325855209330892279 |
242   | 0.00058241238822461709277 | 0.0043510831896452079048  | 0.00061011010369670711645 |
243   | 0.0015192394326452121102  | 0.0019834668501639476229  | -0.0052507101498451063878 |
244   | 0.0024003702574397671812  | 0.0048456619821180650642  | -0.007760887166345675249  |
245   | 0.0054975260213334089729  | 0.0016158485863070602175  | -0.0010454732070240585918 |
246   | 0.0030433560203416993445  | 0.0058236778359844476594  | -0.0030284971864857988116 |
247   | 0.0052697746862484856276  | 0.0082385476336046450235  | -0.0046861917414652617259 |
248   | 0.0088042104805799645262  | 0.0011209635994008555499  | -0.0060939089791605637048 |
249   | 0.0086615505381994299661  | 0.0053882654100363162539  | -0.002920294971411167579  |
250   | 0.0011470368964187510098  | 0.0055766520889284684065  | -0.0004139917432160580878 |
251   | 0.0083361220566567015289  | 0.0017359032352395227516  | -0.0079509014045212392241 |
252   | 0.0013994659891635216186  | 0.0046077790837783629344  | -0.005578907888865930649  |
253   | 4.2589734028895095323e-05 | 0.0055913111722430816272  | -0.0082303442521595056303 |
254   | 0.00098047416856557106576 | 0.0036118764781108581713  | -0.0079585567400636478275 |
255   | 0.0079021317492762553625  | 0.0077080432212979924436  | -0.0080643083593878606835 |
256   | 0.0062575770476246362836  | 0.0066669696884314013155  | 0.00096880674032327133548 |
257   | 0.0069344650969746877284  | 0.0053810094108403374105  | -0.0074701836767732312378 |
258   | 0.0089549027039303903674  | 0.0058319552735498656967  | -0.0027705736558784792647 |
259   | 0.0036730540545109311747  | 0.0011487953055341253248  | -0.0002069128870931893926 |
260   | 0.0096083787570576204701  | 0.0055205046247525030659  | -0.0015680229644760373085 |
261   | 0.0052435317909266705716  | 0.00067725810529649539942 | -0.0012708021799080980972 |
262   | 0.0035594626055456316492  | 0.0030960044135979604245  | -0.0070263493074146660816 |
263   | 0.0091096250096971056326  | 0.00030584954938488742799 | -0.00085531274057654572539 |
264   | 0.00570674127555517198    | 0.0034067625185717196647  | 0.0006529867040758735976  |
265   | 0.0094843327958448655352  | 0.0067695162664312309719  | 0.00053973771066404604285 |
266   | 0.0020992465893409635418  | 0.0069972098761430668451  | -0.0024478915693467006437 |
267   | 0.0088923754594826560221  | 7.9908552341476112892e-05 | -0.0023085379297744061666 |
268   | 0.0045860089594634964247  | 0.0030655168951905444226  | -0.0026509210099832374204 |
269   | 0.0077497319508226004958  | 0.0070823410449196337949  | -0.0034961551583399057795 |
270   | 0.0043090933968390667669  | 0.0035447988716154959707  | -0.0066022114441834202705 |
271   | 0.0062596227237010949873  | 0.0023282087513600163188  | -0.0024550712923552060925 |
272   | 0.00075899091980973312256 | 0.0015294767250314405833  | -0.0084285023724045161214 |
273   | 0.0078843441748256051088  | 0.0044949339970781609227  | -0.0088069328887185969329 |
274   | 0.00043535896043372620309 | 0.0063533337614006951677  | -0.0038124806260359002386 |
275   | 0.00095519648431143932155 | 0.005984530904952004883   | -0.0065767724569584049693 |
276   | 0.0075352265656374100775  | 0.0075148512548951860307  | -0.0061503738225958887523 |
277   | 0.0071349067540461431208  | 0.0079788472678825900913  | -0.00019123305624619809165 |
278   | 0.00021093166260471312595 | 0.003040820427867812429   | -0.0020503328031098336064 |
279   | 0.0064645226134020152692  | 0.0033613686740130363506  | -0.0060827489405055109456 |
280   | 0.0021315870494400673829  | 0.0046748611117068267218  | -0.0015907681185826946617 |
281   | 0.0087471998521095571666  | 0.0067116093159268475077  | -0.0015598620139102954089 |
282   | 0.0091272496850193785001  | 0.0001364449578469149806  | -0.0076341918560024393109 |
283   | 0.0071685107834345111744  | 0.0043459359025561066642  | -0.0065188974044990289497 |
284   | 0.0035609072474226156901  | 0.005129482068454777749   | -0.0067881629902634584017 |
285   | 0.00090139376596023274794 | 0.0078880214066353506602  | -0.0047876512232275531683 |
286   | 0.002654241158230380513   | 0.0044675596901167955941  | -0.0087131106646595474913 |
287   | 0.0037807292341928669561  | 0.0072043456790540126924  | -0.003713417318486519382  |
288   | 0.0037338820856467392663  | 0.0061501584420285684493  | -0.00081538316122595504067 |
289   | 0.0040726751610977345378  | 0.00077391808902462812247 | -0.00024582870855942415191 |
290   | 0.0030531835680419889927  | 0.006905905656365847467   | -0.0054570544137539679641 |
291   | 0.0040553843793258393877  | 0.0009580681975791443053  | -0.0079242230015051182829 |
292   | 3.7348393112255430558e-05 | 0.0074125930501962606495  | -0.0082227445243808865161 |
293   | 0.0097584100317182204121  | 0.0076413018626578137552  | -0.0012846711628215921799 |
294   | 0.0054662628549815737641  | 0.006872291855722641174   | -0.0094771051944601975014 |
295   | 0.0053385032672148722763  | 0.0018457142154989210434  | -0.0070084888934134901076 |
296   | 0.0032280298050072447728  | 0.0093072685384735752423  | -0.009418153982235026242  |
297   | 0.0046160377384883979554  | 0.0030551722321151856751  | -0.0047160668141755391486 |
298   | 0.0027137114155725548283  | 0.0028707840587175932102  | -0.002603027822976305538  |
299   | 0.003039241177795711131   | 0.00073193415324963363462 | -0.0028947151100676702176 |
300   | 0.0067999052551838985031  | 0.0091894213531866948685  | -0.0023081391578141895182 |
301   | 0.0023694985842851908064  | 0.0011405164978266868307  | -0.0025448382426082475152 |
302   | 0.00061270809632274676488 | 0.0070718504562774916686  | -0.0070456286975677058157 |
303   | 0.0005205463296325750196  | 0.0035231096940262387855  | -0.0060781507557569535924 |
304   | 0.0084798886930102599507  | 0.0076005523174507063494  | -0.0082545782149436898456 |
305   | 0.004608897553206938412   | 0.0035521281098303881564  | -0.005073880827519270352  |
306   | 0.0092233784985911327486  | 0.0067174289847227921374  | -0.0064765532698397871442 |
307   | 0.0052936401392247433434  | 0.0070491182807288265202  | -0.0042966559886385207942 |
308   | 0.0060985391568767087153  | 0.0060525310238132481316  | -0.0093428032531732464749 |
309   | 0.0034089177094279434974  | 0.0048659296140182899462  | -7.5127948150882420115e-05 |
310   | 0.0032876838621818324504  | 0.0092458233875219765496  | -0.0060202191463118439815 |
311   | 0.0031958460991298961486  | 0.00025774945400371189171 | -0.0069654838200173480392 |
312   | 0.0039419894802057466043  | 0.0023887411579067391147  | -0.0025878137386862211378 |
313   | 0.00084325301578819927828 | 0.0060730053006206327973  | -0.0063701233815021372775 |
314   | 0.009779951651039162086   | 0.0065550211345733752979  | -0.0014906579115038086792 |
315   | 0.0019952510770047493342  | 0.0012800107003088127215  | -0.0019736375553594414679 |
316   | 0.0070681296120059166829  | 0.0070495691950716588003  | -0.0080892598146900650952 |
317   | 0.0011633956424192026975  | 0.0083319248325771609609  | -0.0057848532886610477127 |
318   | 0.0040941564267377786313  | 0.0039419025025227028697  | -0.0070987565213849268889 |
319   | 0.0057917334222876652033  | 0.0081335664878636557834  | -0.0064905173067559126729 |
320   | 0.0027808262130073636148  | 0.0078955553581837520372  | -0.0022524195135729765428 |
321   | 0.0090047909182121039368  | 0.0025091733066895053478  | -0.0045635916320435534338 |
322   | 0.0058125229375289438893  | 0.0023991229055873360826  | -0.0087248152348489843577 |
323   | 0.0023699774141443807896  | 0.0019788181706529451437  | -0.0036790318870081142356 |
324   | 0.00016751069581480171897 | 0.0034785045929405520107  | -0.0016352468204744810294 |
325   | 0.0026296335655595975619  | 0.0044325234312966510161  | -0.0067414449639402974565 |
326   | 0.0025652470498235525019  | 0.0066466339294869933307  | -0.0024688505009826662399 |
327   | 0.0012152836429990218105  | 0.0042240803096948538117  | 0.00095263847418109890916 |
328   | 0.0016438523426652641192  | 0.0023412917546610950183  | -0.00062196372041716863673 |
329   | 0.0068493374480061422135  | 0.0053147920648130737853  | -0.0013737846816527633873 |
330   | 0.0053625350732161916611  | 0.0041779603522045134778  | 0.00027219281298500926786 |
331   | 0.0035562063969522658864  | 0.0088996768342940249519  | -0.0049722597143412768095 |
332   | 0.0030190304977655469006  | 0.0022117960835199919518  | -0.0062029806321827292079 |
333   | 0.0051073806941870723147  | 0.00079530100782484905268 | -0.00093156624383859503152 |
334   | 0.0055983368361998886095  | 0.0013118929471618522541  | -0.0028660120809067602711 |
335   | 0.0050019147885274834256  | 0.0024353818805735185336  | -0.0077521706404041637942 |
336   | 0.0080732460660139990227  | 0.0078369924715197512854  | -0.0064358960609209783094 |
337   | 0.0093075934505709341515  | 0.0083796996403595301606  | 4.4185725045712241632e-05 |
338   | 0.0041960510049625105583  | 0.000720995422443065654   | -0.0047770320463215148327 |
339   | 0.0035411022261256342412  | 0.0050156436271534075161  | -0.0088721353826360944278 |
340   | 0.0047887597488212264515  | 0.0038557348151177233027  | -0.002944304849594012348  |
341   | 0.0020286550676072551656  | 0.0062268347035548893623  | -0.0062975620689592901394 |
342   | 0.0063054318918864590143  | 0.0072104366158068930806  | -0.0017678811546952533616 |
343   | 0.0004883694329572082788  | 0.0055614597976265996854  | -0.0042739880735973958051 |
344   | 0.0014307706767647475864  | 0.004692760660457856621   | -0.0060339328451713249504 |
345   | 0.0061328875368145355923  | 0.0052305040333119022511  | -0.00070371722739350720671 |
346   | 0.0093822840052343731143  | 0.0060165874209749626786  | -0.0057853467807160961767 |
347   | 0.0086515081834884818152  | 0.0071763619642980069208  | -0.007050102442923896276  |
348   | 0.006369891602710797858   | 0.0065904148152675159911  | -0.0011066614853303940319 |
349   | 0.0093186464263807500252  | 0.0029654720013432825029  | -0.0080997314175190460173 |
350   | 0.0082384203530426105416  | 0.0090963430869663471079  | -0.00066565697783362996927 |
351   | 0.0074549025665013052971  | 0.0060247602423789906739  | -0.0011938422995068785799 |
352   | 0.0034354346180230678487  | 0.0047463097059460375091  | -0.0046844780407881416937 |
353   | 0.0059624889763946354454  | 0.0034542989796176961671  | -0.0053844340082912431344 |
354   | 0.0027829983814233703876  | 0.0034005640146204923341  | -0.00065779334783339104588 |
355   | 0.0052879687950539667682  | 0.0034853069826809592556  | -0.0081455265121341234591 |
356   | 0.0063051587353385321957  | 0.0083868667997637254968  | -0.0032325636814526754678 |
357   | 0.0029648304501743009444  | 0.0046639036741554663196  | -0.003188880471707576051  |
358   | 0.00035063458171795717448 | 0.0072404145673031538102  | -0.0053898554206395707378 |
359   | 0.0093631670130125618789  | 0.003420297763623579828   | -0.0066894788101338007597 |
360   | 0.0055562558349739332719  | 0.007445009140193662063   | -0.0067101893134581909114 |
361   | 0.0055012834117085093397  | 0.0074381932181827228184  | 0.00081260608046112388012 |
362   | 0.0049641494161014459996  | 0.0058746416454002478927  | 0.00081954546239559802195 |
363   | 0.0047611120711565004665  | 0.0084387999275328407639  | -0.0025787437635190844226 |
364   | 0.004440441391009894434   | 0.0077253064985795660141  | -0.0064346984550389535462 |
365   | 0.00099292531835613461084 | 0.00078735668584486615765 | -0.0067188394709672694116 |
366   | 0.001650917259694612612   | 0.0023977353546500625864  | -0.006866834778091144946  |
367   | 0.0028976463376682299981  | 0.0040141775873974092081  | -0.0048703224370406118793 |
368   | 0.0055290742218150681908  | 0.0022707171988192048108  | -0.0092536254157022934663 |
369   | 0.002827733011185214456   | 0.0060062848120060203377  | -0.0023844157120406638158 |
370   | 0.0078726815886128106992  | 0.0072104613438656230823  | 0.00077590901202584296875 |
371   | 0.0056758358557496661756  | 0.0048361620402169189573  | -0.0028348791523449762622 |
372   | 0.0060772153669811698057  | 0.0059633355216327389031  | -0.0091112252909251352506 |
373   | 0.0067915578344291752111  | 0.0038861142066784403956  | -0.0058511609365934531823 |
374   | 0.009068664969922340946   | 0.0089652242753768610073  | -0.0082935915314962509876 |
375   | 0.00028318193816665826294 | 0.0070006990727124671081  | -0.0052960659413127638209 |
376   | 0.0032343501532129462217  | 0.0010812997404950029645  | -0.0067996528381299237501 |
377   | 0.00042961262098646538048 | 0.003406546763216591802   | -0.0090850607007856940683 |
378   | 0.0091560207602458879017  | 0.0011572247644138760475  | -0.0017919690629597936557 |
379   | 0.0044057204335029740913  | 0.0092089112894449352137  | -0.0038800076041915357652 |
380   | 0.0024132604002936952972  | 0.0026581842003278732811  | -0.0070923412455579969496 |
381   | 0.0061429104950261881335  | 0.0056003856688722000734  | -0.0070307480496243522292 |
382   | 0.0080567363908637702752  | 0.0047380890230075767625  | -0.0011178943816954375456 |
383   | 0.0047956735202573132215  | 0.0048433146949903608733  | -0.0094756632940348681227 |
384   | 0.0048360796548633346384  | 0.0053505453886261867408  | -0.0010825796488220578925 |
385   | 0.0092722411294365383871  | 0.0080952401276744440084  | -0.0010951114279233256383 |
386   | 0.005154155358476439179   | 0.0053836106094952030504  | -0.0061282712306934359475 |
387   | 0.0043983589164248784731  | 0.00050879563295262145075 | -0.0091742248222894014209 |
388   | 0.0060064738416230872148  | 0.0076799311990450504911  | -8.8629040205165851292e-05 |
389   | 0.00048016193214661813914 | 0.0052138068149533084786  | -0.0066413305950082050094 |
390   | 0.0019721162728479988552  | 0.0014256357426246869715  | -0.0021114790965297879424 |
391   | 0.0037000250503830514788  | 0.0034998496058349626812  | -0.0025766604989696040642 |
392   | 0.0047591739133951930368  | 0.006448485947999512552   | -0.0046643821961054720421 |
393   | 0.0085281837557550747853  | 0.0075179671045780679592  | -0.0076822855312377496054 |
394   | 0.0025470669199188474344  | 0.0067911298100821341009  | -0.0024251666977523783121 |
395   | 0.00024093474991343944575 | 0.0049452898921421920009  | -0.005953678979964550054  |
396   | 0.001779971018067230638   | 0.0061034044405856840293  | -0.0038906772042555386355 |
397   | 0.0010364809464140467381  | 0.0021352589314058974083  | -0.0068272506542681014874 |
398   | 0.0095862168058842203017  | 0.0060379119856203084318  | -0.0013943722187551306057 |
399   | 0.0064171038889522264564  | 0.0032098682882493005664  | -0.00030949516708572184917 |
400   | 0.0024068716315631577714  | 0.0024108523019266189097  | -0.005022632304157169901  |
401   | 0.0075948253322009389929  | 0.00038330968094988206521 | -0.0022763382193223226022 |
402   | 0.000925938729170765174   | 0.0092094428432999159845  | -0.007259143866262662316  |
403   | 0.0099148412302620565761  | 0.0063855847553204092212  | 0.00032962412562840718655 |
404   | 0.0033003382480767066293  | 0.0084240548719750844159  | 0.00098394798408300062492 |
405   | 0.0035143658946279266245  | 0.0047814813717178073285  | -0.0040873126597763577428 |
406   | 0.0027005558456252090616  | 0.0028489635428035143053  | -0.004258878760293387071  |
407   | 0.009400776080620407496   | 0.0036532987359835919147  | -0.0053574333557076638315 |
408   | 0.0035166487584799423043  | 0.0032425217977173842812  | -0.0075080818723442183452 |
409   | 0.0075718417680281941556  | 0.0097242316766140025203  | -0.00023328056345453044543 |
410   | 0.0033464319767245961391  | 0.0046908691523821991615  | -0.0071656933698104555847 |
411   | 0.0045519151311582970246  | 0.0058219680806158979197  | -0.0071251592608753914343 |
412   | 0.0067343238946199618367  | 0.0022752757072587066756  | -0.0011300575492823228176 |
413   | 0.0035538150866285000452  | 0.0022676347035611400457  | -0.0035798022409497080865 |
414   | 0.00084549618443116808866 | 0.001594484299922195765   | -0.0063584866348357855018 |
415   | 0.0025196910003100025759  | 0.0071783017849434138657  | -0.0083186273367324634065 |
416   | 0.0023407765053758441791  | 0.0048516292188524479806  | 0.00084764386465156684597 |
417   | 0.0080164115598517216021  | 0.0022927112687054925465  | -0.0094552694904582752083 |
418   | 0.0088605777990345482853  | 0.0039595190468246837731  | -2.1641633421537367476e-05 |
419   | 0.004633548638804416836   | 0.0039645059786796495865  | -0.001486597456718628937  |
420   | 0.0061624952535138987145  | 0.003967214480007143565   | -0.0051024475230750680407 |
421   | 0.0022928187673984970311  | 0.0063870781476992183334  | -0.0059008842030277000243 |
422   | 0.0011335046271191326871  | 0.0090468243683102331915  | -0.0033979916014132438042 |
423   | 0.0055301278631545870007  | 0.0051074569185693583992  | -0.0055287861842795603048 |
424   | 0.0091299241825992232674  | 0.0066819052789487244984  | -0.0043910146439904984561 |
425   | 0.0074952562838040770812  | 0.0044155280466335869102  | -0.0030415781478923538221 |
426   | 0.0036149173436770612455  | 0.0072481997121012116392  | -0.0013292837320103144567 |
427   | 0.00320404581636818701    | 0.0057880898006825521121  | -0.0021100283947041733289 |
428   | 0.0048574714762288275643  | 0.0026363590412886808191  | -0.0070272751455567475723 |
429   | 0.0057124097118733743739  | 0.0031427827501693938322  | -0.0085750888657245300656 |
430   | 0.0028711923438694522855  | 0.00134698646913872103    | -0.0035674599595501639733 |
431   | 0.0023093872788236655298  | 0.0039966281413263459246  | -0.0051117377197242887255 |
432   | 0.0043265385483748242806  | 0.00036719719523276695252 | -0.006440150614675642371  |
433   | 0.0030230971296514187047  | 0.0072332507322717329301  | -0.0047544619413519301904 |
434   | 0.0048771230037528458257  | 0.0030895370225906414359  | -0.0086406725811750042382 |
435   | 0.0013089218789415003105  | 0.0081236924090903692847  | -0.0059479789565234728738 |
436   | 0.0041757470793268016904  | 0.0088752325113598314749  | -0.0037058505484835100284 |
437   | 0.002390951520996017262   | 0.0052570971564140644983  | -0.0012064074990557544561 |
438   | 0.0077851503980501113311  | 0.0031341749301325928963  | -0.00053129928921648479634 |
439   | 0.0056898531911328984953  | 0.00080521633937236049196 | -0.0069310187895664432042 |
440   | 0.0052553476320569333241  | 0.0088969182652731248345  | -0.009389274114217702541  |
441   | 0.0067087303715388938233  | 0.0054381924452304667567  | -0.00054291449029285256817 |
442   | 0.0047976357833135179626  | 0.0062630248275481201561  | -0.0041804996325740155852 |
443   | 0.0092641994168295715983  | 0.0027728728845434246278  | -0.0084316488649112380366 |
444   | 0.0091937050895505752213  | 0.0026607894870602976853  | -0.0032322708432933819345 |
445   | 0.0061636775076767905818  | 0.0038814515392709839428  | -0.004072830403031491367  |
446   | 0.0047536654491555528287  | 0.0072321051748492166597  | -0.00032440355764243479627 |
447   | 0.0093134946623105764607  | 0.0077132224722268874148  | -0.0042479927792215717297 |
448   | 0.0048254484808207334656  | 0.0017646663323221056189  | -0.0095917904658801549783 |
449   | 0.0054520928578198511391  | 0.0033003338997207574447  | -0.0058821518949015074579 |
450   | 0.0028817757549017240792  | 0.0064197563208581781211  | -0.0093686728388033112952 |
451   | 0.00066815588163941699168 | 0.0071074483336828449612  | -0.0047159127429352645788 |
452   | 0.0047458374969529155962  | 0.0050246857588587424265  | -0.0089149629862185445633 |
453   | 0.0049420155966660777799  | 0.0097485355847515501454  | -0.0028588272011809559917 |
454   | 0.004818823021351276506   | 0.0062147346931983576263  | -0.0080733822060855033043 |
455   | 0.00043110405958266792602 | 0.0061406138357314827766  | -0.002420253761718179665  |
456   | 0.0066430789367207419491  | 0.0099821824109518775964  | -0.0042611707098829674015 |
457   | 0.0097113786387396337785  | 0.0031831047135077957834  | -0.0085302030637411530717 |
458   | 0.0048248468330476107502  | 0.0067288500308218639201  | -0.007816685260120909487  |
459   | 0.0041699300317410304545  | 0.0083509487381891404217  | -0.0094130386164659983483 |
460   | 0.0027879136565496947554  | 0.0028254505435660148653  | -0.001537665673153603297  |
461   | 0.0010734688011997007163  | 0.0057996861460620132561  | -0.0045012033119396230654 |
462   | 0.0060495054902867089613  | 0.0041813714920031523278  | 0.00086600668794776722303 |
463   | 0.0081533296663113263847  | 0.006135698654662376586   | -0.0038708489920837611462 |
464   | 0.0017168026789093600651  | 0.0043097197496659621699  | -0.0080668389816551319682 |
465   | 0.0052352648791501336586  | 0.0073990598494623896833  | -0.0058015344812795419452 |
466   | 0.0070626147790907858534  | 0.0088595483763578807002  | 0.00030998299660741913649 |
467   | 0.0045832267364774859075  | 0.0030177021530553311407  | -0.0071969067908504331943 |
468   | 0.0064230800263905749037  | 0.0028054160588036401551  | -0.0039881210562868344219 |
469   | 0.0094053448342928582665  | 0.0050026399084928743766  | -0.0071626355250632295357 |
470   | 0.0087626149076830295997  | 0.0038541746916166759636  | -0.0076493467518732923688 |
471   | 0.0024795078000206540424  | 0.0080656973592217809377  | -0.0061621286824200581858 |
472   | 0.0036291884571114578321  | 0.0052416994465007424667  | -0.0074589873550004789221 |
473   | 0.0024246581348236874789  | 0.003721821482782410994   | -0.0064942216813555359023 |
474   | 0.0046600080165785087369  | 0.0045757791136676953525  | -0.0083433259476087835022 |
475   | 0.0065485301644729676865  | 0.001786588017393285141   | -0.0087226818901571506054 |
476   | 0.0060406288037108887834  | 0.0003135553901973475526  | -0.0022327888016688921674 |
477   | 0.0099477347844168697438  | 0.0032646722589345206732  | -0.0057286124697790482413 |
478   | 0.0061960470898154290653  | 0.0081156446670992386794  | -0.0017958977668271786533 |
479   | 0.0085669823735882878052  | 0.0058464868756988447318  | 0.00051672271750528256818 |
480   | 0.00022795066879898899298 | 0.0092860486316544334912  | -0.002426464850075164912  |
481   | 0.008586295216403638797   | 0.0029907404875334836145  | -0.003277676819074681544  |
482   | 0.0045414730246823896767  | 0.0092052933097461538819  | -0.0014451464495404818967 |
483   | 0.0021231240737456199587  | 0.0036449763019364414193  | -0.0042521079469147729166 |
484   | 0.0046658937775891848321  | 0.0041245661015356033588  | -0.0088714110453311147836 |
485   | 0.006755379293203086534   | 0.0027882249483489932561  | -0.0013518747049891101462 |
486   | 0.0099547460760691895698  | 0.0087206520257254328127  | -0.0029955007257549729448 |
487   | 0.0021856364952026361911  | 0.0025486195233881663719  | -0.0019970491805600437858 |
488   | 0.0041590788493245708229  | 0.0090377804193506588309  | -0.009091522847433355578  |
489   | 0.0029078230936513504816  | 0.0019007255753676858146  | -0.0062692182895686121569 |
490   | 0.00015093296207258535932 | 0.0063138179990233746566  | -0.0022934086939271421286 |
491   | 0.0082191690129820773464  | 0.0037673279659539435707  | -0.0070719527233688338555 |
492   | 0.0002707398378632552686  | 0.0031577825834920129899  | -0.0016902370198008046919 |
493   | 2.9007570954953748284e-05 | 0.0081726565735247523603  | -0.0092573828307071035632 |
494   | 0.00061285040052424448291 | 0.0011970281069180093228  | -0.0037284779416151638855 |
495   | 0.0042310385863814506738  | 0.0068298861634679521385  | -0.0025902771599604864673 |
496   | 0.0075881845328710463214  | 0.0082921268305505453633  | -0.0091844358507280256937 |
497   | 0.0044815932165116478814  | 0.00234279200136222783    | -0.0058281748358283520448 |
498   | 0.0097636992804529202511  | 0.0064478548663873700916  | -0.0036255049096098842555 |
499   | 0.0055390285364849524766  | 0.0038896275749125512611  | -0.0070928455952090508491 |
500   | 0.0086496931171657250037  | 0.0018964734936186267416  | -0.00751878954156869235   |
501   | 0.0049657609785122066443  | 0.0041096009172015479302  | -0.0061333931226523674338 |
502   | 0.0082646768859670691199  | 0.0032045676628447861828  | -0.0012526316373855385898 |
503   | 0.0058563619016996550787  | 0.0049637895677103202954  | -0.0066641528611225634565 |
504   | 0.0031791086017297492949  | 0.0049170955538184440287  | -0.001743614686036178054  |
505   | 0.0089035936894369810402  | 0.0081081015353599104195  | -0.005509408446342913511  |
506   | 0.0020852609127462039436  | 0.0032489371819316211626  | -0.0071005465619369770996 |
507   | 0.0067792186837037915481  | 0.0051233790446241168556  | -0.0081467660720214354203 |
508   | 0.0047502162796107172058  | 0.0029385827538877598575  | -0.0002911586957353729248 |
509   | 0.0069676606116143889949  | 0.0051676948949124518889  | -0.0063890834639892786842 |
510   | 0.006322663439259797874   | 0.0015300555065657489833  | -0.0067853122225858568048 |
511   | 0.0030895776184794668945  | 0.0033211862257518688646  | -0.0044852210131694752321 |
512   | 0.00082204028754362249484 | 0.0058744631023898421715  | -0.0095630275575945763999 |
513   | 0.0052991735029943995081  | 0.007045431571636661186   | -0.0066191415449806702276 |
514   | 0.0069403766709737191309  | 0.0053586883795119734028  | -0.0040418944381595623208 |
515   | 0.0036075052672155929687  | 0.002305244678257325      | -0.0040289262982902947566 |
516   | 0.0020180604646124842422  | 0.0062356182591111492669  | -0.0038436717580725416991 |
517   | 0.0079481449627775060257  | 0.0027855021730498470516  | -0.0032990497087827730036 |
518   | 0.0061369476983073982523  | 0.0066385850888851160798  | -0.0079118425284956349353 |
519   | 0.0087463978437337819988  | 0.0043872139108498270366  | -0.0036102908544045470528 |
520   | 0.00098224708982314187442 | 0.0046968741101358173207  | -0.0060600431390339442803 |
521   | 0.0048461888166897613625  | 0.00068309972008035856755 | -0.0072373427446444952779 |
522   | 0.008378293784309402345   | 0.0074956928587430228517  | -0.0019235455317520308918 |
523   | 0.0074149338235620417675  | 0.0055121147252235090999  | -0.0072336761315843229464 |
524   | 0.0044446385935169490169  | 0.0030301249177694463029  | -0.0071364407204619288022 |
525   | 0.0047024207118944068295  | 0.0022994861882466664099  | -0.0039631762566164638675 |
526   | 0.0080691459380195749984  | 0.0012920903058380884404  | -0.0049046289184083505241 |
527   | 0.0040295378555911254281  | 0.0030858780166900310997  | -0.0019629378762390566754 |
528   | 0.0044463448741375328349  | 0.004341201225908424173   | -0.0036900291719072363279 |
529   | 0.0022025447227149441698  | 0.0038641114288176796505  | -0.0077956334591885055249 |
530   | 0.0064641883525871418267  | 0.0045418158636603240749  | -0.0062173271531473020546 |
531   | 0.005277762520993164487   | 0.00096397583663414537075 | -0.0042814648928216668747 |
532   | 0.0051328248566505996556  | 0.00063682605724920185713 | -0.0020935534527253517323 |
533   | 0.008164412672657923517   | 0.0019513230124085533847  | -0.0051828720341929928814 |
534   | 0.00071959147133134721778 | 0.0018028979049915065669  | -0.0070984589688428160678 |
535   | 0.0092295071439411589809  | 0.0025281374232997331185  | -0.0092668207386458166519 |
536   | 0.0093146994653305753564  | 0.0054030075880098426752  | -0.0073755005831689524759 |
537   | 0.0016463596345858832071  | 0.0097085286221426907866  | -0.00063480053601482175525 |
538   | 0.0007808073869102926572  | 0.0018962132290477953789  | -0.00022571619139271189214 |
539   | 0.0092824950780121227856  | 0.0062182761542000572486  | -0.004448553270899128706  |
540   | 0.0094457291330435535354  | 0.0047363397986661366981  | -0.0063633228511020389212 |
541   | 0.0039082772726316055908  | 0.0049306423340739306826  | -0.0037644757048778598393 |
542   | 0.0024837690900374109412  | 0.0016074249826414483376  | -0.0078814612912238082854 |
543   | 0.0066439247896403494723  | 0.0012687343552452584345  | -0.0030603521760612438334 |
544   | 0.0048792672058344558825  | 0.0087616257455093334017  | -0.0035359715082941994314 |
545   | 0.0010502166139101714801  | 0.0036852394330245995605  | -0.0052599947986709579689 |
546   | 0.0069462172851506688923  | 0.00542421344056191225    | -0.0021820972996315570087 |
547   | 0.003493930116105144288   | 0.007663533368415734702   | -0.0050351892023955471811 |
548   | 0.0046148008734297604402  | 0.0083982042182077637493  | -0.0046703235396312169775 |
549   | 0.00072370528762080428651 | 0.004339735339791534266   | -0.0061107406888991043503 |
550   | 0.0054740301264011087187  | 0.0088128672818879091183  | 5.0568302961866891669e-05 |
551   | 0.0072321955727196549774  | 0.0042731527314134676657  | -0.0040706436801602845221 |
552   | 0.0047441426503293067027  | 8.0754458931606468933e-05 | -0.00039367586875486851403 |
553   | 0.0033795488864917337668  | 0.0037374157652191788287  | -0.0020842805630894951571 |
554   | 0.00054481548911748602267 | 0.0093739543770978133591  | -0.0091966891922208981319 |
555   | 0.0079132350723754192601  | 0.0044725316754089163712  | -0.0088513171595392351604 |
556   | 0.00075116443961358806553 | 0.0070063706751379573046  | -0.0084457373959358813392 |
557   | 0.0087972712875799691234  | 0.003323566551788234482   | -0.008104840567909357002  |
558   | 0.009262867572494674212   | 0.0054779393946863914541  | -0.0093736702497252757937 |
559   | 0.0051252939805000140294  | 0.0060057061307998574687  | 0.00057293334815292692314 |
560   | 0.0035318304638194096545  | 0.0031569458372409722746  | -0.00047792897479404596083 |
561   | 0.0057091382033029091161  | 0.0061562002704501853773  | 0.00059582654760099908881 |
562   | 0.0048336002630396130569  | 0.0015311640976410816409  | -0.0040730933648436681502 |
563   | 0.007116886611601795469   | 0.0042337172945566513282  | -0.0037073945724242400937 |
564   | 0.0011978244303538882701  | 0.006398812397604558902   | -0.0019726015246769169724 |
565   | 0.0032848324425636503399  | 0.0039493294708031730436  | -0.0027022283364025200848 |
566   | 0.0056064927906796652168  | 0.0048245773164039976524  | -0.0006140321014913137582 |
567   | 0.0017845407159584093532  | 0.0037009108883425717758  | -0.0043271747799254987876 |
568   | 0.00085513028507671099646 | 0.0070455140232868005562  | -0.0027319074597928435545 |
569   | 0.0035598817531948437169  | 0.0027414251837748096312  | -0.0025486029734208396659 |
570   | 0.0083236541654204999896  | 0.0061857119655813240858  | -0.0046047980253377590251 |
571   | 0.0076108599395674674318  | 0.0038346549942225535181  | -0.0067299641042469684343 |
572   | 0.0067123094149569417083  | 0.0097762793752546386927  | -0.0090960411656983205381 |
573   | 0.0068544255508263202473  | 0.00569309706332190614    | -0.00073260005106709643295 |
574   | 0.0094833939385573148839  | 0.006392561701215208024   | -0.001240581823675654307  |
575   | 0.0079247208792249546755  | 0.0063617291725800223165  | -0.0058148973598799481854 |
576   | 0.0025190881629839319625  | 0.0055386170639008022037  | -0.0088823976517792731233 |
577   | 0.0064759469269855098397  | 0.0090980360101523254784  | -0.0013870395589099700218 |
578   | 0.00654866351817313605    | 0.0074397029004991772558  | -0.0057788189230968470267 |
579   | 0.0042168188462002147154  | 0.0016849843200060204279  | -0.00038285252072530135195 |
580   | 0.009152055394362900928   | 0.0061808350956712434718  | -0.0076407505122283126894 |
581   | 7.9750250494297288714e-05 | 0.006646017462945907027   | -0.004299365158819751058  |
582   | 0.0090012010460379932031  | 0.0078974972353486501409  | -0.0040009764968496480675 |
583   | 0.003682402870144299914   | 0.0052873665377652393979  | -0.0073819041256951278135 |
584   | 0.0067746573432516154004  | 0.0031541811744076786624  | -0.0047559269137874031139 |
585   | 0.0086914284583668507261  | 0.0048326571874150771324  | -0.0083786219104362551907 |
586   | 0.0042426969538117429229  | 0.0023177765924387969294  | -0.0047899716111000868388 |
587   | 0.0082207794873783157641  | 0.0071113447348929801489  | -0.0062465325286976732672 |
588   | 0.00067634279989228741296 | 0.0056782070167128301241  | -0.0035574909242063819555 |
589   | 0.0061526591144013698803  | 0.0029746306053093549658  | -0.0056012196158476985214 |
590   | 0.0087329969177260529517  | 0.0024985156552301394407  | -0.0012345076058619139456 |
591   | 0.00094091867187389007995 | 0.0095001400857944867662  | -0.0085998350708212951271 |
592   | 0.0050296133048049473935  | 0.005464166053854939073   | -0.0094587777286810892363 |
593   | 0.0056188279287347981175  | 0.0082706055145463780454  | -0.007032545118852985902  |
594   | 0.0079074081822441185524  | 0.0066755096104364258433  | -0.0083756565964778640493 |
595   | 0.0097913205540099933211  | 0.0042520198388402308948  | 0.00037945893664890659961 |
596   | 0.0063860909968295577824  | 0.0058718239632111505696  | -0.0050550127516934655059 |
597   | 0.0012578007753630982696  | 0.00053927073438005807254 | -0.0032943785981044220422 |
598   | 0.003519631816574008993   | 0.0015718695184621033715  | -0.0023565475961287098323 |
599   | 0.0039649253701163908806  | 0.0031220571832128677509  | -0.0067824314329542056967 |
600   | 0.0012139265538203549647  | 0.0023000479937193914377  | -0.0080166260545629589723 |
601   | 0.0082621112585856380794  | 0.0037338051987949706992  | -0.0036548407525368018824 |
602   | 0.0037758738631421609466  | 0.0072384669768203544621  | -0.0025706081240265857106 |
603   | 0.0080081700361718227005  | 0.0034848620777516866286  | -0.0049156490971030740791 |
604   | 0.0087158052460162109554  | 0.006447861334575959863   | -0.0050580265926976680432 |
605   | 0.0044532932807469826145  | 0.0024251247198478244338  | -0.00041659035336133693004 |
606   | 0.0040858435749437137588  | 0.0072357282955009538661  | -0.0073179501778534942341 |
607   | 0.00090296693993634853572 | 0.002084737481836811037   | -0.0073417055115893399206 |
608   | 0.00049453264872959391656 | 0.0044041489641305437211  | -0.0059075969090404082534 |
609   | 0.0095924678542225784439  | 0.0094431723317147647084  | -0.0072526265883348225647 |
610   | 0.0083635743937087135558  | 0.0046694639952353034565  | -0.0051107684358941115124 |
611   | 0.0038540837174555783555  | 0.00066363108020370362595 | -0.0018225348796924133177 |
612   | 0.0094126809939049215642  | 0.005776168510712637906   | -0.0015969644605649444512 |
613   | 0.0050337144164844822153  | 0.0072520798531634893258  | -0.0061874766503066261705 |
614   | 0.0088134966614195429241  | 0.0045914780927198313443  | -0.0058895660466260508353 |
615   | 0.0025880907492035463459  | 0.0071873264631735420127  | -0.0034912137164397438575 |
616   | 0.0085487561189357772623  | 0.0039465640867332573566  | 0.00035047196707345320416 |
617   | 0.0068863336618356684252  | 0.0033145693608679464848  | -0.0031905630951461656786 |
618   | 0.0048645460871807400319  | 0.0082458947316647202702  | -0.0055948954222099500644 |
619   | 0.0045962121398636507363  | 0.004262268257046526905   | -0.0041645273348958232115 |
620   | 0.0098407720133109177069  | 0.0091903537780627687914  | -0.0054029640904085579275 |
621   | 0.0070670852883941912004  | 0.0098710390309657090185  | -0.0074237473768890864176 |
622   | 0.0094148628835010669813  | 0.0048968268544780906709  | -0.0054992651066020593539 |
623   | 0.0079548974714344199838  | 0.0057596998299508286173  | 0.00027223070385146901171 |
624   | 0.00015543105826399194829 | 0.0073347903301630755848  | -0.0065197614546945430875 |
625   | 0.0061336328259805669022  | 0.0021979892050235168462  | 0.00022904027740902832772 |
626   | 0.0035649570098072657851  | 0.00096556404442313826381 | -0.0082349700224298699042 |
627   | 0.0018196850363918915926  | 0.00051308346510587190051 | -0.0079052615715104832678 |
628   | 0.0048732466682046039763  | 0.0091639656805916624993  | -0.00034670482580803971403 |
629   | 0.0015022101924697102253  | 0.0033293505128820892469  | -0.0054160386185556179395 |
630   | 0.0071320432860008985479  | 0.0071305957003142753092  | -0.0055994583737906198501 |
631   | 0.0054108837694968750856  | 0.0040720431190195425022  | 0.00024639126357444665789 |
632   | 0.0011384051726703917594  | 0.007972995715278433787   | -0.00478401920982937396   |
633   | 0.0093490109212625779889  | 0.0020327154328731700771  | -0.0057968845343414681856 |
634   | 0.0033622011489047279494  | 0.0067453735723163234933  | -0.0087629533576165270781 |
635   | 0.0071059790171030456571  | 0.0063904662792042430872  | -0.0055345842823738625182 |
636   | 0.00053364414681178495327 | 0.002178748625409954176   | -0.0018531196287769730567 |
637   | 0.0044923080248632559636  | 0.0074606462719943155565  | -0.0034908370950789482934 |
638   | 0.0026804888210935850189  | 0.00065642090774142576159 | 0.00095545055145969501505 |
639   | 0.009430597444491945619   | 0.0047626039405344287869  | -0.0063824965424028184957 |
640   | 0.0028856423539453043836  | 0.0086342731600129417335  | 0.00056428783212846000961 |
641   | 0.0092269506587953683402  | 0.0029839212506978631326  | -0.0028428235152867121355 |
642   | 0.0050289311936905500833  | 0.0063146945564499694717  | -0.0048358598285117787921 |
643   | 0.0070869519504515613925  | 0.008022536305376826507   | -0.0049179376347397735919 |
644   | 0.0069350364744873681244  | 0.0054319394212372362762  | -0.0016157566950356877337 |
645   | 0.0094923626838661883526  | 0.0051123603856174076182  | -0.0022485947223828415056 |
646   | 0.0044301556642022685631  | 0.0073138649998870288588  | -0.0080359146150147976739 |
647   | 0.0058014720479035390005  | 0.0069549997526688585661  | -0.0048908865936929078744 |
648   | 0.0049327576292215718351  | 0.0076660008395221515207  | -0.0028793485545073019445 |
649   | 0.0090733091102946760581  | 0.0059786692781810708841  | -0.0031737287257181815217 |
650   | 0.0026651123630572742113  | 0.0010393012562724527649  | -0.0020789127932703478814 |
651   | 0.0071268991691444362122  | 0.0035463891345391316233  | -0.0011900436264634221568 |
652   | 0.00071545852984094160821 | 0.0048519950110298719001  | -0.0087653843386698761936 |
653   | 0.0010785712219771048399  | 0.008074996612028845222   | -0.0073390980421801817191 |
654   | 0.0035230644307519252446  | 0.0035706778131453648095  | -0.0018578087424320874517 |
655   | 0.0016300264198162905862  | 0.0060737788815641092013  | -0.0034074831384765451141 |
656   | 0.0029417601058487597397  | 0.0085644213467279024787  | -0.0036718635145238372013 |
657   | 0.0019789124596456052034  | 0.0058995002088277166338  | -0.0061231700275771044906 |
658   | 0.0090493691268845096592  | 0.003520019296783047022   | -0.0011479680622616570632 |
659   | 0.005165867252220320352   | 0.00035562134195781734377 | -0.0069528001221464512394 |
660   | 0.0030236078615670995522  | 0.00049301908324573238702 | -0.0057913292552368589999 |
661   | 0.0032137034845992605049  | 0.0071263606093255405308  | -0.0031463814696562207758 |
662   | 0.0043914501821772072149  | 0.0012111264298079625276  | -0.0094707039119758390511 |
663   | 0.0014271628131458859601  | 0.0091570522523495880007  | -0.0052299253432208309481 |
664   | 0.0044459239024876246252  | 0.0096842358393140395151  | -0.0091716702498473787197 |
665   | 0.00020868676287277165447 | 0.0037360727717553163414  | -0.0015468058413273799972 |
666   | 0.0015874497787475075599  | 0.0045732531990039073169  | -0.0061223439302994413572 |
667   | 0.0052199835164862262715  | 0.0041474750092941898433  | -0.0029167310830741622306 |
668   | 0.0068221929266927931745  | 0.0033688062403736543718  | -0.00053568512929090192354 |
669   | 0.0055889294839812928353  | 0.0033821060861380994322  | -0.0022767206178514898945 |
670   | 0.0069589798161828406164  | 0.002229178861274845342   | -0.0064285759034846991222 |
671   | 0.0079871871845712677507  | 0.0077852132693651578121  | -0.00026520768750631457068 |
672   | 0.00020954541685526414745 | 0.0064472138114841717749  | -0.0082674099857254160911 |
673   | 0.0047603957258421196463  | 0.0058843514392121661072  | -0.0023162720672092714305 |
674   | 0.0065368058591348801242  | 0.0038233655446008986759  | -0.0060556547520909066382 |
675   | 0.0043814551123998578958  | 0.0049896505038345617331  | -0.00040462149428772742127 |
676   | 0.0084066445177188482696  | 0.0040232057919309107893  | -0.0072037428886939708014 |
677   | 0.00020702464852676304196 | 0.00021580440282014011423 | -0.0053692760828880576121 |
678   | 0.0023227115517023195525  | 0.0069546622644397438837  | -0.0091634855959920862717 |
679   | 0.0019036740923608229305  | 0.0041926256652413942602  | -0.0047724119222802572141 |
680   | 0.0076971369296801794499  | 0.0058830101329559137888  | -0.0020797096604652036932 |
681   | 0.0049072744354052904789  | 0.0094900532794213454668  | -0.0056876632789878362254 |
682   | 0.0079111530833621528797  | 0.0065895838738780510707  | -0.0050755673196817563397 |
683   | 0.0060104213338348280032  | 0.0079254361070764094838  | 0.00047114762113929006121 |
684   | 0.0092099690804978394387  | 0.00959637756496067168    | 0.00037465472403666523916 |
685   | 0.0018363079626852077224  | 0.0049998757276245569398  | -0.0089056535838504726627 |
686   | 0.0019334030214316893104  | 0.0058017076856210787056  | -0.0015951285042212555877 |
687   | 0.0048757998599338317133  | 0.0019422293905527142615  | -0.00062089648154026438193 |
688   | 0.0010700279223166814496  | 0.0044505583237418495923  | -0.0017400948446364842073 |
689   | 0.0080361571180197106934  | 0.0055462015203023304691  | -0.0022227307686969550657 |
690   | 0.0010296861239175595162  | 0.0090905199053526435787  | -0.0054183312094708080756 |
691   | 0.0037044139098905606161  | 0.0048149209335839283572  | -0.0050445440598825977765 |
692   | 0.0073074783554433354188  | 0.0013878009091414982099  | -0.0058535722676835528697 |
693   | 0.0011329559436782945213  | 0.0017837928679294457347  | -0.0065790596792289646882 |
694   | 0.0019728337667166478617  | 0.0021913403897633612974  | -0.0038540113026089089197 |
695   | 0.0064669041485958221605  | 0.0048967409774276736412  | -0.0051368004772557682852 |
696   | 0.0070034559580192780673  | 0.0036843667006920041013  | -0.0083599240148563534747 |
697   | 0.0071011229909467349017  | 0.0078879571121352291818  | -0.0072363777049917581141 |
698   | 0.0072884757701020125298  | 0.0017513582016612260807  | -0.00057219018739511459844 |
699   | 0.0065378732627534141136  | 0.00084747456025175478978 | 0.00054695353030116602294 |
700   | 0.0038192232432448934738  | 0.0088924851074921353045  | -0.0050233343463107890323 |
701   | 0.0049680353917811274911  | 0.0048118500980066725506  | -0.0058379706801946458852 |
702   | 0.0066195313269419948574  | 0.0061092892462956899582  | -0.0028918088025773726682 |
703   | 0.0021049108406850274358  | 0.0046646293700918928932  | -0.0029248273381316559905 |
704   | 0.0076609749224911599316  | 0.0036402413599326516151  | -0.0085301095404942493122 |
705   | 0.0037124549216765150711  | 0.0041617259040216238522  | -0.0016108995085294586149 |
706   | 0.0067897665419158160713  | 0.0065329410770551049267  | -0.0065670043335826775235 |
707   | 0.00061163245399612376375 | 0.0095694489483870992519  | -0.0016210573110573861955 |
708   | 0.0099138105586386981311  | 0.0016350456335195552929  | -0.0069532521776582371237 |
709   | 0.0045140208312047297098  | 0.0039452647563303971587  | -0.0011690375580807358617 |
710   | 0.0001044192267010010341  | 0.00097175311767464943487 | -0.0079055168523891571064 |
711   | 0.00442182179491598399    | 0.0063258511544965435533  | -0.0055458505984712245726 |
712   | 0.0046711121802351695045  | 0.0048062580402730113727  | -0.0021272211396680712654 |
713   | 0.0084130750391718366749  | 0.0038740199394468044503  | -0.0057400131583099870541 |
714   | 0.0044213658055080665155  | 0.0031635295802034117847  | 0.00067915953491584732816 |
715   | 0.0060499024494944505723  | 0.0080300350804737262445  | -0.0086040259658527670772 |
716   | 0.0017994068625185454403  | 0.0026020849315294566038  | -0.0067229914046983488274 |
717   | 0.0036857700274020264997  | 0.0085222742652765470783  | -0.0061981154988549336249 |
718   | 0.0069227471213132545091  | 0.0029446791401366648189  | -0.0021005136420895373882 |
719   | 0.0030075445441637461974  | 0.0027185357609192692223  | -0.008839267449497924603  |
720   | 0.0072390974077606133619  | 0.0097227668984394347018  | -0.0034182774872255571562 |
721   | 0.0029291029373362874148  | 0.0066183327615231598434  | -0.0076274048627927902924 |
722   | 0.00030787324290266110437 | 0.0043329893879039240237  | -0.003958639126635837141  |
723   | 0.0063744410673265078718  | 0.0022450795325946481563  | -0.0043408954930661053026 |
724   | 0.0013189662365111381234  | 0.00042556293386259141237 | -0.0043842468968031600082 |
725   | 0.0053766474346825443228  | 0.00093719975868981723888 | -0.009527418498478297873  |
726   | 0.0018202621530221817399  | 0.004416426914845652564   | -0.0049840656308459390517 |
727   | 0.001063013193467408999   | 0.0028181765513765047113  | 0.00096085133029295746038 |
728   | 0.0067911048581359486492  | 0.0091569149020086521712  | -0.0077678999342305219203 |
729   | 0.0078160166663473942122  | 0.0016452173001499422605  | -0.0077359658163678778411 |
730   | 0.0068544274964840584685  | 0.0089931212319985832926  | -0.0093043567885388728245 |
731   | 0.0071105170757046658528  | 0.0039799283209812257381  | -0.0089898760268401958079 |
732   | 0.0048987805447193262173  | 0.0028490033813520932587  | -0.0051484732029017637317 |
733   | 0.0086646230567258286648  | 0.00096452444929130025982 | -0.0063653195171798973573 |
734   | 0.001343795199114218011   | 0.0092671683423857249134  | -0.0016710389825464510086 |
735   | 0.0027663781539192630783  | 0.0091794647676648709334  | -0.0036705559038370735858 |
736   | 0.0023151382137811368951  | 0.006417550779518801235   | -0.0011289436866392449019 |
737   | 0.0010417490833545010528  | 0.0064566185993709807045  | -0.0038000897255947344543 |
738   | 0.00046781684779466093911 | 0.0066175506704366409208  | -0.0072804136407741207315 |
739   | 0.007351713213395748292   | 0.0067520842711653317192  | -0.0069712948445181735502 |
740   | 0.0097045795764804793082  | 0.0066201640719307291647  | -0.00045074604094862906044 |
741   | 0.00052513394369066966356 | 0.0045904745548301997826  | -0.0081073795911026091954 |
742   | 0.0043030947312353365342  | 0.005700781309806017029   | -0.0042405263370794057248 |
743   | 0.0082783050619378659857  | 0.0069078549218330861578  | -0.0015989943979281549032 |
744   | 0.00084566932944946072385 | 0.0057631749053464742527  | -0.0072404771471855314952 |
745   | 0.0013805965181914031919  | 0.0059829636091204563275  | -0.006573125056458566963  |
746   | 0.00053423303376279448682 | 0.0073286186041192557736  | -0.0075511323767338727267 |
747   | 0.0053859958373378155963  | 0.0014057775546617954244  | -0.0029375773204918741686 |
748   | 0.0097824081105169838346  | 0.0068156835100820142848  | -0.0065867519431023141899 |
749   | 0.0075276615962306244953  | 0.0066626374726679680333  | -0.0079008799295502332022 |
750   | 0.00082053549913311206974 | 0.0014448914498967062748  | -0.0050578282369844350039 |
751   | 0.00081435140967510205243 | 0.0044900905773126069745  | -0.0045046987251097080768 |
752   | 0.0058044838392973625504  | 0.0023157137746616426183  | -0.0084428889708674844522 |
753   | 0.0082894845237893172163  | 0.0049538413535097679599  | -0.0044284269992559332704 |
754   | 0.0072063776585258362134  | 0.00183152098201495926    | -0.0048166402814323883153 |
755   | 0.005240007996762488171   | 0.0051220990266955881975  | -0.0078651141941355456194 |
756   | 0.0041671860843037989916  | 0.0066718626084153204864  | -0.0050166567742514411518 |
757   | 0.0059981990769528391316  | 0.0058933232840126656069  | -0.0041727078107343410981 |
758   | 0.00028462037455786478148 | 0.0071944213623052494927  | -0.0020197717988887108932 |
759   | 0.0048293433997611649733  | 0.0064390540438436488085  | -0.0044752500055813410063 |
760   | 0.0012953558574752277455  | 0.0077120606729811852845  | 0.00083891486869322375725 |
761   | 0.0011434698297029437589  | 0.0076688904268973510578  | 0.00013081979538275386376 |
762   | 0.00046126336505007535125 | 0.0046679796093441507099  | -0.0060091564391698357867 |
763   | 0.0016024582487028935299  | 0.0093177378827145919404  | -0.0010418646997163202427 |
764   | 0.0053723327772406482064  | 0.0091810727336889639411  | -0.0076627920303009551886 |
765   | 0.0072804519946778672654  | 0.0095121084091780438996  | -0.0059650255495380796397 |
766   | 0.0055573242370221603501  | 0.0011478465773993782022  | -0.0021433323670530185848 |
767   | 0.0043774391630825781538  | 0.0054986762960214990645  | -0.0080352863143806525781 |
768   | 0.0097999580509228294278  | 0.0094159308035095586747  | -0.0094327045772414439689 |
769   | 0.0097764588149299690156  | 0.0051683374975665698214  | -0.0066080337310576537854 |
770   | 0.0038477251707314742875  | 0.00069164572699288034714 | -0.0029602279039464716656 |
771   | 0.0083131196048475877042  | 0.00074897328734144631799 | -0.0037073611080441107139 |
772   | 0.0050485886778032559169  | 0.0045050903978821540963  | -0.002128579041994740819  |
773   | 0.0053196319161135426773  | 0.003283883355566637359   | -0.0019956440798882600467 |
774   | 0.0028883530178034147462  | 0.0074586753398318238195  | 0.00072786470097806806739 |
775   | 0.0055340730946382811831  | 0.0093744259112509501636  | -0.0079941078808609469797 |
776   | 0.0054208010549385296853  | 0.0056955455099632233337  | -0.0043946034976181744952 |
777   | 0.0074759401712343664589  | 0.00081711493015840274464 | -0.0052043927970749741252 |
778   | 0.0088088499222031043517  | 0.010007280466565651039   | -0.0081809285084492242013 |
779   | 0.0051878236119136016471  | 0.0047981813784247805479  | -0.0043876225724344478096 |
780   | 0.0089330606768700838993  | 0.0059230275325603473635  | -0.0053571289788905398707 |
781   | 0.0062394409907629592646  | 0.0022690139112406613325  | -0.0083459197811838695819 |
782   | 0.0024992639759085031465  | 0.0023759410346592562714  | -0.0021543807115231377279 |
783   | 0.0037492820348892608     | 0.00012689094061460953018 | -0.001330213010841071325  |
784   | 0.0052008746028609177323  | 0.0055281765285630467266  | -0.0072562926501785222563 |
785   | 0.0070910064473569105886  | 0.0035160826253418609941  | -0.0021443740694894858866 |
786   | 0.0055650379797655335698  | 0.00017620334033881113601 | -0.0069243741793971668938 |
787   | 0.0090391299926922078628  | 0.0052759362762306548367  | -0.0046732524099436442699 |
788   | 0.0063156051950543409118  | 0.0025538495010820920147  | -0.00050605169364902882409 |
789   | 0.004060400170926533811   | 0.0062805119369180161665  | -0.0025678452526897367798 |
790   | 0.0015491568329217154237  | 0.0062725024870392154935  | -0.00075528686057570052284 |
791   | 0.0033549954581717660908  | 0.0026689611054367930534  | -0.0016092788031131799193 |
792   | 0.008449474627396938442   | 0.005180686902546251596   | -0.0025673331923440141818 |
793   | 0.0098780892944631791541  | 0.0043955012614664530982  | -0.0092399978576562565719 |
794   | 0.0031687693104988827811  | 0.0012596816583180297719  | -0.0037477213062750325441 |
795   | 0.0076621891369296670632  | 0.0033243286346975910173  | -0.009158997268700326197  |
796   | 0.0059558770702198404051  | 0.0051266084585372779722  | -0.0012983579514683682692 |
797   | 0.0021456176517260167405  | 0.0056399510933119942346  | -0.0014416061065679439297 |
798   | 0.0074201254468878891785  | 0.002652373745594123304   | -0.00084196571658206329283 |
799   | 0.0043172010315545060813  | 0.0072808367342934521629  | -0.00094739721528764827326 |
800   | 0.0067069676364329847487  | 0.0092595697708597966141  | -0.0029287448511405213963 |
801   | 0.0063424894280979153896  | 0.0073640552550809802029  | -0.0090771797997143809783 |
802   | 0.0031304615295345908366  | 0.004564304133085746347   | 9.0910763126003356631e-05 |
803   | 0.0049244269932850826335  | 0.0097514175693968769415  | -0.0088903155808136707927 |
804   | 0.0030505381919214676414  | 0.0060272188335191807448  | -0.0052326060906337165668 |
805   | 0.0013507069905096457871  | 0.0044300240433006168525  | -0.0034713570500675768223 |
806   | 0.0076466885614214826633  | 0.0063132383191899796651  | -0.0010666092656791174246 |
807   | 0.0062319771588603706941  | 0.0050505706383443711716  | -0.0034960161122264609909 |
808   | 0.0085156794014259254433  | 0.0042223187314881990839  | 0.00083283895116110281259 |
809   | 0.0051861055115643428515  | 0.0097005168430529132434  | -0.0072591683051924007358 |
810   | 0.005639502201612401483   | 0.0047022352459852876164  | -0.0018056427819611469733 |
811   | 0.0093974913707316320294  | 0.00069562190647264423356 | -0.0071736041110957446745 |
812   | 0.0096380892409543110488  | 0.0089713764721387184026  | -8.8926194306010577167e-06 |
813   | 0.0012245670198643245682  | 0.0022191038509254390997  | -0.005493101026234017796  |
814   | 0.0063547609384379611167  | 0.00015349827105442287087 | -0.0024318764701697528734 |
815   | 0.0055180782072143655034  | 0.0041074930515506181961  | -0.00807297936963322256   |
816   | 0.0086688398363509427264  | 0.0099734219938539120376  | -0.0047555453201125561652 |
817   | 0.0079766569679444888213  | 0.0071302243253556418442  | -0.0051271647876479434225 |
818   | 0.0073733698837631159173  | 0.0056727692723424413823  | -0.0083679450694306035247 |
819   | 0.0034368386977080530101  | 0.0036325380668451733197  | -0.0012614835723431391205 |
820   | 0.0079664077544447133017  | 0.0017342745776312562533  | -0.0038101374378729214142 |
821   | 0.0035581633829495796367  | 0.0085904194597962359875  | -0.0013667684244550195021 |
822   | 0.0077521702798786515723  | 0.0080417471377373650476  | -0.0095929537219791756464 |
823   | 0.0041052061588142769663  | 0.0049552507014398476312  | -0.0055901386085766991557 |
824   | 0.0035775286038132163985  | 0.0096539878479016266732  | -0.0077835766512749171922 |
825   | 0.0038423461004163839312  | 0.0094723085431593252725  | -0.004873792546942090631  |
826   | 0.0011479960664505304939  | 0.00764697405618228708    | -0.0081191983855547766868 |
827   | 0.0088978538283211953269  | 0.0083967960014536668217  | -0.0072075390062187457904 |
828   | 0.0094748071491722908599  | 0.0098011848128073380398  | -0.0029867313505582554489 |
829   | 0.0069840237831495172519  | 0.0081510751575602103519  | 0.00030207469395251811128 |
830   | 0.00038183465809144039515 | 0.0050375515339959363662  | 3.8932599079851792738e-05 |
831   | 0.0081621503132125582808  | 0.005708588066285712713   | -0.0033240478181937541807 |
832   | 0.0076595094623953608251  | 0.0020061301409102058786  | -0.0055662546394974858621 |
833   | 0.003794291284772342409   | 0.0036929658734293152947  | -0.0080367681305604371511 |
834   | 0.0013007047925165863937  | 0.0059949595913706922243  | -0.005402663614624261465  |
835   | 0.00012969795181267022659 | 0.0028041841723093104133  | -0.008060213500831331368  |
836   | 0.0071234244348139961686  | 0.0046614035637052731592  | -0.00080154832974896523829 |
837   | 0.0022866506807857974078  | 0.0031002128248486349009  | -0.0012507139696159529346 |
838   | 0.0036959342519680979736  | 0.0013218361232841700434  | -0.004404974586106222452  |
839   | 0.0087785748053208906283  | 0.0067110134516564137058  | -0.0044395140029246660252 |
840   | 0.001668972069630069192   | 0.006743894766257491763   | -0.0086100736969767343448 |
841   | 0.0086674362303412605391  | 0.0067409620448275484397  | -0.0010337982169119405013 |
842   | 0.0055463334018838721801  | 0.0068169296796910840153  | -0.0065956800813164705166 |
843   | 0.0084658044177105280098  | 0.0087715737412940690543  | -0.0075405519165572922405 |
844   | 0.00011563394678518538995 | 0.0076533814865332883831  | -0.0055065624916099207425 |
845   | 0.0089299959809532938881  | 0.0051052180107315735247  | -0.0029674797474288530479 |
846   | 0.00832680508388797605    | 0.00044163195117296146679 | -0.0065578207365279582094 |
847   | 0.0099173052492040041778  | 0.0057174690789982404379  | -0.0028144254328985422731 |
848   | 0.0068009892476584435719  | 0.0098481238621804974287  | -0.00011690901025180029194 |
849   | 0.004440563871498730622   | 0.0071073497035466781657  | -0.0021024950759067390256 |
850   | 0.00061236847263594358214 | 0.0031144606413380827858  | -0.0026708643130621380693 |
851   | 0.00042472632263169214032 | 0.0024996475627694922719  | -0.0082286816582437371376 |
852   | 0.001960677419094590708   | 0.0027179273063465706969  | -0.008706078551596666687  |
853   | 0.0064561555012861114589  | 0.0036060284220765423911  | -0.0019570004834518778952 |
854   | 0.0063733187503895970261  | 0.00054922885229275245338 | -0.0037074122974777678867 |
855   | 0.0036801780345722496721  | 0.004571154635653979989   | -0.0049482443908300749805 |
856   | 0.0026095805469726362537  | 0.0019536463835697361578  | -0.0062013794658541815386 |
857   | 0.0034061873395230452856  | 0.0094247960729820345199  | -0.0086246732047859150233 |
858   | 0.0091499140598871805952  | 0.0035468128524612820007  | -0.0036414827745608574321 |
859   | 0.0090357725562979773759  | 0.0032011986411968579129  | 0.00057251778701788904463 |
860   | 0.0028830312775348630218  | 0.0040228341665701191146  | -0.0048197287733289474396 |
861   | 0.00023647448674385989817 | 0.0025117384300717224971  | -0.0075807510238077805559 |
862   | 0.0012240297599591415823  | 0.0035761315245943776746  | -0.00066364021920841797381 |
863   | 0.0018512836400131859032  | 0.0077334188305148536535  | -0.0065704393542727066238 |
864   | 0.0036988089047367174456  | 0.0054230201317710686332  | -0.00045219522930003893399 |
865   | 0.0095123376581544086261  | 0.0016002395074148382734  | -0.0041571798741296701191 |
866   | 0.0061216453721983183842  | 0.0028679182614344605681  | -0.0060692814654773981006 |
867   | 0.0052840098665959088498  | 0.00094133964366346456303 | -0.0044951656285863858184 |
868   | 0.0072297538705618381166  | 0.0091802197193863021435  | -0.0077340546842353851201 |
869   | 0.00098457787654083919575 | 0.0067390241195109459871  | -0.00072699519885523189704 |
870   | 0.002553127164299495537   | 0.008873805302850172258   | -0.0071611807986451019373 |
871   | 0.0071887945351504847769  | 0.0067547774746024554296  | -0.0057532203128143931739 |
872   | 0.0012733623940591018604  | 0.0031888050133309598852  | -0.0050183725543101924751 |
873   | 0.0086229032215411702961  | 0.00062794519084949742584 | -0.0040079434789043457896 |
874   | 0.0024727999953443129642  | 0.00055012230690001538615 | -0.0031969137249686645393 |
875   | 0.0039385766562443471142  | 0.0078444685287751021036  | -0.0076950695887739485601 |
876   | 0.0034986647157057809525  | 0.003617966293103824435   | -0.0056149257550817564463 |
877   | 0.0048186249570072430676  | 0.00024155998217288002293 | -0.0058163710244717604231 |
878   | 0.0065208885345939583689  | 0.0051568809080404249406  | -0.0076385493415221192987 |
879   | 0.0082412583920398428672  | 0.007548318292685225056   | -0.0032455004272499655624 |
880   | 0.0047295665874484303301  | 0.008775892905153719753   | -0.0078648882875735452724 |
881   | 0.00084438574479818050058 | 0.0047364743168671315579  | -0.0063898466514517868534 |
882   | 0.00328310539678522504    | 0.008128317612644082521   | -0.0073235042630277330522 |
883   | 0.0061080156886424308987  | 0.0013053173232985988955  | -0.0070345734061383830352 |
884   | 0.0035171073010353045424  | 0.0027482144428315267819  | -0.0052971230972232302703 |
885   | 0.0084910733748267165633  | 0.0074926347699856791357  | -0.0023746056723947320255 |
886   | 0.0015282597474098132042  | 0.0086086594626092038246  | -0.0044041323231362285509 |
887   | 0.0036576742261285656067  | 0.001989383539836317525   | -0.0059553456729562973676 |
888   | 0.0043895342194473106409  | 0.0065436176195925186208  | -0.0033767555399714164859 |
889   | 0.0057682633870404977777  | 0.0066651832666176904704  | -0.0071314470919345077093 |
890   | 0.0022832801338456359085  | 0.0018784292310601098837  | -0.00040094627257205006079 |
891   | 0.0025114053536987234957  | 0.0097398605963535406921  | -0.0039267845645495763618 |
892   | 0.0012351678706023351377  | 0.003151215923814541537   | -0.0079599998718492982058 |
893   | 0.0064287241454402512322  | 0.00021047482822031217463 | -0.0031977325449174575159 |
894   | 0.0099735726842484929283  | 0.0059047999540466295301  | -0.0083570776283050599714 |
895   | 0.0062078668409816621654  | 0.0049085511483962611379  | -0.0070954870372396602884 |
896   | 0.0080031276896984551023  | 0.0038566010011321515301  | -0.00027047069853422355109 |
897   | 0.0097920953729292766615  | 0.0038902390907431636143  | -0.0076296136216207110017 |
898   | 0.0086522659734372779627  | 0.0055778323014478844652  | -0.0032934083859790966135 |
899   | 0.0098586969290289736684  | 0.0083710693504639738932  | -0.0033431917579005441046 |
900   | 0.0016909228109044695254  | 0.0016595392230896331611  | -0.0020391773863733622142 |
901   | 0.0039895698775115080031  | 0.0016599341705930458282  | 0.00029057356274094279071 |
902   | 0.0064569905111929153801  | 0.006925358363118636236   | 0.00079794922515437263083 |
903   | 0.0032309069748869671292  | 0.0042235532748201862555  | -0.0031838184000256529449 |
904   | 0.0095779454910286752206  | 0.0067444019719270359436  | -0.0017633089657923942985 |
905   | 0.0081271009257172181078  | 0.0083349460992457862635  | -0.0066526982539177768536 |
906   | 0.0045081271112766014425  | 0.0015612789108915719506  | -0.0070114507553004695381 |
907   | 0.0038423821920974547857  | 0.0029984252712787051037  | 9.3145393712506258251e-05 |
908   | 0.0095341142997445917778  | 0.0060706212891104456564  | -0.00045270091743195240092 |
909   | 0.0029005205151537475326  | 0.0026317128317365949888  | -0.00053183415493248070802 |
910   | 0.0063560449290683560322  | 0.0021992366291407085266  | -0.0061801208870715454435 |
911   | 0.0088362046001307301135  | 0.00033201653560652682291 | -0.002608629307004840716  |
912   | 0.009296201502250696358   | 0.0019905418381353881009  | -0.0051437716180485464762 |
913   | 0.0043040989566053471441  | 0.00037311022846707041396 | -0.0091137958409418639433 |
914   | 0.0025409009626586845539  | 0.0087226822507258158085  | -0.0048650613894414438884 |
915   | 9.0767933470762838838e-05 | 0.002492467694570356905   | -0.00063848998064945064641 |
916   | 0.0030015255257394755049  | 0.0055913967959620855183  | -0.0032983317516855955448 |
917   | 0.0036593119489574141116  | 0.0088866709701358893164  | -0.0062415260294169001842 |
918   | 0.00071885489205626761176 | 0.0099635767438974228577  | -0.0064473880156003249287 |
919   | 0.0045983190727106066503  | 0.003826541578126474788   | -0.0016893881259052688504 |
920   | 0.0016089088225407703441  | 0.0038912910829592309118  | -8.0909815521587862691e-05 |
921   | 0.0037241798015770826921  | 0.0070629404630564943807  | -0.0029896612117230759315 |
922   | 0.0040513622983178775375  | 0.0005593202839319311127  | -0.0026562516403073332949 |
923   | 0.0049494568811967514996  | 0.0026239760298308496822  | -0.0035243644568617579424 |
924   | 0.0079205925681181624937  | 0.0074997183335203648075  | -0.0033959580662725808754 |
925   | 0.0048516298463119932396  | 0.0076241658729512204462  | -0.0012820294847603228797 |
926   | 0.00044630728365880245525 | 0.0089598696113540633734  | -0.0069966178276821330145 |
927   | 0.0080961103737345486292  | 0.0094555838227245794791  | -0.0056681598349571241449 |
928   | 0.0061877969475084030823  | 0.0037290658515968760738  | -0.0031769204620780938479 |
929   | 0.0085285293298648055804  | 0.009131860477585612007   | -0.0061126954503598869908 |
930   | 0.0065155165238418065801  | 0.0046608546272873078997  | -0.0026455702244516437691 |
931   | 0.00035517963952697543953 | 0.0070448602779443836655  | -7.8322098662721682805e-05 |
932   | 0.0042883565152307401291  | 0.0012598886060181998386  | -0.0053251390110788821702 |
933   | 0.00095231089002064458083 | 0.0089097453439948657433  | -0.0065763146561253794931 |
934   | 2.3941203711213537023e-05 | 0.0079543756011704880304  | -0.0022635842224226396767 |
935   | 0.0074034535806582679393  | 0.0027776560188798350703  | -0.0027380397179734370511 |
936   | 0.0061469393150581407362  | 0.0030234599605904344949  | -0.0052092657579683107616 |
937   | 0.0097883901568650739933  | 0.0038135968770922445796  | -0.0045851552059617108406 |
938   | 0.002802529876380140117   | 0.0076434385102954818803  | -0.0062638461575683698074 |
939   | 0.002852390639202926053   | 0.0048578704064493223591  | -0.0055579447086815426948 |
940   | 0.0015715578281282941396  | 0.0045040926457196386878  | -0.0087632059291557901082 |
941   | 0.0043864056506920674067  | 0.0040526470060547412771  | -0.0074106085441004799011 |
942   | 0.0035033238440982951943  | 0.0044140745158567007075  | -0.0028121655182472447485 |
943   | 0.0092241087987916629831  | 0.0094326802140405063835  | -0.006403235423779515996  |
944   | 0.0041860095650846302143  | 0.0031649514277593505593  | -0.0047054434044657518152 |
945   | 0.0047017275322967641213  | 0.0077892679764658559818  | -0.00021037400223664569875 |
946   | 0.0058767065431000378023  | 0.0066297642328262389871  | -0.003603308766645703029  |
947   | 0.0068340200778729508213  | 0.001596316150232349098   | -0.0030420337952546255833 |
948   | 0.005890299097879354677   | 0.0070546121910605424227  | -0.0045543790294416235109 |
949   | 0.0060028941277716343569  | 0.0046056731183947655778  | -0.0062538358432146553406 |
950   | 0.0025905953813121379049  | 0.0013733598792813801227  | -0.005080321929209154555  |
951   | 0.003201057064172250187   | 0.0098999926899122452084  | -0.0081600469988462268761 |
952   | 0.0046735388816181019575  | 0.0025787820360277605852  | -0.0027521286954404053024 |
953   | 0.0034448313914288075308  | 0.0023086438279932212751  | -0.0076324164299560442321 |
954   | 0.0068133276459615612491  | 0.0097642506128402858229  | -0.0024621510705153553701 |
955   | 0.0074107819776619869231  | 0.0038276427334109114527  | 0.00059279785908487089147 |
956   | 0.0015547811408190572412  | 0.0016105450639764390657  | -0.0045989498738298346253 |
957   | 0.0027546496402633645351  | 0.0068709667703007685363  | -0.0037513224215896148576 |
958   | 0.004399709282451438018   | 0.0026406770531954568484  | -0.0056220098355237438023 |
959   | 0.0042086058734612970256  | 0.0058630092423248222899  | -0.0023174184248547337675 |
960   | 0.0039351042634036938542  | 0.0032255577082933389009  | -0.0045054584732170501263 |
961   | 0.0083476451442845434059  | 0.00039066527545368134964 | -0.001346753727636147745  |
962   | 0.0049012290438106157278  | 0.0038790755676647897983  | -0.0016123867438597584527 |
963   | 0.0045834665863862551066  | 0.0052256874086537364113  | -0.0058743886169277228018 |
964   | 0.0058185308251044870476  | 0.0031241872956236631936  | -0.0033924367148018457277 |
965   | 0.00047350387889156804033 | 0.0070508144940606759174  | -0.0018177630704815437961 |
966   | 0.0014357829900292324535  | 0.0086891303916506890809  | -0.0061678780646148593722 |
967   | 0.0090290034137098500872  | 0.0042804744861077081639  | -0.0015798079390667795451 |
968   | 0.0028095173173499727801  | 0.0033711208593218138126  | -0.0050901370638032359187 |
969   | 0.0052537716911887832535  | 0.0086178978330872478553  | -0.0090759805824012652203 |
970   | 0.0053397838671449893502  | 0.0069736740265914989867  | -0.0074521223750262438265 |
971   | 0.0075232508023356809562  | 0.0022234709532956337986  | -0.0027647050235228088147 |
972   | 0.001930928691320017666   | 0.002617447490629996442   | -0.0019939678561132849997 |
973   | 0.0031573772146118515673  | 0.0045078027683738697284  | 7.379622269461160811e-05  |
974   | 0.0026451954804030523329  | 0.0012620896601515689192  | -0.0092502121786241717216 |
975   | 0.0018014906015261906123  | 0.0082661584749363706259  | 0.00049479114707325685257 |
976   | 0.0027230848025742932297  | 0.0051191568428194675691  | -0.004698151616970491426  |
977   | 0.0034417142176693085905  | 0.0027241565550867896141  | -0.0006171995407344079039 |
978   | 0.0087680445251823325298  | 0.0094431753801469085763  | -0.0059198350091997026592 |
979   | 0.002123638095491122129   | 0.0084898246954068484066  | -0.001772462647529339649  |
980   | 0.007095361569599258067   | 0.0028229518933210904705  | -0.0044497863738285538954 |
981   | 0.0091454454533644105596  | 0.0081825649822431442693  | -0.0026359022466664388737 |
982   | 0.0050774502099810792446  | 0.00087260222908276360073 | 0.00069406520118533206881 |
983   | 0.0034384904541286944943  | 0.0046132278216971678991  | -0.0079113003203905261917 |
984   | 0.0093751316120575956675  | 0.0014812175518070758943  | -0.0092186887624496876431 |
985   | 0.0046611648777451341469  | 0.0068245449039177254885  | -0.0027367813661939629361 |
986   | 0.003388092415352226671   | 0.0017829036949559107054  | -0.0047947340270029720558 |
987   | 0.0064186027609714497305  | 0.0042814637214510318369  | 0.00061734046048677162014 |
988   | 0.0049847309737119536652  | 0.0013299405485831534545  | -0.0064681313418515195418 |
989   | 0.0022288452534345842143  | 0.0012167917428189001933  | -0.008639256783423133329  |
990   | 0.0066225045171246308545  | 0.0067242136046790929732  | -0.004149871362093522989  |
991   | 0.0031334579597497888397  | 0.0077844825684857919812  | -0.0081868937943753456593 |
992   | 0.0091534275699489964229  | 0.0059556166346430728514  | -0.0030378966255266330945 |
993   | 0.0029328501646021256331  | 0.0014237443655173644304  | -0.0091049633041235950026 |
994   | 0.0071123493855302288499  | 0.0062324451796064135947  | -0.007636489351491361835  |
995   | 0.003577437467003453421   | 0.0028322411119646602982  | -0.0074957059213456821156 |
996   | 0.0040126022277779740954  | 0.0039740846174636133489  | -0.0071326831181622238343 |
997   | 0.0039181059209650037634  | 0.0027214442568535301449  | -0.0004956301865182276712 |
998   | 0.0084581758195879878232  | 0.0068138339461995892088  | -0.0058616937046757702778 |
999   | 0.0041674964511789923047  | 0.0039386158323907894535  | -0.0053473272747531826882 |
