N			X			Y			Z
0     | 0.0070276001158264857216  | 0.0049746754761069069545  | -0.0033468983741214660722 |
1     | 0.0074238556220211108713  | 0.0043967617969605347905  | -0.0033684828146087887439 |
2     | 0.0014242480255763165925  | 0.0080644058930806183233  | -0.0091053447249116355178 |
3     | 0.0061371098253475177275  | 0.0010188075479516940473  | -0.0026073818625998988231 |
4     | 0.0089689186842961000218  | 0.0080093075050627574735  | 0.00025511486876348305223 |
5     | 0.00070568484968869791586 | 0.00099531981982381423878 | -0.0056042327207911218911 |
6     | 0.0022544674384853760629  | 0.009574858090490027257   | -0.0078939718947776474356 |
7     | 0.0069234943973275073562  | 0.003192330197715986112   | -0.0064520277394930006243 |
8     | 0.0060816797162416089823  | 0.0089970518054149836717  | -0.0026064847757378368717 |
9     | 0.0038132066426907551895  | 0.00038421292479695314187 | 0.00040638108862937460247 |
10    | 0.008643431284800053363   | 0.0069140712164836642603  | 0.00044344651147125522389 |
11    | 0.0097178991124872680929  | 0.002273449957940859318   | -0.0091300757492434533868 |
12    | 0.0032322041860188164761  | 0.006071175043788970549   | -0.0045434895139961958138 |
13    | 0.00087265332620269997835 | 0.0046649606011583827359  | -0.0071298039931144020082 |
14    | 0.0035500100738729079355  | 0.0088854284813944441751  | -0.0045515067954639771078 |
15    | 0.0060661953979931253558  | 0.0051977965085643357962  | -0.0063105875287208252483 |
16    | 0.0079217933837276554437  | 0.0069082720744877519278  | -0.0048364630729056702629 |
17    | 0.0060847698424046419916  | 0.00082793025020352635068 | -0.0024668296963429215025 |
18    | 0.0075049948004423817222  | 0.0018056055048061481118  | -0.0082899749201201869409 |
19    | 0.0090634825104638685328  | 0.0079574524912373687663  | -0.0051662007268240108318 |
20    | 0.005793671546779772738   | 0.0054370152504604170665  | -0.0037741350647353291529 |
21    | 0.001887895624782783997   | 0.0086836040935634305898  | -0.0050450876867681876403 |
22    | 0.0092997086913164089123  | 0.0019984404645067401288  | -0.0042286677430355447405 |
23    | 0.003447992024896928253   | 0.005936057488956553857   | 0.00025634308703768946946 |
24    | 0.0058483886761070405166  | 0.0074388941180722487415  | -0.0049149406324504449003 |
25    | 9.6529464689186639253e-06 | 0.0085271318599036624586  | -0.007734001646947088679  |
26    | 0.0052242373744883913167  | 0.0049206491610438909262  | -0.0035758848340645948277 |
27    | 0.0044923655923848511418  | 0.0029031764930300147515  | -0.0083945367907054466161 |
28    | 0.003357530225275576468   | 0.0072393036554366041804  | -0.0040236991972550312582 |
29    | 0.002040692705779177489   | 0.0096938308128681361514  | -0.0067381972107133569425 |
30    | 0.002427903800023514802   | 0.0047911732165604684758  | -0.0086742531451093601164 |
31    | 0.0071769855166423698195  | 0.0085414654318701887376  | 0.00062928143476897937126 |
32    | 0.0083851631996143035502  | 0.0011649464909787323168  | -0.00010882943418081065981 |
33    | 0.0094572985122264394825  | 0.0010672111239268451156  | -0.0022743054803002586695 |
34    | 0.0058250092132998473188  | 0.0070981732669553581488  | -0.0051951402692034529332 |
35    | 0.0056146995512224113709  | 0.0034755114567837181935  | 0.00011617050778031700123 |
36    | 0.0037556715700176918245  | 0.0065182894999158405222  | -0.0068294533340223341836 |
37    | 0.0067862908264969172903  | 0.0074525570631070398378  | -0.0034059531030383020413 |
38    | 0.0035362652179396930098  | 0.0069870375979203354008  | -0.0042157914942930309679 |
39    | 0.0068924949675299596735  | 0.0065606654245999821568  | -0.0048002710932038205813 |
40    | 0.0047794312013116633034  | 0.0076007635433950841014  | -0.00760172473960540971   |
41    | 0.0032293997146520155017  | 0.0031352715306277576836  | -0.0080154931996204194233 |
42    | 0.0037630765571924702957  | 0.0063297908893345114847  | -0.00066667321844090490952 |
43    | 0.0089827317749366780708  | 0.0067575459733846404697  | -0.0017901865429468580802 |
44    | 0.0092154738969084729061  | 0.0098355173145557705378  | -0.0015234560216466081894 |
45    | 0.0085023086142997448406  | 0.007771835391406405058   | -0.0042657236674563071485 |
46    | 0.0099395004128937942262  | 0.0069838502780357608613  | -0.0051150285569906781685 |
47    | 0.0015348872341182072127  | 0.0022611462119554921225  | -0.0058409289513664938362 |
48    | 0.0087408927161307589659  | 0.00063595257255547900637 | -0.0074955101951479979547 |
49    | 0.0015981560461829191332  | 0.0081045479613472987818  | -0.0052669580886648735898 |
50    | 0.0071311024753792561989  | 0.0024545615624395346853  | -0.0072967158658522462966 |
51    | 0.0071578236058870599312  | 0.0020661626841217833883  | -0.00084406216481139350639 |
52    | 0.0031683026257326245799  | 0.00031887447202599844423 | -0.003182638795250441674  |
53    | 0.0017806352059199070242  | 0.0023442670893172230275  | -7.2413407816122586668e-05 |
54    | 0.0049996436942128918285  | 0.0051338740815065030121  | -0.008132734155504929216  |
55    | 0.0082841428547512970665  | 0.0010216833234580730526  | 0.00069542345151326419479 |
56    | 0.0054544021578822520988  | 0.0063420838432970772294  | -0.0085930431578466696246 |
57    | 0.0025940920755866021807  | 0.0036192739187162399107  | -0.0058801885978247269565 |
58    | 0.006085014909599241982   | 0.003076509442109920129   | -0.0064564983085954917932 |
59    | 0.0091424539273440574849  | 0.0078284012113076194284  | -0.00059390947869695902023 |
60    | 0.0053143382502168993314  | 0.0070240692812047400215  | -0.0056743950106918628062 |
61    | 0.007941839831403795652   | 0.0068287174169248694017  | 0.00013551148558549834912 |
62    | 0.0042583740792273283571  | 0.0057505694870268325714  | -0.005741657934398484639  |
63    | 0.0018482306073465352286  | 0.0099388036317896201466  | -0.0032541352022680139836 |
64    | 0.008990535324565604447   | 0.0065716437537139682501  | -0.0087876738880657504632 |
65    | 0.0093262606060332455676  | 0.00090800080353033477912 | -0.0052913221114084842134 |
66    | 0.0055365833715814204499  | 0.0018516703650581524659  | -0.0061081567894938001984 |
67    | 0.0046741829726858535529  | 0.0053767004039092271273  | -0.0022045254195769531901 |
68    | 0.0062320950698422942701  | 0.0032120054242873261746  | -0.0059849178700411018519 |
69    | 0.0044780211904412925081  | 0.0060253769171646036351  | -0.0022566390589168119213 |
70    | 0.0076943409659839846759  | 0.0071271589285057694238  | -4.457001750060886054e-05 |
71    | 0.008636924677954481433   | 0.0063703561824257461457  | -0.003361801041428999319  |
72    | 0.0081478839579705066021  | 0.0045824876176266708325  | -0.0066527057996557644251 |
73    | 0.0013564724505765516065  | 0.0039437556051586221753  | -0.0070741565861544408039 |
74    | 0.0021099714199957469302  | 0.0044919266082961012421  | -0.001432095174926567788  |
75    | 0.0071488232137922732776  | 0.0017360433783334672502  | -0.0033245550783193066405 |
76    | 0.0067091656880828645648  | 0.0085326283401052464839  | -0.0067693467700737789197 |
77    | 0.0070356814436970853757  | 0.0077504148865090464679  | -0.0087039131817327475282 |
78    | 0.00099869004150442662604 | 0.0087062556082697448862  | -0.0089603465599650492651 |
79    | 0.0077139004330851242835  | 0.0031491616456060830646  | -0.0022050734497593561627 |
80    | 0.0078668047976594296378  | 0.0023263963932959900657  | -0.0071585657931574698046 |
81    | 0.0043492212806174740392  | 0.0031067064359292483056  | -0.0069246821083025654128 |
82    | 0.0056011942390934901098  | 0.0036756706477607203019  | -0.0010948756125993138692 |
83    | 0.0022139325730976765726  | 3.8315518885440577373e-05 | -0.00096145537114656991467 |
84    | 0.0064244593065555938294  | 0.0054718933823744821468  | -0.0012315186350065679671 |
85    | 0.0097863548556986913046  | 0.0053326929810194765788  | -0.0030303858199382488307 |
86    | 0.0052008950414206165866  | 0.004848818595403242733   | -0.0080853594950344026548 |
87    | 0.0019355031939316342995  | 0.0093746011514710386042  | -0.006203465622717354265  |
88    | 0.0031410450554863835783  | 0.0053001060448898415847  | -0.0072082361179659961564 |
89    | 0.0091660741321492218703  | 0.0064168772041866646225  | -0.00055144275028632511702 |
90    | 0.0055255987849880672247  | 0.0043244780815529645576  | -0.0049504475211446571231 |
91    | 0.0096373490791159689001  | 0.0011159868463935203927  | -0.0008756113443436543825 |
92    | 0.0037125032352865344233  | 0.0073318911862399792703  | -0.00047168339055731124025 |
93    | 0.0035824888115060073493  | 0.0045520584152852500842  | -0.0083605554641387174603 |
94    | 0.0031015298335912515858  | 0.0060038745337081074124  | -0.0054345300580825803283 |
95    | 0.0020409895420081644764  | 0.0025621187917071273216  | -0.0048343212303623940215 |
96    | 0.0019167609391458847491  | 0.0086103658883612942815  | -6.9820854316063427503e-05 |
97    | 0.00381246262959937781    | 0.0085487628766346586418  | -0.0030893144101206281189 |
98    | 0.0057062581093900522147  | 0.00095924418433682048617 | -0.00040623068313255539805 |
99    | 0.0055755620421641827883  | 0.0076238010425296320882  | -0.0055247052095338368763 |
100   | 0.0066340873957132420052  | 0.0033474444650843128424  | 0.00066932830666671704403 |
101   | 0.002596720452251160844   | 0.0099873667495680232276  | 0.00041375408302707914528 |
102   | 0.0055842490432775676243  | 0.0098687226400299733753  | -0.0068988627403480454192 |
103   | 0.0098959515460082542876  | 0.0078980846565083924482  | -0.0078222344409372788349 |
104   | 0.0054557929299985262125  | 0.0032005406456657860097  | -0.0020237630467416596255 |
105   | 0.0069844184254178182103  | 0.0031256071881080086348  | -0.0025478256871657107077 |
106   | 0.0094387247162049589533  | 0.0093422834659931657669  | -0.0043026312251803000911 |
107   | 0.0054931582450866659612  | 0.0052215541588252539426  | 0.00061452685363644950906 |
108   | 0.0044418840138555739164  | 0.0014423509894488306064  | -0.0023123259206522302905 |
109   | 0.006970312570205329343   | 0.0028507085244885818805  | -0.0039244538347898566544 |
110   | 0.0066060390008919256041  | 0.0089615057239361001207  | -0.0048011535926655631717 |
111   | 0.0020088862108943758393  | 0.00078724899917466980952 | -0.0010263953349777931584 |
112   | 0.0017702641869860478649  | 0.0024488061529463981542  | -0.0010501670379853245921 |
113   | 0.0068786739246455798     | 0.0018631875871151094403  | -0.0075593325203330034509 |
114   | 0.0067452506880712696097  | 0.0045544660545809231844  | -0.0022460521196928534028 |
115   | 0.0071999180676420347982  | 0.0032059398046242961085  | -0.0067453318888558025726 |
116   | 0.0086793974618079271222  | 0.0056469271516675564881  | 0.00098393581039060793586 |
117   | 0.00084792033611723576902 | 0.0093297458119361437179  | -0.0072750839417538891787 |
118   | 0.0019827328103313641462  | 0.0054950489618595371039  | -0.0048468483146816686985 |
119   | 0.0025721156162524941649  | 0.0012734193238239292865  | -0.0053748101240097398076 |
120   | 0.0067757819047596021256  | 0.0080203298514754470944  | -0.0022426509576716829528 |
121   | 0.0028822419781410636014  | 0.0017852093016193077129  | -0.0011674369880479639697 |
122   | 0.0031615103821378987697  | 0.00030529776585311183207 | -0.0029570765843443817984 |
123   | 0.0037771711722731308308  | 0.0032636496949396717575  | -0.00019503477444383535795 |
124   | 0.0035566808135676199545  | 0.0050198165049428894458  | -0.0031202516151718749128 |
125   | 0.0097144237435838210609  | 0.0046492780546381669987  | -0.0013828654609792428911 |
126   | 0.0031121040902311412207  | 0.0018406558686890855774  | -0.0032342866029261294405 |
127   | 0.0076416503885959573272  | 0.0027149599663051555455  | -0.0014341801730696141556 |
128   | 0.0027598742240935833676  | 0.0070988038608924266745  | -0.006873292296555755243  |
129   | 0.0092020618415698997999  | 0.0057463233159719432838  | -0.00083546017602200838437 |
130   | 0.0067703517874028763812  | 0.00051334331691795030521 | -0.0054029385943377581866 |
131   | 0.0063573388247161787337  | 0.0023730249769701732172  | 0.00031282756619331695408 |
132   | 0.0053006654628969382057  | 0.0054335593174460548177  | -0.0073848209946993162434 |
133   | 0.0067197459817033107152  | 0.0047691085846774221302  | -0.0048291321118158750045 |
134   | 0.0083918204498129519986  | 0.0016756565281185204636  | -0.008097332417379804817  |
135   | 0.0098770918419426052132  | 0.0088693097725884434412  | -0.005319275555667996036  |
136   | 0.00083582999215900974452 | 0.0044004409833223422088  | -0.0045402885685563842272 |
137   | 0.0081103789998359151342  | 0.0087774441751759628427  | -0.0044282602222216489035 |
138   | 0.0060585938005072335552  | 0.0026234179470548393484  | -0.0006789233575203787582 |
139   | 0.00059725492581797043519 | 0.0073346969399781646731  | -0.0083540534140844509292 |
140   | 0.0067085964607330643775  | 0.0048794932995964764716  | 3.1281803433429345048e-05 |
141   | 0.0052514992897491011986  | 0.0051050596096907296592  | -0.0039539800562056349326 |
142   | 0.0043984936546724367687  | 0.0014864668670794727642  | -0.0035794796298896625585 |
143   | 0.009003448100783248767   | 0.0084740784635468861113  | -0.0045009465623607842685 |
144   | 0.009597152472962966821   | 0.0032820636878592279045  | -0.0068523510994273660948 |
145   | 0.0016609991834031026265  | 0.0015419241593698127749  | -0.00600662788274391405   |
146   | 0.0009926473720905635862  | 0.0035114186721060276081  | -0.0065711054232339962886 |
147   | 0.0096352942665192051197  | 0.0054578085701561971851  | -0.0069285412467989457297 |
148   | 0.0080578203784751490507  | 0.0019993449876220632452  | -0.0064170455962545948705 |
149   | 0.0034122520949622439645  | 0.0046354621725703927873  | -0.0024720501622768893506 |
150   | 0.0061274170830354730485  | 0.0035924960999188797379  | -0.0052921869780262250499 |
151   | 0.0068477095799927105435  | 0.0021392333716289380595  | -0.0068438077504456460917 |
152   | 0.0086587918326280419179  | 0.0041596250209132061906  | -0.0032364285470316859691 |
153   | 0.0077328616517497025459  | 0.006682066925399565531   | -0.00054414809349544505067 |
154   | 0.0079962488946219763969  | 0.0071432653088545593201  | -0.0014478190071341408632 |
155   | 0.0016249982930616896099  | 0.0034135150156379533842  | -0.0016814362795611868286 |
156   | 0.0013638053007075008356  | 0.0067388840413026502088  | -0.0043538677442588498423 |
157   | 0.0039913629045527964159  | 0.0026663473140524146174  | -0.0045160689928352261771 |
158   | 0.0079405976234402358277  | 0.0076870529698734599636  | -0.0082989949812192036205 |
159   | 0.0061897936382062732769  | 0.00090860016987814689032 | -0.0021913227029463650669 |
160   | 0.0020468380550050066687  | 0.0038326380116520076743  | -0.0081066488986482904827 |
161   | 0.004650614482126522696   | 0.0041665771111338741062  | 0.00071970970384540883941 |
162   | 0.0026723293991783685086  | 0.0035440934147330620252  | -0.0030197597479528948301 |
163   | 0.0049618927919228726295  | 0.008967402381986636084   | -0.0045767980162689314919 |
164   | 0.0078948126655669272761  | 0.0067382241582906220526  | -0.007814142095424731968  |
165   | 0.0093675747773805453922  | 0.0053787334774932733447  | -0.0091355313907111480171 |
166   | 0.004566551475559473168   | 0.0091322079591612051463  | -8.4742326821936127972e-05 |
167   | 0.0050301919822762740375  | 0.0057942637091531190574  | -0.0034255814491537593496 |
168   | 0.003812766627168648597   | 4.3444052375754774339e-05 | -0.0043708080095095401887 |
169   | 0.0088192693605210602942  | 0.0088501835592956108745  | 0.00022866709124045090209 |
170   | 0.0097934047813123224768  | 0.0058827258551136449305  | -0.0050444687937053868734 |
171   | 0.002905784122311420338   | 0.0082279364368463125262  | -0.0051322411001006144893 |
172   | 0.0091675472974450441382  | 0.00010446001478245371642 | -0.0076854029853612631021 |
173   | 0.0058358864175203197314  | 0.0072527867028762274884  | -0.0072498330425422394946 |
174   | 0.0069292243965709508779  | 0.0058536110802229930627  | -0.0053196729678346259262 |
175   | 0.0077137321527829304582  | 0.0021476031814818283619  | -0.0029862270759487339992 |
176   | 0.0061302400583719482419  | 0.006292636669726455606   | -0.0019229244156850010782 |
177   | 0.0088459129603615464094  | 0.000262491035015015306   | 0.00038957995554619493598 |
178   | 0.0029829222529301467094  | 0.0067124958772612772565  | -0.0047653327216442059253 |
179   | 0.00028482596663434889706 | 0.0090513196751597756878  | -0.0047712096464828648509 |
180   | 0.0064529314174413534774  | 0.00013895915375802640745 | -0.0089205036820798212088 |
181   | 0.00033855410041584536873 | 0.00021726547232516418362 | -0.0090343018776998015168 |
182   | 0.0040152034831622699165  | 0.0097830372783792359653  | -0.0023822934389022784075 |
183   | 0.0051954246831503467577  | 0.0067331698594993109191  | -0.0043230395010020400762 |
184   | 0.00088623105639250038951 | 0.0068638686863776009889  | -0.0064307883773599694432 |
185   | 0.0031738085153286970004  | 0.008693436098083295524   | -0.00158209672069687746   |
186   | 0.0051071903184845566029  | 0.0013072386286360788022  | -0.0024174838208250570143 |
187   | 0.0096328244123628833234  | 0.0030826320903252261117  | -0.0070789011990468487384 |
188   | 0.0037155817482030411084  | 0.0061548455921252992473  | -0.0010563195570619274104 |
189   | 0.0090416467151730219032  | 0.0025777150401658462976  | -0.00290779242507511115   |
190   | 0.0079477432493525682761  | 0.007286293961501489648   | -0.0079272285599510956128 |
191   | 0.0022838493153567113528  | 0.0067553925388628708118  | -0.0080630200210508509023 |
192   | 0.00104962926190106773    | 0.0057958279455716486817  | -0.0016750838525798953087 |
193   | 0.0029678096328642124963  | 0.0044916020215296607876  | -0.0046922628436734999807 |
194   | 0.0021752271987084638091  | 0.00094481454228095482478 | -0.0040925645557836308475 |
195   | 0.0039919137574798684714  | 0.005055307720917299151   | 0.0006919217303844693405  |
196   | 0.0029208324745325863446  | 0.0047997087324543521308  | -0.0079503969698760754842 |
197   | 0.0031928031047159656335  | 0.0086807234822099139243  | -0.005744985991598637598  |
198   | 0.0065073291060639085887  | 0.00093538592597207240523 | -0.0046917775850115715774 |
199   | 0.0048332574802092192687  | 0.0075669072423825162882  | -0.00086374594976850024765 |
200   | 0.00026034327715325191127 | 0.0060222394273082560309  | -0.0074384111013572340454 |
201   | 0.0062398846636467254767  | 0.001140787196212069473   | -0.0050835736321163862289 |
202   | 0.0061242887826385072544  | 0.00041298987089574814907 | -0.0067506804404227340952 |
203   | 0.0017751776853281117131  | 0.0082515469326240788867  | -0.0080815150560525610829 |
204   | 0.0081285420745058484249  | 0.0095524623426997204434  | -0.0046375019739595462961 |
205   | 0.0006991534843395127161  | 0.0082654116610496493334  | 0.00079155010549117766488 |
206   | 0.0085671163075902410922  | 0.00090550214773120333341 | -0.0086706870367033919006 |
207   | 0.0062659736912714881704  | 0.003078427212486033876   | -0.0042778827585668414979 |
208   | 0.0060130533328716260708  | 0.0070448405667820120785  | -0.0087735902779297950116 |
209   | 0.004038703343933874694   | 0.0061601981898678657631  | -0.0045483634192120259154 |
210   | 0.0052526870472981088134  | 0.0041059962728442834026  | -0.0026994307205184726352 |
211   | 0.009889013211929836844   | 0.0076422814248795342337  | -0.0046908921031342531993 |
212   | 0.00664784617265167313    | 0.0045484426407030797632  | -0.00067003182866053469062 |
213   | 0.0099364104551794858039  | 0.0082726123593956368829  | -0.004893673259755011197  |
214   | 0.0058618187156015558528  | 0.0029459978208296331084  | -0.0057253030303917240226 |
215   | 0.0033979873215177823324  | 0.0055302167509080728258  | -0.0012687966924936038959 |
216   | 0.0069583562781659674332  | 0.0065911106002669141504  | -0.00074616948413591807285 |
217   | 0.0058213264035303288746  | 0.0098278579224207983367  | -0.0021599192746623815421 |
218   | 0.0087072639189008076838  | 0.0011514229580618670721  | -0.0038662311971252322912 |
219   | 0.0038039331268375567441  | 0.0027084254479070209165  | -0.003533591769721373     |
220   | 0.00041639830625561272777 | 0.0015350169601171114071  | -0.0074519906126234427765 |
221   | 0.0038865686688134828616  | 0.0074592014198944355668  | -0.0043724210218511047263 |
222   | 3.1582378883769963063e-05 | 0.0079746898226971223156  | -0.00072351120832326492119 |
223   | 8.3656122183743767675e-05 | 0.0071149206623238670302  | 2.0837935473569915354e-05 |
224   | 0.0090458499948042406236  | 0.0026051300882610904826  | -2.579328920152380107e-05 |
225   | 0.0070688245626739825214  | 0.0073120613517484462501  | -0.0018289558366439613059 |
226   | 0.0059721398828120860272  | 0.0023948133115623813395  | -0.002301317662251215878  |
227   | 0.00058100212822867892785 | 0.0049583655304926066085  | -0.0077008702076788474941 |
228   | 0.0028159368555452902148  | 0.0071325206477029189089  | -0.0015825294881838055001 |
229   | 0.0049135538343781474946  | 0.0079504708771777603954  | -0.0057802056791272302116 |
230   | 0.0075553959491401461585  | 0.0048979135541469560194  | -0.0056823412732347877013 |
231   | 0.003522189492179054679   | 0.0065158200417799027465  | -0.0030384519076310663975 |
232   | 0.0028241242996367068446  | 0.0093435040402080407618  | -0.0066572567660450766153 |
233   | 0.00990761699044260917    | 0.004323435560364919869   | -0.0044074361174520002016 |
234   | 0.009185674063298220407   | 0.0093216382139057769179  | -0.0086674873931252335163 |
235   | 0.0011173025575348361459  | 0.0057746040733947321538  | 0.00064441813245721772923 |
236   | 0.0023009817071180127014  | 0.0023195587259559943133  | -0.0028868030394970712639 |
237   | 0.0077551018941486487071  | 0.0059646655519197244039  | -0.0025776646805419148323 |
238   | 0.0050309061651649476105  | 0.0032435715978985603034  | -0.0014267658603105753609 |
239   | 0.0059947203096743931564  | 0.0010984420713658002433  | -0.0042485527157467822129 |
240   | 0.0081538778588017071791  | 0.0092279711706137069333  | -0.0020308467781687453667 |
241   | 0.0091415816681584497611  | 0.0016033567748271080819  | -0.0016007502545724522705 |
242   | 0.00057174175258426179584 | 0.0043524698219095658835  | 0.00062892058114993616008 |
243   | 0.0015218214998152690583  | 0.0019720029679753852195  | -0.0049491408005115080856 |
244   | 0.0023959730181948206765  | 0.0048434794137847706971  | -0.0073382127855124582375 |
245   | 0.0054926391348721565269  | 0.0016107246211899939846  | -0.00094678809615835086977 |
246   | 0.0030447313966243346774  | 0.005836319437585041521   | -0.0028341398660835636497 |
247   | 0.0052598159363797985025  | 0.0082375547785326110051  | -0.004411857929380756313  |
248   | 0.0088042273142619580095  | 0.0011150566039509087184  | -0.0057516589845526856772 |
249   | 0.008662889722344869689   | 0.0053842341150052534793  | -0.0027311579333173558078 |
250   | 0.0011452688113377917228  | 0.0055857234264375396973  | -0.00034577284332415220581 |
251   | 0.0083341111945053041737  | 0.0017419722254393269802  | -0.0075190596700917084957 |
252   | 0.0013896840978850923641  | 0.0046137708108161109774  | -0.0052615044380865229681 |
253   | 4.1897064055888660861e-05 | 0.0055839069424854052837  | -0.0077850206259607902803 |
254   | 0.00098443919833069793227 | 0.0035968046374097806597  | -0.0075263456692692617955 |
255   | 0.007896096718531610964   | 0.0077106872805669003645  | -0.0076269952367863953074 |
256   | 0.00625052735096572748    | 0.006675093833150922383   | 0.00097031167829102714633 |
257   | 0.0069432936105072668234  | 0.005380551648927965093   | -0.007061534464296565991  |
258   | 0.0089576682839138093567  | 0.0058358878151428166328  | -0.0025886600145859440039 |
259   | 0.0036842888267712412854  | 0.0011529544451002505818  | -0.00014868463376875329937 |
260   | 0.0096202790801547515692  | 0.0055257813418732445662  | -0.0014441271196984606894 |
261   | 0.0052411496330390747872  | 0.00068981722919218997885 | -0.0011612459343872268656 |
262   | 0.0035682760882784019495  | 0.0030892107759322262432  | -0.0066391131566177017526 |
263   | 0.0090988055883213115466  | 0.00030555157134465538637 | -0.00076580203818038268104 |
264   | 0.0057173139881228386694  | 0.003402524460279068852   | 0.00066972857361599213034 |
265   | 0.0094751457474376802464  | 0.0067681968916849331169  | 0.00056194334743025434881 |
266   | 0.0020929509008104554141  | 0.0069956905001079339526  | -0.0022815459234586926013 |
267   | 0.008886958621826812621   | 7.2826633441606483687e-05 | -0.00214891548579349001   |
268   | 0.004591592351514564227   | 0.0030558497255502772155  | -0.0024747800840610946656 |
269   | 0.0077389447431759393961  | 0.0070748913350142071665  | -0.003279235391930237966  |
270   | 0.0043080074482967868274  | 0.0035539784954590229391  | -0.0062354380850333556222 |
271   | 0.0062487141213899092401  | 0.002322928621557468834   | -0.0022883792563210309141 |
272   | 0.00075513245482158484687 | 0.001528104162674788968   | -0.0079736184860094583976 |
273   | 0.0078762840574907091312  | 0.0044953067540805394589  | -0.0083337913897021335258 |
274   | 0.00043405666026104033298 | 0.0063531702326377077067  | -0.0035802995432003582865 |
275   | 0.00095106527211609752023 | 0.0059936251356616588107  | -0.0062112264173711604492 |
276   | 0.0075345888342271440108  | 0.0075060804493903799869  | -0.0058053996469475408274 |
277   | 0.007133353530918357284   | 0.0079847786804407364092  | -0.00013376128598875961992 |
278   | 0.00021638088225334181961 | 0.0030376025028681029848  | -0.001903167624011691374  |
279   | 0.006475610617955793874   | 0.0033602061882693941286  | -0.0057410373688141277254 |
280   | 0.0021282538140599510483  | 0.004664666645078361859   | -0.0014657749198784242838 |
281   | 0.0087545146298680168173  | 0.0067039917968379552846  | -0.0014363598992034010918 |
282   | 0.0091243460543260299783  | 0.00014893281291052578924 | -0.0072176299682147945086 |
283   | 0.0071597521571163174822  | 0.0043401814803294101741  | -0.0061561435823499505854 |
284   | 0.0035511414478017204639  | 0.0051300919767063883278  | -0.0064124182845900871974 |
285   | 0.00089770853533558422985 | 0.0078782086409746685668  | -0.0045084224361456610303 |
286   | 0.002655131097057423107   | 0.0044663357549848429692  | -0.0082444956764516231368 |
287   | 0.0037802235271426906996  | 0.0071922768733819085127  | -0.0034860156057529160037 |
288   | 0.0037245048262864247079  | 0.0061534747424275421102  | -0.00072779888590331803019 |
289   | 0.0040807125937233970636  | 0.00077656222739060033668 | -0.00018572293753260854868 |
290   | 0.0030404515785076189835  | 0.0069055433194731320745  | -0.0051455298587041627123 |
291   | 0.0040506827252932940675  | 0.00096602658250739923285 | -0.0074936683830107101573 |
292   | 2.9204453014407172649e-05 | 0.007421248840883271948   | -0.0077777875517126247862 |
293   | 0.0097682365074898309942  | 0.0076352717436575442966  | -0.0011744457997028034165 |
294   | 0.0054782370595661752932  | 0.006869762539941746439   | -0.0089716308210433109993 |
295   | 0.0053414560735660599963  | 0.0018370038549288701321  | -0.0066221144292569695047 |
296   | 0.0032239269001272368581  | 0.0092971062513543794442  | -0.0089155237462419777844 |
297   | 0.0046100289893754430731  | 0.0030488609299894019189  | -0.0044402916608589030473 |
298   | 0.0027050070136155715018  | 0.0028727712275198862696  | -0.0024291975332708134853 |
299   | 0.003026291022683674347   | 0.00073273632844824126021 | -0.0027068121880913171076 |
300   | 0.0068114586277921822244  | 0.0091889561676130031981  | -0.0021485359528312548971 |
301   | 0.0023702163321826378098  | 0.0011270866120120716803  | -0.0023738153449390448149 |
302   | 0.00061537430509156997548 | 0.007061704420270306648   | -0.0066574624007523742694 |
303   | 0.00051663063825498295543 | 0.0035193738005747181828  | -0.0057366610263132672073 |
304   | 0.008476763925882519965   | 0.0076126602003046143011  | -0.0078080854063274267654 |
305   | 0.0046113673906324377516  | 0.0035478549171490897721  | -0.0047808427174224265785 |
306   | 0.0092223269271247930445  | 0.0067240332028768393796  | -0.006115842366471032146  |
307   | 0.0052971051746833362414  | 0.0070386591519224217528  | -0.0040411155681339466436 |
308   | 0.0060918086744740779226  | 0.0060522830463055629982  | -0.0088438083593793438697 |
309   | 0.0033980618566521402467  | 0.0048678502884683264376  | -2.3257740126058623338e-05 |
310   | 0.003296802816669814392   | 0.0092453692023852646065  | -0.0056815243629404826517 |
311   | 0.0032036717131292522139  | 0.00026693351830468136027 | -0.006581184162034050579  |
312   | 0.0039407522051891413425  | 0.0023971256386665917848  | -0.0024147174618212551012 |
313   | 0.000830582589095776023   | 0.0060704135652428032818  | -0.0060145472534475254156 |
314   | 0.0097787231907592812169  | 0.0065467338814814727763  | -0.0013704945912110342177 |
315   | 0.0019914203156835091034  | 0.0012702747873787596875  | -0.001830172585582592968  |
316   | 0.0070660089255100482983  | 0.0070580698062101786261  | -0.007650742893800166998  |
317   | 0.0011617739218045268663  | 0.0083221639071180200653  | -0.0054575138756142813762 |
318   | 0.0040933606603130801363  | 0.0039470446762683549305  | -0.0067080270400906938724 |
319   | 0.0058008390345672252927  | 0.0081286257664563363323  | -0.0061291326998532255285 |
320   | 0.0027940909763588960175  | 0.0078954211094296872231  | -0.0020955045370410819473 |
321   | 0.0090097910336735531622  | 0.0025135972631267753698  | -0.0042951727375121952907 |
322   | 0.0058036227834201642786  | 0.0023971402772576559312  | -0.0082556355524572855309 |
323   | 0.0023661497686394881122  | 0.0019904263331400485343  | -0.0034532891205291843008 |
324   | 0.00016124511089944733202 | 0.0034814574169151008345  | -0.0015081077194860012265 |
325   | 0.0026354097497632393565  | 0.0044328360091323848469  | -0.0063679541981358734823 |
326   | 0.0025711984260479180987  | 0.0066334791655838637459  | -0.0023014936785662981449 |
327   | 0.0012075409900611862486  | 0.0042289100282833919087  | 0.00095492346007528027332 |
328   | 0.0016316954421831491012  | 0.0023390905040561443123  | -0.00054371108478336609062 |
329   | 0.0068519249512292912038  | 0.0053124584250418757647  | -0.0012592599820995828506 |
330   | 0.0053736021436218885799  | 0.0041745043051413660562  | 0.00030730631762169741822 |
331   | 0.0035461417835104236916  | 0.0089052179437012577573  | -0.0046841243772462494432 |
332   | 0.0030119801782628086335  | 0.0022117703853288890777  | -0.0058554684086999818013 |
333   | 0.0051073562758004132853  | 0.00079782032168909807705 | -0.00083837664435518286909 |
334   | 0.0055981649826870082468  | 0.0013045273780365280666  | -0.0026794939541949767438 |
335   | 0.0050124000814147032928  | 0.0024407016729941278556  | -0.0073299167937201170978 |
336   | 0.0080770956346684786437  | 0.0078430517350841621321  | -0.006077146689557623091  |
337   | 0.0093100472948553121555  | 0.0083674528775727098628  | 9.0299571644384020452e-05 |
338   | 0.0041852011809964092051  | 0.00071548252735893834268 | -0.0044983155879503283064 |
339   | 0.0035480979015762997841  | 0.0050121950680601257827  | -0.008395848149262601437  |
340   | 0.0047778010147712596592  | 0.0038537868303610664684  | -0.0027540094401855329601 |
341   | 0.0020294165344851271965  | 0.0062193439022701774155  | -0.0059454867059809410682 |
342   | 0.0063056000007848268113  | 0.0072038975981839302454  | -0.0016343430288100042024 |
343   | 0.00047402948431280752086 | 0.005558213643025730101   | -0.0040195412805730636532 |
344   | 0.0014179414283511811677  | 0.0046893943426787390583  | -0.0056945764359720542694 |
345   | 0.0061322112805837856314  | 0.0052217150598312814594  | -0.0006215203436160067138 |
346   | 0.0093804702498793534476  | 0.0060086616018342024759  | -0.0054579835588428916859 |
347   | 0.0086374535887980136151  | 0.0071751500122817120364  | -0.0066617203075219778158 |
348   | 0.0063853736054699013897  | 0.0065933564563085732615  | -0.0010050243084065765137 |
349   | 0.0093268677780741771066  | 0.0029650673686048602262  | -0.0076607092877212339121 |
350   | 0.0082356748662310765713  | 0.009108014118030447609   | -0.0005852963341658557004 |
351   | 0.00744648190305770806    | 0.0060297558394574726423  | -0.0010879990306718830863 |
352   | 0.0034266107368726593171  | 0.0047497142633335870734  | -0.004410226907241263615  |
353   | 0.0059629234820878689385  | 0.0034616222541415287046  | -0.0050764130692958348012 |
354   | 0.002783766048103055845   | 0.0033864151525350673008  | -0.00057781208982381399887 |
355   | 0.0052978318837372468178  | 0.0034925818320901114676  | -0.0077042949698796743888 |
356   | 0.0063017325213351382471  | 0.008378409985387150205   | -0.0030283610476972378997 |
357   | 0.0029680375955257447956  | 0.0046631499067413192949  | -0.0029867853612304284296 |
358   | 0.00036019798467408649769 | 0.0072389906071474554097  | -0.0050815729222753805439 |
359   | 0.0093540647708154883028  | 0.0034163043634316803653  | -0.0063184951833318587361 |
360   | 0.0055554854793609361255  | 0.0074482901575937078206  | -0.0063382064957014467785 |
361   | 0.0055005672163594776861  | 0.0074283349376357572097  | 0.00082164701517586794313 |
362   | 0.0049558519312486335948  | 0.0058777144123152722313  | 0.00082825160236774022365 |
363   | 0.0047643950501618627727  | 0.0084504175818554440325  | -0.0024060850731758235549 |
364   | 0.0044536033782933831526  | 0.0077254409413796080314  | -0.0060760068629101202098 |
365   | 0.0009904932608789409048  | 0.00077662132370375142922 | -0.0063464393210521108379 |
366   | 0.0016449743855865360097  | 0.0023934635061100416505  | -0.0064872945037094840656 |
367   | 0.0029065452936775787451  | 0.0040212084626919265135  | -0.0045871051264828148486 |
368   | 0.0055319609227449280386  | 0.0022791050531663237938  | -0.0087589329614293637283 |
369   | 0.0028215954535335979227  | 0.0059998902613119745736  | -0.0022211324978632204959 |
370   | 0.0078739908693447428767  | 0.0072072575023653991794  | 0.00078672041934038563354 |
371   | 0.0056679055993656924858  | 0.0048381101153560819583  | -0.0026498630528879367832 |
372   | 0.0060719181441573361752  | 0.0059725628265309858508  | -0.0086234030181106570423 |
373   | 0.0067825136055171472704  | 0.0038808935613304893116  | -0.0055206224703533320064 |
374   | 0.0090761838845178997165  | 0.008955887774162679324   | -0.0078452165014752089228 |
375   | 0.0002756608226384575709  | 0.0069953503777818613549  | -0.0049923083739713313214 |
376   | 0.0032228337096212489495  | 0.0010757874954960900456  | -0.0064233537976961666352 |
377   | 0.00042501539599136518247 | 0.003409205919721514013   | -0.0085985007546935336015 |
378   | 0.0091604365347997106922  | 0.0011652316067373553153  | -0.0016572688011495086483 |
379   | 0.0044078745561417116694  | 0.0092032409101995716477  | -0.0036445686408324790354 |
380   | 0.0024085587604385770046  | 0.0026665299774626402898  | -0.0067019212731874626757 |
381   | 0.0061482863882873096256  | 0.0055979906411267659969  | -0.0066432996788097871052 |
382   | 0.0080596736669083703791  | 0.0047424284629399952873  | -0.0010157152667890658165 |
383   | 0.0048011737309744959359  | 0.0048311025819990039906  | -0.0089702584859957454344 |
384   | 0.0048413888502250659873  | 0.0053428642320042614086  | -0.00098210431488659436644 |
385   | 0.0092809358495497696478  | 0.0080997104995597108551  | -0.00099403149061116674763 |
386   | 0.0051509581885406871549  | 0.0053740900831800953938  | -0.0057843634081576698197 |
387   | 0.0044114874919013958784  | 0.00051180576356292691292 | -0.008683363098400415786  |
388   | 0.0060026378012897445291  | 0.0076804594928311974503  | -3.6107463704041417303e-05 |
389   | 0.00048450153747511229708 | 0.0052090135057800126747  | -0.0062726699084075677321 |
390   | 0.0019757311543397684979  | 0.0014115379911096275628  | -0.0019613638769611163939 |
391   | 0.0037030061063519693378  | 0.0034947988147965803815  | -0.0024041023170022707625 |
392   | 0.0047566506750455544647  | 0.006462376080186098791   | -0.0043911005989290523982 |
393   | 0.0085251920792702908652  | 0.0075222361135898864817  | -0.0072634033345554309749 |
394   | 0.0025389885014257223932  | 0.006784955554891163032   | -0.0022599174272467784964 |
395   | 0.00023887309272124389228 | 0.0049506322083777264814  | -0.0056181944677740200053 |
396   | 0.00177163206220092408    | 0.0061117590191409323572  | -0.003654723479488937183  |
397   | 0.0010402918447774945308  | 0.0021277061879956711554  | -0.0064496201402493118227 |
398   | 0.0095816540549256475762  | 0.0060511393156690721287  | -0.0012788542608327339422 |
399   | 0.0064236424089000095788  | 0.0032103558297446187393  | -0.00024631776867366483299 |
400   | 0.0024123408415449736943  | 0.0024165186574831741192  | -0.0047320667105383426229 |
401   | 0.0075884961918316860829  | 0.00037523302441594944987 | -0.0021182692701438221236 |
402   | 0.00091852880293009898059 | 0.009209846554481032968   | -0.0068606763990315270188 |
403   | 0.0099211387717731153862  | 0.0063793081162269015677  | 0.00036196682132131832591 |
404   | 0.0032965839745437283334  | 0.0084378171170460276179  | 0.00098472242344741726244 |
405   | 0.0035155845603911098016  | 0.0047705113361014980441  | -0.0038418721367139891699 |
406   | 0.002691475102289193639   | 0.0028436981241232710954  | -0.0040051609253704016297 |
407   | 0.0094113116689245792518  | 0.0036510231809692692863  | -0.0050507150797747439944 |
408   | 0.0035167053083777293464  | 0.0032517429125828553778  | -0.0070976042381549067986 |
409   | 0.0075730476919002465835  | 0.0097119391862352019013  | -0.00017378018539319052484 |
410   | 0.003346843100469738385   | 0.0046864722925361954747  | -0.0067717344791617065797 |
411   | 0.0045422320450831561722  | 0.0058249173697861398452  | -0.0067331559632015248323 |
412   | 0.0067445272267719243164  | 0.0022801016713956574755  | -0.001027291614888200524  |
413   | 0.0035479842559359014986  | 0.0022731842823362200835  | -0.0033588468696763018606 |
414   | 0.00085049404316535077552 | 0.0015856016574860155692  | -0.0060034719287716678884 |
415   | 0.0025157822525211019464  | 0.0071884350765370422925  | -0.0078690444389056465879 |
416   | 0.002343328153601644849   | 0.0048588212826580420844  | 0.00085499437995346493774 |
417   | 0.0080114485763597073631  | 0.0022960557787395216231  | -0.0089508485939824872918 |
418   | 0.0088604229475732678573  | 0.0039542446413833665445  | 2.7648094506499096176e-05 |
419   | 0.0046423878344750485123  | 0.0039672171202376265917  | -0.0013666300355610926705 |
420   | 0.0061563429733741906885  | 0.0039796424964261773241  | -0.0048080311952074126711 |
421   | 0.002291884024576392679   | 0.0063852022225412193718  | -0.0055679468072672702247 |
422   | 0.001120193182474405174   | 0.009046650264074303921   | -0.0031858077960834779198 |
423   | 0.0055352836349752783038  | 0.0051073269715834947874  | -0.0052138008859180405216 |
424   | 0.0091227397517545348593  | 0.0066888743995288197849  | -0.0041309218322181512351 |
425   | 0.007493482364903891052   | 0.0044276830160917268753  | -0.0028465897284780934499 |
426   | 0.0036151428868951489097  | 0.0072517286207555587546  | -0.0012169060080967236161 |
427   | 0.0032159185194127228036  | 0.0057845557512057428282  | -0.0019599831651345412352 |
428   | 0.0048560765110021919186  | 0.0026273768893413894376  | -0.0066399943271299452854 |
429   | 0.0057181766366145147379  | 0.0031414677281245335407  | -0.0081131328239490586168 |
430   | 0.002872424624517845148   | 0.0013346972421048894451  | -0.0033471000492225001961 |
431   | 0.0023013523354194396174  | 0.0039973752382231365898  | -0.0048168731806150742736 |
432   | 0.0043244918432429058086  | 0.00038039999431058939099 | -0.0060811959797561349061 |
433   | 0.0030252914980867383517  | 0.0072427642918597070348  | -0.0044768343915499598379 |
434   | 0.0048732680212415814547  | 0.0030815067330337260823  | -0.0081755524127825659336 |
435   | 0.0013094087069591882084  | 0.008133224907901021386   | -0.0056127694454624500048 |
436   | 0.0041746867827036383825  | 0.0088831400375885341547  | -0.0034788138992141739124 |
437   | 0.0023818966793572814676  | 0.0052588039361742607708  | -0.0010999580144519861043 |
438   | 0.0077761199041607017776  | 0.003129639128729435997   | -0.00045742081473673651274 |
439   | 0.0056830950507035463831  | 0.00080509275413333171879 | -0.0065483819181391600059 |
440   | 0.0052528424514733593198  | 0.0089073341687897749502  | -0.0088880372052044884917 |
441   | 0.006707468574861124265   | 0.0054325854319638841247  | -0.00046847563330512913965 |
442   | 0.0047890346915251133866  | 0.0062609397167725979599  | -0.0039305632467883560091 |
443   | 0.0092625877706980965648  | 0.0027847351330031458114  | -0.0079766131740582873338 |
444   | 0.0091897735065826595402  | 0.0026681555607194870801  | -0.0030280823376957893833 |
445   | 0.0061731745110964776624  | 0.0038844663633323698801  | -0.0038280885853418113694 |
446   | 0.0047469516599813986468  | 0.0072259339194371838624  | -0.00026050689477395211823 |
447   | 0.0093078467449063898714  | 0.0077115904636055887522  | -0.0039948001451353999658 |
448   | 0.004825789127236735504   | 0.0017509064202646344981  | -0.0090807830311225700565 |
449   | 0.0054649010511970217557  | 0.00330159280428056175    | -0.0055501182508516985065 |
450   | 0.0028781129942552006844  | 0.0064203675149934053001  | -0.0088684298509663622018 |
451   | 0.00067945074047565763228 | 0.0071062161602012292871  | -0.0044401450228809674625 |
452   | 0.0047395497962410748291  | 0.0050334198071902104196  | -0.0084366095088132756624 |
453   | 0.0049519797241897450801  | 0.0097465193095037840759  | -0.0026726557134059110779 |
454   | 0.0048135700062745525804  | 0.0062039248981600701727  | -0.0076356313101785837014 |
455   | 0.00043807752797177614869 | 0.0061371057800822257158  | -0.0022552415188301653051 |
456   | 0.0066492516992295762693  | 0.0099881352349774996796  | -0.0040073422984372173219 |
457   | 0.0097168453476760719562  | 0.003179021984282986036   | -0.0080704125650542819087 |
458   | 0.0048243698804723367593  | 0.0067187062868837308174  | -0.0073913188659922536214 |
459   | 0.0041662945990105686514  | 0.008363447295348542046   | -0.0089106551744418914518 |
460   | 0.0027863349202740333131  | 0.0028125564573852441727  | -0.0014152344345367694374 |
461   | 0.0010825111680315155447  | 0.0058005074142766441248  | -0.0042357943802263176361 |
462   | 0.006046204914933898944   | 0.0041902221846254342555  | 0.00087247127756453091846 |
463   | 0.0081407678228219999134  | 0.0061340525267657031866  | -0.0036358518915895780485 |
464   | 0.0017137156330538679937  | 0.0043102279456175233291  | -0.0076294037676281544966 |
465   | 0.0052455491500530701879  | 0.0073973204531638933265  | -0.0054733902738497300713 |
466   | 0.007067256285592640741   | 0.0088518313064710838628  | 0.00034327329063118763213 |
467   | 0.0045858184696510257208  | 0.0030118249277925248503  | -0.0068014419895346851785 |
468   | 0.0064238903769537839678  | 0.0027995927974937338638  | -0.003747466093044897386  |
469   | 0.0093990381770792229971  | 0.0050076891879576633862  | -0.0067688241620139921739 |
470   | 0.0087515410072634119282  | 0.0038544895280051183657  | -0.0072320537068267781028 |
471   | 0.0024760098161297726393  | 0.0080539673104450346802  | -0.0058165873863360280718 |
472   | 0.0036276159021375129626  | 0.0052306544588041955363  | -0.007050878315942829197  |
473   | 0.0024343770744516290451  | 0.0037278408031875746691  | -0.0061326583546257168456 |
474   | 0.0046499210703552134108  | 0.0045821532059106464402  | -0.0078925514501279481899 |
475   | 0.0065529734382790858979  | 0.0017955717081406304819  | -0.0082536051322989311546 |
476   | 0.0060339404888733322307  | 0.0003118495458332672045  | -0.0020768209208860462928 |
477   | 0.0099428752962755859862  | 0.0032676737715087540367  | -0.005403986429570328473  |
478   | 0.0061988277658316069674  | 0.0081151505565170960893  | -0.0016610079622870748284 |
479   | 0.0085744206874133928331  | 0.0058393446698114378698  | 0.00054003872674850659803 |
480   | 0.00023042598930564481448 | 0.0092744704104435835706  | -0.0022611529494150303145 |
481   | 0.0085864588600196075502  | 0.002996985634550366432   | -0.0030712976742931479696 |
482   | 0.0045368458797779434924  | 0.0092020758079912837873  | -0.0013271788576757787437 |
483   | 0.0021096052250526228788  | 0.0036458194091681028412  | -0.0039987167740407605562 |
484   | 0.004669692518621494301   | 0.0041294975360089700503  | -0.0083951587580643940306 |
485   | 0.0067415601571172399653  | 0.0027842004097884428919  | -0.0012384070657135636765 |
486   | 0.0099450108063909789524  | 0.0087184199133005148979  | -0.0028027353398631673319 |
487   | 0.002182354715024661506   | 0.0025418596343378427153  | -0.0018524547025506649025 |
488   | 0.0041588874973891541698  | 0.0090448213205767541423  | -0.0086046511311100356417 |
489   | 0.0028990250722141452065  | 0.0019074955430771580508  | -0.0059185103896358393083 |
490   | 0.00015249215190224171042 | 0.0063057886764411727118  | -0.0021345161692201204857 |
491   | 0.0082274475172213739488  | 0.0037698999488287102122  | -0.0066825164077697870105 |
492   | 0.00027846494496293968009 | 0.003151961318350604991   | -0.0015604448828805395338 |
493   | 2.6740867275596253642e-05 | 0.0081669827416235140499  | -0.0087625090976401146664 |
494   | 0.00062601329070467856205 | 0.0011982138858972022234  | -0.0035003496198694528975 |
495   | 0.004237771721934441467   | 0.0068346309561025577611  | -0.0024170620338235166737 |
496   | 0.0075892221173326206846  | 0.0082944916688557461526  | -0.0086930814895070703668 |
497   | 0.0044903755303492224465  | 0.0023366533190060604502  | -0.0054987453481317753387 |
498   | 0.0097580881373844439303  | 0.0064555512046160423364  | -0.0034023445850219270238 |
499   | 0.0055454629598846718816  | 0.003891912110148734727   | -0.0067024012901741609333 |
500   | 0.0086412302645800832812  | 0.0018914761108398221376  | -0.0071077953092999624635 |
501   | 0.0049608721108721342413  | 0.0041080605818048041705  | -0.0057892381912953488551 |
502   | 0.0082659409546647286127  | 0.003203650668623319632   | -0.0011439520408450718457 |
503   | 0.0058574081453253903223  | 0.0049742431296962187626  | -0.0062943911002788597436 |
504   | 0.0031780905322590698864  | 0.0049236368548001624088  | -0.0016112473108335265658 |
505   | 0.0089055792960579683443  | 0.0081094793360926824971  | -0.0051953580388431680123 |
506   | 0.002076277631509578208   | 0.0032441450869443878152  | -0.0067097307190391117931 |
507   | 0.0067773193161327089512  | 0.0051299325756848004193  | -0.0077054747264351398234 |
508   | 0.0047438142538302500648  | 0.0029316353085857144167  | -0.00022886595164264410696 |
509   | 0.0069594668552699027325  | 0.0051614368112093394342  | -0.0060325925951151175911 |
510   | 0.006325384944206305024   | 0.0015189673487362527395  | -0.006409705053952402358  |
511   | 0.0030993763554827131849  | 0.0033215776870999286392  | -0.0042205831572748164077 |
512   | 0.00083180844339985509674 | 0.005874107536216441848   | -0.0090534078070146281614 |
513   | 0.0052909613606410164574  | 0.0070425955279998344108  | -0.0062515513827228162691 |
514   | 0.0069426638160286248402  | 0.0053513795344645315177  | -0.0037986451450880442428 |
515   | 0.003601491704406657203   | 0.0023092425928828313499  | -0.0037863026610929755716 |
516   | 0.0020216766272552143778  | 0.0062428692715432434687  | -0.0036099858399194456431 |
517   | 0.0079510168211102214691  | 0.0027774059311450119414  | -0.0030916394158135704004 |
518   | 0.0061307789824639954968  | 0.0066403976498296459624  | -0.0074818852135225049835 |
519   | 0.0087408222377546775789  | 0.0043928794519281265732  | -0.0033878645412545919068 |
520   | 0.00099227869292651291015 | 0.0046969353684488375847  | -0.0057194270226740414817 |
521   | 0.0048439497451167436506  | 0.00069337924901809546742 | -0.0068399270859138992448 |
522   | 0.0083898715198906063939  | 0.0074946120629354974138  | -0.0017824972824137521807 |
523   | 0.0074064696876755342983  | 0.0055181863384566190792  | -0.0068364373708499782262 |
524   | 0.0044575455605708642903  | 0.0030351788376615082207  | -0.0067438931418439627269 |
525   | 0.0047067070794953765056  | 0.0023078270161565727497  | -0.0037237247705516484005 |
526   | 0.0080636379485972149023  | 0.0012861488697431383826  | -0.0046197564705932683826 |
527   | 0.0040262347635297724563  | 0.0030832830139141012386  | -0.0018199891190526765097 |
528   | 0.004433102153649710539   | 0.0043406995917265210269  | -0.0034637558346660682514 |
529   | 0.0021999300697360443108  | 0.0038770997283630805226  | -0.0073712827221226418992 |
530   | 0.0064551172161784143785  | 0.0045430470187914819696  | -0.005869122772951533562  |
531   | 0.0052796485503119891872  | 0.00095675203498690861072 | -0.0040266573760617306935 |
532   | 0.0051484596988925560024  | 0.00064062667273460157519 | -0.0019443030668462924805 |
533   | 0.0081661391214793484922  | 0.0019603963803185519253  | -0.0048845755764057160672 |
534   | 0.00071214644996857496845 | 0.0018056290108721417299  | -0.0067077438431538292593 |
535   | 0.0092247027083085832155  | 0.0025338528246579509334  | -0.0087714916679223590978 |
536   | 0.0093263887435146245602  | 0.0054016351043277279972  | -0.0069714194146804995406 |
537   | 0.001645358862257761479   | 0.0097153258431856414495  | -0.00055592858033026389987 |
538   | 0.00077287879698074014694 | 0.0019061253106938706378  | -0.00016658076110619878451 |
539   | 0.0092878823649527233325  | 0.0062110672098322442652  | -0.0041856844727450447791 |
540   | 0.009433954812698545217   | 0.004734574606405189158   | -0.0060080748188097912038 |
541   | 0.0039167579729167652583  | 0.0049294547011514370377  | -0.0035346106489407931248 |
542   | 0.0024869890926208725566  | 0.0016158528892597509921  | -0.0074529697376989291133 |
543   | 0.0066371219295051292822  | 0.0012731748921489924493  | -0.0028644579921284735007 |
544   | 0.0048951004579919719234  | 0.0087646199894026669691  | -0.0033171307776309806072 |
545   | 0.0010498463046017226467  | 0.0036993061473769633593  | -0.0049579775057488877782 |
546   | 0.0069421143411933800699  | 0.0054334977930755850445  | -0.0020285750614893707962 |
547   | 0.0034973697648350201422  | 0.0076533624078784570632  | -0.0047440177935072422311 |
548   | 0.0046256141552205552736  | 0.0083973684235519718139  | -0.0043967552986879151339 |
549   | 0.00073516662142745906657 | 0.0043451069601827055355  | -0.0057676786381163185069 |
550   | 0.0054795582379544389637  | 0.0088101938892090579658  | 9.6374218170038712054e-05 |
551   | 0.0072368281439978837666  | 0.004274493661759674705   | -0.0038260073622574629348 |
552   | 0.0047439486409600727795  | 8.7370878730638979132e-05 | -0.00032643712070091048059 |
553   | 0.0033780020662898301367  | 0.003725705229427793766   | -0.0019354775534680130743 |
554   | 0.00054892166448947110873 | 0.0093788793549770804042  | -0.0087047436610189193179 |
555   | 0.0079134689710383641914  | 0.0044822000478692038128  | -0.0083760343141204927214 |
556   | 0.00076532424402911479293 | 0.0070112345472651696823  | -0.0079900219952545783325 |
557   | 0.0088051762470360995377  | 0.0033260011051864379894  | -0.0076655719440154685904 |
558   | 0.0092475884886650695088  | 0.0054746797057956915131  | -0.0088731861587317897855 |
559   | 0.0051197466988039744273  | 0.006000430946482883561   | 0.00059353744100526344141 |
560   | 0.0035321203758630678043  | 0.003159021920461196984   | -0.00040662538390482213429 |
561   | 0.0057041489102372111564  | 0.0061626211784352093875  | 0.0006153261439886701864  |
562   | 0.0048397990116503149249  | 0.001528513011761292251   | -0.0038283388603995638019 |
563   | 0.0071292881883234906007  | 0.0042321501694814814276  | -0.0034802834307725892884 |
564   | 0.0012052631005557306633  | 0.0063906611918085800411  | -0.0018291865388370897542 |
565   | 0.0032935982736987711242  | 0.0039422781649160699644  | -0.002523612057016072583  |
566   | 0.0056011837351187289402  | 0.0048234039086469228733  | -0.00053616213168286195549 |
567   | 0.0017786627252353390954  | 0.0037102984558277595471  | -0.0040701619615957328191 |
568   | 0.00085060794893462865224 | 0.0070442982041728583603  | -0.0025518592928725062664 |
569   | 0.0035501396942799771581  | 0.0027424556754418898986  | -0.0023773984440033668099 |
570   | 0.0083141201529404740178  | 0.0061899627640835267264  | -0.004334391103063105731  |
571   | 0.0076175161189664135006  | 0.0038261909736155398989  | -0.0063570272395654294634 |
572   | 0.0067219277895135178674  | 0.009777748818967523306   | -0.0086089514603280483523 |
573   | 0.0068676270130289991667  | 0.0056930689283490850186  | -0.00064900969772579172705 |
574   | 0.0094705677082109838288  | 0.0063903573703598713987  | -0.0011324835777957241272 |
575   | 0.0079200540408858842445  | 0.0063549374773801204155  | -0.0054861084521665264002 |
576   | 0.0025137393264497852503  | 0.0055356193985246502157  | -0.0084056153089297931669 |
577   | 0.0064640501917475239393  | 0.0090968939108640074764  | -0.0012718753696642527695 |
578   | 0.0065459252028984404176  | 0.0074475056844924020921  | -0.0054517706417218023129 |
579   | 0.0042179462139237235488  | 0.0016808992805204224508  | -0.00031613595174291879084 |
580   | 0.0091526068250392250691  | 0.0061715777587235112409  | -0.0072238721980399612718 |
581   | 7.0362663574270687956e-05 | 0.0066453985510845749521  | -0.0040436940327403412751 |
582   | 0.0090079497082132461983  | 0.0078900180371596646128  | -0.003759701314983283655  |
583   | 0.0036841875973172809322  | 0.0052999621332512330402  | -0.0069775140143683491573 |
584   | 0.0067730950382760618175  | 0.0031683028509388254899  | -0.0044782286854902582027 |
585   | 0.00869481562629494803    | 0.0048242235250006071032  | -0.0079261445375713151379 |
586   | 0.0042491600366181617177  | 0.0023265148221928311917  | -0.0045106308754740099751 |
587   | 0.0082212330152792133242  | 0.0071247615508384402536  | -0.0058969191172230980141 |
588   | 0.00067462938079895480928 | 0.0056913493296548971906  | -0.0033376119761101314017 |
589   | 0.0061481909923266579027  | 0.0029867631551915943024  | -0.0052827397221031444779 |
590   | 0.0087279477490939082196  | 0.0024939858236100549346  | -0.0011267024143518172222 |
591   | 0.0009431996225175079537  | 0.0095026394167063554103  | -0.0081366851332025248028 |
592   | 0.0050356469750555384393  | 0.0054522150630858939868  | -0.008954187575102176555  |
593   | 0.0056211127256067076885  | 0.0082663148711295281884  | -0.0066450100473293086806 |
594   | 0.0079111536258270089006  | 0.0066635430694469100985  | -0.0079233222870073883454 |
595   | 0.0097939473851534567667  | 0.0042482017277733338453  | 0.00040939732128471306456 |
596   | 0.0063815970114878264527  | 0.0058746635637856609718  | -0.0047628849434947183317 |
597   | 0.0012561440866606908302  | 0.00053078780216848247576 | -0.0030871936657382282286 |
598   | 0.0035178384270182793715  | 0.0015768896182773951484  | -0.0021946088963135245049 |
599   | 0.0039548303918288110412  | 0.0031249497130387770237  | -0.0064069632497862488707 |
600   | 0.0012069249945682906325  | 0.002297660214909541098   | -0.0075816133940357997162 |
601   | 0.0082646225831692361058  | 0.0037214992821124046919  | -0.0034302651021951139666 |
602   | 0.0037747487757580420846  | 0.0072312272245710941532  | -0.0023983419426040898485 |
603   | 0.0080041907758126324551  | 0.0034951565144247598652  | -0.0046302449739999947467 |
604   | 0.0087246760011737388429  | 0.0064463922939644894769  | -0.004765753379891295681  |
605   | 0.0044512461143366944746  | 0.0024289009661372287091  | -0.00034824608192745274988 |
606   | 0.004086451189803485054   | 0.007245593581343013484   | -0.0069166455640074942651 |
607   | 0.00091461283755032030812 | 0.0020912201569534324269  | -0.0069392548070808619462 |
608   | 0.00049506443976375462922 | 0.0044132864316552000705  | -0.0055743356546568995774 |
609   | 0.0096011634181277592109  | 0.0094394587186560456604  | -0.0068544735511785461965 |
610   | 0.0083536852698475830975  | 0.0046730863082318357948  | -0.0048159506604819784029 |
611   | 0.0038514328327524491487  | 0.00067125141804868387364 | -0.0016863599512860448504 |
612   | 0.0094222889335938229266  | 0.0057759530797849975223  | -0.0014716723155378994524 |
613   | 0.0050360131023322630972  | 0.0072621233127530843837  | -0.0058407124259526608037 |
614   | 0.0088177055001224524666  | 0.0045916071194573538847  | -0.005557174702271969538  |
615   | 0.0025983824399979150478  | 0.0071895292037803034541  | -0.0032745323529273259559 |
616   | 0.0085493943842514189685  | 0.0039360012083491787913  | 0.00038180884585499712952 |
617   | 0.0068867434598173645974  | 0.0033054434229723081429  | -0.0029883868054676361592 |
618   | 0.0048681915525273485382  | 0.0082521992449972898093  | -0.0052767206430717195076 |
619   | 0.0045906901490355743814  | 0.0042619994511825624872  | -0.0039153615424224142913 |
620   | 0.0098358473598353073769  | 0.0091897245108424827076  | -0.0050940491562219058705 |
621   | 0.0070704042173063341367  | 0.0098761823665824699514  | -0.007017338512212058059  |
622   | 0.0094108068674935985154  | 0.0049055265949224206856  | -0.005185704070757492061  |
623   | 0.0079594638269676436237  | 0.0057572767163014673328  | 0.00030734238042045777545 |
624   | 0.00016375776821079000888 | 0.0073385492948423915877  | -0.0061569659459182243116 |
625   | 0.0061451044782217080845  | 0.002201427790648417121   | 0.00026623570262163543526 |
626   | 0.0035530164739876637751  | 0.00096216999778906526185 | -0.007789423223093693005  |
627   | 0.0018175361588940307667  | 0.0005264356239556341327  | -0.00747562175884785695   |
628   | 0.0048685766764799617845  | 0.0091571543316813063668  | -0.00028173222456280647965 |
629   | 0.0014909048280277051399  | 0.0033260331527268493373  | -0.0051064928957297618661 |
630   | 0.0071295316913607765033  | 0.0071453794386516960094  | -0.0052810634522446140565 |
631   | 0.0054025011345558999337  | 0.0040671037581508110922  | 0.00028274957980554114335 |
632   | 0.001126703617506219935   | 0.0079664428851436656226  | -0.004504965651463567651  |
633   | 0.0093429850615817933157  | 0.0020410089851491813873  | -0.0054689646664533913753 |
634   | 0.0033641855673400000715  | 0.0067309394977594638743  | -0.0082919336780910048168 |
635   | 0.007091747575164129673   | 0.0063896679644024128794  | -0.0052193192512059796706 |
636   | 0.00052406055624483992295 | 0.0021706469394980774587  | -0.0017154691203712705248 |
637   | 0.0044863285641482605892  | 0.0074603674438982721731  | -0.0032741739018937524031 |
638   | 0.0026756798122163382748  | 0.00065706683060549561128 | 0.00095759986695881913789 |
639   | 0.0094323100965838322512  | 0.0047735566117833288374  | -0.0060263234636024273772 |
640   | 0.0028900863718824610672  | 0.0086346363474978406194  | 0.00058530903321004582734 |
641   | 0.0092287538763748452192  | 0.0029910328124673297642  | -0.0026574241351633529767 |
642   | 0.005031273611936616999   | 0.006316196436520662115   | -0.0045543051876616247667 |
643   | 0.0070813091444164441221  | 0.0080268251063949531965  | -0.004632423099733983321  |
644   | 0.006937557836789968492   | 0.0054236299763242437968  | -0.001489557907116587001  |
645   | 0.0094837442607917255694  | 0.005111932341527246175   | -0.0020918642752518210384 |
646   | 0.0044205129661344507927  | 0.0073110394967396989327  | -0.0075999713660445285257 |
647   | 0.0058025770665759762376  | 0.0069559580868444785898  | -0.0046066771527720033752 |
648   | 0.004942341039068577635   | 0.0076619442915144319109  | -0.0026921870014377517928 |
649   | 0.0090810237707164599696  | 0.0059855103193896192285  | -0.0029723646205311879745 |
650   | 0.0026746669532137020038  | 0.0010448058519563346858  | -0.0019303687549987219758 |
651   | 0.0071184032513718345156  | 0.0035398073862301106772  | -0.0010843836269402624701 |
652   | 0.00071477401020981286457 | 0.0048455359730498965068  | -0.0082942473749602532024 |
653   | 0.0010852475030977823053  | 0.0080743310950927467406  | -0.006936773136635831366  |
654   | 0.0035323635143576980963  | 0.0035688243288587110508  | -0.0017199320048579568899 |
655   | 0.0016351114606976237861  | 0.0060763489320810239874  | -0.003194841408110347513  |
656   | 0.0029452603079227106589  | 0.0085529899409724999965  | -0.0034464665905770369529 |
657   | 0.0019695294668130949346  | 0.0059011219076412204862  | -0.0057795083157235194182 |
658   | 0.0090570526390114768772  | 0.003519249271603782335   | -0.0010443380241703019515 |
659   | 0.005176935800495887155   | 0.00036012286881622490196 | -0.006569112396955786165  |
660   | 0.0030239129740080514241  | 0.00049421314868976695331 | -0.0054636774052066894997 |
661   | 0.0032161764782287437757  | 0.0071232848272562414998  | -0.0029463367496289469445 |
662   | 0.0043968089634637387911  | 0.0011996369703999561554  | -0.0089655383723629689108 |
663   | 0.0014272213968644100433  | 0.009146179560989392901   | -0.0049293587696454957761 |
664   | 0.0044466456028178927631  | 0.0096968000584447752721  | -0.0086809317728728033203 |
665   | 0.00020452966664649704464 | 0.0037419241713829935053  | -0.0014239336296850899338 |
666   | 0.00157627510862182749    | 0.0045670050764961530113  | -0.0057787220740160892898 |
667   | 0.0052200069741507515095  | 0.0041352042857440126158  | -0.002727765986962703889  |
668   | 0.0068165288965529105547  | 0.0033800890995207026266  | -0.00046159505726372715428 |
669   | 0.0055949748348032351739  | 0.0033852610203707095456  | -0.0021186332196203739447 |
670   | 0.00696413721556986276    | 0.0022322023036098525076  | -0.0060701796976173234832 |
671   | 0.0079949727301267432822  | 0.0077781789270712307222  | -0.00020416696574063517662 |
672   | 0.00021194915996783762779 | 0.00643510789756758083    | -0.007820298100451159376  |
673   | 0.0047616649525518235306  | 0.0058710405706199619846  | -0.002156276485018788526  |
674   | 0.006537223623320376209   | 0.0038348751625395939395  | -0.0057152503561543150853 |
675   | 0.0043754717701775759295  | 0.0050023817867893786288  | -0.00033685466780903082279 |
676   | 0.0084117535420971407262  | 0.0040215170194063138559  | -0.0068079482756421413545 |
677   | 0.00020680354227546406706 | 0.00022016394008246627126 | -0.0050619864473097778493 |
678   | 0.0023188598333783371971  | 0.0069537504348868807089  | -0.0086731419926842617113 |
679   | 0.0018959505876601069705  | 0.0041863793447504257447  | -0.0044939183646234498806 |
680   | 0.0076934921416869622018  | 0.005879586860227368518   | -0.0019311271768468450411 |
681   | 0.0049104953881215869169  | 0.0094969792343278409963  | -0.0053650128576299216734 |
682   | 0.0079026611876666288253  | 0.0065967122157378427563  | -0.0047824478437333561853 |
683   | 0.0060236854731468654142  | 0.0079277146356033761226  | 0.00049666242889134185751 |
684   | 0.0092154947344007167448  | 0.0095936225378581395373  | 0.00040482489085950240388 |
685   | 0.001832254618766097562   | 0.0049896915448921401806  | -0.0084277492442780318344 |
686   | 0.0019391743986727943191  | 0.0058089650388921500526  | -0.0014699249360343006904 |
687   | 0.0048716407803143782149  | 0.0019405141591355902931  | -0.00054269533550095096219 |
688   | 0.0010637317831587867877  | 0.0044578894873480061703  | -0.001607897286341981001  |
689   | 0.0080451013158412895687  | 0.005545982814502009757   | -0.0020672481438914367888 |
690   | 0.0010229659101223611845  | 0.0090879566961816152931  | -0.0051086748791903330638 |
691   | 0.0036909544874884395692  | 0.0048125689712509569715  | -0.0047529213201483325527 |
692   | 0.0073158543721338715679  | 0.0013812970965056605311  | -0.0055229174652987210112 |
693   | 0.0011370220358696064497  | 0.0017724622584632796808  | -0.0062134032911960613427 |
694   | 0.0019712415459748971157  | 0.0022012035285709913301  | -0.0036198265467802192251 |
695   | 0.0064559491310515297602  | 0.0048958329639886945597  | -0.0048407267700198170629 |
696   | 0.0069955717339176461816  | 0.0036943648964016862803  | -0.0079083487334380940526 |
697   | 0.0071024391205163871221  | 0.007898453210607359401   | -0.0068390086051897495956 |
698   | 0.0072760204815899938088  | 0.0017501890637970098606  | -0.00049633890642438957021 |
699   | 0.006540745816082605725   | 0.00084794503076491742864 | 0.00056881103541821503161 |
700   | 0.0038304772362380617653  | 0.0088933358669248240708  | -0.0047327348822351752652 |
701   | 0.0049591008365109179659  | 0.0048126145364209517094  | -0.0055080685859747085045 |
702   | 0.006622188739930631729   | 0.0061138375020368890614  | -0.0027040460971915281432 |
703   | 0.0021134323225779068182  | 0.0046715293532612472971  | -0.002735471633223587884  |
704   | 0.0076577376890972874424  | 0.0036559519250699964651  | -0.008070323553889058657  |
705   | 0.0037132627260419337652  | 0.0041721530963004698281  | -0.001484935058556757911  |
706   | 0.0067838824368345006233  | 0.0065276380900120781897  | -0.0062019295631025048512 |
707   | 0.00059923218548027328261 | 0.0095651783640329033492  | -0.001494602791664310969  |
708   | 0.0099262814219111383113  | 0.0016389511495855267273  | -0.0065695426427720294421 |
709   | 0.0045190530629051874414  | 0.0039345278015115656145  | -0.0010643910092260138681 |
710   | 0.00010944586778480297983 | 0.0009625277530543336485  | -0.0074758647235437349424 |
711   | 0.0044100319859706645087  | 0.0063293742475261640865  | -0.0052300420169692591818 |
712   | 0.0046716583973553400116  | 0.004813333745980840836   | -0.0019763464355590375406 |
713   | 0.0084173859427911796455  | 0.0038690108853641639111  | -0.005414837084881775689  |
714   | 0.0044297622277573965588  | 0.0031650751940581391825  | 0.00069463868016104827769 |
715   | 0.0060365164978120264272  | 0.0080269192622603440651  | -0.0081406738359190225496 |
716   | 0.0017988247955797633925  | 0.0026063437053291532708  | -0.0063503909421937579372 |
717   | 0.0036828750087074951791  | 0.008511877816952338402   | -0.0058508379967204468541 |
718   | 0.0069211206107154307071  | 0.0029595758458054147351  | -0.0019509274576005335069 |
719   | 0.0030029189706729303086  | 0.002712974190943874802   | -0.0083645659497330899362 |
720   | 0.0072510146819825356188  | 0.0097230002970993389261  | -0.00320511497687815455   |
721   | 0.0029365485202052458297  | 0.0066081981778458240284  | -0.0072111704176588660789 |
722   | 0.00030305089800230236791 | 0.004331311295239051104   | -0.0037194065371918931528 |
723   | 0.0063846078733633933669  | 0.0022411038068629175572  | -0.0040832207105089826302 |
724   | 0.0013233030707231014864  | 0.0004276841764243093048  | -0.0041244805991469046455 |
725   | 0.0053723620430278350851  | 0.00094680252110145176302 | -0.0090195167288086592478 |
726   | 0.0018322148816253057239  | 0.0044174351973551035516  | -0.0046953607100634047605 |
727   | 0.001068306817375838224   | 0.0028120034651870524922  | 0.00096274008190163056636 |
728   | 0.0067963805864060498896  | 0.0091599162104402803708  | -0.0073448872181034957976 |
729   | 0.0078082767374554520184  | 0.0016366215132235764802  | -0.0073144937813651974071 |
730   | 0.0068616944448189132535  | 0.0089921791038596963347  | -0.0088072167680398605327 |
731   | 0.0071168699567139195178  | 0.0039836552888036797643  | -0.0085079083237887317276 |
732   | 0.0049037083832057905622  | 0.0028371821429864401212  | -0.0048518363378468234298 |
733   | 0.0086704793611539713455  | 0.0009559600268906976242  | -0.0060099751545064777902 |
734   | 0.0013545153871637074898  | 0.0092732041135511235341  | -0.0015421730667218832081 |
735   | 0.0027654371982762798732  | 0.009189521486166462097   | -0.0034452220663707573689 |
736   | 0.0023079293869799873476  | 0.0064235886326313267058  | -0.0010262314912303895434 |
737   | 0.0010498120690645032591  | 0.006457240506454910503   | -0.0035685064493594215694 |
738   | 0.0004763603994500129426  | 0.0066210821563386238267  | -0.0068809200002126480467 |
739   | 0.0073512150991307916026  | 0.0067397494871426644886  | -0.006586714830091953965  |
740   | 0.0097061451631511707488  | 0.0066323565480655701995  | -0.00038075390739417027796 |
741   | 0.00052333804650239268506 | 0.0046009682763723715876  | -0.0076679884704792264719 |
742   | 0.0042875824914399649629  | 0.005697086935143576801   | -0.003987693926075499759  |
743   | 0.0082784527094737232061  | 0.0068990201693579734574  | -0.0014736043173265293057 |
744   | 0.00085079928479858462839 | 0.0057674322975918481532  | -0.0068429102672752598752 |
745   | 0.0013858069116767673425  | 0.0059932102301468804031  | -0.0062077549879423704962 |
746   | 0.00054466847360707846496 | 0.007333091511698076187   | -0.0071385777445222052887 |
747   | 0.0053836059699769612391  | 0.0014011093786596919182  | -0.0027476064848553339269 |
748   | 0.0097803193672516709062  | 0.0068193416704065354383  | -0.0062207244370763034938 |
749   | 0.0075292933880158766438  | 0.0066482079695384197621  | -0.0074714515118967424895 |
750   | 0.00082342417373145414521 | 0.0014545115116543216871  | -0.0047655645939709374501 |
751   | 0.00082464167885081777077 | 0.0044878906364152863773  | -0.0042391211550353146559 |
752   | 0.0058131894986764185915  | 0.0023211256357740673445  | -0.0079873109941941185935 |
753   | 0.0082847117272570915125  | 0.00496053051625475281    | -0.0041665292054282728959 |
754   | 0.0072113360807518657458  | 0.0018298501941888291322  | -0.004536012899433533585  |
755   | 0.0052456747062752566782  | 0.0051193601803749466325  | -0.0074374113163475624039 |
756   | 0.004167586605415152072   | 0.0066763345230728011331  | -0.0047263794737390152009 |
757   | 0.0059971956888545075934  | 0.0059008390087867167509  | -0.0039231473461855291204 |
758   | 0.00027523389136825915065 | 0.0071921365144222235838  | -0.0018740810542050242472 |
759   | 0.0048370917110318566168  | 0.0064406734829068534517  | -0.0042110932070655096582 |
760   | 0.001290842106042635988   | 0.0077171445224096177351  | 0.00084668651976504191031 |
761   | 0.001133803704373742777   | 0.0076722622273684886254  | 0.00017275392806142896669 |
762   | 0.0004660511118237672468  | 0.0046579084986544325164  | -0.0056709953828931129044 |
763   | 0.001611059727000107222   | 0.009325613609949779878   | -0.00094335368350170821332 |
764   | 0.005371863960636758667   | 0.0091710427623609876158  | -0.0072448503095406029464 |
765   | 0.0072766839497966796096  | 0.0095239191257549746239  | -0.0056289936151314853494 |
766   | 0.0055480955220093275404  | 0.0011535230761873236423  | -0.0019916803668887728476 |
767   | 0.0043684742441342317223  | 0.0054936209207199059729  | -0.0075993733781649659004 |
768   | 0.0097963765325474252976  | 0.0094164162164390545484  | -0.0089293723388650884237 |
769   | 0.00977969718594231055    | 0.0051593664422025318356  | -0.0062409794721059062492 |
770   | 0.0038453816877057228098  | 0.000680745870689258392   | -0.0027691642770010993155 |
771   | 0.0083117508463415746417  | 0.00075366417455809608592 | -0.0034802515809026347664 |
772   | 0.0050564427146405207733  | 0.0045001001509580107821  | -0.0019776388250579055549 |
773   | 0.0053236417806075027326  | 0.0032851655379646503043  | -0.0018511173918235230597 |
774   | 0.0028819620966006342412  | 0.0074604132251897574066  | 0.00074099403558000338094 |
775   | 0.005547991556382889794   | 0.0093765333200214479731  | -0.0075601816234474351897 |
776   | 0.0054154587878265164277  | 0.005695987121152891984   | -0.0041343375394007290252 |
777   | 0.0074861759051325256487  | 0.00081939940271385559595 | -0.0049050580568615158306 |
778   | 0.0088046687961990197785  | 0.0099975987326540362993  | -0.0077379889751475680604 |
779   | 0.0051865948594449796938  | 0.0047993407239322648586  | -0.0041276934132414358491 |
780   | 0.0089269379349166799037  | 0.0059196028469617797269  | -0.005050425387802973641  |
781   | 0.0062430204073563397987  | 0.0022768897606196812113  | -0.0078950201426180397629 |
782   | 0.0024996744177890150955  | 0.002364973072749272133   | -0.0020021956771969439369 |
783   | 0.0037425071494043707712  | 0.00012658063183762705678 | -0.001217790453301302589  |
784   | 0.005208229331151732755   | 0.0055255472309380278262  | -0.0068579627416167033768 |
785   | 0.0070809621143602128127  | 0.0035199626392637710023  | -0.0019926718117502287796 |
786   | 0.0055733261455018587999  | 0.00017990930217160882188 | -0.006542057881271295082  |
787   | 0.0090458686308726322239  | 0.0052663876183479500781  | -0.0043995428638461328563 |
788   | 0.0063227123849567490668  | 0.0025485863723805975319  | -0.00043339130492048543852 |
789   | 0.0040571682705771308988  | 0.0062867787218850680261  | -0.0023957123676901855187 |
790   | 0.0015575894241855613078  | 0.0062782296396963433935  | -0.00067060196817919333692 |
791   | 0.0033462177299955070398  | 0.0026617385332860675137  | -0.0014833925450684550418 |
792   | 0.0084598791590485382386  | 0.0051815202189013052914  | -0.0023952250120115943684 |
793   | 0.0098745231792032091972  | 0.0043938761018799503411  | -0.0087459628733038471265 |
794   | 0.0031735931008766123454  | 0.0012582565719984389798  | -0.0035186645765863497522 |
795   | 0.0076629966011370516388  | 0.0033217575906595475828  | -0.0086688702074927247859 |
796   | 0.0059614707405716222191  | 0.0051140933879692635974  | -0.0011874722608271003326 |
797   | 0.0021381165800225072557  | 0.005646710189887848598   | -0.0013238093207246942086 |
798   | 0.0074211953453143589265  | 0.0026602856790523027493  | -0.00075309894955371018896 |
799   | 0.0043219246096094709672  | 0.0072771030654517343539  | -0.00085344384086565060806 |
800   | 0.006697076675004035029   | 0.0092537184753376747898  | -0.0027392001434099460394 |
801   | 0.0063408698850860919366  | 0.0073541232549022162585  | -0.0085910000725358658807 |
802   | 0.003140262069950605639   | 0.0045608710965147156863  | 0.00013477033157147452628 |
803   | 0.0049301760102235256747  | 0.0097451357090795279886  | -0.0084131512326166973947 |
804   | 0.0030499184382261259468  | 0.0060372714732220096254  | -0.0049319101827512284997 |
805   | 0.0013350628278289693607  | 0.0044269246828199841984  | -0.003255633683617046182  |
806   | 0.0076521730996598506455  | 0.0063194597907258055064  | -0.00096690443268503069221 |
807   | 0.0062356228971119868204  | 0.0050573919019340123418  | -0.0032791030541793912342 |
808   | 0.0085197095184948497953  | 0.0042241504260603626383  | 0.00084090373860508469545 |
809   | 0.0051904485061098027884  | 0.0096952601458560241227  | -0.0068606996588870660519 |
810   | 0.0056369712214911034051  | 0.0046947419160284133838  | -0.0016702828231821517137 |
811   | 0.009389810832319319539   | 0.00068773167031884688966 | -0.0067792635618759292462 |
812   | 0.009635499405881566698   | 0.0089631743994210318072  | 3.9782024489457072343e-05 |
813   | 0.0012193245856762298818  | 0.0022274678964088979669  | -0.0051798373802279000164 |
814   | 0.0063572736785992246464  | 0.00015630148326538080387 | -0.0022663034825719584157 |
815   | 0.0055084377594925701058  | 0.0041062318913772212839  | -0.00763524790881525868   |
816   | 0.0086698519195835994922  | 0.0099862247036987764753  | -0.0044778655020410122051 |
817   | 0.0079695065121347871684  | 0.007122147619735962748   | -0.0048315559601734142658 |
818   | 0.0073724204833173403312  | 0.0056830027914333844721  | -0.0079159828073113881058 |
819   | 0.0034415775631881518476  | 0.0036239172825701802989  | -0.0011523769087662066955 |
820   | 0.0079727224418754179952  | 0.0017325843488633526062  | -0.0035780694035896696246 |
821   | 0.0035582429689377291851  | 0.0085838321310079176291  | -0.001252582228539068877  |
822   | 0.0077614288057223524558  | 0.008050039604350772704   | -0.0090818901652169777006 |
823   | 0.0040991595051106518785  | 0.0049482983618018743302  | -0.0052721933248299091695 |
824   | 0.0035826864218933135442  | 0.0096519289848542196009  | -0.0073598076023077838373 |
825   | 0.0038455600169593432552  | 0.0094737129949828118719  | -0.0045904078188010247197 |
826   | 0.0011525146452971534849  | 0.0076343029878293876614  | -0.0076792370599353260152 |
827   | 0.008887077141461209237   | 0.0083928678998143532719  | -0.0068115612471459979424 |
828   | 0.0094887395038330147462  | 0.0098051076583897476407  | -0.0027943890485564205906 |
829   | 0.006976683031627026535   | 0.0081602039218217261446  | 0.00033574652889336534939 |
830   | 0.000370059058286014255   | 0.0050386035916705528351  | 8.5299885966453220824e-05 |
831   | 0.008166885696963105748   | 0.0057079933950179304394  | -0.0031154314760868228457 |
832   | 0.0076675881229418367535  | 0.0020026625689704420467  | -0.0052494616525052377465 |
833   | 0.0037865660105122597896  | 0.0036954520768320378056  | -0.0076007837032059768004 |
834   | 0.0012952113520613842742  | 0.0059867641219759574339  | -0.0050937631770776089363 |
835   | 0.00012178399290931947061 | 0.0027955438755654653422  | -0.0076230979371973150993 |
836   | 0.0071159885965241548994  | 0.0046681015643250892838  | -0.00071463152436632420162 |
837   | 0.0022901614412332736356  | 0.0030999848511272980536  | -0.0011421268921336560475 |
838   | 0.003695960581150319578   | 0.0013141777677236738363  | -0.0041442082683554566994 |
839   | 0.0087827888660183383446  | 0.0067078228774145156124  | -0.0041770813097976727812 |
840   | 0.0016808869769129274312  | 0.006743795593759163709   | -0.008146429790544194513  |
841   | 0.0086695476542248059437  | 0.0067335115465424052669  | -0.00093567637311384350973 |
842   | 0.0055379174469972385422  | 0.00681675647402745985    | -0.0062292218317784205095 |
843   | 0.0084723925852755906096  | 0.0087806332441474604228  | -0.0071285077451425206754 |
844   | 0.00011922686074628623099 | 0.0076459595924841172385  | -0.0051926493889417422306 |
845   | 0.0089200927545921588485  | 0.0051069776638427407181  | -0.0027760662508424095545 |
846   | 0.0083328236515854380018  | 0.00042907905011471680901 | -0.0061931890343295019005 |
847   | 0.0099203976587096068945  | 0.0057180720416684415255  | -0.0026303961356972972718 |
848   | 0.0067979597848390237516  | 0.0098491081563776821522  | -6.3023049230964312711e-05 |
849   | 0.0044492183183665922133  | 0.0071076939377325582675  | -0.001952813295930440167  |
850   | 0.00060416822093972265967 | 0.0031193982097538729137  | -0.0024937612102371728776 |
851   | 0.00042515569905956601638 | 0.002488376715293975569   | -0.0077834382449074156901 |
852   | 0.0019536728833752696824  | 0.0027262405846643703033  | -0.0082378028320002107121 |
853   | 0.0064514026456105226862  | 0.0036026450336046748381  | -0.0018143381794251491924 |
854   | 0.0063726979724411155631  | 0.00054223833085796971885 | -0.0034803003006681587465 |
855   | 0.0036884210765253657924  | 0.0045717508614754216734  | -0.0046612676877605752415 |
856   | 0.002605843153552625524   | 0.0019615185502358878714  | -0.00585394449162443542   |
857   | 0.0034024473001625656597  | 0.0094326666146359195581  | -0.0081603249361424570057 |
858   | 0.0091417718688614115624  | 0.0035435401802903555325  | -0.0034175515880677759077 |
859   | 0.0090453259785792019393  | 0.0032049421945444865438  | 0.00059314192887228913559 |
860   | 0.0028762472613640126425  | 0.004031823154053926217   | -0.0045389523851459652112 |
861   | 0.00022159730913000623333 | 0.0025101235028851380006  | -0.007166767421779506389  |
862   | 0.0012128207540673641932  | 0.0035753081989450584757  | -0.00058337687529960539912 |
863   | 0.0018440144142755322213  | 0.007734683782654291212   | -0.0062051988591128948505 |
864   | 0.0036992401098962408856  | 0.0054141696434787615205  | -0.00038213317876365388579 |
865   | 0.0095110629520475560572  | 0.0016030035054173099804  | -0.003908368564408440729  |
866   | 0.0061182127790587095134  | 0.0028758612607084387339  | -0.0057282196403888900257 |
867   | 0.0052921393083550658312  | 0.00094381676684302201561 | -0.0042300479886138086724 |
868   | 0.0072285521195890019633  | 0.0091890000784223945657  | -0.0073126748529782114108 |
869   | 0.00098542357793416604679 | 0.0067326131529544860216  | -0.0006436752550508117619 |
870   | 0.0025643659258216926211  | 0.0088705009122500653312  | -0.0067674396197633700581 |
871   | 0.0071821989501214883109  | 0.0067589966498458652414  | -0.0054274070521084143495 |
872   | 0.0012715159995774333833  | 0.0031817302529002001489  | -0.0047280124749367437656 |
873   | 0.0086281561067721584957  | 0.00062408843785173573598 | -0.0037663321707096866775 |
874   | 0.0024683202440791605047  | 0.00055630087137535980373 | -0.0029944310452552640352 |
875   | 0.0039396211578173259693  | 0.0078353516656614330405  | -0.0072755706173856689312 |
876   | 0.0034901129731598145266  | 0.0036121316176655382697  | -0.0052957846002323017906 |
877   | 0.0048254779799220054101  | 0.00024435945465731975053 | -0.0054875110189085089113 |
878   | 0.0065319535536862687736  | 0.0051560414674226900597  | -0.0072217772241654782511 |
879   | 0.0082506805022057871923  | 0.0075498383790281731187  | -0.0030406736522510654716 |
880   | 0.004740142170932887776   | 0.00878346560408555313    | -0.0074371963087894827835 |
881   | 0.00084906620795457911268 | 0.0047377489114161621189  | -0.0060333189621264238581 |
882   | 0.0032884883800718377189  | 0.00811712307632539605    | -0.0069219316889322576869 |
883   | 0.0060993291479774615696  | 0.0013014348563031570387  | -0.0066469404786500549745 |
884   | 0.00350909438401043796    | 0.0027472505480877736431  | -0.004993314526746055193  |
885   | 0.0084879449661301870078  | 0.0074965624672798302983  | -0.0022117957496016714403 |
886   | 0.0015191432219552889263  | 0.0086034534687508372464  | -0.0041434066408830337938 |
887   | 0.0036616757608150924362  | 0.0019913744605515601785  | -0.0056197807501379582612 |
888   | 0.004392612538932220631   | 0.0065533478504776225201  | -0.0031655962814640318907 |
889   | 0.0057657273583210603279  | 0.006658014475692041606   | -0.0067391404339923119404 |
890   | 0.0022795100942981337544  | 0.0018669823282856329392  | -0.00033335675942154462245 |
891   | 0.002503921398239746833   | 0.0097320302208501567598  | -0.003689088818014385051  |
892   | 0.0012393692785041298451  | 0.0031419201442496424818  | -0.0075277191762750132395 |
893   | 0.0064288110384534535163  | 0.00020906430254530222247 | -0.0029952103607323145654 |
894   | 0.0099602147063862916943  | 0.0059013613270104195441  | -0.0079056396725463249503 |
895   | 0.0062115970533201253501  | 0.0048997320233717337606  | -0.0067049152942149220502 |
896   | 0.0079915958866630908142  | 0.0038549382267854944914  | -0.00020917605956959113979 |
897   | 0.0098053223713636290804  | 0.0038912716036651404106  | -0.0072132726135581666863 |
898   | 0.0086533533408288381555  | 0.0055737701969781174374  | -0.0030862702620953401215 |
899   | 0.0098671709671555151572  | 0.0083785939392236104956  | -0.0031336518046685317776 |
900   | 0.0016862895382909856741  | 0.0016685828846481163146  | -0.0018925504072048967598 |
901   | 0.0039962599094105896377  | 0.0016583623022901779458  | 0.00032480027681883991185 |
902   | 0.0064468594416016008694  | 0.0069269021173594671689  | 0.00080769728885306518035 |
903   | 0.0032225682492772783801  | 0.0042306373522146426339  | -0.0029819675123046729404 |
904   | 0.0095775849400445128151  | 0.006730637064309242211   | -0.0016299914279692844822 |
905   | 0.0081377576324815816683  | 0.0083391082482928129832  | -0.0062834891276319802464 |
906   | 0.0045122809208135560705  | 0.0015635826922871778801  | -0.0066249333942968160679 |
907   | 0.0038380668600538807647  | 0.0030019607218903306307  | 0.00013689715103324315011 |
908   | 0.0095348129820002139323  | 0.0060686315625295347842  | -0.00038261446966084659707 |
909   | 0.0029033538560206172477  | 0.0026215484003091005585  | -0.00045792987552799248492 |
910   | 0.0063558648294088750455  | 0.0021861617443900745877  | -0.0058337115460286859125 |
911   | 0.0088457571788967265247  | 0.00032692282084019675574 | -0.0024345287702632278058 |
912   | 0.0092931124542242476982  | 0.0019893668938863466773  | -0.0048473615838471855594 |
913   | 0.0043060182554559636725  | 0.00037504643369024222039 | -0.0086258495503781906083 |
914   | 0.0025418374183173190681  | 0.0087284570945026836858  | -0.0045820979013579702863 |
915   | 9.0945002156633044255e-05 | 0.0024867705180822916033  | -0.00055944002544232773917 |
916   | 0.0029975932321440515969  | 0.0055900632863161454217  | -0.00309095609699778541   |
917   | 0.0036523769801742652502  | 0.0088851834257560151353  | -0.0058921541595736391661 |
918   | 0.00071087954407169024265 | 0.0099696347157509791065  | -0.0060880842078269922779 |
919   | 0.0045890889986579894849  | 0.0038193075182107543396  | -0.00155963694439160451   |
920   | 0.0015964515222750407398  | 0.0038895330299572716121  | -2.8760657754977057209e-05 |
921   | 0.0037194783955582545742  | 0.007056303539950879028   | -0.0027971775567714966121 |
922   | 0.0040471645614913540762  | 0.00057290786818420215074 | -0.0024798535348553481239 |
923   | 0.0049389700634353056116  | 0.0026166448907775771357  | -0.0033060837155203795165 |
924   | 0.0079154039873184124654  | 0.0075106212041304472316  | -0.0031838723700916581917 |
925   | 0.0048465511992475457034  | 0.0076282887320805875531  | -0.0011719315710209262608 |
926   | 0.00045518935669770760723 | 0.0089672422711823442099  | -0.0066108160903837389494 |
927   | 0.008094678133236039505   | 0.0094691192289965888523  | -0.0053464503692320650488 |
928   | 0.0061936677253346681185  | 0.0037382159664286385321  | -0.0029754023696098408185 |
929   | 0.0085213292552926631074  | 0.0091344460141030842104  | -0.0057695390909103224167 |
930   | 0.006503553651090964588   | 0.0046607080239381877551  | -0.0024696874504663941449 |
931   | 0.00036550367032899016466 | 0.007046968596876979074   | -2.6297786885132800141e-05 |
932   | 0.0042775304543855845879  | 0.0012538086354474623635  | -0.0050199787956312792031 |
933   | 0.00094895409186665079671 | 0.0089046969514398506551  | -0.0062107907034182029127 |
934   | 1.273821684645074073e-05  | 0.0079482478038299005096  | -0.0021061305976544874262 |
935   | 0.0073979486648930795067  | 0.0027694282832963282304  | -0.002557695696491764023  |
936   | 0.0061467244220387243919  | 0.0030097120148270847632  | -0.0049096959187650973666 |
937   | 0.0097845822675201744173  | 0.0038174171539553064351  | -0.00431569596357301178   |
938   | 0.0027905597771353258911  | 0.0076413635589800609979  | -0.0059133974394400875413 |
939   | 0.0028420745932915621353  | 0.004855012618731359246   | -0.0052415526394041199454 |
940   | 0.0015602100912898504877  | 0.004506143767053643473   | -0.0082921740641588859155 |
941   | 0.0043846605098782432189  | 0.0040563183771870590932  | -0.0070048335704837533591 |
942   | 0.003506956705606242581   | 0.0044234534893602258862  | -0.0026282452520160161022 |
943   | 0.0092177863609524887667  | 0.0094307080212318733503  | -0.0060460617849129013116 |
944   | 0.0041794623067516398218  | 0.0031716877361294454514  | -0.0044301807840749383646 |
945   | 0.004705373979680141372   | 0.0077850491868834553744  | -0.00015197876528666074379 |
946   | 0.0058809605594419825034  | 0.0066214696526361435311  | -0.0033812193086068271369 |
947   | 0.0068256258010671311265  | 0.001598344643957473523   | -0.002847023392852018886  |
948   | 0.00589231069863862221    | 0.0070500350522777182477  | -0.0042864046025864709077 |
949   | 0.0060000213379406497696  | 0.0045975690425678434822  | -0.0059038700788492919774 |
950   | 0.0025952355988066088885  | 0.0013686423709755625444  | -0.0047869730642035260987 |
951   | 0.0032064534017485716438  | 0.0099057499492376088063  | -0.0077181149068014211559 |
952   | 0.0046783567837096542985  | 0.0025737057631658902083  | -0.0025711049425916196118 |
953   | 0.0034395987444501103722  | 0.0023056604764539619622  | -0.0072159401986841339299 |
954   | 0.0068099885852301493896  | 0.009758011122304533283   | -0.0022951174662361379687 |
955   | 0.0074079876641432070017  | 0.003830890842848357937   | 0.00061244357640972361262 |
956   | 0.0015519028012113520072  | 0.001617491799873378884   | -0.0043288250992119820665 |
957   | 0.0027567840019217123258  | 0.0068630244157448193343  | -0.0035220919538817350818 |
958   | 0.004390271417644697749   | 0.0026476660265496894386  | -0.0053025269048652462142 |
959   | 0.0042042334913785480224  | 0.0058639990381013241266  | -0.0021573675359363034612 |
960   | 0.0039407172039481628764  | 0.003216420128155063167   | -0.0042398442486281636213 |
961   | 0.0083525019129053832551  | 0.00039665246410268211689 | -0.0012335331530572105508 |
962   | 0.004903182170607825463   | 0.0038828656676134620102  | -0.0014863505413042327717 |
963   | 0.0045808832512911727697  | 0.005221682974287431174   | -0.0055427295169889175333 |
964   | 0.0058045650448706334959  | 0.0031234921288655161965  | -0.0031805209083863731148 |
965   | 0.00047007843139137284053 | 0.0070660393409784057542  | -0.0016818183609399804494 |
966   | 0.0014359020532117429229  | 0.0086786016741470673602  | -0.0058220593860588030696 |
967   | 0.0090206274565511213731  | 0.0042832258671934428026  | -0.0014553435209532206672 |
968   | 0.0028117659088605835051  | 0.0033618652457815000924  | -0.0047963146615994387348 |
969   | 0.0052463740883108012092  | 0.0086121445355381350678  | -0.0085898587121971698571 |
970   | 0.0053306057921414205791  | 0.0069711739511059463842  | -0.0070443445411455937397 |
971   | 0.0075334584660268844383  | 0.0022221038835420130024  | -0.0025830745180033471212 |
972   | 0.0019201306091913825959  | 0.0026189979040493280987  | -0.0018495220384942775722 |
973   | 0.0031498260032579387252  | 0.0045055583436374082446  | 0.00011848149265252498228 |
974   | 0.0026470474469432203092  | 0.0012492896218254880177  | -0.0087556843980824902718 |
975   | 0.00179297156463530203    | 0.0082636659421406761378  | 0.00051916525839866990016 |
976   | 0.0027303749213842425959  | 0.0051164613994607224118  | -0.004423240793345875263  |
977   | 0.0034468730149214846584  | 0.0027195009810449936351  | -0.00053917675587443611093 |
978   | 0.0087689316318320751492  | 0.0094293645245296930923  | -0.0055859833201584311105 |
979   | 0.0021144689012523314349  | 0.0084918813859583882481  | -0.001638703484709891833  |
980   | 0.0070962639600161735512  | 0.0028109202026509808037  | -0.0041868580838628193658 |
981   | 0.0091527737168253537475  | 0.0081852356729704145444  | -0.0024604859102030423798 |
982   | 0.0050660890492438374888  | 0.00087152598633331705182 | 0.00070882521340884675071 |
983   | 0.0034417160166146116423  | 0.0046221685017270534163  | -0.0074813691645803761035 |
984   | 0.0093905921920368392447  | 0.0014842210235338512778  | -0.0087256818484795755503 |
985   | 0.0046565204574177737271  | 0.0068359118615107222067  | -0.0025564980546684493851 |
986   | 0.003397242449902924781   | 0.0017751313031073093218  | -0.0045151635256990571912 |
987   | 0.0064123210061356175279  | 0.004285389509121856344   | 0.00063580210493704427885 |
988   | 0.0049821533135005081211  | 0.0013222547042162863338  | -0.0061078267595689166719 |
989   | 0.0022233422889172990526  | 0.0012150861775364462519  | -0.0081742049210564611539 |
990   | 0.0066242524730807618091  | 0.0067098554095470193739  | -0.0039014126560286354305 |
991   | 0.0031360179813743767861  | 0.0077816037000966132783  | -0.007743666462190006497  |
992   | 0.0091541760476549147163  | 0.0059449964575637422384  | -0.0028430858234173512003 |
993   | 0.0029337680406984075442  | 0.0014093735578242887196  | -0.0086174431447145899421 |
994   | 0.007119834711222686012   | 0.0062361442147027467894  | -0.0072198166196232749919 |
995   | 0.0035668353750094405723  | 0.0028259009743406438703  | -0.0070858253725062832207 |
996   | 0.00401461540371263019    | 0.0039729287275313144093  | -0.0067403168273736241423 |
997   | 0.0039158946287510621245  | 0.002712146064531117777   | -0.00042347258980048621503 |
998   | 0.0084547056083814058763  | 0.0068088663777435311231  | -0.0055306470785699002324 |
999   | 0.0041586970148996564231  | 0.0039375813233386543558  | -0.0050410965728977293748 |
