N			X			Y			Z
0     | 0.007023351033068859009   | 0.0049865128517013936754  | -0.00018187559480641483163 |
1     | 0.0074226897728061963164  | 0.0043896178936743959417  | -0.00018774417539978922637 |
2     | 0.0014319233167057992661  | 0.0080625985713016976031  | -0.0017475361233704404373 |
3     | 0.006137510322521889071   | 0.0010005356112688717704  | 1.919110648139521377e-05  |
4     | 0.008964649737580005634   | 0.0079945588311333970477  | 0.00079747362791311433936 |
5     | 0.00069798091105220043222 | 0.0010074360255504851303  | -0.00079562087799700889363 |
6     | 0.0022538247073892029616  | 0.0095816012820349877321  | -0.0014181766902820035908 |
7     | 0.0069237467058861738856  | 0.0032063610473993444522  | -0.001026127357737804599  |
8     | 0.006099786627715863066   | 0.0089939614348160269036  | 1.9435014894331186793e-05 |
9     | 0.0038300367403871788535  | 0.00038657055655117616468 | 0.00083860130981167329417 |
10    | 0.0086617052251036566468  | 0.0069127856725479941424  | 0.00084867900542306019124 |
11    | 0.0097094050930101143126  | 0.0022740095486552627281  | -0.0017542602267497315119 |
12    | 0.003228646733585993113   | 0.006059552017467472948   | -0.00050721604297412014282 |
13    | 0.00087912519987012860932 | 0.0046621445055649727088  | -0.0012104075373052037342 |
14    | 0.0035393137998745894009  | 0.0088934455318575474092  | -0.00050939585683021002503 |
15    | 0.0060748270437572440134  | 0.0051918835158345291725  | -0.00098767126356475061499 |
16    | 0.0079248713423207481354  | 0.0069096769465556776013  | -0.00058687244839428351004 |
17    | 0.0060990725765125135965  | 0.0008281773959242636797  | 5.7405750763176273876e-05 |
18    | 0.0075075577207157039028  | 0.0018091459153529269865  | -0.0015258457156152433441 |
19    | 0.0090714617268309854364  | 0.0079535287075119202177  | -0.00067652462157984658356 |
20    | 0.0057987719639221290552  | 0.0054536400475406338062  | -0.00029803672267119106802 |
21    | 0.0018810464736640430342  | 0.0086882606719472007389  | -0.00064359526967063202321 |
22    | 0.0093155531295480986653  | 0.002000701410998991913   | -0.00042161934027194850625 |
23    | 0.0034470265702087926792  | 0.0059430483977574921281  | 0.00079780756744296944371 |
24    | 0.0058558754430180302158  | 0.0074420286720568830721  | -0.00060820966504312524211 |
25    | 1.9028278767236905957e-05 | 0.0085316941816777833174  | -0.0013746824754447936785 |
26    | 0.0052093378942462366041  | 0.0049238510304278537352  | -0.00024413458622312873294 |
27    | 0.0044966928000989879813  | 0.0029152954279433040963  | -0.0015542749799557884112 |
28    | 0.0033565444984187805741  | 0.0072511356090271825506  | -0.00036589056515356913404 |
29    | 0.0020485778936188245476  | 0.0096924622549324074283  | -0.0011039338038287842183 |
30    | 0.0024218298764265839933  | 0.0047921593736179315601  | -0.0016303268920008560754 |
31    | 0.0071745659894647938887  | 0.0085330800932059622244  | 0.00089920555138771785398 |
32    | 0.0083830509021136992431  | 0.001148407058533881895   | 0.00069852102941624170246 |
33    | 0.0094553981697818902108  | 0.0010569006486234469935  | 0.00010975104452590900153 |
34    | 0.0058196890259300604678  | 0.007086557706587560436   | -0.0006843929764222241377 |
35    | 0.0056035612746217480437  | 0.0034755900421295834318  | 0.00075969612884415715741 |
36    | 0.0037467742753090750411  | 0.00652676861473710547    | -0.0011287453765391720299 |
37    | 0.0067913315370660360185  | 0.0074414926264556435082  | -0.00019793194967066687971 |
38    | 0.0035327912905638433547  | 0.006985404052935568868   | -0.00041811842471046616098 |
39    | 0.0069023705191067112955  | 0.0065550583992609401732  | -0.00057703223271576018286 |
40    | 0.0047822948127020301068  | 0.0076174808241597866815  | -0.0013387177863386225899 |
41    | 0.003224172074953836082   | 0.0031304367621602172123  | -0.0014512170450588258996 |
42    | 0.0037682841258556837305  | 0.0063222001273606177538  | 0.00054684921710441373316 |
43    | 0.0089849233718304263863  | 0.0067522373703762985503  | 0.00024137785238023874192 |
44    | 0.0092345324091062889332  | 0.0098338051230847725592  | 0.00031389905402211867175 |
45    | 0.0084885967944693229564  | 0.007773629273460755558   | -0.00043169445336231393505 |
46    | 0.0099209448926738802443  | 0.0069871122553697793262  | -0.00066261145098321021056 |
47    | 0.0015501904219729113754  | 0.002263217436725924181   | -0.00085997607434075765132 |
48    | 0.008735044716575754431   | 0.00062994974702964331298 | -0.0013098391774909691129 |
49    | 0.0015983049983545011101  | 0.008108676205938279008   | -0.00070391948033499747873 |
50    | 0.0071219665566195026335  | 0.0024647219100847610369  | -0.0012557891063902739716 |
51    | 0.007167097470914450541   | 0.0020622801344113727597  | 0.00049861904274882146854 |
52    | 0.0031666100809910426896  | 0.000305839536440394679   | -0.00013721515631152323431 |
53    | 0.0017898331979978737444  | 0.0023400659716728126371  | 0.00070842216100814713736 |
54    | 0.005008887688224556399   | 0.0051336776261921594419  | -0.0014830936183220188012 |
55    | 0.008280981344272362113   | 0.0010277518405640085133  | 0.00091718886469847296823 |
56    | 0.0054531493051709302097  | 0.0063232898867897164782  | -0.0016082467571986048399 |
57    | 0.0025843722728788260171  | 0.0036132498920088966694  | -0.00087065035609397824559 |
58    | 0.006077526396156858815   | 0.00308831278886355972    | -0.0010273428580920916219 |
59    | 0.0091534873311970854637  | 0.0078369901180994124695  | 0.00056663290671412226002 |
60    | 0.0053140333091466502441  | 0.0070182487904833154579  | -0.00081469726097535804642 |
61    | 0.0079434950339771250027  | 0.0068269529903822248618  | 0.00076495473571134545068 |
62    | 0.0042528317988009944201  | 0.0057593533669813056289  | -0.00083298533700832647249 |
63    | 0.0018557723405491666647  | 0.0099417971494885574307  | -0.00015665427158522232339 |
64    | 0.009005875667108070165   | 0.0065719359078370981342  | -0.0016611647898472059991 |
65    | 0.009321041987590183639   | 0.00089902724205051184631 | -0.00071054379987041155382 |
66    | 0.0055463067785279651645  | 0.0018517746281708090308  | -0.00093263249114791722891 |
67    | 0.0046781641764737803141  | 0.0053621206861321308798  | 0.0001287235034349626839  |
68    | 0.0062342535500795664624  | 0.0032231383644380864374  | -0.0008991251351786526359 |
69    | 0.0044768922861582608266  | 0.0060289901900061901655  | 0.00011455435725503070846 |
70    | 0.0076935388527819168966  | 0.0071445937180906211178  | 0.00071599248372103321131 |
71    | 0.0086309310385055109521  | 0.0063823470903961706038  | -0.00018592747209030682592 |
72    | 0.0081464128743828842505  | 0.0045904176784492866162  | -0.0010806895952979020305 |
73    | 0.0013687526210008013356  | 0.0039478354184600810556  | -0.0011952775971474059735 |
74    | 0.0021199577231457208265  | 0.0044898426730551038027  | 0.00033873909990628805989 |
75    | 0.0071440437891227082448  | 0.0017209447191020793913  | -0.00017580068949319665864 |
76    | 0.0067090116982143760405  | 0.0085177506572980191124  | -0.0011124030388716143504 |
77    | 0.0070498250148760474576  | 0.007756929775160875673   | -0.0016383911415707571799 |
78    | 0.00099510758179852196875 | 0.0087078079712235630788  | -0.0017081126591564374604 |
79    | 0.0077044463923431399585  | 0.0031538621492701096258  | 0.00012857449983268349515 |
80    | 0.0078538304527949239636  | 0.0023296079170335298736  | -0.0012182275658792816962 |
81    | 0.0043364726788281500111  | 0.0031078535326672911826  | -0.001154637070927550099  |
82    | 0.0055908132247482096588  | 0.0036817204618332446953  | 0.00043042552468478630003 |
83    | 0.0022116745936292549722  | 4.3906404142966870606e-05 | 0.00046670107420555286513 |
84    | 0.0064219099938185222193  | 0.0054553496767338095774  | 0.00039327373518371178769 |
85    | 0.0097963023444069576018  | 0.005339841771018493527   | -9.5819186066056888352e-05 |
86    | 0.0051981634810600680849  | 0.004836260836501894006   | -0.0014702129502635462744 |
87    | 0.0019245563957871840693  | 0.0093768738678991093299  | -0.00095854595272556910972 |
88    | 0.0031356942290397642192  | 0.0053006894189913675644  | -0.0012317324007370595608 |
89    | 0.009171464893784323294   | 0.0064098097592535738937  | 0.00057817916005839433552 |
90    | 0.0055373006824075109156  | 0.0043269849781342357986  | -0.00061786361173341312805 |
91    | 0.0096331187467986727907  | 0.0011265184748508335309  | 0.00049004115522462057125 |
92    | 0.0037115150499233877726  | 0.0073156866757432001749  | 0.00059986488459501472598 |
93    | 0.003588130195101646349   | 0.0045415276322540833534  | -0.0015450358174316876012 |
94    | 0.0030978133657583143031  | 0.0060082517386081894101  | -0.00074948052270768048422 |
95    | 0.0020407288740202163442  | 0.0025622389894153461964  | -0.00058629010410525008151 |
96    | 0.0019021202556545957832  | 0.0086094716879919919866  | 0.00070912704882488287322 |
97    | 0.003811148972200710007   | 0.0085566350093176039154  | -0.00011184124515091049227 |
98    | 0.0056992309823179158196  | 0.00096037148081768830121 | 0.00061766078200543427651 |
99    | 0.0055901492420165291991  | 0.0076272664632483742897  | -0.00077399819060759169308 |
100   | 0.0066489154852805900514  | 0.0033518599704234195748  | 0.00091009387139907730116 |
101   | 0.0026009445573335343571  | 0.01000049341831269617    | 0.0008406059488421487513  |
102   | 0.0055817374623254338226  | 0.0098708174697610152892  | -0.0011476170584444776376 |
103   | 0.009906348810309871869   | 0.0078937111806289036314  | -0.0013986720369255647121 |
104   | 0.0054454069957446038161  | 0.0032033624135554311825  | 0.00017787087669231320354 |
105   | 0.0069879215581861693976  | 0.0031129572834166724729  | 3.5383799344266304713e-05 |
106   | 0.0094344979705743483439  | 0.0093461596526616709524  | -0.00044172922712282935856 |
107   | 0.0055050250828468398276  | 0.0052237012302400430419  | 0.00089519393716382730103 |
108   | 0.004446119473424619932   | 0.0014554548102101957149  | 9.9413689775949593171e-05 |
109   | 0.0069670937964932851127  | 0.0028550980218111218431  | -0.00033890680300406719532 |
110   | 0.0066099420954238543094  | 0.0089679506010873592803  | -0.00057727217496641471377 |
111   | 0.0020025411421244216498  | 0.00078865875943793422101 | 0.00044904458634248379471 |
112   | 0.0017769459687120969099  | 0.002441228957698590718   | 0.00044258131225195730587 |
113   | 0.0068780689566291641074  | 0.001853807022805881383   | -0.0013271917912458914245 |
114   | 0.0067472200473165230492  | 0.0045440478577138008684  | 0.00011743283381510516027 |
115   | 0.0071889999785468058219  | 0.0031994062274499465888  | -0.0011058736472087278557 |
116   | 0.0086985431960469265095  | 0.0056481174039317736876  | 0.00099563231711081046776 |
117   | 0.0008575755006601139133  | 0.0093389357473608828469  | -0.0012499076155051773961 |
118   | 0.0019785961909534739538  | 0.0054794275199475054455  | -0.00058969608556134556557 |
119   | 0.0025775632672334555795  | 0.0012597287600119410744  | -0.0007332433056041905671 |
120   | 0.0067710188799101917595  | 0.0080235651472222030423  | 0.00011835757372063140578 |
121   | 0.0028810354123036735138  | 0.0017856560006682710429  | 0.00041069685578354439733 |
122   | 0.0031498975524914098537  | 0.00031054269567766171331 | -7.5887181915549058284e-05 |
123   | 0.0037948259044778605981  | 0.0032634768985404698574  | 0.00067508271109728134468 |
124   | 0.0035395872888322964765  | 0.0050210236009207744046  | -0.00012025274329803726939 |
125   | 0.0097091798048865862736  | 0.0046405299318625983784  | 0.00035212413733711703939 |
126   | 0.0031021525345526325748  | 0.0018386170886580306422  | -0.00015125764780302413271 |
127   | 0.0076385111535591816018  | 0.0027082046681965211976  | 0.0003381722110100759222  |
128   | 0.0027634496865879833692  | 0.0070889916731378304141  | -0.0011406647257882207569 |
129   | 0.0092011220197728890019  | 0.0057521959068786128813  | 0.00050095783232443160705 |
130   | 0.0067834772795202303089  | 0.00051931009749991703488 | -0.00074089113854856327931 |
131   | 0.0063577986221244236001  | 0.0023647152874030196584  | 0.00081316509864242259714 |
132   | 0.0053113399941139057686  | 0.005431168515605314627   | -0.0012797439570737215598 |
133   | 0.0067096684714989763762  | 0.0047634514397606707303  | -0.0005848792377759886316 |
134   | 0.0083918742189835679457  | 0.00167928262036028857    | -0.0014734682609581523528 |
135   | 0.0098911196640411747777  | 0.008875790266680717161   | -0.0007181440450853748738 |
136   | 0.00083017293675292154909 | 0.0043966366655787273224  | -0.00050634573983799962497 |
137   | 0.0081295078571500568876  | 0.0087788086575740602313  | -0.00047588641986640283898 |
138   | 0.0060507304019866252343  | 0.0026130486886846763205  | 0.00054351853413062958722 |
139   | 0.00060211229147819327751 | 0.0073502063226283925051  | -0.0015432679789406367459 |
140   | 0.0067106905479117160557  | 0.0048805174032355187752  | 0.00073661578987326611218 |
141   | 0.0052512764290436027628  | 0.0051159300685475498846  | -0.0003469346696595015391 |
142   | 0.0044019942736809522521  | 0.0014904435730143607199  | -0.00024511197310583143381 |
143   | 0.0089924758299989668991  | 0.0084746196567392542004  | -0.00049564906534359080576 |
144   | 0.009588277997671467226   | 0.0032774744838494447238  | -0.0011349710362459155839 |
145   | 0.0016542820175378836634  | 0.0015327859313944141185  | -0.00090502785752316150872 |
146   | 0.00099781864522099222858 | 0.0035175090369271131037  | -0.0010585033178459918486 |
147   | 0.0096317147389660944662  | 0.0054456908692377594544  | -0.0011556863297826549131 |
148   | 0.0080722745822410339744  | 0.0019969764952057805947  | -0.001016616083782740862  |
149   | 0.0034091784205001049099  | 0.004649832434329374993   | 5.5986361408494374615e-05 |
150   | 0.0061176250832797604909  | 0.0035955257205356823576  | -0.00071077894793830631841 |
151   | 0.0068458808464320914516  | 0.0021257902537464581048  | -0.0011326481902085554915 |
152   | 0.0086567933697080726163  | 0.0041706957114454323854  | -0.00015184001970364204817 |
153   | 0.0077175989671164303349  | 0.006677700476124060272   | 0.00058016249992356560411 |
154   | 0.008001792977066244511   | 0.0071431396749289614162  | 0.00033446395658596247275 |
155   | 0.0016365012147523409682  | 0.0034138776953770576424  | 0.00027094589634205686751 |
156   | 0.0013468012638616941139  | 0.0067396202182064181979  | -0.00045565989360151035615 |
157   | 0.0039845442686399388729  | 0.0026744640132580865637  | -0.00049976069389970595013 |
158   | 0.0079474090387981477512  | 0.0076932814684374066505  | -0.0015282981746138929891 |
159   | 0.0061926931171908230003  | 0.00092215798041969535351 | 0.00013231318214880651409 |
160   | 0.0020482976177180331132  | 0.0038457453874120015903  | -0.0014760013134538358098 |
161   | 0.0046426191045353037631  | 0.0041644026041480737901  | 0.00092379203929437384707 |
162   | 0.0026805427547163429743  | 0.0035554932988765483581  | -9.2930069717410019865e-05 |
163   | 0.0049678054453574432489  | 0.0089645796975191885392  | -0.00051627227170430675142 |
164   | 0.007892420545930959111   | 0.0067394806482171673925  | -0.0013964718139664678356 |
165   | 0.0093698269656908635822  | 0.0053733801131299139403  | -0.0017557435578331719462 |
166   | 0.0045731131591218616983  | 0.0091362581764552822094  | 0.00070507005860473426218 |
167   | 0.0050289812121045024407  | 0.0057931527344530862195  | -0.00020326868894042436869 |
168   | 0.0037984398760928590917  | 3.8973083331324040305e-05 | -0.00046026577217404552851 |
169   | 0.0088126498336025451547  | 0.0088571105156269817199  | 0.00079028275752571718309 |
170   | 0.0097895224926691348094  | 0.0058904060990120563068  | -0.00064342699920853709417 |
171   | 0.0029105502745126387784  | 0.0082415800013244406436  | -0.00066729135900952380161 |
172   | 0.0091591414005692452921  | 9.2407581624873654804e-05 | -0.0013614690144583873124 |
173   | 0.005824857465548591122   | 0.0072568962613137029741  | -0.0012430421636405674345 |
174   | 0.0069363666486874321279  | 0.00585311253440668703    | -0.00071825209724645032016 |
175   | 0.0077232511111630947759  | 0.0021467758675183328497  | -8.381289161720610907e-05 |
176   | 0.0061298143956200062954  | 0.0062881038720883344548  | 0.00020528783168191567978 |
177   | 0.0088610588856810734021  | 0.00025760171355755520856 | 0.00083403325980274201166 |
178   | 0.0029780125499930636124  | 0.0067013319028732289129  | -0.00056753285980134908235 |
179   | 0.00028027847822365090785 | 0.0090565896350435597106  | -0.00056913073337588773563 |
180   | 0.0064619234441136734134  | 0.00013735804292385261839 | -0.0016972798029545267586 |
181   | 0.00034535426672454671952 | 0.00022346664655298521416 | -0.0017282203261818113085 |
182   | 0.004008923353557646875   | 0.0097786523361158422807  | 8.0390263155669897544e-05 |
183   | 0.0051944094439063358271  | 0.0067329272223006922729  | -0.00044727802100691025061 |
184   | 0.00089667919224527639112 | 0.006869657023897806844   | -0.0010203526003004829113 |
185   | 0.0031679853965830969895  | 0.0086821206980352873261  | 0.00029795526948958931095 |
186   | 0.0051065567271339137867  | 0.0013147890321832914236  | 7.08223712969494653e-05   |
187   | 0.0096200003079389105609  | 0.0030852884778893672341  | -0.0011965676071180057684 |
188   | 0.0037072522450434454606  | 0.0061461666167304416716  | 0.0004409085075273683858  |
189   | 0.0090354740216426181892  | 0.0025633605899369137603  | -6.2487341380694207344e-05 |
190   | 0.0079571467767097312646  | 0.007295456709591735707   | -0.0014272188250590118423 |
191   | 0.002269294433774144467   | 0.0067539206787319457093  | -0.0014641390840628091662 |
192   | 0.0010385151263503610009  | 0.0057925041364332305674  | 0.00027267305390505475974 |
193   | 0.0029866897864359192617  | 0.004489287654829770928   | -0.00054766593445823466384 |
194   | 0.0021768678599506912502  | 0.00094061364413325972578 | -0.00038461432622826426542 |
195   | 0.0039868853049331897179  | 0.0050424062714740534516  | 0.00091623678383855522087 |
196   | 0.0029056646796807223711  | 0.0048005877347906773453  | -0.001433518070150693359  |
197   | 0.0032027335669259637818  | 0.0086860427859218897889  | -0.00083389020048073921477 |
198   | 0.0065110875088642602287  | 0.00094865007250458197475 | -0.0005475339977703977748 |
199   | 0.004821334075920028113   | 0.0075609137276629974009  | 0.00049326723024892878827 |
200   | 0.00026162484463389365681 | 0.0060218367742185122463  | -0.0012943145390786339136 |
201   | 0.0062530603454527449239  | 0.0011353244457308257851  | -0.00065405919030283416696 |
202   | 0.006114303267235517321   | 0.00041177437596418340173 | -0.0011073278616832453371 |
203   | 0.0017746846216551018585  | 0.0082465007398366714508  | -0.0014691676880459151201 |
204   | 0.0081275772501482740351  | 0.0095593727773576001733  | -0.00053277703439165359934 |
205   | 0.00069019870232063865179 | 0.0082675318315370924932  | 0.00094332468305981329731 |
206   | 0.0085637114050441751761  | 0.00091353176427411760408 | -0.0016293573049101413037 |
207   | 0.0062730773467828820911  | 0.0030830180316909288306  | -0.00043500038135874764334 |
208   | 0.0060259450598170284999  | 0.0070504936473202509117  | -0.0016573356055111952354 |
209   | 0.0040357811121981687283  | 0.0061747334819252036944  | -0.0005085412061424663191 |
210   | 0.0052614456704085802233  | 0.0041012370131281450369  | -5.8360023549525143536e-06 |
211   | 0.0098828635511138199221  | 0.0076490029792164191194  | -0.00054729324463338041313 |
212   | 0.0066443749197119868904  | 0.0045586675220811332873  | 0.00054593604658517301455 |
213   | 0.0099366772777026383251  | 0.0082715185375297796411  | -0.00060242729182606070959 |
214   | 0.0058599352431452323905  | 0.0029362185647441385941  | -0.00082853861195351171005 |
215   | 0.003396868725395066433   | 0.0055169932682433081919  | 0.00038313822646568674235 |
216   | 0.0069700236124254858622  | 0.0065913188317680690073  | 0.00052523502504890368786 |
217   | 0.0058337198850510647852  | 0.0098351799647737516569  | 0.00014085144145175953036 |
218   | 0.0087011737166140697142  | 0.0011399482885029502653  | -0.00032307668493736756013 |
219   | 0.0038009243915940447468  | 0.0027147549094398574013  | -0.000232635550288888375  |
220   | 0.00043185859899534716298 | 0.0015340400673585618402  | -0.0012980066642563315663 |
221   | 0.003873511878587402972   | 0.007458676373402234501   | -0.00046070433313004198342 |
222   | 4.1760743047190508517e-05 | 0.0079794394866408834693  | 0.00053139557008742154161 |
223   | 8.3078592597649465442e-05 | 0.0071099915734891749527  | 0.0007337762128706961165  |
224   | 0.009050007389625433149   | 0.0026078197783961903217  | 0.00072109767712946249742 |
225   | 0.0070700710561964735107  | 0.0073254052739057462854  | 0.00023083689234102322714 |
226   | 0.0059657990762890323114  | 0.0023858988759729599788  | 0.00010240671855730214192 |
227   | 0.00057857008878523170144 | 0.0049543123827128707215  | -0.0013656743882663889729 |
228   | 0.0028280095387238552741  | 0.0071314553130828904279  | 0.00029783760459374384504 |
229   | 0.0049020491641539746044  | 0.0079492309649085487328  | -0.00084346606022250619934 |
230   | 0.0075631043296138641616  | 0.0048988961705152597043  | -0.00081685776553027430579 |
231   | 0.0035150334281748739015  | 0.0065078970307002109372  | -9.8012269819251600107e-05 |
232   | 0.0028414097483528250564  | 0.0093412693965948864067  | -0.0010819269548243564977 |
233   | 0.0098949350004608922771  | 0.0043182314324615150153  | -0.00047022456649520864196 |
234   | 0.0091825608636136278606  | 0.0093124891015080608209  | -0.001628487355743705187  |
235   | 0.0011038490781028426155  | 0.0057730435535178308004  | 0.00090332105905631735181 |
236   | 0.0022818607605529328368  | 0.0023208093098854346535  | -5.6780549909622844587e-05 |
237   | 0.0077412417905329961032  | 0.0059615533786826040152  | 2.727089330937702987e-05  |
238   | 0.0050383605922119812509  | 0.003242093574394135265   | 0.00034018808406251443933 |
239   | 0.0059861783287045410018  | 0.0010987251204129721768  | -0.00042702585359023363708 |
240   | 0.0081535095615677712078  | 0.0092116307865409124273  | 0.00017594488519842915925 |
241   | 0.0091394090497380533339  | 0.0016072854453582779977  | 0.00029288357133751795336 |
242   | 0.00058418426155717160814 | 0.0043471252734659741185  | 0.00089910743911449878679 |
243   | 0.0015226336795633673999  | 0.0019867692518242634735  | -0.00061750832825471411135 |
244   | 0.002402046520778220156   | 0.0048446112191388125343  | -0.0012670716790028492115 |
245   | 0.0055003159297791317031  | 0.0016152493443318887648  | 0.00047068895081528184512 |
246   | 0.0030387233753163900643  | 0.0058214868261361584628  | -4.2461991237175923306e-05 |
247   | 0.0052722140126504994651  | 0.0082353356192251224444  | -0.0004714268102912360682 |
248   | 0.0088062362073517922584  | 0.0011222139477929595104  | -0.00083570451654132267474 |
249   | 0.008662653281220617299   | 0.0053895748373543606036  | -1.4462295236607960951e-05 |
250   | 0.0011442930772270832381  | 0.0055741334140626515661  | 0.00063409862785250483558 |
251   | 0.0083344608074251147478  | 0.0017339337323696456163  | -0.0013162420301227255141 |
252   | 0.0013994685878386398104  | 0.0046031562210583519199  | -0.00070243669053612705321 |
253   | 4.5279304485689413204e-05 | 0.0055926332371332250146  | -0.0013885539950825691313 |
254   | 0.00098481650276877746863 | 0.0036164141523797725154  | -0.0013182230160658687818 |
255   | 0.0079024949577764912884  | 0.0077054128768410251604  | -0.001345588566689306367  |
256   | 0.0062562714256196808732  | 0.0066628361501000600911  | 0.00099192805999752473728 |
257   | 0.0069327622450967634968  | 0.0053841387823645951022  | -0.0011918457759998179763 |
258   | 0.0089529690393874705734  | 0.0058320767926967227723  | 2.4281378523363593403e-05 |
259   | 0.003669258141557617519   | 0.0011517785657740788486  | 0.0006876848230753061916  |
260   | 0.0096040586872631374116  | 0.005523481060260466112   | 0.00033546774164827913162 |
261   | 0.0052397191680018575383  | 0.00067379361965938142868 | 0.00041238013765463991684 |
262   | 0.0035599395304774560447  | 0.0031004635491560812027  | -0.0010769938997212474222 |
263   | 0.0091120069577600975447  | 0.00030219545614739232176 | 0.00051989714169330732835 |
264   | 0.0057059696052947743439  | 0.0034112875713752576975  | 0.00091020269973769469141 |
265   | 0.0094867217014858486179  | 0.0067666381558856630515  | 0.00088089703916306456161 |
266   | 0.0021010950122355249656  | 0.0069953671946519921723  | 0.00010778244477458637544 |
267   | 0.0088959496554258995354  | 7.9539780426227384581e-05 | 0.00014384325501657198526 |
268   | 0.0045881536089611421256  | 0.0030694718084152551422  | 5.5244124611946549778e-05 |
269   | 0.0077545639986219177045  | 0.0070802048415346281046  | -0.00016347874711793061427 |
270   | 0.0043061686555306618457  | 0.0035424917208993706233  | -0.00096723892633883846569 |
271   | 0.0062637350167813387811  | 0.0023255737280049844709  | 0.00010592453399365362766 |
272   | 0.00076027539962771094936 | 0.0015284403881551330857  | -0.0014398317542636636032 |
273   | 0.0078859143329998802191  | 0.004492086508321400766   | -0.0015377589492817469227 |
274   | 0.00043568952481829126494 | 0.0063529208271037281366  | -0.00024533489883905742991 |
275   | 0.00095294269591232453644 | 0.0059811955842294936905  | -0.00096065603053416856287 |
276   | 0.0075383740306980530702  | 0.0075164801218254211415  | -0.00085031603304719404531 |
277   | 0.0071331963463161056349  | 0.0079770639678176935572  | 0.00069174232316416195323 |
278   | 0.00021088902498750324325 | 0.0030433704341022945784  | 0.00021065949393038886205 |
279   | 0.0064625858004631426754  | 0.0033654227457903919743  | -0.00083281661179294345747 |
280   | 0.0021357915203557911732  | 0.0046758639284748774317  | 0.00032958193422796588966 |
281   | 0.0087482755784336497379  | 0.006715727176800518998   | 0.00033757956657755517791 |
282   | 0.009123571416516901289   | 0.00013281634270577143218 | -0.0012342864890566860106 |
283   | 0.0071723330277620013853  | 0.0043441394065586733456  | -0.00094567959151368031871 |
284   | 0.0035627553114136855522  | 0.0051259986479178128171  | -0.0010153579667729131786 |
285   | 0.00090554127144092241494 | 0.007888822877989372373   | -0.00049768167618593150102 |
286   | 0.0026544741213495159221  | 0.0044681232924816023655  | -0.0015134803912854933629 |
287   | 0.0037849818687949818991  | 0.0072067147683952063192  | -0.00021970009557604282171 |
288   | 0.0037347185399746142195  | 0.0061462382804159058219  | 0.00053022979599708422709 |
289   | 0.0040700733662265113633  | 0.00077612214457003407889 | 0.00067761450085508146985 |
290   | 0.0030559905914042647182  | 0.0069016080845363423843  | -0.00067090443162631221898 |
291   | 0.0040536409847405328877  | 0.00095477622407780075604 | -0.0013093384082764150146 |
292   | 3.6090680816372429981e-05 | 0.0074079715840457581108  | -0.0013865873988442658799 |
293   | 0.0097584112284538997162  | 0.0076459481307523729718  | 0.00040879123418147215703 |
294   | 0.0054646088826377928541  | 0.0068769383524726586734  | -0.0017111807301462131012 |
295   | 0.0053408734643078424956  | 0.0018485638308760323715  | -0.0010723721259232926652 |
296   | 0.0032323853854008674155  | 0.0093080001650141502151  | -0.0016959258111852054153 |
297   | 0.0046194719106746034293  | 0.0030544377525855651717  | -0.00047915764050540459416 |
298   | 0.0027148627095729188294  | 0.0028673750881029222252  | 6.7637537039018686574e-05 |
299   | 0.0030416941138325195339  | 0.00072731627829886104798 | -7.8429451521168890693e-06 |
300   | 0.006797630843585567538   | 0.0091934883796734433864  | 0.00014394644600665792338 |
301   | 0.0023739610267689325099  | 0.0011435926603330143127  | 8.2695367042184494705e-05 |
302   | 0.00061563188578021800154 | 0.0070749041021285581296  | -0.0010819828647123219244 |
303   | 0.00052265475916095068334 | 0.003522551636187340289   | -0.00083162673066026256835 |
304   | 0.0084763875511546273034  | 0.0075969277913516012821  | -0.001394825064387708851  |
305   | 0.0046098451758363571951  | 0.0035538769250279900538  | -0.0005717498632610852052 |
306   | 0.0092213312622827746379  | 0.0067156762649880821087  | -0.00093472211807686406831 |
307   | 0.0052965031801796499944  | 0.0070525123199876756097  | -0.00037062589179579321415 |
308   | 0.0061000424151315055243  | 0.0060502710990180700798  | -0.0016764271576137016861 |
309   | 0.0034105451433690168149  | 0.0048617955496332160292  | 0.00072178706604867238356 |
310   | 0.0032859185875340839698  | 0.009249051782756798068   | -0.00081663565629013976348 |
311   | 0.0031910422242856163917  | 0.00025850282222456910999 | -0.0010612436200921418223 |
312   | 0.0039393697837400432071  | 0.0023865495523545795717  | 7.1574514989006547336e-05 |
313   | 0.00084681294989228219142 | 0.006069198597638312577   | -0.00090718105048104931334 |
314   | 0.0097830574605066427524  | 0.0065563451827393478405  | 0.0003554876457085557771  |
315   | 0.0019994028430706184754  | 0.0012807459840652982326  | 0.00023050607120307713095 |
316   | 0.0070656561494519508348  | 0.0070470496367746188193  | -0.0013520453029226750779 |
317   | 0.0011670905707616182744  | 0.0083334242742843390311  | -0.00075572957908637153433 |
318   | 0.0040925575608276726358  | 0.0039405457045883045264  | -0.0010957308542228403041 |
319   | 0.0057915122515032283618  | 0.0081377355834660360101  | -0.0009383356188548757585 |
320   | 0.002778077533391728679   | 0.0079001405850696367755  | 0.0001583651258732927925  |
321   | 0.0090022176322764827644  | 0.0025099589343153001081  | -0.00043970134338266629245 |
322   | 0.0058150792487868998432  | 0.0023964830971485726399  | -0.0015165092055045524804 |
323   | 0.0023667960367827847214  | 0.0019750574674043319331  | -0.00021080211110855581942 |
324   | 0.000167816408367974548   | 0.0034757299898079026257  | 0.00031807209470353247803 |
325   | 0.0026283091790827339991  | 0.0044344419081572888572  | -0.0010032686529450570486 |
326   | 0.002568512286321763833   | 0.0066514500723686758796  | 0.00010235886159002457064 |
327   | 0.0012152557807578593437  | 0.0042204028290921506705  | 0.00098774416656117591112 |
328   | 0.0016471699340469012161  | 0.0023375791945149881033  | 0.00058028131796379286457 |
329   | 0.0068495939703675278246  | 0.005316172651464856104   | 0.00038573115694149771784 |
330   | 0.0053613905949258227474  | 0.0041824904707229958178  | 0.00081166392967594539615 |
331   | 0.0035564233673254972388  | 0.0088950517881474251009  | -0.00054545317169770791456 |
332   | 0.003020524782364530491   | 0.0022093794499359023682  | -0.00086392919867545145841 |
333   | 0.0051065203605922355676  | 0.0007947618162063989659  | 0.00050016487549776216838 |
334   | 0.0056009033926562078534  | 0.0013133857864116148945  | -4.154069005530192515e-07 |
335   | 0.0049978780583901580292  | 0.0024378631246791200755  | -0.0012648160867778561554 |
336   | 0.008070353403718203561   | 0.0078370382948129615336  | -0.00092420117365090152968 |
337   | 0.0093112836619344378775  | 0.0083831229405038100444  | 0.00075266209551621502533 |
338   | 0.0042002308773952303639  | 0.00071842963377043243117 | -0.00049493373128762466629 |
339   | 0.0035408129917862728522  | 0.0050187734918026175382  | -0.0015546315244453342772 |
340   | 0.0047917378880782167741  | 0.0038523805084219645521  | -2.0675377748877673975e-05 |
341   | 0.0020310680014712519624  | 0.0062286745588101058435  | -0.0008884042195983320048 |
342   | 0.0063076428691749893835  | 0.0072118720958322659817  | 0.00028375005207621479923 |
343   | 0.00049250594188242238607 | 0.0055572174333695092616  | -0.00036476007167782122792 |
344   | 0.0014346301715487115407  | 0.0046890625957408385224  | -0.00082018437659976684007 |
345   | 0.0061360493601812495998  | 0.005232123493401273813   | 0.00055912580519340646795 |
346   | 0.0093853889664956540589  | 0.0060176342466516869259  | -0.00075585728098186437309 |
347   | 0.0086548857456479107858  | 0.0071717890365702143332  | -0.0010831405444469070602 |
348   | 0.0063656190822154257516  | 0.0065951136767796745067  | 0.00045485514195406969579 |
349   | 0.0093170532476849979991  | 0.0029683815961326098266  | -0.0013547550598026960201 |
350   | 0.0082349893742021257337  | 0.0090929408996400472309  | 0.00056897472941864948165 |
351   | 0.0074549605711935213598  | 0.006020814890333556213   | 0.0004322951944246613957  |
352   | 0.0034361241596019736003  | 0.0047425610552414409343  | -0.00047098335265887130308 |
353   | 0.0059598816106128833792  | 0.0034529052823964977159  | -0.00065211230916989470271 |
354   | 0.0027876973015427382666  | 0.003403808809700984133   | 0.00057100961613045040505 |
355   | 0.0052833915241997852705  | 0.0034871625586586013981  | -0.00136660554479776041   |
356   | 0.0063087858478066268994  | 0.0083874715629125209254  | -9.5268671954068379613e-05 |
357   | 0.0029644136728319827809  | 0.004665164262221512155   | -8.3964683467970801785e-05 |
358   | 0.00034910881861105729634 | 0.0072439999724515291221  | -0.00065351521849883091944 |
359   | 0.0093664566781339071017  | 0.0034180121868895843237  | -0.00098982127104828049498 |
360   | 0.005555290991876320715   | 0.0074440532053184453598  | -0.00099518056795394865127 |
361   | 0.0055048209968949959187  | 0.0074400242537145553842  | 0.00095150771380582812101 |
362   | 0.0049648420318328025796  | 0.0058711437375681121628  | 0.00095330343105851002988 |
363   | 0.0047564292708127606235  | 0.0084374799894633440572  | 7.3921569964303360158e-05 |
364   | 0.0044376220600586928355  | 0.0077297998064913241156  | -0.00092389126687761108283 |
365   | 0.00099712573477552814659 | 0.0007887830540294072908  | -0.00099741898590710587058 |
366   | 0.0016536369239821869809  | 0.0023965938060830143871  | -0.0010357160171365370916 |
367   | 0.0028933560174958313123  | 0.0040157533515525357243  | -0.00051907466573147061258 |
368   | 0.0055255844715757932231  | 0.0022699416222111564422  | -0.0016533504365167004356 |
369   | 0.002831222921481761981   | 0.0060055236218635437567  | 0.00012420821486665940478 |
370   | 0.007873506370901246082   | 0.0072115861591853028245  | 0.00094201154258563481875 |
371   | 0.0056768374724628948777  | 0.0048330272542949793274  | 7.6409211064780697238e-06 |
372   | 0.0060751615334592567325  | 0.0059595715948545461421  | -0.0016165012814213172449 |
373   | 0.0067952568810691251627  | 0.0038841071322198356987  | -0.00077288813709465420919 |
374   | 0.0090702882204983098502  | 0.0089697744431932232428  | -0.0014049206156057727785 |
375   | 0.00028660406456946721379 | 0.0069992422237894489148  | -0.00062924513393514038689 |
376   | 0.0032386702547220328798  | 0.0010785048061190806532  | -0.0010183312168896966644 |
377   | 0.00042966770673380201909 | 0.0034044071778365943282  | -0.0016097306199360625258 |
378   | 0.009152339736030313741   | 0.0011570547584419438227  | 0.000277516777569206184   |
379   | 0.0044072145609368122005  | 0.009210846022915280748   | -0.00026280898529740199859 |
380   | 0.0024113839190320718146  | 0.0026548106106870548136  | -0.0010940707609217907928 |
381   | 0.0061426006108644464962  | 0.0056027371056728871024  | -0.0010781321707406469734 |
382   | 0.0080546267663074520154  | 0.0047381837953383385692  | 0.00045194838368400620104 |
383   | 0.0047987099785946419131  | 0.0048477772352770063732  | -0.0017108076067927399221 |
384   | 0.0048375998061798456892  | 0.0053539876650660804883  | 0.0004610868452613598031  |
385   | 0.009268873468971117538   | 0.0080972852105315133026  | 0.00045784397259842051636 |
386   | 0.0051580996376268117842  | 0.0053845181749983400676  | -0.00084459650267871904609 |
387   | 0.0043945587189755021956  | 0.00051267157400543402965 | -0.0016328037917309281592 |
388   | 0.0060071005816449704953  | 0.0076785020678903507033  | 0.00071829336240305987488 |
389   | 0.00048089428631790834094 | 0.0052163075503979120309  | -0.00097736186450119149488 |
390   | 0.0019761977449971749113  | 0.0014298478936514689465  | 0.00019483654958000562549 |
391   | 0.0037011320966745075815  | 0.0035019378785917285556  | 7.4460660352184611138e-05 |
392   | 0.0047549337641518600941  | 0.0064446925611943914336  | -0.00046578311215314890546 |
393   | 0.0085273475184567890106  | 0.0075160398996488965787  | -0.0012467317822093993036 |
394   | 0.0025508900771973818354  | 0.0067896554469390095823  | 0.00011366300365178282766 |
395   | 0.00023953384250803170857 | 0.0049434560447410274414  | -0.0007994169290297428428 |
396   | 0.0017788578719363774914  | 0.0060987794426669199657  | -0.0002655699782953713662 |
397   | 0.0010382726643969610817  | 0.0021381594310511836156  | -0.0010254727570339406718 |
398   | 0.009582634065923630734   | 0.0060335575981587891495  | 0.00038040368023441791662 |
399   | 0.0064155587767582098607  | 0.0032120117922040652275  | 0.00066113940851759110673 |
400   | 0.0024037726999814341272  | 0.0024115373156503791541  | -0.000558488183969854321  |
401   | 0.0075989334738957199644  | 0.00038283708371308178926 | 0.00015217563623045303207 |
402   | 0.00092736126240809495496 | 0.0092068121976202881712  | -0.0011372345969794266009 |
403   | 0.0099156706392753077295  | 0.0063890706428920435861  | 0.0008265255412802782406  |
404   | 0.0032964014039131629176  | 0.0084198655235954104198  | 0.00099584618886358351048 |
405   | 0.0035178777465863296341  | 0.0047842113438321233823  | -0.00031645371459318249281 |
406   | 0.0027042779669275993429  | 0.0028469533577258005277  | -0.00036085020551323220787 |
407   | 0.0093993380390395321611  | 0.0036573975485823684989  | -0.00064512529819151572408 |
408   | 0.0035134690464904130489  | 0.0032405983959914795405  | -0.0012016527652224545143 |
409   | 0.0075758106172145690468  | 0.0097272359040015601156  | 0.00068086160857848670308 |
410   | 0.0033478558411809142617  | 0.0046919367784177988187  | -0.001113052231661493599  |
411   | 0.0045529421032415254983  | 0.0058180201829773920547  | -0.0011025631420678052002 |
412   | 0.0067305162202256933399  | 0.0022777641337194038697  | 0.00044880089733449193487 |
413   | 0.0035531371170609846524  | 0.0022644623354481259458  | -0.00018512426410863816939 |
414   | 0.00084749468758689926965 | 0.0015980727658249991967  | -0.0009041697870898974046 |
415   | 0.0025170333838975102528  | 0.0071748239657043258455  | -0.0014113991792349680435 |
416   | 0.0023377681472597287675  | 0.0048509904843924795889  | 0.00096057450883527389224 |
417   | 0.0080163082639972352977  | 0.0022903016321075032879  | -0.0017055302628806758014 |
418   | 0.0088624223804552246242  | 0.0039605771323723637858  | 0.00073562782292890035313 |
419   | 0.0046307548995930978772  | 0.0039669713526355263739  | 0.00035653837742776004621 |
420   | 0.0061595220110588879206  | 0.0039624824400807077962  | -0.0005791421221992714731 |
421   | 0.0022936601619545486132  | 0.0063871522738232220165  | -0.00078575512270905305701 |
422   | 0.001136369072945174561   | 0.0090422880726195430795  | -0.0001380767740538588488 |
423   | 0.0055290862173195832324  | 0.0051092554977008129008  | -0.00068946660032142897609 |
424   | 0.0091290437421313597177  | 0.0066779688104417278885  | -0.00039504326313605903596 |
425   | 0.0074914543510353351699  | 0.0044123576665043235182  | -4.584697686946641597e-05 |
426   | 0.0036136575112921064633  | 0.0072475336765943036005  | 0.00039724675356004143139 |
427   | 0.0032027583932802794302  | 0.0057929131186964027619  | 0.0001952119504952009232  |
428   | 0.0048608510909082377691  | 0.0026377722994419153073  | -0.0010772334806412708474 |
429   | 0.0057116464176423086679  | 0.0031450409707322133507  | -0.0014777642240297577531 |
430   | 0.0028751545187740896493  | 0.0013499990634974496501  | -0.00018193042813333259338 |
431   | 0.0023108235332824768153  | 0.0039937104297820330209  | -0.00058154616431748665153 |
432   | 0.0043224341212819861885  | 0.00036371233198343442573 | -0.00092530213273731248651 |
433   | 0.0030193665275641315936  | 0.0072320001348503701669  | -0.00048909322166711241466 |
434   | 0.0048806939277447050282  | 0.0030899046217495638143  | -0.0014947354486250033229 |
435   | 0.0013055445381470055354  | 0.0081218512174009282328  | -0.00079794192295716082162 |
436   | 0.0041732539463602835728  | 0.0088732021957017154223  | -0.00021774202789429271399 |
437   | 0.0023922729744568016833  | 0.0052536268728240508377  | 0.0004290436734892107357  |
438   | 0.0077886112813417961859  | 0.0031320282820171702759  | 0.00060374272779044075438 |
439   | 0.0056913195433639235388  | 0.00080292070437288948648 | -0.0010523250376437986737 |
440   | 0.0052522972054445896811  | 0.0088938630792937400926  | -0.0016884525120101324339 |
441   | 0.0067109224423014170874  | 0.0054389403320582530368  | 0.00060073703979311981332 |
442   | 0.0048001642906391785159  | 0.0062605093505665801445  | -0.00034056788737731220895 |
443   | 0.0092604638548412221422  | 0.0027698199255740130198  | -0.0014406459781936130794 |
444   | 0.0091920029270566097623  | 0.0026578868578451138836  | -9.5192893658572496122e-05 |
445   | 0.0061606408463853483057  | 0.0038840789108311258096  | -0.00031270611306863344654 |
446   | 0.0047572000574057846101  | 0.0072310989808021027686  | 0.00065728153552083190027 |
447   | 0.00931524529755564136    | 0.007711626055258102852   | -0.00035803321918250125607 |
448   | 0.0048301037524639770654  | 0.0017676824807634119573  | -0.0017408580591499879346 |
449   | 0.0054489617743314587572  | 0.0033044687494593965281  | -0.00078090772719068739585 |
450   | 0.0028823375066587297345  | 0.0064183692511840979844  | -0.0016831214802174557406 |
451   | 0.00066619942619328858299 | 0.0071115881503823240653  | -0.00047911777119412444353 |
452   | 0.0047441618027084042977  | 0.0050206854918790093031  | -0.0015657141060830485468 |
453   | 0.0049406088858604127814  | 0.0097523834506777831721  | 1.4438382908623661837e-06 |
454   | 0.0048236433656075935333  | 0.0062152076396314401979  | -0.0013479366235122714271 |
455   | 0.00043083994341500819617 | 0.0061437486069620796461  | 0.00011493433358919941676 |
456   | 0.0066397333585961545999  | 0.0099830487642036114249  | -0.00036144329773472020804 |
457   | 0.0097116294087889274561  | 0.0031858429365725620536  | -0.0014661490384357241459 |
458   | 0.0048284320786776049189  | 0.0067308234004539359979  | -0.0012815106594170025834 |
459   | 0.0041664022725827537172  | 0.0083470664668592667312  | -0.0016946020981154033026 |
460   | 0.0027926758860801030593  | 0.0028276248885162869572  | 0.00034332335650900328711 |
461   | 0.0010712814972165345378  | 0.0058026195008791517024  | -0.00042355699738620558939 |
462   | 0.0060471603565526678079  | 0.0041783728379400243008  | 0.00096532629205986399817 |
463   | 0.0081565418711621612974  | 0.0061317300207398032705  | -0.00026043899356809589599 |
464   | 0.0017172785150391960043  | 0.0043085521605661794911  | -0.001346243420695217817  |
465   | 0.0052336955979649033011  | 0.0074029593600065703163  | -0.00076004620349346318966 |
466   | 0.0070642879456402733751  | 0.0088627688434317376809  | 0.00082144296842116739515 |
467   | 0.0045846997215583931359  | 0.0030198308031916089658  | -0.0011211293888511745728 |
468   | 0.0064249097985295631347  | 0.0028069213676393664145  | -0.00029078571193343223916 |
469   | 0.0094049389897634168983  | 0.00499940948600127201    | -0.0011122609472780124393 |
470   | 0.0087648399481799459804  | 0.0038503040593236160377  | -0.0012382081507041184289 |
471   | 0.0024842745121828537121  | 0.0080669671158616531453  | -0.00085335786079996972433 |
472   | 0.0036333141499027997098  | 0.0052434863219752133115  | -0.001188948482210145513  |
473   | 0.0024205425563322766069  | 0.0037238920699445969033  | -0.00093929420701949369304 |
474   | 0.0046599435316134543705  | 0.0045709708913288984306  | -0.0014177904864448298821 |
475   | 0.0065445077624332248165  | 0.0017862216428531111842  | -0.0015159571557899599939 |
476   | 0.0060426240092402551743  | 0.00031161711456835657335 | 0.00016344500307895670418 |
477   | 0.0099477275152039627837  | 0.0032623704441805661397  | -0.00074117603384508089215 |
478   | 0.0061956309649611306795  | 0.0081167040390232713526  | 0.00027650013928583395051 |
479   | 0.0085678687838354090911  | 0.0058505470304348120014  | 0.0008749414049693608449  |
480   | 0.00023140668626633629297 | 0.009289338452335444557   | 0.00011332707827088619947 |
481   | 0.008584115296552516719   | 0.0029894808935041856587  | -0.00010694268563407754199 |
482   | 0.004543553265920381723   | 0.0092043816193058854147  | 0.00036726473455002482237 |
483   | 0.0021256827681269039286  | 0.0036401544353920453796  | -0.00035909810906875036561 |
484   | 0.0046633992757501505078  | 0.0041248320898722235298  | -0.0015544440862917592062 |
485   | 0.006759673474277905908   | 0.0027843255030750298055  | 0.00039140084388519617853 |
486   | 0.0099575640478310432913  | 0.0087177778885744218462  | -3.3923433418381019353e-05 |
487   | 0.002188650219189413465   | 0.0025489163738569805585  | 0.00022444779976910653272 |
488   | 0.0041567003534329445211  | 0.0090362312108738553074  | -0.0016114028421023492837 |
489   | 0.0029073510426393394009  | 0.0018962767384472663506  | -0.00088106964511273683401 |
490   | 0.00015336282309173570552 | 0.0063160453648248311015  | 0.00014775827657142939081 |
491   | 0.0082165412140006929831  | 0.0037696300412919650155  | -0.0010887947836815310438 |
492   | 0.00027111203016567063644 | 0.0031616629488322076612  | 0.00030384217470039599079 |
493   | 3.1434323760993909832e-05 | 0.0081730733155219396219  | -0.0016543227500490967873 |
494   | 0.00060966970610168425004 | 0.0012013002153364066727  | -0.00022359736208226149278 |
495   | 0.0042279899452070017832  | 0.0068311995501172204787  | 7.093705071189440256e-05  |
496   | 0.0075871535103293986577  | 0.0082919850235604278949  | -0.0016354461192629441736 |
497   | 0.0044818517069198293354  | 0.002347102434431264182   | -0.00076693997944382943672 |
498   | 0.0097622375320989534381  | 0.0064443056609691760916  | -0.00019695083186822143206 |
499   | 0.0055368880223002330671  | 0.003891356702961402958   | -0.0010942012724346455305 |
500   | 0.0086531929725778521101  | 0.0018946191036718757188  | -0.0012044236094400240927 |
501   | 0.0049673201937488345795  | 0.0041082459472213533891  | -0.00084592190453857372956 |
502   | 0.0082647255766993815013  | 0.0032051951223443049185  | 0.00041708216401022384784 |
503   | 0.0058525502760915131331  | 0.0049619464941718805645  | -0.00098326762634202524542 |
504   | 0.003177075921168292811   | 0.0049153675995081492003  | 0.00029002953299777452147 |
505   | 0.0089027020090774212913  | 0.0081084933717582574619  | -0.00068445218567353232047 |
506   | 0.0020887998950567740475  | 0.0032468607525112233234  | -0.0010961940664718369202 |
507   | 0.0067773674854119531075  | 0.0051213457547087228375  | -0.0013669263081144383386 |
508   | 0.0047539518515605262705  | 0.0029378472003527525587  | 0.00066588437259590296628 |
509   | 0.0069715368680497878315  | 0.0051661985710309173137  | -0.00091208738761657719239 |
510   | 0.0063258992322006079786  | 0.0015333266476386889915  | -0.001014620268126419653  |
511   | 0.0030873786069458052442  | 0.0033244699794697063315  | -0.00041942122709119107485 |
512   | 0.00082010435110746113252 | 0.0058778937441655810733  | -0.0017334150258637190216 |
513   | 0.0053018780346919761742  | 0.0070432079299640390491  | -0.00097161996120091460687 |
514   | 0.0069424056456398285098  | 0.0053610140252017372819  | -0.00030470075373490200033 |
515   | 0.0036073988526907699304  | 0.0023023364603492126219  | -0.00030134496314943698923 |
516   | 0.0020148075692010044419  | 0.0062353328050138920324  | -0.00025340628826957500548 |
517   | 0.0079503212423956207133  | 0.0027881945889646751226  | -0.00011247338954964542185 |
518   | 0.0061376247241103727356  | 0.0066360840098753223412  | -0.0013061346893946585747 |
519   | 0.0087456262626025727674  | 0.004384104789455900604   | -0.00019301386144886204942 |
520   | 0.00098011245199492846164 | 0.0047003074336795036894  | -0.00082694098772895002943 |
521   | 0.0048431291724059279125  | 0.00068016468571706378051 | -0.001131593078664235464  |
522   | 0.0083762257246956916407  | 0.007499897959879634271   | 0.00024346848081679454902 |
523   | 0.0074146313358841925076  | 0.0055079277291887659279  | -0.0011306442621202999511 |
524   | 0.0044401829695778095158  | 0.0030334941149892003139  | -0.0011054824671443903069 |
525   | 0.0046986522163589778192  | 0.0022992013575705164477  | -0.00028433069798169290695 |
526   | 0.0080723475406133064075  | 0.0012914499276027334093  | -0.00052795222011381252869 |
527   | 0.004031125275890746866   | 0.0030852900313720734229  | 0.00023327484781337002153 |
528   | 0.0044493073589995371306  | 0.0043367575479540763222  | -0.00021364789974751262911 |
529   | 0.0021986336471265326663  | 0.0038604766479260234358  | -0.0012760630442675096035 |
530   | 0.00646567663407087833    | 0.0045384401932138255034  | -0.00086764167559413157838 |
531   | 0.0052798467925434617795  | 0.00096614576600046820146 | -0.00036669486261310972261 |
532   | 0.0051282250440757362608  | 0.00064139644452136158372 | 0.00019947520302320226413 |
533   | 0.0081609318804589849744  | 0.0019500044126403259619  | -0.00059995372814641162191 |
534   | 0.00072022185189203841247 | 0.0017997648359516723888  | -0.0010956538559795108313 |
535   | 0.009228555953382695104   | 0.002525282722481761704   | -0.0016567650157112688049 |
536   | 0.0093127081100953315596  | 0.0054073124649274308118  | -0.0011673444491467816798 |
537   | 0.0016442353915315916207  | 0.0097067526893599848092  | 0.00057695951041883538832 |
538   | 0.00077907271888187146821 | 0.0018914010514150900871  | 0.00068281905573597517084 |
539   | 0.0092838365533994826606  | 0.0062216457659731282809  | -0.0004099326446618169347 |
540   | 0.0094488163149622529657  | 0.0047326667944362120835  | -0.00090542126409985917296 |
541   | 0.0039068984406824278435  | 0.0049338059978183482213  | -0.00023291257275382022413 |
542   | 0.0024801953558641620656  | 0.0016067554688454718532  | -0.001298272877984908355  |
543   | 0.0066438326176301220824  | 0.0012654617266057044834  | -5.0705168366808691283e-05 |
544   | 0.0048749026083388553865  | 0.0087664341912289580477  | -0.00017378210083125823012 |
545   | 0.0010454621939996052663  | 0.0036821484530307215487  | -0.0006199109347383343618 |
546   | 0.0069438922268788422221  | 0.0054208477736113931666  | 0.00017656254088544258971 |
547   | 0.0034966995093170644658  | 0.0076668579712114159896  | -0.00056173755675765200436 |
548   | 0.0046128097121963598792  | 0.0084020950807769338026  | -0.00046732056508087696598 |
549   | 0.00071944510718777111759 | 0.0043425409705855153725  | -0.00084006009054440400948 |
550   | 0.0054737837995879742511  | 0.0088153296610308049669  | 0.00075431372752070334833 |
551   | 0.0072307588605348910651  | 0.0042744616673654868902  | -0.00031214025056519904486 |
552   | 0.0047419105395633152564  | 7.9293772993899481485e-05 | 0.00063935580589240693233 |
553   | 0.003383897797758299384   | 0.0037393517081890843314  | 0.00020187476657062023919 |
554   | 0.00054225843095029844804 | 0.0093743273409724325873  | -0.0016386169400973043305 |
555   | 0.007909864344472796599   | 0.0044705749653498631432  | -0.0015492443526749408687 |
556   | 0.00074651013952201333412 | 0.0070102103105992982432  | -0.0014442916945594987815 |
557   | 0.0087947694042036853035  | 0.0033257692560380836509  | -0.0013560771645122213572 |
558   | 0.0092672066006089601903  | 0.0054733772540102249363  | -0.0016844146698950853303 |
559   | 0.005128274979354305492   | 0.0060049118792993442031  | 0.00088948713833882434021 |
560   | 0.0035310561691315853379  | 0.0031566080156675319253  | 0.00061755346704910052662 |
561   | 0.0057079835931278695427  | 0.0061531334185585739513  | 0.0008954112557388550428  |
562   | 0.0048332049741565876605  | 0.0015338521657597334585  | -0.00031277416020200073761 |
563   | 0.007114812046299567351   | 0.0042383078822921900139  | -0.00021814157795466089301 |
564   | 0.0011990573946619317251  | 0.0064030852644653005537  | 0.00023077416685980212206 |
565   | 0.0032854079260321495705  | 0.0039538265252709150002  | 4.1967228737704172193e-05 |
566   | 0.0056080144834230617051  | 0.0048230006869225856836  | 0.00058233379830012216988 |
567   | 0.0017825541902597716922  | 0.0036969136798225311902  | -0.00037852329831363997923 |
568   | 0.00085650079105749246221 | 0.0070442165970999977634  | 3.4287104705094643585e-05 |
569   | 0.0035615803290653187847  | 0.0027378613048759056249  | 8.1721160384645206791e-05 |
570   | 0.0083242026116127423863  | 0.0061815410607664435585  | -0.00045036440129758243062 |
571   | 0.0076123652331502884155  | 0.0038387249543118599597  | -0.0010002977287223145143 |
572   | 0.0067097780774170385013  | 0.0097792740438874155295  | -0.0016125720560384590799 |
573   | 0.0068516537543033767879  | 0.0056976381864181436035  | 0.0005516517411697000571  |
574   | 0.0094868536115540347958  | 0.0063886198502550355441  | 0.00042020031755886453478 |
575   | 0.007928037352527809653   | 0.0063615569051973545542  | -0.00076350414137373999891 |
576   | 0.0025212449379333171269  | 0.005537411127345424032   | -0.0015572871116392443709 |
577   | 0.0064788458452192249082  | 0.0090941896702118035084  | 0.00038230116677297112243 |
578   | 0.0065465599156552985172  | 0.0074371181912785324503  | -0.00075416805466119922561 |
579   | 0.0042179846807863050767  | 0.001686232304079417427   | 0.00064215658454945794692 |
580   | 0.0091551194524511266687  | 0.0061829749931841260224  | -0.0012359836851791857013 |
581   | 8.1940773133392950174e-05 | 0.0066429228769739803034  | -0.00037132694899113985031 |
582   | 0.0090023485308270891764  | 0.0079013914710681833892  | -0.00029411233909847111015 |
583   | 0.0036776997823761048596  | 0.0052853258484218800656  | -0.0011690015062154482731 |
584   | 0.0067701351874887277099  | 0.0031506691192177142986  | -0.00048947231540608722618 |
585   | 0.0086936120821611995862  | 0.0048355977237182464282  | -0.0014269240908545315679 |
586   | 0.0042383333162137673544  | 0.0023181558147442474574  | -0.00049828212743613809615 |
587   | 0.0082160747547156617876  | 0.0071086737030977512758  | -0.00087519920698593089807 |
588   | 0.00067218893085242963775 | 0.0056748493936974600885  | -0.00017935072161831040359 |
589   | 0.0061494325346212993025  | 0.0029705393894397854465  | -0.0007082103391882431636 |
590   | 0.0087356169109238743925  | 0.0024977354832185993082  | 0.00042177215462189341375 |
591   | 0.00093957947695885322883 | 0.0095003970848034514224  | -0.0014841678472752772768 |
592   | 0.0050324476614655271056  | 0.0054687568406637226265  | -0.0017064380964440472015 |
593   | 0.0056198205331805519899  | 0.0082722944381599401026  | -0.0010785972018073994999 |
594   | 0.0079107299954123376506  | 0.006679317582266968735   | -0.0014261567508422137458 |
595   | 0.0097920787615590927644  | 0.0042537267045159180348  | 0.00083942139150112104421 |
596   | 0.0063860623413794876876  | 0.0058696818261193351232  | -0.00056686733486669056183 |
597   | 0.0012610640328495391696  | 0.00054048889840550883371 | -0.00011126463722574585409 |
598   | 0.0035182850803009159922  | 0.0015701957199089730706  | 0.00013141970100296574103 |
599   | 0.0039660586241547605979  | 0.003117979744041759517   | -0.0010138748006405381378 |
600   | 0.0012162220278510564066  | 0.0022981457860741906843  | -0.0013332497246456933866 |
601   | 0.0082658096807970583147  | 0.00373726070890815186    | -0.00020454212455996037632 |
602   | 0.0037785980369595640813  | 0.0072396058358443898806  | 7.6026845098949296254e-05 |
603   | 0.0080054719169454814642  | 0.0034813260825949446375  | -0.00053080393302032218266 |
604   | 0.0087144409061007434281  | 0.0064512182874982516509  | -0.00056764723231849441992 |
605   | 0.0044524273237359010547  | 0.0024236258112892805454  | 0.00063342618048778647627 |
606   | 0.0040823264603774001014  | 0.0072338584825464343625  | -0.0011524520197020173516 |
607   | 0.00089828618432588895528 | 0.0020873724252105114313  | -0.0011585992332596749873 |
608   | 0.00049128154251911306319 | 0.0044024064494306300657  | -0.00078749218260286521671 |
609   | 0.0095919115204138160474  | 0.0094469420166669419714  | -0.0011355481083883947266 |
610   | 0.0083644135677920089522  | 0.0046653035141948013056  | -0.00058129534087208360824 |
611   | 0.0038520243709518958361  | 0.00066111484686213345136 | 0.00026960720218498131781 |
612   | 0.0094107306722799443505  | 0.0057795145866702726106  | 0.00032797849485417752882 |
613   | 0.0050297797949607845475  | 0.0072507534461960969699  | -0.00085991720337237804745 |
614   | 0.0088125655610680336816  | 0.0045928968008909169113  | -0.00078282630154200786438 |
615   | 0.0025851656334600196276  | 0.0071903979402067495427  | -0.00016220004065793750545 |
616   | 0.0085522503837673676669  | 0.0039490088842486278237  | 0.00083192037744444623931 |
617   | 0.0068893824205271073785  | 0.0033166329173386038635  | -8.4400099180129568291e-05 |
618   | 0.0048616121756659205766  | 0.0082458187653245140769  | -0.00070657381540188896659 |
619   | 0.0045974679321480835942  | 0.0042604278826339084599  | -0.00033643470507978723728 |
620   | 0.0098420257824499077226  | 0.0091887945581921679633  | -0.00065690737426941068784 |
621   | 0.007064619083881814969   | 0.0098710955397333880607  | -0.0011798293650649267165 |
622   | 0.0094127287738934670852  | 0.0048936004829787695114  | -0.00068182737407985864481 |
623   | 0.0079547678001457254593  | 0.0057617790778284969783  | 0.0008116737347695314117  |
624   | 0.00015238533007997881073 | 0.0073368588766416055827  | -0.00094590318345591094425 |
625   | 0.0061300345411471491436  | 0.00220120565839585728    | 0.00080049726476809444226 |
626   | 0.0035686387845443776588  | 0.00096217712795761394656 | -0.0013897510145767300645 |
627   | 0.0018155508256907223683  | 0.00050953203270420234245 | -0.0013044317224463173894 |
628   | 0.004876570557688762568   | 0.0091637964708118010981  | 0.00065151059332145197511 |
629   | 0.0015057317960733265696  | 0.003326165644162978885   | -0.00066029069514893701156 |
630   | 0.0071274936964219300431  | 0.0071266180365736325059  | -0.00070775457917718082469 |
631   | 0.0054143467908823123338  | 0.0040702040619915013514  | 0.00080498721294308011633 |
632   | 0.0011431217558319987492  | 0.0079703564326622892977  | -0.00049674181307046130687 |
633   | 0.0093474313856658046429  | 0.0020288979277095953342  | -0.00075884292774237502559 |
634   | 0.0033667416885039148228  | 0.0067490964594678721708  | -0.0015263782811425347097 |
635   | 0.0071092517399943501097  | 0.0063857454471808860336  | -0.00069096698534849539455 |
636   | 0.00053844657845151025748 | 0.0021771632765277691875  | 0.00026169272764115934955 |
637   | 0.004493663646078570155   | 0.0074586508512114613884  | -0.00016210258161701956146 |
638   | 0.0026812801492575467216  | 0.0006546327418797246887  | 0.00098847185322557384185 |
639   | 0.0094264739482992961767  | 0.0047608846441247205244  | -0.00091038287719703110332 |
640   | 0.0028845812599031430551  | 0.0086357233248916202145  | 0.00088724992147282393667 |
641   | 0.0092241276455878595808  | 0.0029830423636163531584  | 5.5851429734522910637e-06 |
642   | 0.0050279217095639174712  | 0.0063151828282591001076  | -0.00051015671000602543471 |
643   | 0.0070866674895556378347  | 0.0080196941684008461737  | -0.00053139614232355783865 |
644   | 0.0069373598445262151663  | 0.005434556349160028256   | 0.00032311559207567284438 |
645   | 0.0094943255784954959375  | 0.0051094898215549525849  | 0.00015935487447233572249 |
646   | 0.0044331579836015327575  | 0.0073111476880934915187  | -0.0013382410626533898512 |
647   | 0.0058009100041045424945  | 0.0069551774530900176488  | -0.00052439609222696510413 |
648   | 0.0049321320430277832553  | 0.0076701477868655549078  | -3.8665119119488148235e-06 |
649   | 0.0090693335285711596666  | 0.0059798781893803153523  | -8.0043836919069222789e-05 |
650   | 0.0026612082390898021862  | 0.0010414238323937724875  | 0.00020326379472377140547 |
651   | 0.0071309502798994053516  | 0.003544857200944016417   | 0.00043327818438160166934 |
652   | 0.00071782167440251961211 | 0.0048531207301270896937  | -0.0015270073507894215293 |
653   | 0.0010773932030321902928  | 0.0080774303839780976083  | -0.0011579244933671499311 |
654   | 0.0035217419155856655513  | 0.0035742629126580666675  | 0.00026047931665305407633 |
655   | 0.0016280721265617842126  | 0.0060749842901220959049  | -0.00014053291741166135716 |
656   | 0.0029449497508666419576  | 0.0085680323194404165582  | -0.00020894713752701214813 |
657   | 0.0019803322809038167128  | 0.0058959351190487688243  | -0.00084327645451132463537 |
658   | 0.0090480147934236098556  | 0.0035228211093998916884  | 0.00044416615932793237402 |
659   | 0.005161988738755374749   | 0.00035847535928366632083 | -0.0010579614351206680697 |
660   | 0.003023133370297533852   | 0.00049287231896595065043 | -0.00075740537745557065443 |
661   | 0.0032142390869776510214  | 0.0071278582221952534528  | -7.2967134691741261719e-05 |
662   | 0.0043942681802808672767  | 0.0012153881254097747677  | -0.0017095242579235616579 |
663   | 0.0014308856454336050124  | 0.0091593631831617464134  | -0.00061212980373458452266 |
664   | 0.0044414555664877616165  | 0.0096818365713477235607  | -0.0016321427400854246394 |
665   | 0.00020755246164192936247 | 0.0037334118022487876483  | 0.00034095813754953533054 |
666   | 0.0015919506722213902766  | 0.0045707307211651122814  | -0.00084306268372224266779 |
667   | 0.0052241940258672776506  | 0.0041500684292544564452  | -1.3540060973931565945e-05 |
668   | 0.0068195102174348539575  | 0.0033644832097187203981  | 0.00060260779549060807664 |
669   | 0.0055865719302917171696  | 0.0033835181658389331533  | 0.00015207668222149708058 |
670   | 0.0069568545204430776857  | 0.0022303136009843116221  | -0.00092230692239834402742 |
671   | 0.0079879633801867178794  | 0.0077893699850116243297  | 0.00067259976507545022033 |
672   | 0.00021319779736221354028 | 0.0064505902240669125633  | -0.0013981455664880361109 |
673   | 0.0047647010884784846141  | 0.0058875919791320638005  | 0.0001418418773470769053  |
674   | 0.0065327638553881947625  | 0.0038210840608080519354  | -0.00082580539637308950085 |
675   | 0.0043783420924484806394  | 0.0049849126041113514182  | 0.00063652338525062735625 |
676   | 0.0084061482360478622516  | 0.0040253167459385679958  | -0.0011228983790845033664 |
677   | 0.00020557357032572256693 | 0.00021480991851423729432 | -0.00064818986355030675309 |
678   | 0.0023238363311191808161  | 0.0069535311718993035937  | -0.0016300247814167829422 |
679   | 0.0019074472287410634656  | 0.0041912884119277935696  | -0.00049373817287162778764 |
680   | 0.0076990808847410109952  | 0.0058824792733993616634  | 0.00020305758786010443071 |
681   | 0.0049042164775444721525  | 0.009489700543455754575   | -0.00073057953271682906336 |
682   | 0.0079104934187509030885  | 0.0065851646954865582229  | -0.00057218628009964380993 |
683   | 0.0060068439066053415723  | 0.0079295127631537360574  | 0.0008631478493299040225  |
684   | 0.0092097513159685711476  | 0.0095988562996494296298  | 0.00083817819613298167897 |
685   | 0.0018406606228686013538  | 0.0050006289934690301494  | -0.0015633050940576467304 |
686   | 0.0019296938580537286671  | 0.0058021612922460694822  | 0.0003284535888215973096  |
687   | 0.004877265396911349693   | 0.0019411619794597234547  | 0.00058055748942585812256 |
688   | 0.0010688359492881471888  | 0.0044468507364976723323  | 0.00029094036915295983089 |
689   | 0.008034347767515286412   | 0.0055493202661370715292  | 0.00016604773967934314378 |
690   | 0.0010319825871765038981  | 0.0090887513124106728002  | -0.00066088395333355621619 |
691   | 0.0037080577092472254662  | 0.004810792662496489458   | -0.00056415833128297494456 |
692   | 0.0073079478858949151188  | 0.0013920486945356493752  | -0.00077351212190775728902 |
693   | 0.0011359917320519657448  | 0.001787577007908752692   | -0.00096124789945072172843 |
694   | 0.0019697808807425769284  | 0.0021887153034987499346  | -0.00025608187216415607143 |
695   | 0.0064695242358265162355  | 0.0048931688323202247176  | -0.0005880317024488805654 |
696   | 0.0070016823590038131803  | 0.0036795516207067525787  | -0.001422085600339457849  |
697   | 0.0070972398892601012976  | 0.0078861977923369731142  | -0.0011313433534881726927 |
698   | 0.0072915016606262608723  | 0.0017473256746651285448  | 0.00059316131115665191205 |
699   | 0.0065371064103228061076  | 0.00084836226452149310871 | 0.00088276429073582806523 |
700   | 0.0038165598327273560046  | 0.0088961720248760291219  | -0.00055866985277571909983 |
701   | 0.0049696552311306952179  | 0.00480861968244788128    | -0.00076947486899742656083 |
702   | 0.0066174089316769326222  | 0.0061092438790877412816  | -7.0908743534772884358e-06 |
703   | 0.0021007450181784259949  | 0.0046661030359083427096  | -1.5635144519676426799e-05 |
704   | 0.0076562598206467453316  | 0.0036358191358244447769  | -0.0014661248372216375765 |
705   | 0.0037087025926438726975  | 0.0041598064736187616644  | 0.00032437249560019300928 |
706   | 0.006792828058533973562   | 0.0065320369719968785632  | -0.00095812831438735798339 |
707   | 0.00061571221485106958273 | 0.0095660887773509149096  | 0.00032174394143714198785 |
708   | 0.0099098413385186080726  | 0.0016385069739972739702  | -0.0010580784144009365826 |
709   | 0.0045166491177486486897  | 0.0039492557221489340072  | 0.00043871396523376387372 |
710   | 0.00010652940347180977771 | 0.00097542368071704490824 | -0.0013044977819711271218 |
711   | 0.0044230955167069568867  | 0.0063210586221531597784  | -0.00069388239171175390262 |
712   | 0.0046685663267178687669  | 0.0048049548812324066605  | 0.00019076295070070362764 |
713   | 0.0084138875570388266256  | 0.003876556270827047606   | -0.00074412621201269896556 |
714   | 0.0044190657580569087104  | 0.0031660884140358946069  | 0.00091697549368302555279 |
715   | 0.006053793182069323181   | 0.0080260929887715007358  | -0.0014852523332592548842 |
716   | 0.0017980664523909917121  | 0.002600987673952280619   | -0.00099849338981786031968 |
717   | 0.003689951557176796796   | 0.0085234701820653402393  | -0.00086267023874691867082 |
718   | 0.0069179722418055856342  | 0.0029409817343362277403  | 0.00019767410138976735517 |
719   | 0.003010429729281931515   | 0.0027181184901954066717  | -0.0015461262259641398581 |
720   | 0.0072365063346958519511  | 0.0097268117515800188444  | -0.00014332619187163534997 |
721   | 0.002931015809556933565   | 0.0066230258879197761654  | -0.0012325302057310974328 |
722   | 0.00030946576699818721798 | 0.0043316862955262826554  | -0.00028315661610297003037 |
723   | 0.0063736647978927659861  | 0.0022494098695886471408  | -0.00038207383372870019943 |
724   | 0.0013173237678114552759  | 0.00042660586639725774213 | -0.00039329196013719635097 |
725   | 0.0053742514312597917947  | 0.00093370432725454804903 | -0.0017242004009215255306 |
726   | 0.0018173974084122355641  | 0.004420320684919614232   | -0.00054850821149515771851 |
727   | 0.0010640185470788912116  | 0.0028212957378419179118  | 0.00098986942318984427053 |
728   | 0.0067889622350948653981  | 0.0091580949555769963072  | -0.0012688863864866411872 |
729   | 0.0078206003926532003528  | 0.0016443694217592684775  | -0.0012606227331748230246 |
730   | 0.0068532200540891638485  | 0.0089958162003677746843  | -0.001666478291779944056  |
731   | 0.0071078982125120770269  | 0.0039813255250410522698  | -0.0015850994981634050282 |
732   | 0.0049018033181204264184  | 0.0028531869356709068167  | -0.00059105227619095227539 |
733   | 0.0086663313705105920332  | 0.00096834077646154744466 | -0.00090593794523084758292 |
734   | 0.0013394630126637018398  | 0.009269579429702074283   | 0.00030881008785004545464 |
735   | 0.0027631215487852107439  | 0.0091770226293029794756  | -0.00020860876458591613779 |
736   | 0.0023145828385329868943  | 0.0064138021420682969284  | 0.00044908913372203654573 |
737   | 0.0010398366165755427212  | 0.0064592575042895540582  | -0.00024212848161961870812 |
738   | 0.00046480357993233388687 | 0.0066197416384332179173  | -0.0011427386175742423099 |
739   | 0.0073560556217432820914  | 0.0067545120088143440623  | -0.0010627473501219598072 |
740   | 0.0097000611467363325596  | 0.0066181330342583843257  | 0.00062458764729881200567 |
741   | 0.00052190734229792747241 | 0.0045876466384333096024  | -0.0013567341924342623833 |
742   | 0.004307632214584628319   | 0.0056962306568044051777  | -0.0003561011135409259537 |
743   | 0.0082813090209517825624  | 0.0069097670689683117831  | 0.00032745320404506151083 |
744   | 0.00084312590811656319169 | 0.0057640402318104464949  | -0.0011324041740469914952 |
745   | 0.0013759786253294738895  | 0.0059825946776681749803  | -0.00095971218565723789059 |
746   | 0.00053049774390408080491 | 0.0073312611549526335644  | -0.0012127930273043536439 |
747   | 0.0053881030595728579211  | 0.0014059401002002105963  | -1.8934482057389311765e-05 |
748   | 0.0097815914804163222457  | 0.0068141951982634086163  | -0.0009632384414235175803 |
749   | 0.0075322748615077412745  | 0.0066662382562274746789  | -0.0013032978765102395252 |
750   | 0.00081662202379577560063 | 0.0014438569332570641655  | -0.00056759590342473460137 |
751   | 0.00081293907896082685371 | 0.0044940891822290180563  | -0.00042446151219972160168 |
752   | 0.0058007904372929545642  | 0.0023175642499288781964  | -0.001443554602110063952  |
753   | 0.0082881921436798854791  | 0.004950792356734459547   | -0.00040472453051032753141 |
754   | 0.0072059069293297760977  | 0.0018335764093009414028  | -0.00050518323072271066262 |
755   | 0.0052397549540339049406  | 0.005124622810068760019   | -0.0012940427081238427883 |
756   | 0.0041655654274422651562  | 0.0066710579991377224121  | -0.00055694188456225789292 |
757   | 0.0059958285521619280808  | 0.0058913950685675455302  | -0.00033855158260072220049 |
758   | 0.00028738297588168609624 | 0.0071916781573542979539  | 0.00021856782397006857674 |
759   | 0.0048271545433480776352  | 0.0064413746728634573707  | -0.00041684101021325671577 |
760   | 0.001294560383324508358   | 0.0077094388969109204149  | 0.00095831568970570265437 |
761   | 0.0011443480798580998436  | 0.007664859335534482572   | 0.00077508056108617365623 |
762   | 0.00046371442065009391229 | 0.0046717462964477813117  | -0.00081377293819913007998 |
763   | 0.0015979403669526520259  | 0.0093190334473763885431  | 0.00047162273121263638452 |
764   | 0.0053758772235341931514  | 0.0091830249271844903436  | -0.0012416874113464527758 |
765   | 0.0072771884749598583081  | 0.0095083255041448436901  | -0.00080235310273768967355 |
766   | 0.0055573185777429484275  | 0.0011434801679186385164  | 0.00018659381729572443206 |
767   | 0.0043810647231984052932  | 0.0054966616461769174373  | -0.0013380784760877886905 |
768   | 0.0098005458960047763667  | 0.0094145981448683600801  | -0.001699691096733182364  |
769   | 0.0097788584038088939565  | 0.0051713401417602007648  | -0.00096874557076083434286 |
770   | 0.0038519634349793983354  | 0.00069313718165565918472 | -2.4795817246224539888e-05 |
771   | 0.0083117964984050565769  | 0.00074751472835685834565 | -0.00021813291831083186814 |
772   | 0.0050486482196615382889  | 0.0045088399652865110423  | 0.00019041156369584708377 |
773   | 0.0053183465862987723896  | 0.0032849907462943576941  | 0.00022481140038143975326 |
774   | 0.0028891025146779566665  | 0.0074561136586422912045  | 0.00092957902349871061182 |
775   | 0.0055304165919685694536  | 0.00937876340533393138    | -0.0013274226533834423795 |
776   | 0.005421774925822067312   | 0.0056936171971211065393  | -0.00039597195772014495046 |
777   | 0.0074729987672672798862  | 0.00082014996352003518513 | -0.00060552269748444557344 |
778   | 0.0088130568953053607661  | 0.010007883971804430734   | -0.0013757665877206707965 |
779   | 0.0051876842235654332253  | 0.0047975149895342133685  | -0.00039416549023465590742 |
780   | 0.0089355272060334094836  | 0.0059216457009683013193  | -0.00064504653400863400103 |
781   | 0.0062359811826802049803  | 0.0022685841844361865141  | -0.0014184616977633928391 |
782   | 0.0025029454029691752988  | 0.0023783929147723290726  | 0.00018373481587900499434 |
783   | 0.0037508160617022614884  | 0.00012462889449420139231 | 0.00039700628228103094748 |
784   | 0.0052002282715237560518  | 0.0055312571282257975286  | -0.0011364967822791039852 |
785   | 0.0070917897931012620003  | 0.0035118145282643726049  | 0.00018632425395019721562 |
786   | 0.0055620185810522646333  | 0.00017826981279545496117 | -0.0010506055990640494804 |
787   | 0.0090409905261548770966  | 0.0052802630899865619224  | -0.00046807847450322271092 |
788   | 0.006315915837768710378   | 0.0025573999930848328142  | 0.00061027609681721470963 |
789   | 0.0040589282365864178329  | 0.0062780812877639442099  | 7.6741798645619597238e-05 |
790   | 0.0015454126501678862402  | 0.0062741927233409778772  | 0.00054578103169146147816 |
791   | 0.0033593260914593979331  | 0.0026674673768459816921  | 0.0003247918886684285052  |
792   | 0.0084469961851893569232  | 0.0051840856733811856161  | 7.6874305489998921302e-05 |
793   | 0.0098793989546821277953  | 0.0043946185782268078895  | -0.0016498240070320410039 |
794   | 0.0031682425397120844192  | 0.0012616390668326084041  | -0.00022857700469434006751 |
795   | 0.0076629022591265675071  | 0.0033251477310063614311  | -0.0016288633283084072954 |
796   | 0.005958997914462803823   | 0.0051311669368828147567  | 0.00040524947747000943489 |
797   | 0.0021448760765089909704  | 0.0056359500975332529893  | 0.0003681808759316606075  |
798   | 0.0074171819816776628914  | 0.0026510743029078622131  | 0.0005233509768482388089  |
799   | 0.0043174884591545403117  | 0.0072832461194049661138  | 0.00049606826446383072565 |
800   | 0.0067110617359734427156  | 0.0092574046860387244201  | -1.6648886917355869709e-05 |
801   | 0.0063462426681880528337  | 0.0073655914892027394072  | -0.0016076912639700446754 |
802   | 0.0031295759958847998647  | 0.004568394303096887793   | 0.00076475322379047981462 |
803   | 0.0049253737665315875868  | 0.0097547161183727422451  | -0.0015593360494238056851 |
804   | 0.0030472153128528163893  | 0.0060248878993972550602  | -0.00061282350590430442142 |
805   | 0.0013550678595594157789  | 0.0044253027042564429747  | -0.00015706169278135632223 |
806   | 0.0076433956972079310221  | 0.0063138116394279020227  | 0.00046521953212798496493 |
807   | 0.0062288656668363822158  | 0.0050503858898500019609  | -0.00016344276588214380879 |
808   | 0.0085142010265735305896  | 0.0042233173011024362567  | 0.00095674341280046083097 |
809   | 0.0051869963427398860928  | 0.0097031163756528485825  | -0.0011372409210750706807 |
810   | 0.0056426097012667432787  | 0.0047029445555231341389  | 0.00027397840291360593332 |
811   | 0.0094018202008130744712  | 0.00069464577598601158666 | -0.0011150993094458533112 |
812   | 0.0096414526205676649717  | 0.0089722148902775071544  | 0.00073892690988456178475 |
813   | 0.0012227982045795802567  | 0.0022155406292149173661  | -0.00068023228309824451503 |
814   | 0.0063532685124100506113  | 0.00015377087261183883878 | 0.0001119267028959951369  |
815   | 0.0055205426422528331917  | 0.0041044469159790151688  | -0.0013478323807305687965 |
816   | 0.0086642283881027907372  | 0.0099710722348209553101  | -0.00048937356968195176374 |
817   | 0.0079809381723058257785  | 0.0071294695859370465357  | -0.0005855382564499373799 |
818   | 0.0073700543202891459146  | 0.0056702869821453017948  | -0.0014241612241182764146 |
819   | 0.0034388018109955146781  | 0.0036359823870879951803  | 0.0004147915317175854006  |
820   | 0.0079656579477100277614  | 0.001736800028740844706   | -0.00024472854752051773986 |
821   | 0.0035604096081268414749  | 0.0085918347077437642184  | 0.00038754676735427523405 |
822   | 0.0077473707969594463041  | 0.0080431806184992869768  | -0.0017411590771781357799 |
823   | 0.004108868537573450927   | 0.0049546382626884143477  | -0.00070534288555681729904 |
824   | 0.0035771491815419624062  | 0.0096561935400262012552  | -0.0012729430808056836633 |
825   | 0.0038411864675268526416  | 0.0094731167346730656142  | -0.00051997263276466428907 |
826   | 0.0011513970165222923991  | 0.0076511960681645216353  | -0.0013597925646773425037 |
827   | 0.0089014738555146834253  | 0.008393921432471362909   | -0.0011238807077424328631 |
828   | 0.0094705240490183043023  | 0.0098051445789367457778  | -3.1654165275625480071e-05 |
829   | 0.0069824343601772691226  | 0.0081466299642326978764  | 0.00081939652168008022398 |
830   | 0.00038395427902824131195 | 0.0050332845140466713971  | 0.0007513027339722524664  |
831   | 0.00816135689054518082    | 0.0057103401407900458014  | -0.00011894219856696854607 |
832   | 0.0076589985817862712633  | 0.0020096360572639756538  | -0.00069916238478895940175 |
833   | 0.0037950648459360984167  | 0.0036897881264079000416  | -0.0013384619285240425841 |
834   | 0.0013046776743475163758  | 0.0059947991213557573487  | -0.00065682961957931748024 |
835   | 0.00013433363589027916968 | 0.0028032858860392198368  | -0.0013445289322443964783 |
836   | 0.007122690104084808578   | 0.004657437850559402806   | 0.00053380986203888330759 |
837   | 0.002285989303956231268   | 0.0031014669347379855702  | 0.00041757840260070417738 |
838   | 0.003698559635697845193   | 0.0013234587338815714114  | -0.00039865570429900386686 |
839   | 0.0087787830116275375469  | 0.0067131333720410503452  | -0.00040759353584390601568 |
840   | 0.0016664957458757704775  | 0.0067480088768388808013  | -0.0014868173163289492324 |
841   | 0.0086695508914881175278  | 0.0067432571691459063795  | 0.00047371011053739121421 |
842   | 0.0055481660912714367978  | 0.0068140749782184114811  | -0.00096554879296558468026 |
843   | 0.0084613040562631497421  | 0.0087719282447395498237  | -0.0012100551012118069757 |
844   | 0.00011742664101745601787 | 0.0076561795312898766122  | -0.00068371573247561737326 |
845   | 0.0089314780195684003589  | 0.0051014451352386237099  | -2.6672390782246746223e-05 |
846   | 0.0083298494012190339719  | 0.00044634436826092185966 | -0.00095575185726498482035 |
847   | 0.0099164465585080685539  | 0.00571840439684156987    | 1.2933769556955321709e-05 |
848   | 0.006801289393892278462   | 0.0098468757442104933031  | 0.00071097529997835289678 |
849   | 0.00443862217872284439    | 0.0071102503013273391994  | 0.00019716136193768200586 |
850   | 0.00061239997302397315097 | 0.0031106032352191917596  | 5.0083357586775600824e-05 |
851   | 0.00042850781280897497433 | 0.0025021697636187791546  | -0.0013881237624402537317 |
852   | 0.001959297307520683866   | 0.0027137694332693661214  | -0.0015116606778187160424 |
853   | 0.0064583192172451434412  | 0.003605108496540719229   | 0.00023481127840688632933 |
854   | 0.0063758510494082301992  | 0.00055048844913403477842 | -0.0002181461646937783445 |
855   | 0.0036782364535906057063  | 0.0045738608074902716016  | -0.00053923868008107006186 |
856   | 0.0026076636081613564257  | 0.0019507038352217570196  | -0.0008635148617789911718 |
857   | 0.0034042715164465386923  | 0.0094218529580345211638  | -0.001490595259133800296  |
858   | 0.0091527538515026058558  | 0.0035447052364644903409  | -0.00020108545481875358539 |
859   | 0.0090324736621979484497  | 0.0032036918562375997499  | 0.00088937960278094498751 |
860   | 0.0028813725726001067524  | 0.004018609682680858268   | -0.00050598244573263101605 |
861   | 0.00024016379877631047397 | 0.0025069678186311543204  | -0.0012204575017679718859 |
862   | 0.0012266742674589027617  | 0.0035724542818406138621  | 0.00056949660994329341993 |
863   | 0.0018523806601427219957  | 0.0077306550628625176139  | -0.00095901720133081166508 |
864   | 0.0037017585258506719055  | 0.0054250330069727185217  | 0.00062421263803211658044 |
865   | 0.0095116566938843200713  | 0.0015992192419245544223  | -0.00033453338848071306972 |
866   | 0.0061196398803110936201  | 0.0028650654993964759683  | -0.00082933160729889508333 |
867   | 0.0052814460619539562586  | 0.00094361049679196390329 | -0.00042199461441317715404 |
868   | 0.0072269906904407366782  | 0.0091779569087000884009  | -0.0012601281858297169649 |
869   | 0.00098660209918928509255 | 0.0067406653983372380456  | 0.00055310211959447384139 |
870   | 0.0025518944121531743005  | 0.0088783624506515133878  | -0.0011118845049166755767 |
871   | 0.0071887347376246232833  | 0.0067516226921593546634  | -0.00074754385287708290369 |
872   | 0.0012761818617239594799  | 0.0031896613137323429413  | -0.00055738588028846937361 |
873   | 0.0086231214115771986223  | 0.00063056234577028066456 | -0.00029591519848796982292 |
874   | 0.0024716212820821586472  | 0.00054728156184042720325 | -8.6043463917329901427e-05 |
875   | 0.0039414885695045207351  | 0.0078467482176335211913  | -0.0012500399374449256036 |
876   | 0.0035024709409477577937  | 0.0036162577782357669537  | -0.00071175710329449343779 |
877   | 0.0048162193464627292214  | 0.00024332442086877234489 | -0.00076388548440894953918 |
878   | 0.0065188455864778459964  | 0.005160859019953393384   | -0.0012354140839824776562 |
879   | 0.0082387510084913680858  | 0.0075512348670989199936  | -9.8616338630500152088e-05 |
880   | 0.004724736876155597072   | 0.0087779304947503741102  | -0.0012939842498620056279 |
881   | 0.00084296173093058692546 | 0.0047378136819874452565  | -0.0009122848790963555745 |
882   | 0.0032858169785913338319  | 0.0081325254841661427652  | -0.0011538892610433791434 |
883   | 0.0061111796584680001809  | 0.0013031511826636253334  | -0.0010791220656305099915 |
884   | 0.0035191267042008387254  | 0.0027456647929440321405  | -0.0006295186962132996028 |
885   | 0.0084903831994336178418  | 0.007490732504587432547   | 0.00012674677775910501293 |
886   | 0.0015319689931257312633  | 0.008606624464615138248   | -0.00039843775028474700357 |
887   | 0.0036561471732716854105  | 0.0019903387424256664337  | -0.00079984822238426153511 |
888   | 0.0043855429399607169863  | 0.0065426250411372748397  | -0.00013258147744887099017 |
889   | 0.0057712604591251704528  | 0.0066658224635171969136  | -0.0011041902562482247985 |
890   | 0.0022880068951341521119  | 0.001879545869408135372   | 0.00063747442946588436623 |
891   | 0.0025156722006661061744  | 0.0097389393872035281974  | -0.00027491354959928990861 |
892   | 0.0012374761087822862878  | 0.0031546178244120114988  | -0.001318596458054736506  |
893   | 0.006429190405891147507   | 0.00021080186777014238105 | -8.6255351532571057746e-05 |
894   | 0.0099775684198072540909  | 0.0059009354861084767699  | -0.0014213490353961195489 |
895   | 0.0062101106083579851042  | 0.0049116907477210992525  | -0.0010948848034959550619 |
896   | 0.0080061285904243825046  | 0.0038529897318679744503  | 0.0006712378455565335203  |
897   | 0.0097889538239297625016  | 0.0038945655148988917588  | -0.0012331017705044893234 |
898   | 0.008653432356797665162   | 0.0055790617116553802013  | -0.00011101357356607808506 |
899   | 0.0098543265272694798712  | 0.0083723951172532673493  | -0.00012389611279036506818 |
900   | 0.0016887921757509308934  | 0.0016560420804555360443  | 0.0002135462026493758006  |
901   | 0.00398870032690735489    | 0.0016625636287661532241  | 0.00081642035176162459573 |
902   | 0.0064585947242139689697  | 0.0069215527034509538237  | 0.00094771493107064907341 |
903   | 0.0032302302448347689455  | 0.0042191960423067897262  | -8.2654761407616791219e-05 |
904   | 0.0095827502165499872655  | 0.0067471782854090995088  | 0.00028493320622059232399 |
905   | 0.0081234257735224146141  | 0.0083377301383236665511  | -0.00098030349552690170672 |
906   | 0.0045064604957756396186  | 0.0015622205078746676833  | -0.0010731385726375115841 |
907   | 0.0038420768450908521566  | 0.0029961978972043320189  | 0.00076533148346001307963 |
908   | 0.0095346506373342135993  | 0.0060712805349617572637  | 0.00062408178013959579068 |
909   | 0.0029034154104826573155  | 0.0026348277694994439412  | 0.00060360431955868050491 |
910   | 0.0063605745860511042622  | 0.0022019295510759635467  | -0.00085801373832215777852 |
911   | 0.0088359418153563500792  | 0.00033637141559009285218 | 6.6188030205474105414e-05 |
912   | 0.0092972559817364186507  | 0.0019897281878716406231  | -0.00058983563800341532336 |
913   | 0.0043030294140656687868  | 0.00037336163348819945704 | -0.0016171664676151973911 |
914   | 0.0025387197830784541223  | 0.0087217872363157655097  | -0.00051771325428561062922 |
915   | 9.2687819124195978005e-05 | 0.0024937288821837658853  | 0.00057600478570724988198 |
916   | 0.0030028121446987791031  | 0.0055903268680510031022  | -0.00011228760240833530971 |
917   | 0.0036612841286672226024  | 0.0088846019652840512587  | -0.00087390366550239926679 |
918   | 0.00071845410628047496997 | 0.0099595605389093486842  | -0.00092717496894049479788 |
919   | 0.0046027489587987047495  | 0.0038248948722326703287  | 0.00030406184461386246646 |
920   | 0.00161213745126970176    | 0.0038873819454270483638  | 0.00072029088107241842371 |
921   | 0.0037274503880706916746  | 0.0070627237109144903882  | -3.2412331103616123665e-05 |
922   | 0.0040475788914898381404  | 0.00055501538924549950488 | 5.3864707113204373127e-05 |
923   | 0.0049541849052920231347  | 0.0026219180394839126588  | -0.00017077852172732950801 |
924   | 0.0079179402250388782047  | 0.0074956386985733230999  | -0.00013755055223607431589 |
925   | 0.0048512835280381293515  | 0.0076215525085217145085  | 0.00040947482631301568203 |
926   | 0.0004419031048676279284  | 0.0089613675638075141611  | -0.0010693002273408269611 |
927   | 0.0080917622199617178502  | 0.0094522399728570252742  | -0.00072553258886474535517 |
928   | 0.0061834166067993977939  | 0.0037291548135255430871  | -8.086976869808065369e-05 |
929   | 0.0085291581102472317083  | 0.0091288422274300694281  | -0.00084056592794237087844 |
930   | 0.0065180873867886580594  | 0.0046567758221436250307  | 5.6628757707460170793e-05 |
931   | 0.00035228014732591032311 | 0.0070479627590086645766  | 0.00072096050955658495113 |
932   | 0.0042927261925345214927  | 0.0012574504599693998256  | -0.00063676842830194383717 |
933   | 0.00095475245684794240661 | 0.0089096558218444942001  | -0.00096053756452687774105 |
934   | 2.840672714908907523e-05  | 0.0079518180437467191751  | 0.00015547601261997699013 |
935   | 0.0074074399649028017933  | 0.0027774984049428572304  | 3.2700248421503923734e-05 |
936   | 0.0061517075243664037787  | 0.0030262827392704039382  | -0.00060678368298041794257 |
937   | 0.0097878800465401802344  | 0.0038114838175015200959  | -0.00044528139101951636153 |
938   | 0.0028057647214377512065  | 0.0076397635129139135346  | -0.00087967948814294215625 |
939   | 0.002855545919554478701   | 0.0048549285766756331353  | -0.00069701200795530536027 |
940   | 0.0015732440854556376929  | 0.0044997621164834834817  | -0.0015264436395546734839 |
941   | 0.004385512087391340956   | 0.0040512739510783794469  | -0.0011764294039614269123 |
942   | 0.0034993363962535985363  | 0.0044133464509321478075  | 1.3518572032516908444e-05 |
943   | 0.0092261184170616579447  | 0.0094309237487024497743  | -0.00091574951755607253336 |
944   | 0.0041850748562141590337  | 0.0031612829038173200988  | -0.00047640860027959176359 |
945   | 0.0047024085613901825398  | 0.0077914095387434951362  | 0.00068678918363189889879 |
946   | 0.0058786597476527743811  | 0.0066329732602128915059  | -0.00019120709312456040481 |
947   | 0.0068350918338735654201  | 0.0015930050122964594089  | -4.5964885614326389594e-05 |
948   | 0.005891447684819939648   | 0.0070562676243116611435  | -0.00043731738042572060278 |
949   | 0.0060062834585142294702  | 0.0046063936837024222273  | -0.00087708909978282431456 |
950   | 0.0025912383580331838778  | 0.0013759479154824892731  | -0.00057341663957722591085 |
951   | 0.003197942257491750203   | 0.0099006335164127795556  | -0.0013703630391683528991 |
952   | 0.0046742676703761514706  | 0.002581506702873978109   | 2.9054416530280519158e-05 |
953   | 0.003446958768659623331   | 0.0023074747910570006168  | -0.0012338270586231868745 |
954   | 0.0068161746622646792251  | 0.0097644181407290572827  | 0.000104092486138509106   |
955   | 0.007410254874401216163   | 0.0038259984269087077627  | 0.00089462751616669906191 |
956   | 0.0015530011250025137996  | 0.0016080926149161607272  | -0.0004488510638419370021 |
957   | 0.0027569284395669549532  | 0.0068733734055078628614  | -0.00022950887225622944266 |
958   | 0.0043992968056446946426  | 0.0026359622631241708297  | -0.0007135902644583357133 |
959   | 0.004209187074022657446   | 0.0058612986222930799421  | 0.00014154523216478292341 |
960   | 0.0039370607534567206645  | 0.0032294111914767556319  | -0.00042465811368420973643 |
961   | 0.0083445650319533392486  | 0.00039107229526095296096 | 0.00039272600907660961539 |
962   | 0.0048995154918760651722  | 0.0038789479903281725431  | 0.0003239876408447191691  |
963   | 0.0045853865509726818642  | 0.0052256436447696529013  | -0.0007788988087692530482 |
964   | 0.0058217121396033320868  | 0.003119535995696658473   | -0.00013663932532402873359 |
965   | 0.00046899529487728891909 | 0.0070464299490377085497  | 0.00027084201246507875332 |
966   | 0.0014393749118240116869  | 0.0086913896263700989031  | -0.00085484563952635832153 |
967   | 0.0090298229710778533941  | 0.0042770173340049410377  | 0.00033241812103270064081 |
968   | 0.0028122232026705821194  | 0.0033738434318466769754  | -0.00057595652089687920504 |
969   | 0.0052573067903906476814  | 0.0086165686625030244589  | -0.0016073809401764070463 |
970   | 0.0053425764969425391243  | 0.0069710477646861678663  | -0.0011871720181052900639 |
971   | 0.0075215697537186088778  | 0.0022272656996283751729  | 2.5800015842384834992e-05 |
972   | 0.0019326711518532055292  | 0.0026134112842024041778  | 0.00022524516004093431067 |
973   | 0.003159739249276119228   | 0.004505681530938765271   | 0.00076032446113660160768 |
974   | 0.0026492025742880431424  | 0.0012654227643605034815  | -0.0016524671865685062154 |
975   | 0.0018041417850986566501  | 0.0082637570280371611814  | 0.00086926613016369367465 |
976   | 0.002722474807562639057   | 0.0051222291831873774381  | -0.00047452169036131633699 |
977   | 0.0034422266562870733504  | 0.0027269096936544507358  | 0.0005815141539325203654  |
978   | 0.0087726021622355886825  | 0.0094463899915601147461  | -0.00079065905939210850712 |
979   | 0.0021248634348751877822  | 0.0084862414035079200558  | 0.00028256449033205264382 |
980   | 0.0070993047768649559029  | 0.002825796896835128507   | -0.00041025173708466097918 |
981   | 0.0091429839540803289899  | 0.0081845198172891559657  | 5.913055897675649486e-05  |
982   | 0.0050802136619824298999  | 0.00086892600344022380855 | 0.00092083266171023945429 |
983   | 0.0034347393917051704908  | 0.0046124521799238192912  | -0.0013059943811507422531 |
984   | 0.0093708423640527505061  | 0.0014858960264725554895  | -0.0016443098113364529311 |
985   | 0.0046582384523968459883  | 0.0068205544283143470369  | 3.3025874537190633541e-05 |
986   | 0.0033888346696231987608  | 0.0017876846657504520503  | -0.0004995145069824999829 |
987   | 0.0064185776310588804616  | 0.0042784785662454459867  | 0.000900978452495506104   |
988   | 0.0049879144444455016452  | 0.0013306743832966478995  | -0.0009325427595098576385 |
989   | 0.0022305906175117671576  | 0.0012152606204880866004  | -0.0014943690799193373731 |
990   | 0.0066270688104091354798  | 0.0067278392708394092747  | -0.00033264215072014455352 |
991   | 0.0031339075786951352265  | 0.0077859685902940851954  | -0.0013773102362582339761 |
992   | 0.0091569182979909097275  | 0.0059581113666910883939  | -4.489430221670084371e-05 |
993   | 0.002937593683181949876   | 0.0014270875256329074859  | -0.0016148808550199519364 |
994   | 0.0071095015195676005901  | 0.0062342373059461773585  | -0.001234881016400645121  |
995   | 0.0035818493326300370264  | 0.0028299347230802025799  | -0.0011984502164809776679 |
996   | 0.0040125751561014147764  | 0.0039750197570397370964  | -0.0011045101051373742377 |
997   | 0.0039217661020841546385  | 0.0027226436638476589867  | 0.00061297289032924157787 |
998   | 0.0084606135157091998111  | 0.0068136884333205400763  | -0.00077561372182088309662 |
999   | 0.004169705827470652007   | 0.0039358108617429214682  | -0.00064251012811439626136 |
