N			X			Y			Z
0     | 0.0059637208390369428335  | 0.0040527517064734997626  | -0.0035958991958810280348 |
1     | 0.00615875068637742034    | 0.0022726589627035521761  | -0.0026278962640945580792 |
2     | 0.0058028664069868455405  | 0.0031322559361430372428  | -0.00043537893628007630093 |
3     | 0.0038875505616960404076  | 0.0045540683069518368697  | 0.00090294670632592901726 |
4     | 0.0099207579517295359922  | 0.0087544607710881537643  | -8.8602034130980691874e-05 |
5     | 0.0051847184316743382543  | 0.0029113135976268364816  | -0.0023220427427361523855 |
6     | 0.0011854525122899264421  | 0.0026701645490227994897  | -0.00021192690267938374534 |
7     | 0.0021433320698295318767  | 0.0019457950743404963789  | -0.0014519822777646436331 |
8     | 0.0005991082867109224705  | 0.0043508606907187259358  | -0.0029031119419472358086 |
9     | 0.0092665248866846440523  | 0.0012624939055576743681  | -0.00032856479600073710623 |
10    | 0.0078329371797436157104  | 0.0019405120535838911531  | -0.0014232171675893395997 |
11    | 0.00039787573018422570017 | 0.0037509890579030566275  | -0.0015423692700701496523 |
12    | 0.0073024629565772792086  | 0.004747313196378132906   | -0.0029559540505380739461 |
13    | 0.0043862525432309396045  | 0.0090454481903574409513  | -0.0039340996145309659743 |
14    | 0.0012982724101997735085  | 0.0017964153447773117261  | -1.8859373819394360978e-05 |
15    | 0.0011142298561949532613  | 0.0059426650818565629475  | 0.00055534880845351571738 |
16    | 0.0099307079902636822416  | 0.0066797733651109024097  | -0.0002507606828113873379 |
17    | 0.0037305052695770350192  | 0.00017768856570494565299 | 0.0006029006546609397884  |
18    | 0.00057424121696601619115 | 0.0082362335186996708108  | -0.0032358229567024006379 |
19    | 0.002887029873554784222   | 0.005217137817173817492   | -0.0017401090293885001972 |
20    | 0.0010113602127859297117  | 0.0016971879187355075509  | -0.00082127885904375393013 |
21    | 0.0018950004861293032448  | 0.0020659306268574592798  | 0.00088831268324703245316 |
22    | 0.0047684010169528516856  | 0.00095526432113982951214 | -2.2614228432825590363e-05 |
23    | 0.0013361567806456256351  | 0.004880785085069910649   | -0.00073007104556210649336 |
24    | 0.00058502563709178284287 | 0.0043247605852940749008  | -0.0019783171116438493832 |
25    | 0.0094717391512364884631  | 0.0035216154802630021854  | -0.0020444751800277388351 |
26    | 0.008937116837338426184   | 0.0069812638240786106109  | -0.0023725454048094908252 |
27    | 0.0036813017223468733931  | 0.0041842846469768652309  | -0.00019188089521515828213 |
28    | 0.0048969323217613316621  | 0.0059483553849073696543  | -0.0017140973118954341056 |
29    | 0.0061732853655610698401  | 0.0044614343573935420773  | -0.0020060609506691211637 |
30    | 0.0028575543229905652799  | 0.0044696702440695504008  | -0.0029680863607943366693 |
31    | 0.0034946232497226783868  | 0.0023912050890064289431  | 0.00088756230271443744412 |
32    | 0.002955084520633150056   | 0.0047659095584015043201  | -5.6961058348269655587e-05 |
33    | 0.0060587102699846068568  | 0.0048845613428379862364  | -0.0023422487951767186412 |
34    | 0.0032488427065568222137  | 0.0062430004992154054105  | -0.0016636280851385586415 |
35    | 0.0045796166939670035489  | 0.0089306415232659405734  | -0.0015103645774014959075 |
36    | 0.0036934415385490399972  | 0.0076101600099101615951  | -0.00035954865154881604635 |
37    | 0.0031347431785678234531  | 0.0030667310296529181994  | -0.0028224653604579704597 |
38    | 1.1057870510404126623e-05 | 0.0052287119231518757248  | -0.0013399858675891193876 |
39    | 0.0035946813145056486991  | 0.0083684106602986817885  | -0.0037872178235495296272 |
40    | 0.0021818310589551488839  | 0.0060550613002085390546  | -0.002268056916526285053  |
41    | 0.0022713616837756059677  | 0.0024690779120249122663  | -0.0026747636655807872398 |
42    | 0.0085210751972704945612  | 0.003013698360414767026   | -0.00051232034203431463595 |
43    | 0.0053555530137100459953  | 0.0067077310312157745198  | -0.002809451962220230279  |
44    | 0.0092537933801300955444  | 0.0078980622153376409122  | -0.002115696265289910942  |
45    | 0.0048471589030355463623  | 0.0063029301595054175456  | -0.0034507416268633669953 |
46    | 0.0049148581840106420407  | 0.0014152176221039081822  | -0.0034133863888823538606 |
47    | 0.0035915372482471165545  | 0.0071778710375044263783  | -0.00071954412175614511794 |
48    | 0.0092957816547390333117  | 0.0084651867991263809315  | -0.0022639411270393722947 |
49    | 0.0022208437137653494649  | 0.0045455677497738475323  | 0.00064353018808930347733 |
50    | 0.0073537070581411465367  | 0.0017307700930146616928  | -0.0016162041545487535604 |
51    | 0.0044431300347576134502  | 0.0023737236467370709074  | -0.0035344149636187794337 |
52    | 0.0019439693289836257502  | 0.0024023472325274079081  | -0.00067261528641093467924 |
53    | 0.0060803660404350852106  | 0.0062300879711698325253  | -0.0019465321111000069652 |
54    | 0.0008245989095615736909  | 0.0085114937328706705838  | 4.0804663440024662563e-05 |
55    | 0.0068874452232110935576  | 0.0059016360269159495386  | 0.00091257663840317495424 |
56    | 0.0088807381760491223288  | 0.0044010003956789960425  | -0.0024569857537534685668 |
57    | 0.0024982009612814484387  | 0.0097563687277694571831  | 0.00079805174896158278218 |
58    | 0.0070288176972536538234  | 0.0029586914091335207375  | -0.0015502464055204014624 |
59    | 0.0055855060269218211738  | 0.0081330372405924757084  | 0.00072500594977065310406 |
60    | 0.0039350142003693770396  | 0.0049880316578355529331  | -0.0038122312046566615359 |
61    | 0.0021671105768877960834  | 0.006917054518662517186   | -0.00054698006290435162002 |
62    | 0.0042221083270546008737  | 0.0072202603523041425024  | -0.0024083066870972643161 |
63    | 0.0080694022607271809894  | 0.0018502767820458860398  | 0.00095670330204654981804 |
64    | 0.0019795297237980499783  | 0.0036313869772354769039  | -0.0029990295060311183278 |
65    | 0.0085703141652447422522  | 0.0092154524360724011239  | -0.0036938464904527801465 |
66    | 0.0061785512906173522402  | 0.00390887051280147408    | -0.00023501396869470797904 |
67    | 0.0003287820777427648191  | 0.0070081724038557301204  | -0.00078266383367373427819 |
68    | 0.0096556738548724974774  | 0.002521188152038692995   | -0.00012186475567476028569 |
69    | 0.0058040643352112878187  | 0.001320285659567427836   | -0.0010545095241351926281 |
70    | 0.0076049142640299324108  | 0.0083641193955396927334  | 0.00051413805759927520573 |
71    | 0.0053001732051679564459  | 0.004661618762541022698   | -0.0013559026347649489122 |
72    | 0.0040597953479823613993  | 0.0089521929978356971913  | -0.00072111627872220942798 |
73    | 0.00384928191260787032    | 0.0044569094488605062732  | 0.00053562935490357823677 |
74    | 0.0023038167781935813862  | 0.0040068279506729424094  | 0.00071068749209137382829 |
75    | 0.0097288123974416627904  | 0.00109634676386931567    | -0.0013713320506174024767 |
76    | 0.0016495105779036191383  | 0.0076020156165750004187  | -0.00017938139509904470399 |
77    | 0.0037219503885964045319  | 0.0013473565405499852727  | -0.0027605967716395609854 |
78    | 0.0088298074348429882868  | 0.0023957827746966088925  | 0.00070426185154830623237 |
79    | 0.0033551164930408256155  | 0.0099263395913694093403  | -0.0018193471736747933182 |
80    | 0.001569630821006630329   | 0.0019507605302549739946  | -0.0023814091622201818618 |
81    | 0.00054461081694338203413 | 0.0055884333340705076576  | -0.0013197598173316695686 |
82    | 0.00035039070159334929216 | 0.0068285443364801577323  | -0.0019870235755624445807 |
83    | 0.0083785489809362970193  | 6.4943143364192660347e-05 | -0.0020665446158072290142 |
84    | 0.0045743226590309517959  | 0.0026645123651791095647  | -6.939400898559955691e-05 |
85    | 1.5812320035846331751e-05 | 0.0013086322477497442252  | -0.0011021351979932131511 |
86    | 0.0039517999333670804363  | 0.0095410647800042869965  | -0.0040205238430744486    |
87    | 0.0073621761950026258156  | 0.0022108430049598659477  | -0.003146364775622513283  |
88    | 0.0063891800266222863527  | 0.0050819157700813287828  | -0.0034921705953317784023 |
89    | 0.0038295039992737199205  | 0.0037024608818066648795  | 0.00039760372222924316148 |
90    | 0.0060483013900725912659  | 0.0031761649419690964578  | -0.002322003761683802403  |
91    | 0.006801955175326512143   | 0.0081867442230114367135  | -0.0016863073941708584501 |
92    | 0.0074735682525479242913  | 0.0070338409052173710839  | -0.00014140508968303724729 |
93    | 0.0013216623608787352387  | 0.0034601599432150234245  | 0.00019068547543707789873 |
94    | 0.0003163626243287222836  | 0.0014562790228474832305  | -0.00070898255702469843015 |
95    | 0.0084333407448509405818  | 0.0078731166641092115155  | -0.0004626925269626258868 |
96    | 0.00035879970201441435109 | 0.006926839444592963746   | 0.00051349034458657901586 |
97    | 0.0063146646720258154187  | 0.0072294321976887629747  | 0.00014227926699541734983 |
98    | 0.0021328363550610599138  | 0.00019074956511330165283 | -0.00032792598477805035397 |
99    | 0.0095855038346547450506  | 0.0056746735696206456606  | -0.0029840166411526061925 |
100   | 0.0044855336320025794919  | 0.0077546645277311162733  | -0.0014785179801262988541 |
101   | 0.0048181480386335412067  | 0.0072581200539492494311  | -0.0022933768663556792188 |
102   | 0.0041196922617028784372  | 0.0080139620957658582595  | -0.0005118094188276166908 |
103   | 0.002298532167405142098   | 0.003647233208396453031   | -0.0021424457216627206674 |
104   | 0.0045425384695806014443  | 0.0078198865909236067728  | -0.0033449414307281807    |
105   | 0.0048529635336606079601  | 0.0061456331478920373304  | -0.002391218560796563343  |
106   | 0.0092869429907379737188  | 0.0083491724983526232479  | -0.0024118721773510373024 |
107   | 0.0035066440828528441104  | 0.0068088468352321997179  | -0.0012926244493784580861 |
108   | 0.007443153017053064785   | 0.0077466302824348524242  | -0.0028313104125057652997 |
109   | 0.0065144962270615577524  | 0.0071287679538826909803  | -0.0033153305081177726968 |
110   | 0.0072880938252115664427  | 0.0068442543294034282816  | -0.0014561466642582356155 |
111   | 0.0044874908243708955605  | 0.0083742432434594227253  | -0.0023624991345025511333 |
112   | 0.00099919896257387344311 | 0.009470510187566902674   | -0.0027842168133727037728 |
113   | 0.0093025256603793855803  | 0.0029754188523442985127  | -0.003191167979223150878  |
114   | 0.0060403586828861087835  | 0.0014070191131971957789  | -0.0027009947727843872274 |
115   | 0.0023013115753972870035  | 0.0018212436065020664016  | -0.0017551405558084065463 |
116   | 0.008428609850341686055   | 0.0064998443049264524249  | -0.0014789042064607801821 |
117   | 0.0046943355594881823467  | 0.0021471630380936130092  | -0.0012456391864423238102 |
118   | 0.0059895317328629510759  | 0.0013672725766185297221  | -5.7502252044730172158e-05 |
119   | 0.0051538208241633685566  | 0.0046009586083377469745  | -0.0022897319669611762051 |
120   | 0.0047034907324709496201  | 0.0099926260058602715819  | -0.0033835752883245471742 |
121   | 0.0068583992975819602078  | 0.0032975514356127183339  | -0.00062153188312353267221 |
122   | 0.0037572222350679435748  | 0.0061846438221311826611  | -7.8371514452508492026e-05 |
123   | 0.0094156727405223152733  | 0.0050895220220891343108  | -0.0037273038583386167155 |
124   | 0.0064282578742066833269  | 0.0072240680934262764198  | -0.0015800738127836960138 |
125   | 0.00099385008000177073144 | 0.0037466981249033135155  | -0.0028973609700930383175 |
126   | 0.0018127787689979448817  | 0.0029200697892225267044  | -0.0032753439097543721008 |
127   | 0.0053134694016088229382  | 0.0059762712949294740858  | 0.00097986115121608593354 |
128   | 0.0062659800269157083646  | 0.0089161152449808017684  | -0.001380741002598496938  |
129   | 0.0049954323183165850672  | 0.0066215080453505383365  | -0.0039700595888639547346 |
130   | 0.0028941165689527247398  | 0.0033861646369783390993  | -0.0024074164873618226698 |
131   | 0.0064654337797133525079  | 0.0055038934551624599592  | -0.0030638810246695624695 |
132   | 0.0061025644625427206968  | 0.0097955912779638040777  | -0.0020965912588942455311 |
133   | 0.00067878154278841235265 | 0.00053562612248985494012 | -2.8245643296331403934e-05 |
134   | 0.0059641914596813396313  | 0.0033824251205517947769  | -0.0015751818450545087245 |
135   | 0.0033638119780852646611  | 0.0039053551075188494036  | -0.00081625369853624270364 |
136   | 0.0079920744368659757395  | 0.0023772542285008663177  | 0.00010935621020614181447 |
137   | 0.0068606748099421738588  | 0.0058711812322220485044  | -0.0037821799468353203139 |
138   | 0.0050275897715659732812  | 0.0092324326633854217339  | -0.0029913446391735369623 |
139   | 0.0025345440579636131957  | 0.003889638775175429438   | -0.00067953570474764304725 |
140   | 0.0045827249697935621212  | 0.00022523664939494688416 | 2.9322965275448908626e-05 |
141   | 0.0014690621438547433672  | 0.0049690774589876791564  | -0.0027957012865910445612 |
142   | 0.0034660598408885229423  | 0.0029269911704766643501  | -0.00047637419177595330226 |
143   | 0.0056885380799057338672  | 0.0020828828319573071751  | -0.0028503726591295073731 |
144   | 0.0080150944066742346034  | 0.0035726818470853904074  | -0.0017447641743657841748 |
145   | 0.0052143794645584202671  | 0.0076742469531624231405  | -0.0016592532342165693896 |
146   | 0.0014789678593970345243  | 0.0046421178230791008273  | -0.0020595783858784718137 |
147   | 0.0081397832205691179192  | 0.0027207666873931370989  | -0.00029689228401200308668 |
148   | 0.0015366417076712677713  | 0.004611177241306732566   | -0.0013203142354516106318 |
149   | 0.0025519433517074779048  | 0.0070943481780551959082  | -0.0019226237184048616813 |
150   | 0.0035611596920136498814  | 0.0055293828727495403924  | -0.0012046551105749231381 |
151   | 0.0041671264514019324895  | 0.0065367564375937974724  | -0.0013142472660699440132 |
152   | 0.0058919630717096226763  | 0.0036630282451211391287  | -0.0014311687009407605357 |
153   | 0.0047358512403232466692  | 0.0038422770974283148269  | 3.1108313984908861132e-05 |
154   | 0.00062214876641472605621 | 0.0024778819515382430848  | 0.00062822797077571792407 |
155   | 0.0018226979878976081947  | 0.0026662910326355430263  | -0.00055819111409108205027 |
156   | 0.0046498240983662963294  | 0.0015611247918521726965  | -0.00014114032798819776591 |
157   | 0.0051840215172428167484  | 0.0056469957126779411066  | -0.00041921234891849009935 |
158   | 0.0098031125772650943434  | 0.0062457787819446154015  | -0.00079906428721178196419 |
159   | 0.003291001842986898164   | 0.0081908900752108038806  | -0.00075230843085339650644 |
160   | 0.0052898872409257152033  | 0.008627768075991542121   | -0.003511488447932153284  |
161   | 0.004861147158414641338   | 0.0086243896458794398752  | -0.00084764150421905094974 |
162   | 0.0016129092313164864088  | 0.0030521626089878369122  | -0.0031501749756144845419 |
163   | 0.0014905476313430551447  | 0.0080805499357018868711  | 0.00024751720555171621407 |
164   | 0.0083307425246663992235  | 0.0081477448055926032094  | -0.00048932270176150691188 |
165   | 0.0029531620346971597033  | 0.0029855439535624523142  | -0.0037137388254088530941 |
166   | 0.0033602935600469891267  | 0.0024261632149556564171  | -0.0022044422373981090169 |
167   | 0.0023448033558932865339  | 0.0081944209966244296872  | -0.00074790049577541639885 |
168   | 0.0014967359490827478446  | 0.0081003049576466625015  | -0.0022094181868033990236 |
169   | 0.0072084784905249148917  | 0.0041295305799044432216  | -0.001050113143062987326  |
170   | 0.0040937578365603981626  | 0.0054188339824936667885  | -0.0019554314925601277639 |
171   | 0.0052873498195311003159  | 0.00059201432428466105491 | -0.0021641926183034007787 |
172   | 0.0062870066864245868071  | 0.0015942515280607612218  | -0.0026401336362240775645 |
173   | 0.0014396366608251743094  | 0.0097239517422219121784  | -0.00033717760332125572102 |
174   | 0.0089765697948630540637  | 0.004318892354523692044   | -0.0029717405297787773295 |
175   | 0.0052250211184953036792  | 0.0038454442740727913172  | -0.0017922619440060196926 |
176   | 0.0011503039039703775916  | 0.0012362261120450978007  | 0.0008834925997117028685  |
177   | 0.0032979072771180039866  | 0.0082962696173502839536  | -0.0031124882721618170149 |
178   | 0.004932776537323023576   | 0.0064913839195068880408  | -0.0026399503359761326143 |
179   | 0.0026648590284933013593  | 0.0062559733324401862326  | -0.0011203847586108098972 |
180   | 0.0063398733156230877711  | 0.0039979704666960498571  | -0.0021378208106228478377 |
181   | 0.002876135507263475298   | 0.0035385590125806953149  | -0.0017042364390513530317 |
182   | 0.0051778463238821466341  | 0.0018327233788898492604  | -0.00038151121222819011367 |
183   | 0.007131095581046136174   | 0.0060790077554377340563  | -0.0024842614684995982521 |
184   | 0.0071329983088120581594  | 0.0018901922678988979012  | -0.00099311122028832000096 |
185   | 9.4944393807178996143e-06 | 0.0015422697024809418811  | -0.00068481858141157406564 |
186   | 0.0092184413853572261255  | 0.0055630080101746930479  | -0.0038488020151052244888 |
187   | 0.009547318189933314686   | 0.00017155890529136849382 | -0.00072604588470558074562 |
188   | 0.0087547826767595485903  | 0.0068545720832562185079  | -0.0022176996982749869365 |
189   | 0.00044373545532742014264 | 0.0079538803313359551783  | -0.0012105763822470140892 |
190   | 0.0074245038414595546442  | 0.00031857144757691001954 | -0.00073982844503978366282 |
191   | 0.002060284028840635509   | 0.0072614304261463223644  | -0.0022882245695112534214 |
192   | 0.0040704512168882392431  | 0.0062205035555680660009  | -0.0030379828197603341022 |
193   | 0.0041682366408611433092  | 0.0052757142109651567266  | -0.0037573297566425188296 |
194   | 0.0057519983918820826937  | 0.00079539368012270146319 | -0.0040059003652907669915 |
195   | 0.0041400863941840303217  | 0.0083609422184052067939  | -0.0014355359705735854133 |
196   | 0.0034054296531320195698  | 0.00011310412689214707869 | 0.00089585638027073991475 |
197   | 0.002628144275798505354   | 0.0055557193400326155414  | -0.0011717200673596222301 |
198   | 0.0066823387430165288522  | 0.004377826347278623853   | -0.0021399093647172756465 |
199   | 0.0069945474351770214189  | 0.006286635990385001059   | -0.0024421217608337872536 |
200   | 0.0062707226373537646585  | 0.0027717540049093940431  | -0.0017879056559102878953 |
201   | 0.0094435281046861309362  | 0.00076843527194772587828 | -0.0024212706852191029187 |
202   | 0.0097501958242964242157  | 0.0059678052791328380089  | -0.00084839934609285685366 |
203   | 0.0021526573065301390399  | 0.0016059355472971975371  | 0.00027462395708694896292 |
204   | 0.0019932163632391270564  | 0.00093064446051374421966 | 0.00055429575655002640694 |
205   | 0.0080748799884448798497  | 0.0036954340125771906363  | -0.0015360641126891453039 |
206   | 0.0021261943653021453914  | 0.0072786208437944496449  | -0.0030327473712791282352 |
207   | 0.0028607078765661374774  | 0.0042776190073006651465  | -0.00044368580442660814816 |
208   | 0.0069428055007356645478  | 0.001090876955373717809   | -0.0024705979989123297465 |
209   | 0.0068584285996437120356  | 0.0045448229618890818512  | -0.0035789813926220678461 |
210   | 0.002803292053763872891   | 0.0055267668032279544318  | 0.00051652840316472516807 |
211   | 0.004075596571183831042   | 0.0031499144480298777067  | -0.0037268166222701299382 |
212   | 0.0067638752847703513191  | 0.0090759555818637639019  | -0.0017653384230387322764 |
213   | 0.0042197131731845222147  | 0.0031556991415222493055  | -0.0035731063821238771838 |
214   | 0.0068785799146272369117  | 0.0027702414246935157076  | -0.0015244686157905788619 |
215   | 0.0011397104264979718638  | 0.0051460643805045537535  | -0.0035177998931627220067 |
216   | 0.0064816423559625260808  | 0.0045528499378599488617  | -0.0025659651198025900699 |
217   | 0.0074255401237336001938  | 0.0075771774875162132071  | -0.0035637893251563865574 |
218   | 0.0092062085271398565178  | 0.0073232486882110117005  | 0.00079225428726069357932 |
219   | 0.00077362008696543033658 | 0.0017020073419552526981  | -0.0011368391461816450792 |
220   | 0.0080055828701087478755  | 0.002628841159528428912   | -0.0037560250699603904209 |
221   | 0.0090266097426540941456  | 0.0030536082887065328292  | 0.00053252495837018045538 |
222   | 0.00031196032268989998953 | 0.007038267510774015058   | 2.9752034716810049858e-05 |
223   | 0.0071730192300853545112  | 0.0049913437744533092899  | 0.00028218213725045309835 |
224   | 0.0037008936103170783638  | 0.0025514328301901871739  | -0.0030058340358885132781 |
225   | 0.0028977757375625175749  | 0.0083632025839752068691  | 0.00010240709593774052354 |
226   | 0.0069098960006796165262  | 0.0042002218543221916253  | -0.00073685919510477887722 |
227   | 0.0059075891473631706938  | 0.0087201743286373263608  | -0.0034352534036035465084 |
228   | 0.0076973341037288364047  | 0.0010629122182638601687  | -0.0020861662124921987252 |
229   | 0.0045939477884652316075  | 0.0088239790777580543596  | -0.00094143234635498231413 |
230   | 0.00575134649420097014    | 0.0088702243109842985463  | -0.0026583769841300552809 |
231   | 0.0043230314427939332128  | 0.0035400873964493099338  | -0.0026310661044547513192 |
232   | 0.0037021219447219057969  | 0.007391277952753412539   | -0.0030366180779732550657 |
233   | 0.0033329105389504976378  | 0.0031602113896114689649  | -0.0021288780870681238248 |
234   | 0.0028055507630512150664  | 0.0069943410414493407609  | -0.00015036932107375902039 |
235   | 0.0033895158272048511207  | 0.002407823621771839652   | -0.0023139356228743818839 |
236   | 0.0070228042104423047537  | 0.0052908024798465416727  | -0.00044059930898883523792 |
237   | 0.0047453328132627502212  | 0.0052723038228470100325  | 0.00059736026700768409675 |
238   | 0.0026415782267193554239  | 0.0046233683924347974276  | -0.00016384671323505054516 |
239   | 0.0079052929063926791892  | 0.007960892951955834268   | -0.0010834019604020427279 |
240   | 0.0065675930945042248002  | 0.0095617783833923594705  | -0.0036880760047421812416 |
241   | 0.0072098211157007336541  | 0.00065838436120880573527 | -0.0012792823965078984217 |
242   | 0.0060235830267579290945  | 0.0044066485819870193294  | -0.0022890240293484331521 |
243   | 0.0099685431693661112618  | 0.009176318052097995337   | -0.0028940821921687653537 |
244   | 0.0058648105018132079894  | 0.007611655821867898547   | -0.0013212600250861047339 |
245   | 0.0022644599830186954402  | 0.0058626844872793930016  | -0.0018891944119023417348 |
246   | 0.0075191493125955017121  | 0.0030578508864096058499  | 0.00041135323971052962762 |
247   | 0.0074479284300589445461  | 0.0051370826750852527365  | -0.0009309949745996105256 |
248   | 0.0050954997447968169641  | 0.00018419900415879398529 | -0.0016693185403467720312 |
249   | 0.0037061198084872709613  | 0.0018517541593844374492  | -0.0018244172348348684006 |
250   | 0.0038267048543971812595  | 0.003962751001077687886   | -0.00040272376626319581188 |
251   | 0.00060731166190963845487 | 0.0012000680676959220999  | 0.00053466831385877704608 |
252   | 0.0018982312105680350205  | 0.0054699201104175792371  | -0.0035091035839999833168 |
253   | 0.0086071310973028260227  | 0.0069564949726133654129  | -0.00059612289265899732083 |
254   | 0.0074928543228913648683  | 0.0066029720718520333589  | -0.0014397361748599273729 |
255   | 0.0033607610847654740237  | 0.0092311903537496443894  | -0.0023284476510837042937 |
256   | 0.0058116558843329781461  | 0.0082112756518674372835  | -0.0023462339168486218491 |
257   | 0.0011747786519706376537  | 0.003691383676603434208   | -0.00019522742698453057048 |
258   | 0.00073585298473080444116 | 0.0015540082346799490368  | -0.0020490864315733910497 |
259   | 0.0079994724709065660045  | 0.0073286858860635364921  | 0.00053077717218877242672 |
260   | 0.0055054768918121462992  | 6.8973740556338994584e-05 | -0.00027783759410264681489 |
261   | 0.0041366706937546581652  | 0.0069837575616110850532  | -0.0028001328414373771215 |
262   | 0.0039107877755829327168  | 0.00037287678590867528181 | -0.0021163936441108556312 |
263   | 0.006461569548370374623   | 0.0059221600718951548578  | 0.00077314947111226605368 |
264   | 0.00025395448919746641848 | 0.0093572429662911668635  | -0.002267227943334860444  |
265   | 0.0021774167093971765786  | 0.0066805126484703976006  | 5.382683262684256377e-05  |
266   | 0.0060600702354366830366  | 0.0029674595128613714089  | -1.1372753915230165525e-05 |
267   | 0.0033335900163352608257  | 0.0048448502227851726262  | -0.0014874695543955795182 |
268   | 0.0042499360443277959393  | 0.0067643536346639462561  | -0.0035476409708395536223 |
269   | 0.007898850763746207565   | 0.0047427135021629023698  | 0.00052650703364132741408 |
270   | 0.0068645186838332972884  | 0.0010086020524277469756  | -0.0017266746047574930891 |
271   | 0.0065292459533575252298  | 0.0075926980484919267753  | 0.00071731632793290756901 |
272   | 0.0061915624795282472523  | 0.00028708089988392057655 | -0.0016054990682950903182 |
273   | 0.0070296084107584564521  | 0.0019770260955848900468  | -0.0011255013569346277932 |
274   | 0.0092438035167117602736  | 0.0058069345556844937858  | -6.2587925943111439729e-05 |
275   | 0.0083618658366243891339  | 0.0052118509280685869009  | -0.0038858929017781674957 |
276   | 0.0037719058643790066149  | 0.0086666775152178972264  | 0.00043160655507205099995 |
277   | 0.0052707584250637458737  | 0.0094904066495004133636  | -0.0023364140413251487972 |
278   | 0.0037061129046336528312  | 0.0098905330077925842497  | -0.0036141470762222406045 |
279   | 0.0066893963429265120707  | 0.0086219861960242800275  | 0.00098799472308678994853 |
280   | 0.002196660622459316748   | 0.0051755109037108825223  | -0.00033627185257910390719 |
281   | 0.0054003789247747150878  | 0.002323487768382120032   | -0.0014956863475945854705 |
282   | 0.0014472314246603379222  | 0.0029107845773639292632  | -0.0015237686569239815727 |
283   | 0.0088872800903287609703  | 0.0067554448942699629743  | -0.0033094663756159489916 |
284   | 0.0041301291205324665648  | 0.0077499508363297591601  | -0.0022249155185097620885 |
285   | 0.0047412161099304808709  | 0.0074785532280480515599  | -0.0012179681714011725974 |
286   | 0.0095139434272377160912  | 0.0063023080029737310256  | -0.0022267635493104995237 |
287   | 0.0018496995773423950335  | 0.0013450250482292880946  | -8.5997839711290162911e-05 |
288   | 0.0059129462267582463819  | 0.0076725931383872054622  | -0.00065392343850913942083 |
289   | 0.0049792797629731209638  | 0.0092050444071645701888  | -0.0032523668502095733415 |
290   | 0.0078877320911207859933  | 0.0019082436838380003371  | -0.0003787920144666710536 |
291   | 0.0096854260780471490566  | 0.002743212136513793406   | -0.001845384684237966243  |
292   | 0.0096157488601691966379  | 0.0052017230910288824591  | -7.7913876742242808848e-05 |
293   | 0.003646682371710263746   | 0.0085059349604395227684  | -0.0016332994680329821109 |
294   | 0.0047106052410135594577  | 0.0025893785324231041213  | 0.00077534122823963034978 |
295   | 0.0035806714625957474125  | 0.0096933022416735015181  | -0.0027543252627366308048 |
296   | 0.0037381808333908895202  | 0.002184296098317773261   | -0.00052490786802502156522 |
297   | 0.0052239007177072019003  | 0.0088510411289217539449  | -0.00051167954290889494217 |
298   | 0.0041149594414838681911  | 0.0062355370234922716938  | -0.0012678047205072786024 |
299   | 0.0044033553541052861818  | 0.0013471632732524872235  | -0.0022654484085005326469 |
300   | 0.0048191191360778973946  | 0.0051803849249532837873  | 0.00036240510872767432195 |
301   | 0.008028560962879576976   | 0.0027906618861257910698  | 0.000548363952380467954   |
302   | 0.0094842066850351954693  | 0.0063825931415495609084  | -2.9606161267490657994e-05 |
303   | 0.0046602140107661164936  | 0.0064182007863377672427  | -0.0039365493700975482186 |
304   | 0.007927520983458884174   | 0.00068704677920959199983 | -0.0029896997596267466633 |
305   | 0.0053438188110050844487  | 0.0084121721675635089538  | -0.0034779118455470735272 |
306   | 0.0032725637529798404061  | 0.0072245081107417449123  | -0.0033801498714533325003 |
307   | 0.0089095246983344131286  | 0.0054869941940412884918  | -0.0016817107816027361978 |
308   | 0.0077073456947181033516  | 0.00036630595781947676483 | -0.00250274003021574553   |
309   | 0.0076840589084117907892  | 0.002035357257043192078   | -0.00068827017690049614555 |
310   | 0.007306614127618376274   | 0.0060158155257393781251  | -0.0016301922951806283469 |
311   | 0.0034816321917521728634  | 0.0052878503310642716723  | 0.00068382292887857502265 |
312   | 0.0057536193607762983401  | 0.0066676313136140585858  | -0.0033330623395112449897 |
313   | 0.0020404976649451792708  | 0.0068737098866627948171  | -0.0011952988893559478474 |
314   | 0.0093378284972451628537  | 0.0087776400535788529078  | -0.0030706163782481372092 |
315   | 0.0064003456794884342612  | 0.0065230074277780065312  | -0.0024575481251493925226 |
316   | 0.0099319171816524918356  | 0.0065685750739957670871  | -0.0027764852832546358698 |
317   | 0.0040352720303921726236  | 0.0062965592246878327592  | -0.0021332511596514731021 |
318   | 0.0023181967006832920018  | 0.0047460491968326365755  | -0.0035572480612009239366 |
319   | 0.0025566519051983026614  | 0.00376437616414613185    | -0.0036521287826488659997 |
320   | 0.006149299319067512426   | 0.004186295042356100865   | -0.0007164345521666551234 |
321   | 0.0033516287746216278515  | 0.00018601402786577842202 | -0.0013829250559015059899 |
322   | 0.0052836346809917418901  | 0.0047961732177785217079  | -0.0026565706348066530154 |
323   | 0.001504729837341008819   | 0.0089318702893910247725  | 0.00033039122564960856504 |
324   | 0.00056271975651681126283 | 0.0014198696688869289536  | 0.00051705252950080739932 |
325   | 0.0066630144459691132905  | 0.0018604163938415933886  | -0.0015515232634239299863 |
326   | 0.0080114881599006523838  | 0.0044414552496167547524  | 0.00034475370554029990044 |
327   | 0.003694605472985710605   | 0.00037995060612631959256 | -0.0015357182277658410624 |
328   | 0.0084722133692464330484  | 0.0023608489449448528605  | -0.0037638797687447348925 |
329   | 0.0046028943241705859435  | 0.0028429841841071321062  | 0.00095061056353752584197 |
330   | 0.0027048026128254432435  | 0.0013560733290105746011  | -0.0003556771908101393799 |
331   | 0.0064252737675732510617  | 0.0013944049946512165547  | -0.0023576532482014076961 |
332   | 0.0093156491693984679742  | 0.0064777306207737762531  | 0.0007652245141325080555  |
333   | 0.0029833570416222090008  | 0.0042999291300296390433  | -0.002693080600498110478  |
334   | 0.0063853221435867099295  | 0.0036135114461251119193  | -0.0013836445457628050205 |
335   | 0.0055183792540504572263  | 0.0063652113733463494549  | -0.00095026251374272555604 |
336   | 0.0039445194258719094155  | 0.0015604993784448372308  | -0.0010664604558481823125 |
337   | 0.0038120171133012763567  | 0.0018738424610468937172  | -0.001147499895972110915  |
338   | 0.0049138369078068145149  | 0.004158051772176398625   | -0.0039235288137133986566 |
339   | 0.0066342401827774169151  | 0.0020984562270941246008  | -0.0036997050212277757947 |
340   | 0.001058771152354573853   | 0.0050154244225050978456  | -0.0021217911481712422445 |
341   | 0.0066579618407093619364  | 0.0090690531325805356228  | -0.0010422145038013262523 |
342   | 0.0023652861075681356866  | 0.0081859999265128068069  | -0.0031161385632273185843 |
343   | 0.0069807922932555426659  | 0.00011641369157448600371 | -0.0039116982344494849108 |
344   | 0.0058117216638065693352  | 0.008915787475938812337   | -0.0022516169112508223164 |
345   | 0.0057032156767557549287  | 0.0071624201211530711536  | -0.0011012948056121495306 |
346   | 0.0071895190153633921001  | 0.0068844836235134000343  | -0.0031333038893730210186 |
347   | 0.0067315320409502606841  | 0.0091687331502011866491  | -0.0033183833506793729631 |
348   | 0.0033278444016937485175  | 0.0023125320708343123297  | -0.0033263052862475221    |
349   | 0.0023341263461066044833  | 4.5407922308787347881e-05 | -0.00011665774459981160919 |
350   | 0.0048847621640173075064  | 0.006147162431183180592   | -0.00087133732142159021298 |
351   | 0.004281471274457029387   | 0.00089988114314892104703 | -0.0013235578992363296585 |
352   | 0.0060752323769240040158  | 0.00071110836590303216648 | 0.00070165385866117948449 |
353   | 0.0024013868293539112134  | 0.0066364541449466787557  | -0.00040804579366852532403 |
354   | 0.0076333277609945638861  | 0.0097389943490071555904  | -0.00033353768235283299788 |
355   | 0.005623075301818769578   | 0.0026653323574946001864  | -0.0030830458860604112101 |
356   | 0.0024962174098938907582  | 0.0045555295489571176124  | -0.0019262780235430438346 |
357   | 0.0089923333339026589178  | 0.0046292336244793258482  | -0.0017614680417424549534 |
358   | 0.005172950341946465011   | 0.0071778497270091282806  | 9.8732727941056814343e-05 |
359   | 0.0060802261296723815465  | 0.0064117977772085200938  | 0.00079825945319040041061 |
360   | 0.0084298494454347061566  | 0.0060038177471682307659  | -0.0038721066472987785388 |
361   | 0.0076662989013089677739  | 0.0029845518405901038175  | -0.0040359380573330673123 |
362   | 0.0067682021134585551234  | 0.0044050770546009716117  | 0.00070880025778693447544 |
363   | 0.0047705879005839153459  | 0.0046510681312832155912  | -0.00095818255220077980759 |
364   | 0.0057184157585959648207  | 0.00050694239015990506109 | -0.0027648253717543831882 |
365   | 0.0078806303232285841026  | 0.0028178544051962787186  | -0.0017414881882754937401 |
366   | 0.009376227443560114852   | 0.002336482094329287839   | -0.0019012271943988547779 |
367   | 0.0040587200806625608682  | 0.0049223528926298576805  | -0.00086908982463131524525 |
368   | 0.0082941424702241816486  | 0.0061317025005611586544  | 0.00031852323968844294816 |
369   | 0.0062734551982380386617  | 0.0049967980387143366358  | -0.00033648738834866372517 |
370   | 0.0061790358759233549382  | 0.0062330208264628579259  | 0.00040051120387708029911 |
371   | 0.0079230189850879838287  | 0.00056260593214375886634 | -0.0027646257850265361193 |
372   | 0.0021280526549363643248  | 0.0057195826034745862396  | -0.0037136094755832031213 |
373   | 0.00066028706738369916801 | 0.0020968338866950864824  | -0.0036775603051079318317 |
374   | 0.0091991599892828814639  | 0.0064122024766019867018  | -0.0023414319960314714311 |
375   | 0.004312659495380636622   | 0.0065253047868286534472  | -0.0018997553256553929932 |
376   | 0.0080041939327226835355  | 0.0061834433059384814185  | -0.00098307482852220897003 |
377   | 0.0047423258704601721839  | 0.0067356552994393553702  | -0.0031101551943170007222 |
378   | 0.006451133402709778239   | 0.0033837960934985280431  | -0.00045839090003278623554 |
379   | 0.0057987432557604998845  | 0.0046665225352742123119  | -0.0013187847020044694574 |
380   | 0.0026919351964550032076  | 0.007555999842277338896   | -0.0022138277605755732509 |
381   | 0.0073826804542591007927  | 0.004937271281371509446   | -0.0008571237735910864795 |
382   | 0.0050306415914130615114  | 0.004937588755548952095   | -0.00098021252807621822405 |
383   | 0.0061034201839919840007  | 0.0086678499988915216207  | -0.0039686938780116049613 |
384   | 0.0074872322946128357785  | 0.00095125610874517956949 | -0.0028601757519789833793 |
385   | 0.0081200379639366476042  | 0.0057828358495173948564  | -0.0039247629791011300754 |
386   | 0.0021358636774354722992  | 0.0086610489085740382381  | -0.0018896951476691488739 |
387   | 0.0032472677877678729312  | 0.0050657956237959824233  | -0.00054427746275410697225 |
388   | 0.0027307358634608316743  | 0.0082851625662065230687  | 0.00010193476799222298836 |
389   | 0.0041479556978502255676  | 0.0060841665277429823541  | 0.0005559248765731219892  |
390   | 0.0025289042351482522199  | 0.0016414660649614271418  | -0.0010681090007509405713 |
391   | 0.0070836615097517050335  | 0.0087770019626798156248  | -0.0032416746372156048789 |
392   | 0.00075673931828053396086 | 0.0074621518288817299466  | 4.5823987157724363354e-05 |
393   | 0.0030890725948467985529  | 0.0099144548161900856315  | -0.0019908698878641382587 |
394   | 0.0014771882851184925563  | 0.0014315442191178196808  | -0.00341148284955254677   |
395   | 0.00899873201900737614    | 0.0045560188530126694006  | -0.0039519933209643818076 |
396   | 0.0018566577292412763615  | 0.0098722877052066591169  | -0.0013301364475658222861 |
397   | 0.0015537511895067912526  | 0.0088756415304746313216  | -0.0018941637592267588589 |
398   | 0.0096903560773571421894  | 0.00092495005662197339862 | -0.0010112063503927544786 |
399   | 0.0019800556701277836555  | 0.0023128953100452868952  | -0.003646612750929805781  |
400   | 0.00097159289504099831131 | 0.006101276444500339409   | -1.9451308691901756238e-05 |
401   | 0.008063976090802556923   | 0.007626434680527694604   | 0.00063944912934055155723 |
402   | 0.0043990249218693417907  | 0.0057647222658384908792  | -0.0027779668328143485023 |
403   | 0.0021006353241123550124  | 0.0025345607673344593656  | -0.00028469054766570904775 |
404   | 0.0022515065239613273572  | 0.00015677249188429120161 | 0.0001423804056569334751  |
405   | 0.0094940881362101450791  | 0.0044769837628532262522  | -0.00053811560726678290059 |
406   | 0.0022464697486280051433  | 0.0087820852864738188637  | -0.0029939339761000777727 |
407   | 0.0064651601826087113159  | 0.0013715908118904713078  | -0.0013578285683807647059 |
408   | 0.0029648710973527096606  | 0.0087545996367085383849  | -0.0013592752913628974171 |
409   | 0.0018543531598818586113  | 0.0081916715895997502944  | -0.0021578263345452593919 |
410   | 0.0020619013063920242634  | 0.0068221417767062317652  | -0.0026267100911330121434 |
411   | 0.0044808959381190159935  | 0.0021989325783877875474  | -0.0025756920131651222898 |
412   | 0.0016754913473491141879  | 0.00033079629786430820573 | -0.0019338493615386803583 |
413   | 0.009680542816639027548   | 0.0029342398305524670238  | -0.0027401475224468757608 |
414   | 0.0042431320952764960477  | 0.0023308775152569276984  | -0.0038428308127704067371 |
415   | 0.0012358420066256620585  | 0.0037449716039113815566  | -0.00015233626032166590249 |
416   | 0.0053983588836069261452  | 0.00058863046219728883124 | -0.00052462364608107491925 |
417   | 0.0013230470160059968135  | 0.006536558523418667388   | -0.0038044979251267009406 |
418   | 0.0090265670126854075095  | 0.0065842740157005929386  | -0.0019113098553164120218 |
419   | 0.0050236236536875160733  | 0.0059664430987559826519  | 0.00098683162890332489642 |
420   | 0.0085821854679877778577  | 0.0096702084385335163735  | -0.00085282082108607631075 |
421   | 0.00010850233106871520674 | 0.0098118799100527127888  | 0.00012568334643470860704 |
422   | 0.0096439879328638431627  | 0.0074520812349818344941  | 2.5778775271597092339e-05 |
423   | 0.0041492784429465866952  | 0.0031922791507865639141  | -0.0034080414181311834317 |
424   | 0.0076404045763205086228  | 0.0073449953086680121531  | 5.2157148360513038549e-05 |
425   | 0.008611562084243740145   | 0.0077618929807021560391  | -0.0016882827857139096669 |
426   | 0.0036517568214518704266  | 0.0053709663644380791284  | -0.0031571039045079191641 |
427   | 0.0057394935681621805229  | 0.001590525578930448037   | -0.0016990355260087309282 |
428   | 0.0062068709949390597075  | 0.0084789663668363279142  | -0.00095969140913375924461 |
429   | 0.0036325507422901468987  | 0.0025278482771954936294  | -0.0025791100272702016313 |
430   | 0.0076918150441598453354  | 0.0074387292063668730702  | -0.0017864986629104284525 |
431   | 0.007865167535302497806   | 0.005815270270348192605   | -0.0019558220492315978208 |
432   | 0.004800325320736999711   | 0.0040217710553578931224  | 0.00051750127616563470351 |
433   | 0.0053863868958819831334  | 0.0021239137042363522359  | -0.0012966283466940005213 |
434   | 0.0051829977222325410852  | 0.003257205088009072682   | -0.001187484394791571982  |
435   | 0.007688599109417406513   | 0.0075911057398663616541  | -0.0038903831160098378827 |
436   | 0.0063544649522633755642  | 0.0050640663088352324411  | -0.0034170877246671093816 |
437   | 0.0033043064810601920252  | 0.00043301669712376956133 | -0.0017139110561201669272 |
438   | 0.0030937485771219668668  | 0.0092167240669274435455  | -0.0031041484841145177212 |
439   | 0.0076225006392752585327  | 0.0083831002774422958002  | -0.0020036458341028359244 |
440   | 0.0066246308480920404471  | 0.0097835672647659140122  | 8.4338688253620495571e-05 |
441   | 0.0015822487660146183474  | 0.0064975685199491510155  | -0.002898140165071330307  |
442   | 0.0090327223609355470485  | 0.0056614035293875665175  | -0.0032324829352487938379 |
443   | 0.0078049853107337351446  | 0.0028701808462000271034  | -0.00076998104123046434092 |
444   | 0.0074863173953747556497  | 0.0095964654814826456236  | -0.00088407428609336285996 |
445   | 0.0074188955276401086919  | 0.0074960697318056015298  | -0.00083958441863002820221 |
446   | 0.0061919161063497939884  | 0.0091871072770608290525  | -0.0032782325297622317596 |
447   | 0.0031758486526752942314  | 0.00026523973085317443382 | -0.0018991288424522728001 |
448   | 0.0011466110798428461644  | 0.0029661342419491244088  | 0.00073754703829278980137 |
449   | 0.00043246860717990269051 | 5.6877385167827480405e-05 | -0.00085314531786708793469 |
450   | 0.0058404148524778100662  | 0.003603966575059207398   | 0.00090472438381444027916 |
451   | 0.0046254384527213308551  | 0.0045265339562532399056  | -0.00087235640366621907023 |
452   | 0.0025309702852702839655  | 0.0030123542976177529983  | -0.002680689847232626058  |
453   | 0.0068239500408853953975  | 0.0026780521208931160407  | -0.00088155365349575250111 |
454   | 0.0026017828391082784868  | 0.003680298775995671616   | -0.0024894517495993324224 |
455   | 0.0047139689028696469056  | 0.00015131129134082586937 | -0.0024244585589757922973 |
456   | 0.007679603269956614478   | 0.0099899770017494431834  | -0.0026407751534387332269 |
457   | 0.0032793133717055077993  | 0.0055954141101913377684  | -0.0013010502970148716748 |
458   | 0.009927495410244178628   | 0.0049431428303440784131  | -0.0039508740641489240725 |
459   | 0.00020979159083704082989 | 0.0029780208217696792737  | -0.0005308750238950631084 |
460   | 0.0050063986935133435521  | 0.0059402961879584954136  | -0.0034912311818016917783 |
461   | 0.0013434529275951280665  | 0.0027480807712623950625  | -0.0013899057335067276694 |
462   | 0.0043145074497662585025  | 0.0076344639574751757202  | -0.0011677915894103404679 |
463   | 0.0030594564661079654867  | 0.0062290682947871191255  | 0.00092875863826820761505 |
464   | 0.0050545284167360648997  | 0.0053524269136207237516  | -0.0016190613693900619222 |
465   | 0.0017613931770854461198  | 0.0015396126902469376135  | -0.0011826464166113342773 |
466   | 0.0049144403800618855632  | 0.0015689658791786678747  | -0.00038729249896370733812 |
467   | 0.0011674164293444758839  | 0.0050365926758559201662  | -0.0011312279478943594157 |
468   | 0.0078060662958865205396  | 0.0088842383086490655381  | 0.00095348482762988486655 |
469   | 0.0092831150730856588221  | 0.0077769254290305919394  | -0.0024120379893022747715 |
470   | 0.0072329231142594747547  | 0.0032900011978486271014  | -0.0016868445330961410761 |
471   | 0.0045355451414545444599  | 0.0010810422018024457881  | -0.00017296922893352565049 |
472   | 0.0063081006204769888776  | 0.0052072365690255389969  | -0.0010957270492909616192 |
473   | 0.0054094292597299704906  | 0.0070467509489433822686  | 0.00034352297193592011516 |
474   | 0.0083989427576939851977  | 0.0065864445492840881582  | 9.0678953352073786431e-05 |
475   | 0.0063517622832978759898  | 0.0095860686961268138512  | -0.0021227707111557587993 |
476   | 0.0096918325404372583642  | 0.0052972477760595375329  | -0.00071563263281033831845 |
477   | 0.0060273633231732208146  | 0.002417848976100244688   | -0.0037420169960866180546 |
478   | 0.0094892070837117419024  | 0.0046301160595467513031  | -0.0020261260853549501598 |
479   | 0.0055850656412243645729  | 0.0032286541184843422017  | 0.00010372795152105864609 |
480   | 0.0011472255042565878552  | 0.0094878837307128781331  | -0.0013820707586543656744 |
481   | 0.0042747102897783837219  | 0.00082559276276703409767 | -0.001890274418519473365  |
482   | 0.00092389416531831196518 | 0.0032730025766958470088  | -0.0013561447085893027845 |
483   | 0.0096771698641023966292  | 0.0007739781523952970468  | -0.0013764703832398034709 |
484   | 0.00037355218324863857099 | 0.0057374085894973825966  | -0.0020374821602331988531 |
485   | 0.006849933032544085372   | 0.00070313451127008042441 | 0.00050448897863374217096 |
486   | 0.0033800746908545409482  | 0.0069686031145289933572  | -0.0007097652095656508623 |
487   | 0.0079646214025239341766  | 0.005416079137315873808   | 0.00094702185647816425427 |
488   | 0.0060872475767140927713  | 0.0020481762850355707435  | -0.0037982753352320671944 |
489   | 0.0078814049373947189792  | 0.008217860297069841391   | -0.0028576457414398828173 |
490   | 0.0083373853759235797001  | 0.0018498894784613039571  | -0.00021418871547437191741 |
491   | 0.0082262953549422125621  | 0.0072360694479131956042  | -0.00021283246814288197439 |
492   | 0.0066128824308963997727  | 0.0021705716919734781289  | -0.00015261817870856436664 |
493   | 0.0073271770705614289176  | 0.0077702198549473074779  | 0.00022961423564819659479 |
494   | 0.0080904710901622545194  | 0.0083252722303724883274  | -0.00090766680809987890319 |
495   | 0.00036906344565423756642 | 0.00095229371555558906329 | -0.0039508400087627402672 |
496   | 0.0099959494238917537962  | 0.0035533705042886977454  | -0.0020387487861543906673 |
497   | 0.0077949974017958020486  | 0.0021680541866730155751  | -0.0023225231024936185756 |
498   | 0.0021840308109244911845  | 0.0088804425752555468665  | -0.00084412378618030782084 |
499   | 0.0041016493146937898703  | 0.0060673901701431571382  | -0.0021787517167474990641 |
500   | 0.0026235389591174611452  | 0.0050397555978498043139  | -0.003568109389086341135  |
501   | 0.0024783144146032581     | 0.0079712017494250799604  | -0.00035375852071730740436 |
502   | 0.0077226322543939686718  | 0.0045817341822234789947  | -0.00024905535240499757825 |
503   | 0.00309742217486635215    | 0.0037315244611078406643  | -0.0028058216695168057206 |
504   | 0.0061248030489088082715  | 0.002764088376301022075   | -0.0034280401432426267812 |
505   | 0.0019951183381387059892  | 0.0024801915705440925192  | -0.0014810997986580102127 |
506   | 0.0057505892358999961128  | 0.0018064872745924254703  | -0.0014856991524298504732 |
507   | 0.0062600307113266605297  | 0.003847198257139016267   | -0.0032967349935209967586 |
508   | 0.0041883106801338405162  | 0.0046900080774485560994  | -0.0016531154292651723762 |
509   | 0.0076596189709455956077  | 0.0030188678523614714995  | 0.00087479391473299118742 |
510   | 0.0014817290073376382983  | 0.0018208656488646688797  | -0.0037749749845619167549 |
511   | 0.0036497664444861670913  | 0.006702508491898219456   | -0.001263518211265871917  |
512   | 0.0059579557867239091307  | 0.0016200309157744284625  | -0.0022974175576906288691 |
513   | 0.006278225580690787247   | 0.0014612927253978564689  | -0.00035406689821126414996 |
514   | 0.0073489030193467858379  | 0.0036134643609607528664  | -0.001608284233915402428  |
515   | 0.0046358719229384198757  | 0.0010737942779694795593  | -0.00013686170975062505561 |
516   | 0.0064822226336167521055  | 0.0023223006944174959601  | -0.00050464961487969102645 |
517   | 0.0038668665786402650966  | 0.0014947133939188258882  | -0.003074844760787344769  |
518   | 3.7577813886240516903e-05 | 0.0058588039178440517313  | -0.0029083055727900505513 |
519   | 0.0035783683321490974624  | 0.0099090443392294714348  | -0.0024036423580266813235 |
520   | 0.0061613939606645594382  | 0.0089312180265302652804  | -0.0022922327393804843056 |
521   | 0.0076968295361849563274  | 0.0067393124291203988438  | -0.00061295309930245467107 |
522   | 0.0038971030077142145356  | 0.0074230828552061733569  | 3.121557918858240807e-05  |
523   | 0.006604328221430708426   | 0.0099579438232805100872  | -0.0023745924839039820112 |
524   | 0.0098436688913891567942  | 0.005661657214468134719   | -0.0018586279753330665464 |
525   | 0.0090000271047646837608  | 0.00075870705472395015556 | -0.0024632095390608658818 |
526   | 0.0081651819392055333124  | 0.008673247755403788381   | -0.0038732789548177868656 |
527   | 0.0087485836026697915563  | 0.00045993349062948396923 | 0.0001569582349409020844  |
528   | 0.0061854180712529105088  | 0.0044961407307548837201  | -0.0019717863287722083541 |
529   | 0.0065398191571959781235  | 0.0039607917653443572986  | -0.0027122918918117814614 |
530   | 0.0026152619263507884129  | 0.0035078361614236182493  | -0.0034800256290308637271 |
531   | 0.0039471004298440824642  | 0.001466033253246066528   | -0.00048292819456102205984 |
532   | 0.005260056003945990169   | 0.00097958409833728940681 | -0.00060075428104586756951 |
533   | 0.0066475521665310018105  | 0.0076492484318411609057  | -0.0035505029927132246426 |
534   | 0.0048490039588074329222  | 0.0054523730261548742151  | -0.0025821994633114324878 |
535   | 0.0064365124505361302407  | 0.0087857672803617857527  | -0.0019422320102056530623 |
536   | 0.00035572663066342545633 | 0.0036108591322161816967  | 0.00059396478658283575168 |
537   | 0.0041672322619507266156  | 0.0010673382094962791892  | 3.7648034695191411199e-05 |
538   | 0.00080268189413648552248 | 0.0044635590632685290605  | -0.00028228679990700345556 |
539   | 0.0054360104392796133529  | 0.0089701400197327568059  | -0.002045857183975516129  |
540   | 0.0043748030992043851831  | 0.0024834271875575188518  | -0.0017714295125152645319 |
541   | 0.0013436606603401176491  | 0.0033930518191868917245  | -0.00047585341216731838173 |
542   | 0.0035413471161344655704  | 0.00513105147892103583    | -0.0016829901459658733794 |
543   | 0.00030447714530736037439 | 0.0020976328663509474608  | -0.00010984595976392598385 |
544   | 0.0050580526933486124122  | 0.0026678144102122436365  | -0.0035841570501448241984 |
545   | 0.0042820013867664631635  | 0.0011977832150031162296  | -0.002833695545212352486  |
546   | 0.0091606740676832085907  | 0.0089145168118145191871  | -0.0036758887936556489985 |
547   | 0.0016909366100453029902  | 0.0076277256784679659668  | -0.0021799776509831194499 |
548   | 0.004209553405389003175   | 0.008681132082286605739   | -0.0026565438526397243749 |
549   | 0.0050266502026521404228  | 0.0053315463389276424033  | -0.00031274970403584239839 |
550   | 0.0006166408286826123358  | 0.0012077650849442163414  | -0.0010225574021616625885 |
551   | 0.0061716140162313354658  | 0.0026187743215616544022  | -0.0027997139038908091038 |
552   | 0.0038686717204751263494  | 0.0095783106522853555392  | -0.0010773346884463898439 |
553   | 0.0069222679465048954708  | 0.0040849852526922891469  | -0.0033982540304018254464 |
554   | 0.0073078537045735509833  | 0.0013057949894633097757  | -0.0012186548890834069444 |
555   | 0.00094596723011753486819 | 0.0074877408363921019521  | -0.0018577119661973267445 |
556   | 0.0016255622121576335758  | 0.0078388544075788050419  | -0.0025733966973705787486 |
557   | 0.0087928510306525403672  | 0.0089720049198382528788  | -0.0039909249267819097567 |
558   | 0.0012910682029051278458  | 0.0034307371012458954575  | -0.0002945583901299303085 |
559   | 0.003730400101039794622   | 0.0058715528063253644847  | -0.0024979895294246052227 |
560   | 0.0046500142179021070055  | 0.0027504904969354211641  | -0.0019553949398288541194 |
561   | 0.0057093403876021728283  | 0.0078475079962143142603  | -0.003511557464864567199  |
562   | 0.0052752908497234688584  | 0.0052280178720751366642  | -0.0014322386178548898207 |
563   | 0.0036675068454824141795  | 0.0046919476625012336915  | -0.00040669513574215779761 |
564   | 0.002801568235929902291   | 0.007762535693869387389   | -0.0037497936658693695883 |
565   | 8.6292974760321253594e-05 | 0.0089578837158178839517  | -0.0017441682905386648918 |
566   | 0.0091312359655594914354  | 0.0096495949091345081805  | -0.00010007436198364080674 |
567   | 0.0028593344233320996776  | 0.0076314066394618032541  | -0.0012901930127152065175 |
568   | 0.0069416212794655273582  | 0.0004677131864174070364  | -0.0011113319960501428802 |
569   | 0.0088904092629338068304  | 0.0049034780641144699864  | -6.2190908443546569738e-05 |
570   | 0.002402532492608736546   | 0.0092093905202116389808  | -0.0013845278689538819197 |
571   | 0.0077757832404304417021  | 0.00079061398198199562409 | -0.00041889932482766821043 |
572   | 0.0070276067730356090932  | 0.0067668591596856631984  | -0.0032479923784723419011 |
573   | 0.0002264188792434441782  | 0.0041489350009472937553  | 1.8169389498342831366e-05 |
574   | 0.0072873464352175374575  | 0.00040705605230934954709 | -0.0015756602673326193607 |
575   | 0.0059136111090129011778  | 0.0088242828629212146513  | -0.00066419127326342540778 |
576   | 0.0060426018924172771041  | 0.0038711801050301734677  | -0.00065196531909297601032 |
577   | 0.0094140735249333730439  | 0.0084249406170164957419  | -0.00044799955618858182177 |
578   | 0.0034514260626613293102  | 0.0035896454634893578198  | -0.00082980237909994168655 |
579   | 0.0095387091068805350547  | 0.0037727625677088680138  | -0.0021015127724981091419 |
580   | 0.00087639228133291283834 | 0.0091712803716260307002  | -0.0023410127436360793178 |
581   | 0.0076594957792707474287  | 0.0014922102692728827448  | -0.0032409068491687513698 |
582   | 0.00023024182883731313413 | 0.0017431766515496587705  | -0.0031319787349448498757 |
583   | 0.003966222471080901868   | 0.0061788257658082421098  | -0.0009564567374096260427 |
584   | 0.0040649143434239908348  | 0.0077928226874894304319  | -0.0038361765657881157464 |
585   | 0.0091356565620686752682  | 0.0029220189701193947235  | -0.0011007956816122426748 |
586   | 0.0021430171079685430592  | 0.0069973358990301206747  | -0.0022396615499935515654 |
587   | 0.009632091716036487658   | 0.00065965443145810933549 | -0.001085906920520705865  |
588   | 0.0017284066402144583098  | 0.0023764425241867438016  | -0.0014610924808180166846 |
589   | 0.0015883989406934473799  | 0.0044307389449351067615  | -0.0022628201389622674966 |
590   | 0.0051698323706570138356  | 0.004819280929331118575   | -0.0038791140483759537633 |
591   | 0.0014689454104078927127  | 0.0092401693112357137505  | -0.0013918203371949366791 |
592   | 0.0042101859456324681324  | 0.0059702741217803386581  | 0.00015105991797674501141 |
593   | 0.009743532234138664247   | 0.0019470747478554930546  | -0.0026275173728418444244 |
594   | 0.0043870301360885780029  | 0.009688267322676157034   | -0.0033905313173588731354 |
595   | 0.0062167704499634752688  | 0.0088394936939559434069  | 0.00031270546565098872403 |
596   | 0.0024570861003127392706  | 0.00218987158133346696    | 0.00058809659974014521621 |
597   | 0.0061236239680592403217  | 0.0096728982674728711949  | -0.0022102642614015908899 |
598   | 0.008040396218095741121   | 0.0081074037683483597683  | 0.00087423180938633773644 |
599   | 0.0070204491924698098418  | 0.0068572838751091279991  | -0.00017403242454028377694 |
600   | 0.0081319196724275889104  | 0.0042208535013723872883  | -0.0024284718075307095905 |
601   | 0.004073521978615273105   | 0.0096214869197704180892  | -6.5344182870949628285e-05 |
602   | 0.0059715381024908718854  | 0.0018962667244316242475  | -0.0010527731450111564148 |
603   | 0.0042637518895673213667  | 0.0048021468470232780978  | 0.00051333768156819781659 |
604   | 0.0028701893940300607366  | 0.0053846359138188717303  | -0.0011003281125112340799 |
605   | 0.00065002414654469708143 | 0.0037931251871205972845  | -0.0019131318992226444692 |
606   | 0.006121424134298010522   | 0.0069585543722842932782  | -0.0021741891727028025624 |
607   | 0.0070351273404443527906  | 0.0041143922392498895671  | -0.002178697004330866667  |
608   | 0.0079574617985680804605  | 0.0075534414448256903193  | -0.00033251356768558185768 |
609   | 0.0022734546648900634189  | 0.0037238340676333130976  | -0.0021885704256485957221 |
610   | 0.0018206363756871906008  | 0.0019960758301265624746  | 0.00093930316964193477907 |
611   | 0.004381349970200478644   | 0.005573108287884658181   | -0.0013637234431101760007 |
612   | 0.0021928973529346594377  | 0.0045712999657360354339  | -0.001719863356671991932  |
613   | 0.0022350057830686264129  | 0.0016621018247784538971  | -0.0037791343502378517069 |
614   | 0.0043189167924729621531  | 0.0054367366574202807133  | 0.0009116934883977197146  |
615   | 0.0044802193417986576479  | 0.0052461195037799227686  | -0.0037352447060941909064 |
616   | 0.0016052210965145574054  | 0.0061111183485833189127  | -0.00077323863014014252489 |
617   | 0.0019818520888022711848  | 0.0052765085158578703753  | -0.0019659131824202244476 |
618   | 0.0024525048990457027839  | 0.0018886890714238226217  | -0.0031581923973017437916 |
619   | 0.0022665635000677026092  | 0.0051420306017702799989  | -0.0040065018279939459619 |
620   | 0.0034219898480677721046  | 0.0012815786756141223871  | -0.0021284487082294440731 |
621   | 0.0082852914560648440595  | 0.0059353347372058020553  | -0.0030502404504376677032 |
622   | 0.00036653233180294761883 | 0.0093778710120077345136  | -0.00012773516421868977636 |
623   | 0.0083990921757412396326  | 0.0045754219073030127571  | 0.0006790209099116475619  |
624   | 0.0033121597892729896968  | 0.0039764030883815615     | -0.00096559324587605014755 |
625   | 0.0046950367593091230436  | 0.0044754016805349941879  | 0.0008391246572573484927  |
626   | 0.0045994659640555130009  | 0.0044918903054295983984  | -0.0038635321325923184521 |
627   | 0.0067827244202324802821  | 0.00015937975136106442365 | -0.0015599592747190065261 |
628   | 0.00081433264712058950428 | 0.005377660028584633177   | -0.0013984444332070748024 |
629   | 0.0025554028791596548192  | 0.0062798235024995796225  | 0.00094467725367066487235 |
630   | 0.0029498646044856776174  | 0.0069341630027399386166  | -0.0040422738140961115769 |
631   | 0.0087429353527142313757  | 0.010002119465585808042   | 0.00071707616509310203451 |
632   | 0.0072448135332992243465  | 0.0069747405899910743313  | -2.8487117705123974839e-05 |
633   | 0.0062703686441541207908  | 0.0041231850458974938362  | -0.00090407560214055308293 |
634   | 0.0052920965354205035461  | 0.0042475437326547288777  | -0.0029890229875047954165 |
635   | 0.003522397242867076738   | 0.0023156566698943762198  | -0.0025450394474317416388 |
636   | 0.0039019602891521786535  | 0.0014521703782221014479  | -0.0037826568844025305026 |
637   | 0.0058283449651662889643  | 0.0045701694524792448385  | -0.00012360046421188523587 |
638   | 0.0090123998913887014978  | 0.00022226423262522462354 | -0.0019765096040818721894 |
639   | 0.0060340197951703512802  | 0.0069244727104173856014  | 1.7816379209613027889e-05 |
640   | 0.002433948677317077005   | 0.00094073884968008886567 | 0.0009914169019239740463  |
641   | 0.0088944383401005893547  | 0.001851625840238414842   | -0.0019088620189861862063 |
642   | 0.0051738240361494849257  | 0.0073267293616470635653  | -0.0036331500539392332094 |
643   | 0.0087005135973926579079  | 0.0043072321102623377029  | -0.0029205987565818340192 |
644   | 0.0014715878603824958295  | 0.0051409118342156242751  | 0.00052199488738313617325 |
645   | 0.0019312596554976041701  | 0.0029763889616668628459  | -0.00043272221093954243943 |
646   | 0.0052251025159928479735  | 0.0029618843384106399198  | -0.0032960429345296840022 |
647   | 0.0020018121435990909006  | 0.0017433867084465726541  | -0.0017897668394161187887 |
648   | 0.0044049311928348582751  | 0.0088684347376290408732  | -0.0028045855403108985171 |
649   | 0.0062185768003079969213  | 0.0062529771025616950886  | -0.00020906201344477023853 |
650   | 0.0028343101863665650167  | 0.0024796771378091503855  | -0.003348846627050469215  |
651   | 0.0037296617351678961784  | 0.0065104726869839712328  | 0.00027934797667649498981 |
652   | 0.0016587859579683336426  | 0.0034163058131176224017  | 0.00065699161937457560643 |
653   | 0.004924856027811510932   | 0.0039745150636583369275  | -0.0031684761666191836593 |
654   | 0.0068077718093908622804  | 0.0047671201721618114075  | -0.0029338068643831984386 |
655   | 0.0094248957343462010094  | 0.0070079869196103391701  | -0.0026937016726655718495 |
656   | 0.00088727580418827215868 | 0.0024335467242601834838  | -0.00077074820420360132169 |
657   | 0.006929544692863508909   | 0.0015282770724944982291  | 0.00045009978722041133663 |
658   | 0.0063833549563755498726  | 0.0041487502538452136064  | -0.00094344634517052141688 |
659   | 0.0061945534918835705451  | 0.0029819026505010486766  | -0.0017505904007745127539 |
660   | 0.005168827853919398703   | 0.0042379304066725107664  | -0.0018497569380232020079 |
661   | 0.0019776422464283707064  | 0.0038745548751630571466  | 0.00092720640633138983952 |
662   | 0.0081068499567081200169  | 0.0070528244617756967461  | -0.00067711749762936217136 |
663   | 0.0019569342570008307902  | 0.0064664328767625725222  | 0.00040676264243318056629 |
664   | 0.0085079840075328403565  | 0.0057209045056533852289  | -0.0018768708684429832086 |
665   | 0.0082241735125382266908  | 0.0090302835352449074835  | -0.0025728212543520700972 |
666   | 0.0044398416841442038885  | 0.0012880541228852226791  | -0.0028837589427454872991 |
667   | 0.00840314241935440423    | 0.0076094192521806262863  | -0.0013608367381174276724 |
668   | 0.0025968082264300924866  | 0.0059337502510744049786  | -0.0030074528031054504999 |
669   | 0.0010207288963101788983  | 0.0071031719870583509904  | -0.0026734362002071476901 |
670   | 0.00091146038129293852504 | 0.0061916457841954793476  | -0.0018467174831839508562 |
671   | 0.0025657410770069332372  | 0.0084798049530312325645  | -0.0025158618826167451939 |
672   | 0.0032455790282372217609  | 0.0038618270882477601959  | -0.0037545052593875678434 |
673   | 0.003441985973838365253   | 0.0028623511461148844724  | 0.00052832619757800427379 |
674   | 0.0070794040389856854184  | 0.0027425588363876292688  | -0.0019163161131620031451 |
675   | 0.0089844030930939337842  | 0.005626591644189886561   | -0.003856855767007868422  |
676   | 0.0083518746410730058949  | 0.0029097515879864580511  | -0.00063184629970500737466 |
677   | 0.006402161889191903231   | 0.007942229987607785785   | -0.0017628211159167234048 |
678   | 0.0014198674097031665792  | 0.0073570406065916454236  | -0.003391069264411394283  |
679   | 0.0074673414314718458348  | 0.002143165532102658203   | -0.0028686944290299233248 |
680   | 0.0033034300579663951336  | 0.002308460265323060423   | -0.0030940478287355510471 |
681   | 0.0075832745056385155238  | 0.0076504694226622177444  | 0.00089601986999376850157 |
682   | 0.0055852137643728066996  | 0.0019222198429816304312  | -0.0024163244142000705854 |
683   | 0.0032225445212347041991  | 0.007084305538136644563   | -0.0036354125582949313109 |
684   | 0.006065689117473772006   | 0.0019105507994800481446  | 0.00084290425305774598769 |
685   | 0.007052394300409716224   | 0.0031321536740438042125  | -0.00068866331741352412431 |
686   | 0.0043436010124444325228  | 0.0021635876513950848092  | -0.003703431980689169279  |
687   | 0.0054913118615582366677  | 0.0081543317537789393457  | -0.0038673417203492848303 |
688   | 0.0020791290196493865915  | 0.0065923016549851347692  | -0.0020416482892742491596 |
689   | 0.0087505350774707696404  | 0.005450548825712636658   | -0.0029687178144027605645 |
690   | 0.0071306675402168480729  | 0.0096825408895353220345  | -0.0011958255954592849311 |
691   | 0.0038628112020464349871  | 0.0023385086279119212359  | -0.0010371439183575930157 |
692   | 0.0047808214484694562182  | 0.0024006830376406109243  | -0.00054125740654177654631 |
693   | 0.0051123366350578668474  | 0.0053511459231250441473  | -0.0018083113484583372178 |
694   | 0.0069763808667751723777  | 0.0068929664535392568686  | -0.0024639651029460291239 |
695   | 0.0051672587322572228336  | 0.0081874231634986756323  | -0.0016771607140975259252 |
696   | 0.00084557641049540471345 | 0.0027381852595821784199  | -0.0035529257647736842314 |
697   | 0.00077925060132977795862 | 0.0028986407615291297571  | 0.00056649340192487386125 |
698   | 0.009705273079485689236   | 0.003036851261660763069   | -0.0015918176394845722117 |
699   | 0.0080769671801169534708  | 0.00041436444983734051911 | -0.00067091246422727615715 |
700   | 0.003226178747527443276   | 0.0021322594085512415127  | -0.0021904490324532077845 |
701   | 0.0020771871022265925126  | 0.0019274713590268918121  | 0.00078272731891108112551 |
702   | 0.0060800067722885263108  | 0.0040238857955125972507  | -0.00024772737042090097869 |
703   | 0.0019621480871596713377  | 0.0019777196032189246419  | 0.00076498625831899103207 |
704   | 0.004864442769733093308   | 0.00065389844303997241796 | -0.0036903893682909880668 |
705   | 0.0024903308788313993812  | 0.00054677506486713878253 | -0.0013304705145139117742 |
706   | 0.0078542312125462945133  | 0.0078192053235292026392  | -0.0018329836979667087863 |
707   | 0.0057738470408686664442  | 0.0044466054179613514682  | 0.0004797843421208153737  |
708   | 0.0024146272978137336626  | 0.0085702902802560938789  | -0.0017149802229824635032 |
709   | 0.0028291079569750126645  | 0.0022954235511439880814  | -0.003957164492737345711  |
710   | 0.00068835136017567457364 | 0.0064602946909684535667  | 0.00084405167009979343001 |
711   | 0.0048245945615707826887  | 0.0036620501458554982795  | -0.0011421294214084770982 |
712   | 0.0077498220314413538215  | 0.0058553969037210317275  | -0.0032719285018918417909 |
713   | 0.0063229602515730331039  | 0.0096251930012153392308  | -0.0006982669058483416619 |
714   | 0.0014407394464846098262  | 0.0053691620135973491812  | -0.0037028232255114472415 |
715   | 0.0055429694990395458193  | 8.3387968625920730098e-05 | 0.00031559715234578944714 |
716   | 0.0091602901093767452601  | 0.0091867587254398242608  | -0.0028605885980370849772 |
717   | 0.003232232815423926979   | 0.0019978529419242539202  | 0.00042533579551542717925 |
718   | 0.00439660183258314477    | 0.0053539593255519119658  | -0.0028432215467250137285 |
719   | 0.0030268569262627809634  | 0.0055249327640616288301  | -0.00057093582845577615665 |
720   | 0.0013319130806522406357  | 0.0097635606480636124432  | -0.003253725083430917403  |
721   | 0.008353838266843247734   | 0.0071343491823658558224  | -0.0013295185985751922526 |
722   | 0.0046535712641337300885  | 0.00091077077461570673817 | -0.0039270625998143468896 |
723   | 0.0069548701633125051616  | 0.0093152344272796425845  | -0.00077025406702952467324 |
724   | 0.0052536537645676423258  | 0.0054245448985255108332  | 0.00085857259464285681089 |
725   | 0.0076321385367114488382  | 0.0026440869573227691533  | -0.001589899697434901801  |
726   | 0.0064560751789887026869  | 0.0074397515849726108053  | 0.00023849882762090073214 |
727   | 0.0066545237668531502864  | 0.0050028686667113204251  | -0.00033206255588380929975 |
728   | 0.0096993096962757468366  | 0.0039255482172778320693  | -0.001779210130229554607  |
729   | 0.0017143420100014219922  | 0.0015673298251530334759  | -0.0015019550640342298718 |
730   | 0.0089855108263157748572  | 0.0084386653657673380002  | -0.0016602734271265299788 |
731   | 0.0078675401401799328893  | 0.003746853095919519365   | -0.0021159974918080479492 |
732   | 0.0013188336216729270537  | 0.0051576863597641627729  | -0.0021181166315106256595 |
733   | 0.0092069422188648507993  | 0.0094964311179380339611  | -0.0022222558670279284228 |
734   | 0.0061414073582686150646  | 0.0039282650729977460977  | -0.00066876504662374640624 |
735   | 0.0087570374520126292167  | 0.0096285674256080568123  | -0.00011735621537106869568 |
736   | 0.0080366144193248362226  | 0.0072892832449260713118  | -0.0021737591644976142491 |
737   | 0.00082237281036819966096 | 0.0036137992696047755749  | -0.0005943377711253995492 |
738   | 0.0055099604667512309258  | 0.0073572240863560263782  | -0.002989609682572887811  |
739   | 0.0074595769049895319786  | 0.0077480392086347604774  | -0.00078445828518778162354 |
740   | 0.0039016753096200993724  | 0.00063522678196314334535 | -0.0012601842163498658874 |
741   | 0.0071676960884632379134  | 0.0055142089297175646972  | -0.0039404080604407282218 |
742   | 0.0050446500387628752035  | 0.0062033551968045603023  | -0.00072557312856205377107 |
743   | 0.0037406483351865573925  | 0.0026351396651927501587  | -0.0022888295128150712605 |
744   | 0.00033006720838704576085 | 0.0035230954142549454101  | -0.00085697720768357322444 |
745   | 0.0044321549705634514377  | 0.0056975838770656796195  | 0.00044403108049911248038 |
746   | 0.0036440953187873866524  | 0.00083448695523176906995 | -0.00095795570197941689542 |
747   | 0.0056211009622901203855  | 0.0040482531175823751809  | 9.9902992912957765733e-05 |
748   | 0.0072935274307209026906  | 0.0064963782695974725198  | -0.0011694079261100839319 |
749   | 0.0051122238156476838833  | 0.0025251317122572170849  | 0.00017001186671434078204 |
750   | 0.0014686956488880365153  | 0.0085506127021721389792  | -0.0013624665355004496499 |
751   | 0.0036236953321040405764  | 0.0060340075450363494722  | -0.0012437442252908941995 |
752   | 0.0067839746140623304049  | 0.0097442333503611113649  | -0.0020135992544688800267 |
753   | 0.0058238221827892665619  | 0.00052359695065082670091 | -0.0024910381941349968131 |
754   | 0.00068340005980964152899 | 0.0011203125096906378297  | -0.0021858991588938419225 |
755   | 0.0097909439530724437506  | 0.00016547502582537487606 | 0.00086570929640961060293 |
756   | 0.0094307423624642172655  | 0.0011441489565732528965  | -0.0038089673994182449146 |
757   | 0.0041145068172828416428  | 0.0037576885854744257985  | -8.7442853661461432684e-05 |
758   | 0.0048952375218603468021  | 0.0013219693784415507617  | 0.00020913906580737908186 |
759   | 0.0035559231521239309699  | 0.00984047379546112988    | -0.0021070161710576816583 |
760   | 0.0064097715378631592645  | 0.0058557823031937430297  | -0.0012667589464985769872 |
761   | 0.00041376295132988636814 | 0.00774740660819174011    | -0.0029106820492661444888 |
762   | 0.0051383419325183709442  | 0.0029838241366232612535  | -0.0035097161355893209851 |
763   | 0.0094538006997051202834  | 0.0047138253109191147194  | -0.00034776003670674660116 |
764   | 0.0069713282193609926382  | 0.0089703571122113166109  | -0.0019665761148461402379 |
765   | 0.0018095964693633356454  | 0.0082525020808393613481  | -0.002872519147870615519  |
766   | 0.0098309399891382941855  | 0.0055027378767322854616  | -0.0033583449902627043882 |
767   | 0.0096042009984876244161  | 0.0049285987357816198398  | 0.00074635641427928719333 |
768   | 0.0050213949246439475507  | 0.0074445928685827758922  | 0.00074472988099905416352 |
769   | 0.0056891522608575753953  | 0.003832685212334131352   | -0.0014752781575047629273 |
770   | 0.0034168189730159992216  | 0.0089217516210090344608  | -0.00021701107473839578331 |
771   | 0.0039299531819638631666  | 0.0085215269640004295826  | -0.0022548057766739668106 |
772   | 0.0036951491223552357553  | 0.007904646205885643151   | 0.00084008884068794591801 |
773   | 0.0086909555650456667142  | 0.0012621313494993553414  | -0.0014806046930290368835 |
774   | 0.0046348244797528685701  | 0.0052370373047909831929  | -0.002591642799139734759  |
775   | 0.0006894786487870266942  | 0.0050788586951033207195  | -0.0036205638106784582102 |
776   | 0.0026235764033496950833  | 0.0010231736302271511162  | -0.0023171613160221466929 |
777   | 0.0024076347649861912226  | 0.0033668167499313781874  | -0.0011282962846318211371 |
778   | 0.0096481731724135863515  | 0.0073490784335200967647  | -0.0020544085205773401047 |
779   | 0.0051635882585599609737  | 0.0082619789860794417419  | -0.00033247154752109311579 |
780   | 0.0042765184584378423613  | 0.007362101414913268041   | -0.0034831754969337444007 |
781   | 0.0053740259481125113999  | 0.0082848498425496519548  | -0.00094584616890923227384 |
782   | 0.0010514804078949344449  | 0.0021624977692267831689  | -0.0023657374211640260983 |
783   | 0.0061340396206204647264  | 0.0089483161082241791801  | 0.00039741957584015549093 |
784   | 0.0039720201003556505903  | 0.0068323801301123469887  | -0.001905646026208956869  |
785   | 0.0003219670386826304926  | 0.0047149169973081262591  | -0.0018634359296492990395 |
786   | 0.0078038651801978602129  | 0.0060276007337933378699  | -0.00088485691226441510505 |
787   | 0.0068343882023931441794  | 0.0059249016755729159642  | -0.00089087270239851035821 |
788   | 0.0018253643851426689521  | 0.0064098339251053466914  | -0.0023722244105839496858 |
789   | 0.0032230553132260087758  | 0.0050649031289422431074  | -0.0026996483773411550887 |
790   | 0.0043203959898911953666  | 0.0026620442008361221674  | -0.003155838317149868219  |
791   | 0.0027174731387254870245  | 0.00614701182295765685    | -0.0032021085128278339686 |
792   | 0.00076619219624196068224 | 0.0091826530102892232887  | -0.0033039470267938303959 |
793   | 0.0023146638259026008737  | 0.0096715618805171994776  | -0.00050994413193935063475 |
794   | 0.0031270374241811125897  | 0.0071768513158054275322  | -0.0035511672825716844061 |
795   | 0.0063131554666066196438  | 0.0075648037927515147591  | -0.00041367048436417261934 |
796   | 0.0033180246720932154297  | 0.0094896200300792332011  | -0.0024838445260960463103 |
797   | 0.001135693098841815277   | 0.0075167883100449835523  | -0.0030443292782091247069 |
798   | 0.0035478219322377813755  | 0.0062988875291429798423  | -0.003676234568335062184  |
799   | 0.0060376640278257545993  | 0.00713843149378467004    | -0.0033274007083336260178 |
800   | 0.0053940160176964933175  | 0.0011197994572754975135  | -0.00057819667372514273705 |
801   | 0.0020187323559191392916  | 0.0074549510060120012522  | -0.0037672952623552424974 |
802   | 0.0043555803263420509938  | 0.0055991963989341433927  | -0.0021270032991339542922 |
803   | 0.0085081297371265556667  | 0.0058889969485973669636  | -0.0011246430015482494161 |
804   | 0.0057816370700728182686  | 0.00041027982369028475479 | -0.001416525863913166124  |
805   | 0.0018071485953330104941  | 0.0027646036615421613544  | -6.3807562121117727136e-05 |
806   | 0.0068826789883037363046  | 0.0040633537015814609125  | -0.0024433245352339667128 |
807   | 0.0044463735482088246817  | 0.0089916332186453853947  | -0.00080285129380457500355 |
808   | 0.0098323456772148182248  | 0.0093538286633668612374  | -0.0027557709319660310919 |
809   | 0.00085573573356018280394 | 0.0016210614470040709406  | -0.0038532407256843719326 |
810   | 0.0054352595942346116145  | 0.0071745008359766293884  | -0.00062411106153718084316 |
811   | 0.0092084292807767358091  | 0.0023141343076861732239  | -0.00093649312597850968131 |
812   | 0.0065413044785544004894  | 0.0069779004073812897144  | -0.00092848074246884343321 |
813   | 0.0059787752133356507692  | 0.0098289166521822665668  | -0.0028126524861001689186 |
814   | 0.0082798661505441694536  | 0.0042259828690717898825  | -0.00018927029790278757093 |
815   | 0.003234018398108122385   | 0.0056811241474023898429  | -0.0030444723820626409631 |
816   | 0.0074181917906979474159  | 0.006405270906232922272   | -0.0009480256651754451246 |
817   | 0.0045347975151682675538  | 0.00864424984877192569    | 0.00075635883241523173964 |
818   | 0.0023857134528726901129  | 0.0069729826341790122207  | 0.00019808416667343951823 |
819   | 0.004950985994352444762   | 0.0052692518162380033719  | -0.0025383520915068860657 |
820   | 0.0086016154381850177396  | 0.0048658172185085781306  | -0.0031848286081124755308 |
821   | 0.0086297988880479677837  | 0.0070782510022354546905  | -0.0010997377391967141924 |
822   | 0.0084959200640940708837  | 0.0018102830530088863305  | -0.0014012152273636148403 |
823   | 0.001492538668678345835   | 0.0017437967521815231613  | -0.0017017126751825285662 |
824   | 0.0078444192661807736477  | 0.0094485345827099286725  | -0.0023618373520318046259 |
825   | 0.0010605054195264973071  | 0.0076241412745029794526  | 0.00037404998828837756307 |
826   | 0.0012552887747573602834  | 0.0067701396310313943436  | -3.2271906357152141734e-05 |
827   | 0.0083076344313906640149  | 0.0038573998307694593729  | -0.0034212712338467458212 |
828   | 0.0093388375162103340332  | 0.0027107138719200999342  | -0.0031197419320502170481 |
829   | 0.00018354284816513426215 | 0.0046126367707187126282  | -0.0020180645504801679284 |
830   | 0.0052835378961938747958  | 0.0083831272736814947677  | -0.0017499444530105115036 |
831   | 0.0055518450800025077874  | 0.0021271581326450356673  | 1.264105725386950285e-06  |
832   | 0.0086125420797873841056  | 0.0062024837079671484019  | -0.0028868014804193883362 |
833   | 0.0060457633117163107547  | 0.0038487313173872919961  | -0.0032592496618808765828 |
834   | 0.0032832071142998549632  | 0.0068500474682559988129  | 5.5564022808056060887e-05 |
835   | 0.0061715216863441101428  | 0.004862768543208947393   | -0.0010128003140225142701 |
836   | 0.006963740590899284745   | 0.0051420126726789902594  | -0.0033026794507762403247 |
837   | 0.0039956983644448751045  | 0.0021769731877722842822  | -0.00095894704276289080905 |
838   | 0.0032191438738262065367  | 0.0025940186714950431816  | 0.00029583010965899143299 |
839   | 0.0095274140662735921914  | 0.0079695453844494234391  | 0.00059200309646457224128 |
840   | 0.008581309527193858519   | 0.0045136892333039234718  | -0.00050892726848677822139 |
841   | 0.0082972741669050161656  | 0.0072614145659497374846  | -0.0010701039075785817156 |
842   | 0.009478298464228594386   | 0.0031239339418398575851  | -0.00052013634057448141293 |
843   | 0.0064539440393443121835  | 0.0086667430972915057708  | -0.00096865018239739757774 |
844   | 0.0087357696628563921704  | 0.00065701463810307085198 | -0.002237536220664907826  |
845   | 0.0070200682165518588779  | 0.0040369893163592846311  | -0.0035068348660211071631 |
846   | 0.0083042936018106802004  | 0.0057998292868703307107  | -0.0013982118842779350625 |
847   | 0.0057125787121514084305  | 0.0035470989179182056857  | 0.00018022947115948318537 |
848   | 0.0036140276750147217605  | 0.00636397669787273218    | -0.0020859874571680096962 |
849   | 0.0032415165851361390364  | 0.004515033205594212555   | -0.0022008286799187737857 |
850   | 0.0083570820800312577148  | 0.0052174724958054547602  | -0.0024143618094973535483 |
851   | 0.0011743687772717591785  | 0.0027528393443981362919  | -0.0033497648027327560014 |
852   | 0.0050566274170593551035  | 0.0036416652188870934394  | -0.0035265227682883823826 |
853   | 0.0026205838545050137364  | 0.0023644783621964643797  | -0.0014508485920631179582 |
854   | 0.0027425838593053523951  | 0.0012651802942044276107  | -0.00017393518344216310576 |
855   | 0.0028148764524097299143  | 0.0044069075045627204359  | -0.0014035682151617490977 |
856   | 0.0094969600971826877156  | 0.0071969081577984818712  | 0.00019071210841948196932 |
857   | 0.0065754621026386907492  | 0.0057637312569147119631  | 0.00030315463675129657867 |
858   | 0.0049105407286232395647  | 0.0005258790017453786195  | -0.0022418415005989859347 |
859   | 0.008806165284578018615   | 0.0075585533502073032341  | -0.00057688170347887889056 |
860   | 0.0037568167972501227518  | 0.0040326524163973778009  | 0.00076142720144714299679 |
861   | 0.0074897455493722481235  | 0.0038291548277767143392  | -0.0021320388971268152724 |
862   | 0.0020250251065179829778  | 0.0073040140682050372703  | -0.00094242348679256183943 |
863   | 0.0010099011219264018152  | 0.0069196844574697180877  | -0.0011691810700500996582 |
864   | 0.0019115991775546783624  | 0.0092763326739762307083  | -0.0031319074117787427947 |
865   | 0.0061586753168631474392  | 0.0089245970968038785404  | -0.00080780135270623880817 |
866   | 0.0027761422326731581903  | 0.0088772909035195277788  | -0.0030535141052068018319 |
867   | 0.0056266639689899243873  | 0.008294104648438556382   | -0.0035694854050084142381 |
868   | 0.00017302636563262390216 | 0.0057751790309754575184  | -0.0011628640633714367857 |
869   | 0.0033605510902140049191  | 0.004770280511192583929   | 0.00055504481555235154339 |
870   | 0.0043833001139304897387  | 0.0022951536684177363881  | -0.001978523050440952457  |
871   | 0.0034451333032470281455  | 0.0081933191102136100625  | -0.0017596511942801545611 |
872   | 0.0043164030760019502994  | 0.0094282079447707486941  | -0.0022711040146106307655 |
873   | 0.0048888534134797897654  | 0.0096624587191200556752  | -0.0020198656041210496549 |
874   | 0.0016889567538348128524  | 0.0097571078753645491821  | 0.00093367152024449642095 |
875   | 0.0014974389608067659868  | 0.0047577237768722671976  | -0.0030990377056334529431 |
876   | 0.0091178520046702078716  | 0.0014350695624524001642  | -0.001674115099735147983  |
877   | 0.0098200607178971863892  | 0.0035407120753855321309  | -0.00077230127505308260923 |
878   | 0.0067974623611670656476  | 0.0089462781615196173418  | -0.0022696529887275911606 |
879   | 0.001747958315380163585   | 0.0047465053730820971553  | -0.0014273913629755680815 |
880   | 0.0022784115164785922504  | 0.008002937472772657726   | 0.00073197206060523925617 |
881   | 0.0038318791009817310643  | 0.0050960095047659151324  | -0.00015619215109635828289 |
882   | 0.0075982911575302857637  | 0.0087029750107902991568  | -0.0015999543773616597183 |
883   | 0.00021734366561011237871 | 0.0051759398315933836249  | -0.0027598405839843508439 |
884   | 0.0044389303872570248441  | 0.0031041686901073055338  | -0.0018505641104837621848 |
885   | 0.0075408825024911594129  | 0.0079091965659910095504  | -0.0034212875132835674115 |
886   | 0.0097092588696153919736  | 0.0031066633901384054818  | -0.0038729274195436758088 |
887   | 0.0023233556215151098152  | 0.0064917685341127412055  | -0.0012312248352974255756 |
888   | 0.004720528575968535763   | 0.0026017545261115210611  | -0.0005532601634468028301 |
889   | 0.0094996948242119360478  | 0.0043958979058701108666  | -0.0010407142468753832927 |
890   | 0.0022338013077683200464  | 0.0095495896110996767586  | 0.00018533420264557403864 |
891   | 0.00038841729210403090969 | 0.0066550997499024754436  | -0.0030489148147960221102 |
892   | 0.0071771468599600759392  | 0.0053500374686251362874  | -0.0016540442249848071737 |
893   | 0.0045540215686142651585  | 0.0043835504243155435852  | -0.0013430908320295057486 |
894   | 0.00045312709960631473299 | 0.0018794568663009182056  | 0.00073629032206171032143 |
895   | 0.0098556463365919565883  | 0.0034005293993395252147  | -0.0017311644405526933812 |
896   | 0.0029464498937658767028  | 0.0010309756920464940595  | -0.0020024767364075065842 |
897   | 0.0009017896814554380398  | 0.009693271417155133185   | -0.0030123127301043078029 |
898   | 0.0060363740842573742479  | 0.0068237749791695981663  | -0.0026259466306191394692 |
899   | 0.0073084053103658706135  | 0.0046460991951781200823  | -0.0026055868446510010647 |
900   | 0.0065947901086248423078  | 0.0025011262730681316918  | -0.0026955879083902893611 |
901   | 0.0082218336014438838516  | 0.0095798408832248622274  | -0.001933358648949332027  |
902   | 0.0025169719250556191366  | 0.0059013073775436948251  | 0.00018465347571544523525 |
903   | 0.0064839986002289320272  | 0.0031152190245438246725  | -0.0038654459013929228818 |
904   | 0.0095944391431770359446  | 0.0053761254919757724482  | 0.00073010740312705931648 |
905   | 0.0042479648629654975789  | 0.00062850448959661411701 | 0.00014504929004822709462 |
906   | 0.0074963321807747784753  | 0.0056116037230086682902  | 0.0001641727593494672567  |
907   | 0.0016939908877737102667  | 0.0071513361634313755283  | -0.0021870122829015670868 |
908   | 0.0072971715816135289054  | 0.0047238202657371450646  | -0.000545170321592319926  |
909   | 0.0076922008749762517746  | 0.0056359311723730666152  | -0.00041569898135226696252 |
910   | 0.0090132858904150257862  | 0.00020131613422554498036 | -0.0024928149813481059564 |
911   | 0.0078897154798328022335  | 0.0066148252211448163931  | 0.00017686303073237191925 |
912   | 0.0033169340293755459476  | 0.0070855863663633516028  | -0.0017717531358620781413 |
913   | 0.0069628046855757493375  | 0.002005529301414653038   | -0.0015121619627657401086 |
914   | 0.0019614436390467688415  | 0.0048158731572799529791  | -0.0017023778703376107185 |
915   | 0.0078022916624113187664  | 0.0012712265216079309763  | 0.00062875826306236278634 |
916   | 0.0085886950727465279087  | 0.0031960198072942445045  | -0.00018200899119061677602 |
917   | 0.00892117676785265587    | 0.0069491297880499213954  | -0.00025460034974166424054 |
918   | 0.0052453278683167060131  | 0.0052331411005482183704  | -0.0018682670672931804209 |
919   | 0.0090414666777333743686  | 0.0056018503457215592517  | 0.00016296455708588965987 |
920   | 0.0014710496372620802258  | 0.0046644524831777386259  | -0.0003137399908126154921 |
921   | 0.0083971688165755432876  | 0.0018030727555655410872  | -0.00033961111187843492703 |
922   | 0.0020955003271898955432  | 0.0085591996346038867749  | -0.0031021125624017637998 |
923   | 0.0080522631809353140825  | 0.002345700783648672471   | -0.004043011570038534605  |
924   | 0.0053146211011776888986  | 0.0047669461864797545853  | -0.00076623211661718383745 |
925   | 0.0035545024850275690718  | 0.0056407494181143439521  | -0.0026357200724739281508 |
926   | 0.0069161556350967427764  | 0.0086802279237438648152  | -0.0016998134324314833048 |
927   | 0.0098768088775645686977  | 0.00083426121538184559202 | -0.0028437767989268189148 |
928   | 0.0030820191900931166729  | 0.008691518539874917848   | -0.0035375741014128212099 |
929   | 0.0067791467106787942423  | 0.005821563813292848083   | -0.00049104812026538847362 |
930   | 0.00023847172147023677118 | 0.0088204019523007888559  | 0.00042413084725299090303 |
931   | 0.0036062986264400890071  | 0.0070443707209480576487  | -0.0011981104347014040565 |
932   | 0.0096532035345331876353  | 0.0039375835803828508619  | -0.0022302342258781384515 |
933   | 0.0052421703016828774535  | 0.0060830458756573665274  | -0.0008157702624243071696 |
934   | 0.0041211753348876492206  | 0.0083543043100106038901  | -0.001070357283899962212  |
935   | 0.0070509942287542738681  | 0.0090880632600805876659  | 0.00023735632340656561551 |
936   | 0.0027545284861367896889  | 0.0031215337488365944157  | -0.00074519352668789848662 |
937   | 0.0081262685968302526135  | 0.0048557786730572339087  | -0.00099400825388184436797 |
938   | 0.00055974790878147962728 | 0.0079653488338310603212  | 0.00060224763812808496891 |
939   | 0.007022768329142491453   | 0.0021231907958392669429  | -0.0014258181467141409736 |
940   | 0.0077256882032282645986  | 0.0054343048341200603929  | -0.0026256830109290451788 |
941   | 0.0082676491962122723028  | 0.0055546898370829635161  | -0.00084038188820226332812 |
942   | 0.00027263165743242020241 | 0.0072822261467149406941  | -0.0029591649512943833493 |
943   | 0.0024877214154929946401  | 0.0034483045189601497192  | -0.00096013405269549018974 |
944   | 0.00054370038228986224387 | 0.00057852557055098003183 | -0.0024867416335607730668 |
945   | 0.0032802871054237996845  | 0.0075616315542996167046  | 0.00041857313963069930169 |
946   | 0.0018588585818661738577  | 0.0051080990276393721874  | -0.0010116952721133005977 |
947   | 9.7395453757180848508e-05 | 0.0034029058826511994311  | -0.00042372429099626804068 |
948   | 0.008409281218343450312   | 0.00095671059997080594006 | 1.3549215138477259314e-05 |
949   | 0.0046001376071843486093  | 0.0041014672779162092767  | -0.00026879042003276972135 |
950   | 0.0024103403266087625699  | 0.0097083702430847546028  | -0.0021893975825211420445 |
951   | 0.00047292030726079486991 | 0.0030522784754638595389  | 0.0003585501200142953912  |
952   | 0.0099747129952317947071  | 0.0052052502508982663801  | -0.0032773125263672081738 |
953   | 0.0086520866993123717037  | 0.0095344867925817086002  | 0.00021547646270360073031 |
954   | 0.0027301700453805982302  | 0.0050489222650514815893  | -0.0013356314031345262964 |
955   | 0.0089407094792433444708  | 0.0034010903010074089448  | -0.0010842000074966192183 |
956   | 0.0034449179438326383781  | 0.0033558020692584667605  | -0.0018953901959051860059 |
957   | 0.00064197908539801752919 | 0.0073797379682744700807  | -0.0035653436990493595285 |
958   | 0.0045055284652048043295  | 0.007105281339024391643   | -0.0040211119069919094848 |
959   | 0.0062561333990760192858  | 0.0093486507026786045543  | -0.0026820135606218302275 |
960   | 0.0063505013271166850172  | 0.0038514943036335813967  | -0.0027234626300372591877 |
961   | 0.0061879696946834476801  | 0.005472037510566737234   | 0.00065832072934979887074 |
962   | 0.0029814193581897872019  | 0.0040529515945601311128  | -0.003927003269822921909  |
963   | 0.0038846339554289839417  | 0.0075845082684817778304  | -0.00041023219336924461945 |
964   | 0.0070993937977864938343  | 0.0035366282964389528058  | -0.0015685111994732730493 |
965   | 0.005611329782148567237   | 0.0098899019934793972603  | -0.0026511434052520167423 |
966   | 0.0034062900935887610587  | 0.0032257102684139999163  | -0.00095113100141931987332 |
967   | 0.0038563682372932330152  | 0.0055148027312160166277  | -0.00089114614722778789924 |
968   | 0.0060050100598974818014  | 0.0018689488634680835426  | 0.00029380180212113833757 |
969   | 0.0041605795556717587932  | 0.0084435549540295799786  | 0.00081558020073230815677 |
970   | 0.0031093772069726841913  | 0.00058304464292332927686 | -0.0033901993598511779258 |
971   | 7.1085613790538348185e-05 | 0.0016787247075548375648  | 0.0003141294821368276007  |
972   | 0.0066196833912634707453  | 0.0042531425056921657799  | -0.00021394605218100361905 |
973   | 0.0059766888068251040889  | 0.0087335543846521271338  | 7.676291903500106345e-05  |
974   | 0.0039619696421198807856  | 0.0021194401921465120218  | -0.0038082101374296442944 |
975   | 0.0041488641600263701306  | 0.0041062063198595262839  | -0.00098925763870166068432 |
976   | 0.0092348439898730094733  | 0.0075851244443231090678  | -0.00074141878866883768363 |
977   | 0.009891108465096509067   | 0.0033311781572067677461  | -0.00046064421575432934952 |
978   | 0.0034562441039662234604  | 0.0029462225581420192246  | -0.003714688004098520846  |
979   | 0.0053797849099586642768  | 0.0080914909519775278512  | -0.0011399265692336670204 |
980   | 0.0046034500248047982227  | 0.0043286055490643063001  | -0.0010711821429264525244 |
981   | 0.00053427765981607676978 | 0.0088508871195609982452  | -0.0025090705499165931285 |
982   | 0.0013520616399775114112  | 0.0072208623392806797064  | -0.0019356454092105887521 |
983   | 0.0088465700064192399205  | 0.001214445993840888036   | -0.0010751329022757967393 |
984   | 0.0034495329656969069346  | 0.0010440392150327670612  | -0.00080020625735912134791 |
985   | 0.0037402155935370149688  | 0.0082168647587182053887  | -0.00025435765627639404579 |
986   | 0.0015228585013213188568  | 0.008169796078012485363   | -0.001694211621021943226  |
987   | 0.0040251396443635118275  | 0.00038542680070757562088 | -0.0011182818782651913082 |
988   | 0.0084928637055430040298  | 0.0079694878831489852911  | -0.00074119323142165702799 |
989   | 0.0051085519741495034884  | 0.00013448913070339364381 | -0.0017202119626650283404 |
990   | 0.0068243484662203028612  | 0.0047204249412766113164  | -0.0021828286987807953186 |
991   | 0.0092179011706670938714  | 0.003731667433833440236   | -0.0015008862745227750587 |
992   | 0.0058343450208369661628  | 0.0037205122525643323332  | -0.00083920110427451136571 |
993   | 0.009902270132734973529   | 0.0072067295241327617578  | -0.0032420211254327513037 |
994   | 0.0090807421783695753403  | 0.0094915966524744491833  | -0.0027407577418441112296 |
995   | 0.0059765250749122447033  | 0.0021339779789399182866  | 3.1501496698228468023e-05 |
996   | 0.0094983060392693392793  | 0.0080250542023450541218  | 0.00063083884955916422199 |
997   | 0.0045265027176970883474  | 0.006069944863207403854   | -0.00099132244972083543438 |
998   | 0.0018853127844092158489  | 0.0057414242178248425449  | -0.0012165311094213865275 |
999   | 0.0043883996696638680537  | 0.004401680115338621295   | -0.00098267353857389976718 |
