N			X			Y			Z
0     | 0.0059678695422858418773  | 0.0040360051987199246915  | -0.0003191932877048978337 |
1     | 0.0061666103449622951607  | 0.0022824732465218963533  | -4.1340594324515058256e-05 |
2     | 0.0057893902610013829937  | 0.0031296489047861475452  | 0.00058799308310479320855 |
3     | 0.0038896291234375543651  | 0.0045611084583684693983  | 0.00097214211014709321895 |
4     | 0.009917089024166396774   | 0.0087693006224543457172  | 0.0006875308976098956984  |
5     | 0.0051938397027728724561  | 0.0029021385123991806643  | 4.6450694214669586523e-05 |
6     | 0.0011813882137782834997  | 0.0026582361512378065854  | 0.00065213209275009117322 |
7     | 0.0021401874878964623726  | 0.0019390383914817965489  | 0.00029619027212249624372 |
8     | 0.00058711809931404350567 | 0.0043449780458182409026  | -0.00012033768704156617264 |
9     | 0.0092587249751761198369  | 0.0012595693157822196971  | 0.00061865269744519352929 |
10    | 0.0078255440298760498008  | 0.0019458413201134353455  | 0.00030444692411717719574 |
11    | 0.00041483854841367628907 | 0.0037555257939897077578  | 0.00027024585766517120883 |
12    | 0.0072917934165571893224  | 0.0047577443716724510114  | -0.00013550532932136259028 |
13    | 0.0043731462953960562046  | 0.0090363235167164306788  | -0.00041626933379978271798 |
14    | 0.0013070216457888497036  | 0.0017992256560496998081  | 0.00070754962418063515467 |
15    | 0.0010989791825519738995  | 0.0059395274609337694524  | 0.00087236863946350915594 |
16    | 0.0099158963745874673795  | 0.0066822845631897163574  | 0.00064098535956355021537 |
17    | 0.0037225596165928525813  | 0.00017709715344448167802 | 0.00088601778050502173582 |
18    | 0.0005758711596573163824  | 0.0082339118964764625164  | -0.00021583807090590350643 |
19    | 0.0028706974623163676597  | 0.0052191751085122759304  | 0.00021348722304590303381 |
20    | 0.0010127655144372322855  | 0.001695126053545408483   | 0.00047722551268195056214 |
21    | 0.0019055487164698202852  | 0.0020648943761889483259  | 0.00096794160352285934113 |
22    | 0.0047512003680548874768  | 0.0009524871703847755328  | 0.00070647184183890551681 |
23    | 0.001342923380759916208   | 0.0048703324815775909593  | 0.00050340553321733937792 |
24    | 0.00056952198220452878059 | 0.0043208977784034300132  | 0.0001451126809161283073  |
25    | 0.009459517475956646243   | 0.0035129733914642047657  | 0.00012612286499184819136 |
26    | 0.0089529142602708198379  | 0.0069777171992253051239  | 3.1954559729582073142e-05 |
27    | 0.0036789888448376445104  | 0.004177504049526274861   | 0.0006578860393359019362  |
28    | 0.0049020722946336624595  | 0.0059304196830504418703  | 0.00022095354936431271819 |
29    | 0.0061644294575328708805  | 0.0044604416369924161645  | 0.00013714917156830842664 |
30    | 0.0028658974501136642854  | 0.0044734887782429816339  | -0.00013898775170890703755 |
31    | 0.0034972958862323046472  | 0.0024012367481396168327  | 0.00096772621651988483676 |
32    | 0.0029520913696292274027  | 0.0047782559043552429515  | 0.00069661302954811526317 |
33    | 0.0060565841276307760127  | 0.0049017493855744572948  | 4.0650808792155968614e-05 |
34    | 0.00325295234518749787    | 0.0062541800114666798449  | 0.00023544008667314368752 |
35    | 0.004586771748845112559   | 0.0089337750156987232736  | 0.0002794323898192944966  |
36    | 0.0037045757879659853111  | 0.0076120238899832406293  | 0.00060975918335261518246 |
37    | 0.0031366251372144638397  | 0.0030713244640663507276  | -9.7189131244040667234e-05 |
38    | 1.7742805728188420155e-05 | 0.0052298904277231529625  | 0.00032833738985807534461 |
39    | 0.003582619112499606847   | 0.00835889995861227586    | -0.00037410881972444002272 |
40    | 0.0021889041908051422823  | 0.0060453171493108888782  | 6.1946625811253776673e-05 |
41    | 0.0022713275160161569555  | 0.0024791551594775121728  | -5.4793274379655350771e-05 |
42    | 0.0085170557278698173082  | 0.0030256701488291454574  | 0.00056590804997156806538 |
43    | 0.0053495179092502009865  | 0.0067184118751130146932  | -9.3453803969464435708e-05 |
44    | 0.0092370543649102736239  | 0.0078935395302646375187  | 0.00010567977570365838643 |
45    | 0.0048581500596778879469  | 0.0062996413968466917141  | -0.00027752768919159643939 |
46    | 0.0049216801303887097035  | 0.0014187745173160023517  | -0.0002668053523637900059 |
47    | 0.0035736296012012537526  | 0.0071740671760085004266  | 0.00050642715023665064306 |
48    | 0.0092906384013934466271  | 0.0084817330622935522416  | 6.3128009832514057811e-05 |
49    | 0.0022197521153279071299  | 0.0045401566113795971749  | 0.00089767996139600379074 |
50    | 0.0073519284627557380044  | 0.0017153956644229597771  | 0.00024905251119361840068 |
51    | 0.0044283448372645240615  | 0.0023782666920070688089  | -0.00030154503585401719757 |
52    | 0.0019405190248942404563  | 0.0024127112182014453026  | 0.00051989746408586626648 |
53    | 0.0060736086292499848888  | 0.0062330029191317816092  | 0.00015423615329429368661 |
54    | 0.00081456945657005532229 | 0.0085131655379808851558  | 0.00072467541265414255579 |
55    | 0.0068884168490704333898  | 0.0058884921803202035923  | 0.00097490625731942986282 |
56    | 0.0088758597563597819297  | 0.0044148254345761101664  | 7.7170521630202724539e-06 |
57    | 0.0025083722863974327114  | 0.0097559040166239844455  | 0.00094203337238808987179 |
58    | 0.0070364036034484362878  | 0.002946728776625856961   | 0.00026798482804578013794 |
59    | 0.0055698726661726786699  | 0.0081280916285240423225  | 0.00092106652262006561208 |
60    | 0.0039377816112089623554  | 0.0049959091284325707685  | -0.00038128858652003867194 |
61    | 0.0021589221380518474822  | 0.0069235016777591191009  | 0.00055595942638848915365 |
62    | 0.0042304459715784316354  | 0.0072108746905426325535  | 2.1689747222527161572e-05 |
63    | 0.0080559017900424106928  | 0.0018548211296434728105  | 0.00098757224410595412928 |
64    | 0.0019680563723089403334  | 0.0036394778193649867867  | -0.00014786958043649627427 |
65    | 0.008565959763975231761   | 0.0092344635423860909479  | -0.00034730778892436023429 |
66    | 0.0061740016977126907158  | 0.0039101772802771425641  | 0.00064550524972676204954 |
67    | 0.00032598016137476735566 | 0.0070149778523452294837  | 0.0004883094551500060396  |
68    | 0.0096564827402242734561  | 0.0025163567832754566225  | 0.00067798326457494187403 |
69    | 0.0058044585742870902917  | 0.0013162388704844769916  | 0.00041027967362763234638 |
70    | 0.0076068540437461366205  | 0.0083513559955656190698  | 0.0008605396276446390701  |
71    | 0.0053067946787020842114  | 0.0046489764642309713491  | 0.00032376868816918081412 |
72    | 0.0040548263921955365538  | 0.0089454719993516118581  | 0.00050597588296001486975 |
73    | 0.0038460999888731894555  | 0.0044594389242388395717  | 0.00086670842594496690266 |
74    | 0.0022889559648072996603  | 0.0040044268856574858836  | 0.00091695659495147731951 |
75    | 0.0097190265380318347638  | 0.0011082958937747905328  | 0.00031933987435955353681 |
76    | 0.0016417916928458133573  | 0.0076139192817735951505  | 0.00066147385881414142578 |
77    | 0.0037121445047310170848  | 0.0013362773377455297585  | -7.9430554822056573749e-05 |
78    | 0.008841545777233256187   | 0.0023952789479451883081  | 0.00091511219812894482612 |
79    | 0.003359573052415507511   | 0.0099264273831839687501  | 0.00019074294089066115695 |
80    | 0.001579617472096389065   | 0.0019545404825600642268  | 2.9410333066251829418e-05 |
81    | 0.00055417002550666046544 | 0.005592481122470609016   | 0.00033414301539567200366 |
82    | 0.0003628741372279305254  | 0.0068349341156102409733  | 0.00014261360331077412608 |
83    | 0.0083734155976170638463  | 5.752788220309905219e-05  | 0.00011978811953565863277 |
84    | 0.0045755362054935170071  | 0.0026809159308775211937  | 0.0006930443122362859535  |
85    | 8.3575026873764596971e-07 | 0.0013054828062669650377  | 0.0003966093413166065125  |
86    | 0.0039519899788797753504  | 0.0095559143631940152153  | -0.00044107628829141378888 |
87    | 0.0073795422482086786564  | 0.0022135944424312675553  | -0.00019016025966864011473 |
88    | 0.0063969543160036276136  | 0.0050903504635997623082  | -0.00028941933754829884343 |
89    | 0.0038287804205675863428  | 0.0037182369097067198734  | 0.0008270899573062172978  |
90    | 0.0060395735407411856727  | 0.0031742722784243119355  | 4.6461883220383603773e-05 |
91    | 0.0067982672333826406688  | 0.0081745515833346309859  | 0.00022893028500645329825 |
92    | 0.007472494274721436236   | 0.0070505536754741767944  | 0.00067237446499746143097 |
93    | 0.0013274711349310316152  | 0.0034734196112142824708  | 0.0007676967568389829813  |
94    | 0.00031433828032950662194 | 0.001438809758493768973   | 0.00050945871048384359231 |
95    | 0.0084447727848308701271  | 0.0078682152980488213184  | 0.00058015307096435388655 |
96    | 0.00036924775534978668962 | 0.0069221194465632421289  | 0.00086035371002022176939 |
97    | 0.0063234198931135885552  | 0.0072198296879600271439  | 0.00075380238219335718008 |
98    | 0.0021489916981945506209  | 0.00018908970670950439835 | 0.00061883605992577462446 |
99    | 0.0095786969798477041016  | 0.0056756306342746918811  | -0.00014356033218392808427 |
100   | 0.0044691410924715957442  | 0.0077482978535254902128  | 0.0002885735427413599688  |
101   | 0.0048261767209332468581  | 0.0072491547507831585739  | 5.4678862435595304353e-05 |
102   | 0.0041325153400981820551  | 0.008014844876153778136   | 0.0005660547038559169894  |
103   | 0.0022912599949518053233  | 0.0036487011934091015224  | 9.8001691004639317293e-05 |
104   | 0.0045548608302332892206  | 0.0078117508407495837852  | -0.00024715911437727799017 |
105   | 0.0048542398785927460755  | 0.0061558478180385872713  | 2.6594672363474656406e-05 |
106   | 0.0092933720995721919023  | 0.0083524201612989370375  | 2.0666319463019102928e-05 |
107   | 0.0034928074364671446612  | 0.0068090065606224497649  | 0.00034193187101170304659 |
108   | 0.0074441770874152822166  | 0.0077394923203824581362  | -9.9727988774819361826e-05 |
109   | 0.006520768782837535818   | 0.0071163982345130976509  | -0.00023865968288718669189 |
110   | 0.0072925550054905802569  | 0.0068329402033736903049  | 0.00029499493896232675642 |
111   | 0.004502655546240010194   | 0.008369558776865834715   | 3.4838211393297039797e-05 |
112   | 0.00099948499037549919446 | 0.0094721453616400264758  | -8.6210381616198944184e-05 |
113   | 0.0092976976653970262732  | 0.0029800815991575832324  | -0.00020302043848004536794 |
114   | 0.0060358259671658819751  | 0.0014170273032634652949  | -6.2322573668503722898e-05 |
115   | 0.0023106748517982087648  | 0.0018247991353208402494  | 0.00020917261823918918153 |
116   | 0.0084187622063568497838  | 0.0065036258555977470228  | 0.00028846268147887730703 |
117   | 0.0046882298737977229006  | 0.0021355870008581850396  | 0.00035541838166887752392 |
118   | 0.005991892342556714296   | 0.0013785853360979154376  | 0.00069645768691222516983 |
119   | 0.0051460162376452955879  | 0.0046118404859610473076  | 5.5725083557712804341e-05 |
120   | 0.0047163357800329621522  | 0.0099876872658425704804  | -0.0002582484623906431743 |
121   | 0.0068660539538164602757  | 0.0032965448875661024219  | 0.00053456029280632682416 |
122   | 0.003767006544311013623   | 0.006177238208109274431   | 0.00069046743566573054365 |
123   | 0.009406016671274121041   | 0.0050825245966900469211  | -0.00035691129267314267767 |
124   | 0.0064398299886532341454  | 0.007231415682473802016   | 0.00025942325744104878429 |
125   | 0.00099479479254034695185 | 0.0037541942571604250932  | -0.00011868694511977342682 |
126   | 0.0018269225643425164324  | 0.002925300734678594472   | -0.00022718204817097966417 |
127   | 0.0053047633195859138222  | 0.0059858718030561712878  | 0.00099421940451572838465 |
128   | 0.0062727132742213271427  | 0.0089265802349316018816  | 0.0003166391566610534487  |
129   | 0.0049888565115160810742  | 0.0066110446061839554105  | -0.00042659117828700498717 |
130   | 0.0028800102473081072747  | 0.0033835650196167950041  | 2.194526751561853118e-05  |
131   | 0.0064713172814006483108  | 0.0055176626858490325153  | -0.00016648436819350731324 |
132   | 0.0060910838558261154452  | 0.0097908042437377853368  | 0.00011116362013157569456 |
133   | 0.00068980016210353465884 | 0.0005442284992151189037  | 0.00070485541720153417015 |
134   | 0.0059651950781401848201  | 0.0033636135612217310867  | 0.0002608274333638542844  |
135   | 0.0033597839209546726327  | 0.0039036695302560376654  | 0.00047866791986466230863 |
136   | 0.0080030397307446175803  | 0.0023752749584736057402  | 0.00074435224552191962648 |
137   | 0.006843436766016381019   | 0.0058705409656754480724  | -0.00037266276251758808334 |
138   | 0.0050221908886977908656  | 0.0092456261256838763452  | -0.00014566373902332634474 |
139   | 0.0025345597515938423153  | 0.003874674321888664421   | 0.00051791104771051058638 |
140   | 0.0045755606493387366435  | 0.00022803286842586531881 | 0.00072137974003200645151 |
141   | 0.0014651421481350480717  | 0.004958158259048692923   | -8.9506850780450057333e-05 |
142   | 0.0034685645244779874513  | 0.0029246825711340537421  | 0.00057622592643494143644 |
143   | 0.0057017126335388856884  | 0.0020905882661870983999  | -0.00010519955956374599953 |
144   | 0.008031277646523039826   | 0.0035786511018227793422  | 0.00021215102402386435483 |
145   | 0.0052151171099825499936  | 0.0076888247321457462921  | 0.00023669583091850401532 |
146   | 0.0014817692762950666549  | 0.0046344480285231059655  | 0.00012178768553489945472 |
147   | 0.0081352825644994269938  | 0.0027329186514733630822  | 0.0006277438814417781246  |
148   | 0.0015333621801259804569  | 0.00460772806026469358    | 0.00033398387686038859701 |
149   | 0.0025587924422884283752  | 0.0070819023525387951937  | 0.00016109874749489858786 |
150   | 0.0035798791434595105508  | 0.0055287076841483932116  | 0.00036718232937156839932 |
151   | 0.0041661715780235029569  | 0.0065469281939038604518  | 0.00033572532177663456845 |
152   | 0.0058889128281517256341  | 0.0036546261246762070871  | 0.00030216453954546435273 |
153   | 0.0047432075602060310218  | 0.0038438840860100659258  | 0.00072189220123655434974 |
154   | 0.00060837282766677196026 | 0.0024786021677133968782  | 0.0008932876582782153449  |
155   | 0.0018102680232828566222  | 0.0026724258100879602282  | 0.00055274143947313825881 |
156   | 0.0046659023303638183164  | 0.0015588770034818736059  | 0.00067245046141135226929 |
157   | 0.005183328657219508917   | 0.0056388617641185074039  | 0.00059263349243992527893 |
158   | 0.0097828150710070321122  | 0.0062457135556980717186  | 0.00048360191756047519801 |
159   | 0.0032937042024129979841  | 0.0081768646331114511194  | 0.00049702258003375774514 |
160   | 0.0052908827112745290822  | 0.0086103171785205188243  | -0.00029496427672148062661 |
161   | 0.0048670396516342102206  | 0.0086199460156937066091  | 0.00046965845712240467547 |
162   | 0.0016144177658280758035  | 0.0030375038337366625993  | -0.00019125392818442789734 |
163   | 0.0014842057942371872457  | 0.0080831213175015428213  | 0.00078400956826049259755 |
164   | 0.0083420002095289068345  | 0.0081544198319327115126  | 0.00057250922449444475223 |
165   | 0.0029492857600007301583  | 0.0029973292259071302075  | -0.00035301762581185352216 |
166   | 0.0033507844435998368655  | 0.0024259422092842266097  | 8.0206394821234080713e-05 |
167   | 0.0023503521902356709627  | 0.0082002840314410394007  | 0.00049828782065713516508 |
168   | 0.00151319985794774476    | 0.0081059078220534833137  | 7.8778113047410080073e-05 |
169   | 0.0072250264466789991882  | 0.0041341293393226796055  | 0.00041154159782490407809 |
170   | 0.0040955581482211645197  | 0.0054094938139916202285  | 0.0001516817012105138075  |
171   | 0.0052879199481079700376  | 0.00057903255638515132523 | 9.1759526226517547777e-05 |
172   | 0.0062923708930096985611  | 0.0016028941809145224023  | -4.4853173361767181132e-05 |
173   | 0.001447164826785429315   | 0.0097215959788525072721  | 0.00061618050275047886108 |
174   | 0.0089712317503040078098  | 0.0043140895112689075369  | -0.000140036633547515135  |
175   | 0.0052151136267465612872  | 0.0038436155466499565166  | 0.00019851740496022591263 |
176   | 0.0011576988655339990469  | 0.001245169917545097156   | 0.00096655806102667976044 |
177   | 0.0032815854813548306183  | 0.0082954955540824881766  | -0.00018043644849204067051 |
178   | 0.0049325731272367593153  | 0.0064999918922620065695  | -4.4800559401727120751e-05 |
179   | 0.0026617905445195121951  | 0.0062389982860042861659  | 0.00039137104150986038592 |
180   | 0.0063376111966106504422  | 0.0039984979970282231651  | 9.9329211765439369051e-05 |
181   | 0.0028664404516601719834  | 0.0035360231599542552537  | 0.00022378398508627900948 |
182   | 0.0051907963905987054148  | 0.0018272030829155326299  | 0.00060345511500941011879 |
183   | 0.0071413666451866529214  | 0.0060867628540186508382  | -1.1208818011125238642e-07 |
184   | 0.007124114003588638902   | 0.0018828214769857343474  | 0.00042790326084308062757 |
185   | 4.734942992328635516e-06  | 0.0015563436206593502659  | 0.00051639466644679021291 |
186   | 0.0092195407278075919982  | 0.0055458858991212856351  | -0.00039178576359255774548 |
187   | 0.0095595003781703980633  | 0.00016339474115385779697 | 0.00050456090346347984461 |
188   | 0.0087522213095492535501  | 0.0068645186727370509708  | 7.6401012533380599479e-05 |
189   | 0.00043372849276829500507 | 0.0079648262314055192496  | 0.00036548270509548924645 |
190   | 0.0074259134721722320008  | 0.00030032329458008365144 | 0.00050060479818303960792 |
191   | 0.0020738754543319971348  | 0.0072566258268359469866  | 5.615776245408937126e-05  |
192   | 0.0040834713399487184565  | 0.0062182308449200470596  | -0.00015905062419026546401 |
193   | 0.0041583327426522485523  | 0.0052788077377853709349  | -0.00036552983755542298259 |
194   | 0.0057571955256277076995  | 0.00080870160836579035608 | -0.00043687880855512289382 |
195   | 0.004141337051488230489   | 0.0083705163011093507153  | 0.00030091097140882565623 |
196   | 0.003409921500904595365   | 0.0001107870751682845555  | 0.00097010692396848005343 |
197   | 0.0026145161337776849989  | 0.0055474723576942131312  | 0.00037663590659100696593 |
198   | 0.0066788742250391414101  | 0.0043670344152862165463  | 9.8729719385916596061e-05 |
199   | 0.0070014764837095034081  | 0.0062899519171675357179  | 1.1983568650918274682e-05 |
200   | 0.0062594230447115045343  | 0.002763525993845364695   | 0.0001997678209887205833  |
201   | 0.0094304011450107565889  | 0.00076644754417197957438 | 1.7968599614087262054e-05 |
202   | 0.0097664698165889386738  | 0.0059718160408887962717  | 0.0004694409284369193097  |
203   | 0.0021501963147085609122  | 0.0016127845295416485139  | 0.00079179020990436191092 |
204   | 0.0019927841405025484463  | 0.00091630641022475887124 | 0.00087206637456528537239 |
205   | 0.008080432833649753635   | 0.003697464954207881245   | 0.0002720556713577447841  |
206   | 0.0021312038044101798764  | 0.0072636698685514533569  | -0.0001575478565705870442 |
207   | 0.0028463282657445326818  | 0.0042806806344733239547  | 0.00058560870428497283774 |
208   | 0.0069305540768121827108  | 0.0010951132368548649205  | 3.8098336452592711769e-06 |
209   | 0.0068695551446265800885  | 0.0045348886777159579456  | -0.00031433725158733135394 |
210   | 0.0027967506117194292081  | 0.0055272544943533747502  | 0.00086122574535283779457 |
211   | 0.0040798150868956726059  | 0.003137622054864986753   | -0.00035677143787403897864 |
212   | 0.0067607098291914335605  | 0.0090641634380960664497  | 0.00020624545264529405095 |
213   | 0.0042251314400199822818  | 0.003169841921049727871   | -0.00031265090598238306488 |
214   | 0.0068812259068303715734  | 0.0027867023419378329253  | 0.00027538400843049159333 |
215   | 0.0011324283784759396013  | 0.0051561628331631059394  | -0.00029677589526150624901 |
216   | 0.0064652432274334313209  | 0.0045557057599985286908  | -2.3564062166706908734e-05 |
217   | 0.0074171702131187820101  | 0.0075830189655768636542  | -0.00030997656555243680628 |
218   | 0.0092003111224736571633  | 0.0073308582409780066388  | 0.00094036928615722024244 |
219   | 0.00078368947926379364712 | 0.0016935387191649834988  | 0.00038664802285587064048 |
220   | 0.007996130383655292162   | 0.0026360283318672098236  | -0.00036515534415459434533 |
221   | 0.0090370839836849646554  | 0.0030529173757046258741  | 0.00086581734916181107148 |
222   | 0.00029606868328689546011 | 0.0070358061337777192887  | 0.00072150289885390597039 |
223   | 0.0071711337677184726694  | 0.0049996694026840865846  | 0.00079395968754432150356 |
224   | 0.0036916037360097070721  | 0.0025458883886169589826  | -0.0001498227325253205153 |
225   | 0.0028929245406576907691  | 0.0083551644223105493714  | 0.00074235759235229082861 |
226   | 0.0069042259362763489308  | 0.0042138995192535135675  | 0.00050145708288570466776 |
227   | 0.005908030799396599142   | 0.0087265762013232044125  | -0.00027308199547968555095 |
228   | 0.0076824863742237714179  | 0.0010607595125719183806  | 0.00011415599456307850732 |
229   | 0.0046005360164102252971  | 0.0088266589735322784765  | 0.00044273701169440012743 |
230   | 0.005734196277322720775   | 0.0088725186270146045447  | -5.0089689889362096513e-05 |
231   | 0.0043243636188388927949  | 0.0035510670912983254358  | -4.2250455909693241221e-05 |
232   | 0.0036986854368809499866  | 0.0073928341439152304645  | -0.00015865889275305881381 |
233   | 0.0033417339365226371613  | 0.0031631326759274640964  | 0.00010189610463900507676 |
234   | 0.0028012968337620216576  | 0.0070102007675573851236  | 0.00066980139858041024686 |
235   | 0.0034085241721924543212  | 0.0024096205275713814507  | 4.8777737878148431623e-05 |
236   | 0.0070377693407497957101  | 0.0052859558235350398089  | 0.00058649464279017374854 |
237   | 0.0047556801964058681084  | 0.0052739942616285536217  | 0.0008844274840485019315  |
238   | 0.0026311484170693072958  | 0.0046182876151556603514  | 0.00066593288786777706835 |
239   | 0.0079172218381174386259  | 0.0079673869683171347211  | 0.0004019864743286827866  |
240   | 0.0065621664189277947171  | 0.0095673891368495619925  | -0.00034565144580494573537 |
241   | 0.0072052207603874023761  | 0.00064673544015889973275 | 0.00034576153433551082717 |
242   | 0.0060172353839035809184  | 0.0043992642191278061303  | 5.5928287872159633065e-05 |
243   | 0.0099629550256478075637  | 0.0091684755652485083049  | -0.00011774581441735133933 |
244   | 0.0058471317917347517476  | 0.0076146149334749566387  | 0.00033371240020676606192 |
245   | 0.0022628609372304319368  | 0.005860778151079425527   | 0.00017069419658362252473 |
246   | 0.0075247318206760529374  | 0.0030652380610444287037  | 0.00083103657806527907875 |
247   | 0.0074300757515532896147  | 0.0051338694116642279858  | 0.00044573292395767936253 |
248   | 0.0050988835810490866843  | 0.00017429161343511092382 | 0.00023380671527168002399 |
249   | 0.0037099005639151748891  | 0.0018396693798410418061  | 0.00018928764555571631067 |
250   | 0.0038216946307047150629  | 0.0039701573425718235388  | 0.0005973663263502946609  |
251   | 0.00060341357226645895608 | 0.001211518595502675353   | 0.00086643257157015447518 |
252   | 0.0018868877217829208275  | 0.0054805621239770114031  | -0.00029427973244657636446 |
253   | 0.0086108091549559704486  | 0.0069409476394811263009  | 0.00054185361414483743363 |
254   | 0.0074885440088745414827  | 0.0065903635636805242559  | 0.00029970535721675231697 |
255   | 0.0033537032503598135889  | 0.009227779153629702899   | 4.4612248301299801533e-05 |
256   | 0.005813426641331389047   | 0.0082137172932646822232  | 3.9506931274687388464e-05 |
257   | 0.0011825867424508560138  | 0.0036945293950155508669  | 0.00065692546077216146336 |
258   | 0.00074340068114110572153 | 0.0015544710258758402937  | 0.00012479926501223631303 |
259   | 0.008008046551039550362   | 0.0073234149193533047348  | 0.00086531566979492543362 |
260   | 0.0055163641832195907042  | 7.1979678684372640977e-05 | 0.00063321328317440328873 |
261   | 0.0041353594630348620986  | 0.0069951666201754853294  | -9.0778871153345035367e-05 |
262   | 0.0039150796615948727647  | 0.00036551725849486889222 | 0.00010547960215337193494 |
263   | 0.0064441644223104345077  | 0.0059244932593728689627  | 0.00093488549633864259474 |
264   | 0.00027356021291346149576 | 0.0093565470696383764432  | 6.2184571819965116539e-05 |
265   | 0.0021637422211068396173  | 0.0066748213628312121765  | 0.00072841325751329814072 |
266   | 0.0060512974537593709756  | 0.0029679002851735335373  | 0.000709698561377009908   |
267   | 0.0033201789453268740898  | 0.0048411244214142442471  | 0.0002860041093863014707  |
268   | 0.0042477221683006856703  | 0.0067554972655173330109  | -0.0003053413897787332046 |
269   | 0.0078844701323612723098  | 0.0047471610288153526236  | 0.00086408998187852917999 |
270   | 0.0068647942265119797633  | 0.0010140843043663051119  | 0.00021734340048541116001 |
271   | 0.0065113408692222627533  | 0.007592688339514883436   | 0.00091885931635180451323 |
272   | 0.0061788185174817770312  | 0.00028869162197346420534 | 0.00025212526743394452627 |
273   | 0.0070195353446346892001  | 0.0019803402848316657703  | 0.000389902388287745674   |
274   | 0.0092341036481687448212  | 0.0058043049862366189948  | 0.00069499791014531169669 |
275   | 0.008362588013520275837   | 0.0052296252697979078716  | -0.00040243222180669566265 |
276   | 0.003776809584731569483   | 0.0086564934638227158253  | 0.00083685002969660724631 |
277   | 0.0052731260703606803314  | 0.0095005215464598405384  | 4.2325599249263233526e-05 |
278   | 0.0037213557319342414897  | 0.0098921651225254130652  | -0.00032443110521364213134 |
279   | 0.0067040872464193138405  | 0.0086273742096988695338  | 0.00099655404088602305562 |
280   | 0.0021960619040972016378  | 0.0051681864193186778308  | 0.00061644048675960311061 |
281   | 0.0054018108441369581951  | 0.0023105317493397835825  | 0.00028364558541252695226 |
282   | 0.0014416372210722533387  | 0.0029260926976559719845  | 0.00027558492254944357263 |
283   | 0.0088807786573744888076  | 0.0067549737997296228562  | -0.0002369764596690951484 |
284   | 0.0041218804678533589939  | 0.0077410638777528750082  | 7.4329804871666181913e-05 |
285   | 0.004738622854984230609   | 0.007470346913242691643   | 0.0003633609878389537748  |
286   | 0.0095186147755259697262  | 0.0062969299277259036321  | 7.3799351586831902963e-05 |
287   | 0.0018441678550660887525  | 0.001334092140748764253   | 0.0006882783978608289846  |
288   | 0.0059001885425869248294  | 0.0076711789306020666118  | 0.00052526271672505525472 |
289   | 0.0049896366439061545089  | 0.0092034291033546919425  | -0.00022058678107778271192 |
290   | 0.0078696077854328878171  | 0.001908270333871683877   | 0.00060423562547686545526 |
291   | 0.0096852720002630707935  | 0.0027623156561958680383  | 0.00018326921100664185678 |
292   | 0.0096237242921397292417  | 0.0052146943331304231734  | 0.00069059879463948372139 |
293   | 0.0036483705651871988634  | 0.0084929038475140168629  | 0.00024414552306465075711 |
294   | 0.0047231470565068716869  | 0.0025867145575578409829  | 0.00093551461181039447575 |
295   | 0.0035812652235152312059  | 0.0096829348017639371715  | -7.7630399490299158583e-05 |
296   | 0.0037331659162849984909  | 0.0021779189453311788294  | 0.00056229496380674878677 |
297   | 0.005216305754673169516   | 0.0088494935500856818089  | 0.00056609198305365791143 |
298   | 0.0041011492910433050216  | 0.0062303339120560715172  | 0.00034905605244731297216 |
299   | 0.0043909388495905529032  | 0.0013469305895897605661  | 6.2695364227327262437e-05 |
300   | 0.004830464033113096925   | 0.0051803844363841862822  | 0.00081698665157926484131 |
301   | 0.0080315514462260678696  | 0.0027729906334402068882  | 0.00087036372707173818505 |
302   | 0.0094834307485840603491  | 0.0063667277951635929331  | 0.00070446489815409571618 |
303   | 0.0046574985494900926833  | 0.0064193288537975189828  | -0.00041697250437797221375 |
304   | 0.0079265328351461536438  | 0.00069399935313230567187 | -0.00014519159767018214365 |
305   | 0.0053505328993960999881  | 0.0083961216105467965931  | -0.00028532654825799545241 |
306   | 0.0032792896086727934928  | 0.007235606561145204417   | -0.00025726524087951475059 |
307   | 0.0089039626952806261162  | 0.0054791917552545260292  | 0.00023024968305766248516 |
308   | 0.0076951261783379945949  | 0.00035916082293909238309 | -5.4161197848648353489e-06 |
309   | 0.0076769679914677748864  | 0.0020390199369749359946  | 0.0005154039307044841825  |
310   | 0.0073146696825660091276  | 0.0060172207151999697675  | 0.00024503739675293804458 |
311   | 0.0034838707852166026988  | 0.0052894107744472992905  | 0.00090924547032687644352 |
312   | 0.0057562253147508740322  | 0.0066812200762018962227  | -0.00024374937522952502323 |
313   | 0.0020352626576874083622  | 0.0068675175442033083509  | 0.00036986791138832197674 |
314   | 0.0093395165901282110182  | 0.0087680164669594728294  | -0.00016841766412694809409 |
315   | 0.0064039426141285406974  | 0.0065072252226857259239  | 7.5556307444914805506e-06 |
316   | 0.009929869495715443542   | 0.0065797347177374400709  | -8.3991146119661295229e-05 |
317   | 0.0040332043048556210849  | 0.0062872398818052486341  | 0.00010064087084077737709 |
318   | 0.0023241231424946475793  | 0.0047565694422068488176  | -0.0003080989805318181513 |
319   | 0.0025716834311895072317  | 0.0037712064825078718024  | -0.0003353332616843685064 |
320   | 0.0061523726035796564432  | 0.0041864259134096054593  | 0.0005073197118771336292  |
321   | 0.0033595219393582429618  | 0.00019283349210612684603 | 0.00031601225247254640521 |
322   | 0.0052762073214737137405  | 0.0047987752840109370797  | -4.9571200730431107305e-05 |
323   | 0.0014998333774466181267  | 0.0089406524468925076959  | 0.00080779748143646173258 |
324   | 0.00055460759341761369737 | 0.0014190417482041069695  | 0.0008613761890233799165  |
325   | 0.0066778484804012128509  | 0.0018568555922278658435  | 0.00026761832253573771294 |
326   | 0.008010548408699628975   | 0.0044243599120000537059  | 0.0008119200451087202992  |
327   | 0.0036988584038940429573  | 0.00038657093800891856534 | 0.00027215495314047478698 |
328   | 0.0084584479692630491765  | 0.0023606761460605303442  | -0.00036740993362182765335 |
329   | 0.0046033347333893871386  | 0.0028291426738419615979  | 0.00098582340249688243244 |
330   | 0.0027163153873132378675  | 0.0013660483703986172916  | 0.00061087043597183503327 |
331   | 0.0064194092198858110007  | 0.0013968205767511748198  | 3.6229160238733978928e-05 |
332   | 0.0093012964211420280647  | 0.0064842667592523257555  | 0.00093261074016849773109 |
333   | 0.0029855495316243288624  | 0.0043094063901371231287  | -6.0050913104851328826e-05 |
334   | 0.0063879556057861762788  | 0.0036059933693196491271  | 0.00031580573223501329444 |
335   | 0.005529377778145835344   | 0.0063596746824960172229  | 0.00044020242661044602312 |
336   | 0.0039529433195539592436  | 0.001562260151872834615   | 0.00040684931359965832015 |
337   | 0.003815583860872609305   | 0.0018575006990615636204  | 0.00038358799282333137185 |
338   | 0.0049040219658732751851  | 0.0041600178640695826063  | -0.00041323512245212886415 |
339   | 0.0066483058788891907787  | 0.0020955271250821510404  | -0.00034898940424147955296 |
340   | 0.0010562657310082021293  | 0.0050163927585826729658  | 0.00010393031857930810544 |
341   | 0.0066551930250702499153  | 0.0090539062003322425681  | 0.00041380879983521611778 |
342   | 0.0023698636376082811081  | 0.0081704861413412592508  | -0.00018148421722280041525 |
343   | 0.0069758057332998521169  | 0.00011955730367391218221 | -0.00040983930803782387666 |
344   | 0.0057979423482544265381  | 0.0089131515214873786868  | 6.6665516216258174963e-05 |
345   | 0.0057129311000631011197  | 0.0071506760443803352514  | 0.00039685056505550696596 |
346   | 0.0071896069497411254495  | 0.0068759727584463969929  | -0.00018641130157969515078 |
347   | 0.0067225718245630065178  | 0.0091729959568755091437  | -0.00023953596176830982542 |
348   | 0.0033389441859175477897  | 0.002315436657324295832   | -0.00024180985068075430168 |
349   | 0.0023473289930664512082  | 4.8241051147278857204e-05 | 0.0006794778696049598183  |
350   | 0.0048910528071833998809  | 0.0061590959194220903927  | 0.00046285687996215369583 |
351   | 0.0042673988969488853285  | 0.00089882928763961554564 | 0.00033305282521861611939 |
352   | 0.0060595634185934702312  | 0.00070863868315180350566 | 0.00091436360757867190391 |
353   | 0.0023929106949275190039  | 0.0066478101420079753481  | 0.00059583870737301683398 |
354   | 0.0076334735307236351726  | 0.0097286119365856630475  | 0.00061722529488099104472 |
355   | 0.0056377262281795889609  | 0.0026678774957051951296  | -0.00017198539321937274032 |
356   | 0.0025008773173907771631  | 0.0045445472278500880989  | 0.00016004982657573141617 |
357   | 0.0089990796239928956546  | 0.004634189272272428925   | 0.00020735639542486397971 |
358   | 0.0051800935021721989868  | 0.0071804246728841402553  | 0.00074130291264995398087 |
359   | 0.0060632923773860387257  | 0.006409701879106317543   | 0.00094209299119451075152 |
360   | 0.0084344145349656979294  | 0.0060133995723852954121  | -0.00039847505616701485529 |
361   | 0.0076676293842852681279  | 0.0029652764680769415524  | -0.00044550073867983554753 |
362   | 0.0067523771790528328354  | 0.0044052304351200628069  | 0.00091641488880988457646 |
363   | 0.0047700752588421858891  | 0.0046620432832931843134  | 0.00043792908223904628961 |
364   | 0.005734435983162208296   | 0.00051327066423928035654 | -8.0644319671653320316e-05 |
365   | 0.0078751990207566267138  | 0.0028102895798079478504  | 0.00021309135336545419019 |
366   | 0.0093597329946977590037  | 0.0023305496393765836975  | 0.00016724034234743632012 |
367   | 0.0040743094597085601979  | 0.004922102602130547927   | 0.00046350199478157379923 |
368   | 0.0082910021278727059207  | 0.0061367587071843605201  | 0.00080439092991057160181 |
369   | 0.0062614811519831918216  | 0.0049992727511651490965  | 0.00061637862001111666608 |
370   | 0.006180159875364527565   | 0.0062235955806203375681  | 0.00082792451222405707111 |
371   | 0.0079104311025034838856  | 0.00056225735227594119976 | -8.0587030887256666392e-05 |
372   | 0.0021263590753883357398  | 0.0057215342930804942434  | -0.00035298049761928732742 |
373   | 0.00065153485994703279945 | 0.0020950117638986590941  | -0.00034263305054149358151 |
374   | 0.0091957785300022451547  | 0.0063948309083303352118  | 4.088526039889907066e-05  |
375   | 0.0043007302193548467908  | 0.0065311982968147153789  | 0.00016766282319253912668 |
376   | 0.0079881704364189957263  | 0.0061883248149791946283  | 0.00043078407699788834502 |
377   | 0.0047267618521735889695  | 0.0067314765083012718591  | -0.00017976676873894016639 |
378   | 0.0064418516278626838933  | 0.0033919513703090926719  | 0.00058138779721268144408 |
379   | 0.0057961623399117754782  | 0.0046572018123833920297  | 0.00033442290960955257375 |
380   | 0.0026913750461862772159  | 0.0075691308906406639528  | 7.7512402056771840045e-05 |
381   | 0.0073936048077348015886  | 0.0049420203018939795267  | 0.00046693669461731878573 |
382   | 0.0050450700092576541284  | 0.0049433186656023652555  | 0.0004316056632379374966  |
383   | 0.0061003737734808384865  | 0.0086591889081131419303  | -0.00042619916868579974748 |
384   | 0.0074835362493008410895  | 0.00093473175388177759393 | -0.00010801341028900933461 |
385   | 0.0081353435962661698605  | 0.0057781431518728661872  | -0.00041358937363175440156 |
386   | 0.0021361629609041050265  | 0.0086406443054980359986  | 0.00017055046687262825672 |
387   | 0.0032574727336986916172  | 0.005068220201367479999   | 0.00055673517272791198541 |
388   | 0.0027210078770461775498  | 0.0082881782237061215474  | 0.00074222201673838483077 |
389   | 0.0041510093284733906235  | 0.0060683325698559550249  | 0.00087253399235013304538 |
390   | 0.0025289556090871963094  | 0.0016284518253906010796  | 0.00040637612015476532856 |
391   | 0.0070888803199018676771  | 0.0087673899035837898203  | -0.00021751771994301617101 |
392   | 0.00075932277010266489761 | 0.0074689018087030368404  | 0.00072611614446190918953 |
393   | 0.0030858426143239876122  | 0.0099268304218109015141  | 0.00014150956922503961149 |
394   | 0.0014688928073469209416  | 0.0014348000901578828598  | -0.00026625896607585322357 |
395   | 0.0090013907469307357506  | 0.0045651347592128256256  | -0.00042140549027754525477 |
396   | 0.0018554362046604459466  | 0.0098832390107322261319  | 0.00033116453819926743593 |
397   | 0.0015607098484150090049  | 0.0088635320113506603501  | 0.00016926780985260881989 |
398   | 0.0096943599585698810722  | 0.00094004041580685699601 | 0.0004227092883136621777  |
399   | 0.0019887320703506875148  | 0.0023192291836843640686  | -0.00033374995628604849562 |
400   | 0.00098057091460123486058 | 0.0061102667775965423258  | 0.00070737971694906560428 |
401   | 0.0080578378902317355365  | 0.0076286852563007727726  | 0.00089650854638478796182 |
402   | 0.0043869452583522585906  | 0.005757552428792309801   | -8.4416405716683650816e-05 |
403   | 0.0020988729940456555753  | 0.0025170629228976177348  | 0.00063124623168753658115 |
404   | 0.0022521427184848115226  | 0.00017427814692077124472 | 0.00075383141273543865374 |
405   | 0.009490363256290566818   | 0.0044663919576753609991  | 0.00055850385346984667782 |
406   | 0.0022381339629591102437  | 0.0087759762499156380999  | -0.00014640697461979041111 |
407   | 0.0064752222186122585998  | 0.0013674237168310721374  | 0.00032321587389000258584 |
408   | 0.002954895880610069591   | 0.0087663238071883087255  | 0.00032280061081238183365 |
409   | 0.0018546212984443190448  | 0.0081904850470966641951  | 9.3586885454062008777e-05 |
410   | 0.0020569096364545309992  | 0.0068142414118452709557  | -4.1000118751114018043e-05 |
411   | 0.0044714424179300351486  | 0.0022061149203075904567  | -2.6356040815661722557e-05 |
412   | 0.0016844015753157230968  | 0.00033122465056904787763 | 0.00015787657215196441475 |
413   | 0.0096782338890961609051  | 0.0029457896883809940071  | -7.3560862926081902434e-05 |
414   | 0.0042468864481003329447  | 0.0023216855880610486225  | -0.00039007180736789722787 |
415   | 0.0012367049614100727919  | 0.0037602548792593760117  | 0.0006692368141668143984  |
416   | 0.0054025100156012903496  | 0.00060310226431759537177 | 0.00056237654603202760079 |
417   | 0.001324272988318624892   | 0.0065517681183414793258  | -0.00037906884888103727776 |
418   | 0.0090226090335231799028  | 0.0065709619783127764386  | 0.00016434624523328691253 |
419   | 0.0050366604923818801554  | 0.0059673961990443476558  | 0.00099622018977780623511 |
420   | 0.0085819801090223218898  | 0.009684200106878156078   | 0.00046817180135410300284 |
421   | 0.00010618881469255699447 | 0.0098049840035504352148  | 0.00074903873832837125375 |
422   | 0.0096368099999487484564  | 0.0074469046279918528139  | 0.00072036242623456803874 |
423   | 0.0041591666594746768554  | 0.0031979153714675996947  | -0.00026527114779513607601 |
424   | 0.0076352830101093010703  | 0.0073523527183132477911  | 0.00072793399628884119211 |
425   | 0.0086015774424511547147  | 0.0077710871235759874237  | 0.00022836327447028079499 |
426   | 0.0036506668570760376392  | 0.005381388130047065968   | -0.00019324278740672078971 |
427   | 0.0057515972276867520507  | 0.0015872026639731976177  | 0.00022527683975675995461 |
428   | 0.0062089419903727125979  | 0.0084751800313605900328  | 0.00043749598441488103022 |
429   | 0.0036418688882595834366  | 0.0025320666423547439662  | -2.7337137456036366399e-05 |
430   | 0.007691313808595661751   | 0.0074271620608527405549  | 0.00020017168008972844825 |
431   | 0.0078578381360195903582  | 0.0058117662962671682442  | 0.00015156959698089337435 |
432   | 0.004801131460080904946   | 0.0040332925643293236762  | 0.00086150499593643219826 |
433   | 0.0053826938394118915843  | 0.002130080135165825922   | 0.00034078260418910567885 |
434   | 0.0051856062372367438609  | 0.0032466273835961528653  | 0.00037211096075454323708 |
435   | 0.0076860626944740464278  | 0.0075958139497303133608  | -0.00040372107959540601014 |
436   | 0.0063565783616556575594  | 0.0050743612235650634862  | -0.00026786777282052629846 |
437   | 0.0032940019469068983378  | 0.00042867538796890466762 | 0.00022100701166998272247 |
438   | 0.0030824124889394718951  | 0.0092153843670666028831  | -0.00017804262044162339862 |
439   | 0.0076077988998936620091  | 0.0083796334138155938176  | 0.00013784239947130862451 |
440   | 0.0066250422036346319835  | 0.009803018281393256067   | 0.00073717129014667622314 |
441   | 0.0015819007607778743079  | 0.0064880072749800279594  | -0.00011891060293862834411 |
442   | 0.0090281151666677817574  | 0.0056624255942966487953  | -0.00021487936104193537602 |
443   | 0.0078083773712419677487  | 0.0028843466572190325399  | 0.00049194988631273608298 |
444   | 0.0074824033146899341512  | 0.0096062245855173828551  | 0.00045920089936229719491 |
445   | 0.0074279010767627703937  | 0.0074985076639891698122  | 0.00047197113909766747787 |
446   | 0.0061818481796531935674  | 0.0091847510504587028674  | -0.00022801118909803936067 |
447   | 0.0031625649000634132105  | 0.00026592269652543740373 | 0.00016784264707400190744 |
448   | 0.0011393341422684265165  | 0.0029528467125948848655  | 0.00092466627950996745783 |
449   | 0.0004461918381155454685  | 5.9611636500515646688e-05 | 0.00046807865875955463695 |
450   | 0.005829645152358444056   | 0.0036082321148489726256  | 0.00097265236942821898386 |
451   | 0.0046362954052321346532  | 0.0045316918860657494361  | 0.00046256436561437845167 |
452   | 0.0025336660458118442918  | 0.0030215140856841076963  | -5.6494308001810896185e-05 |
453   | 0.006844952085747192834   | 0.0026805186091867845739  | 0.00045992441427430443262 |
454   | 0.0025999050890995367875  | 0.0036688815865492511482  | -1.601891089396926666e-06 |
455   | 0.0047279979119225047993  | 0.00015311524949736119361 | 1.7053561774368168071e-05 |
456   | 0.0076960277879308067878  | 0.0099868893157770005642  | -4.5037312562358661238e-05 |
457   | 0.0032812698931059579646  | 0.0055752098730294311069  | 0.00033951334067151232171 |
458   | 0.0099348250516081721556  | 0.0049332428160610798315  | -0.00042108422211887397554 |
459   | 0.0001994617182986207582  | 0.002987821298998573176   | 0.00056058216906788459113 |
460   | 0.0050100278134091180693  | 0.005929110836479547543   | -0.00028914969107270431688 |
461   | 0.0013509979710039097048  | 0.0027485243783976595795  | 0.00031400853945693643025 |
462   | 0.0043185862274625419835  | 0.0076453175481336795027  | 0.00037776352526230455283 |
463   | 0.0030456927131950338634  | 0.0062311415788151875567  | 0.00097955109061627788219 |
464   | 0.0050400602487920709988  | 0.0053592307490791992602  | 0.00024823238471280477608 |
465   | 0.0017692461874047424753  | 0.0015331996364143349234  | 0.00037349963967619765476 |
466   | 0.0049177810722613518254  | 0.0015555482878789406512  | 0.00060179567159283561817 |
467   | 0.0011672111116388880509  | 0.0050284283185011444464  | 0.00038825864458647761342 |
468   | 0.0078149981546361373119  | 0.008876762864429208616   | 0.00098664842274561511543 |
469   | 0.0092875805193441841184  | 0.0077846628433168186395  | 2.0618725293248249054e-05 |
470   | 0.0072279452893165823529  | 0.0032939779757350314167  | 0.00022877610624089366603 |
471   | 0.0045322615280408871594  | 0.0010651091090886318554  | 0.00066331438799208314924 |
472   | 0.0063157352095608403075  | 0.0051930197858821858237  | 0.00039844871733310093659 |
473   | 0.0054162132881162847534  | 0.007046815854805555876   | 0.00081156677898167929337 |
474   | 0.0083977847649376654443  | 0.0066021139115028763811  | 0.00073899118105476193502 |
475   | 0.0063456400673400376738  | 0.0095929120387279742665  | 0.00010364914772400607912 |
476   | 0.0096859949665693868825  | 0.0052946505721930834168  | 0.000507549892434856092   |
477   | 0.0060310171233801598834  | 0.0024302846123326342538  | -0.00036113450813780710201 |
478   | 0.0095034997073173040072  | 0.0046295595498625219388  | 0.00013138973475920116656 |
479   | 0.0055840335010549314518  | 0.0032230208119258235006  | 0.00074273672682608708057 |
480   | 0.0011537216792432338375  | 0.0094770170580773735458  | 0.00031625746742354942861 |
481   | 0.0042771174252024405163  | 0.00084181462564879489842 | 0.00017038419468514228892 |
482   | 0.00090661185947393232911 | 0.0032709662893076548069  | 0.00032369920401618214106 |
483   | 0.0096712719575511325171  | 0.00077051466830015298559 | 0.00031786498258792969963 |
484   | 0.00038866777076691484899 | 0.0057337980768339888438  | 0.00012813012067382058084 |
485   | 0.006840188458070038148   | 0.00070026402879906364096 | 0.00085776998460822826212 |
486   | 0.0033678697053909460724  | 0.0069740944706157001823  | 0.00050923406021648794789 |
487   | 0.0079602899268722895898  | 0.0054093496621384577067  | 0.00098479331065389526939 |
488   | 0.006095557610466752381   | 0.0020595780499502525443  | -0.00037728273511270903756 |
489   | 0.0078783081039900289266  | 0.0082302163135227549007  | -0.00010728720356260499583 |
490   | 0.008341928138547536481   | 0.0018422436930430722852  | 0.00065148286870577495206 |
491   | 0.0082340576510312474962  | 0.0072376642681339408217  | 0.00065187216192267715287 |
492   | 0.0066203874296103170857  | 0.0021608325075619136228  | 0.00066915589314918508951 |
493   | 0.0073222745107600923503  | 0.0077542877052015173056  | 0.00077887075282525566802 |
494   | 0.0081025106977208449094  | 0.0083161493464991749491  | 0.00045242897174850463336 |
495   | 0.00038112693251572145716 | 0.00095543163903632783579 | -0.00042107444696097958087 |
496   | 0.0099997679920561226979  | 0.0035674783800402004932  | 0.00012776655212346811619 |
497   | 0.0077952221317574930254  | 0.0021552466153957356571  | 4.6312813172110173319e-05 |
498   | 0.0021866945977193231326  | 0.0088885359287460344313  | 0.0004706681724853749825  |
499   | 0.004111823185170912151   | 0.0060701395500216805481  | 8.7580525749588746757e-05 |
500   | 0.002612183471975192562   | 0.0050395042545170057671  | -0.00031121658390446759303 |
501   | 0.0024679153055131475454  | 0.0079717274151382966352  | 0.00061142116534951827019 |
502   | 0.0077290005963329289768  | 0.004570187504794794367   | 0.00064147485255016973432 |
503   | 0.0030960390632619365706  | 0.0037470831791925761529  | -9.2411775509187852511e-05 |
504   | 0.0061223534557160123187  | 0.0027792796356539114025  | -0.00027101152259697078176 |
505   | 0.0020036965571508607263  | 0.0024843881737920112986  | 0.00028783246520066143107 |
506   | 0.0057411845414265519003  | 0.0018017341131655948815  | 0.00028651228032088629219 |
507   | 0.006256936416246534037   | 0.0038581206955420510769  | -0.00023332208147517946757 |
508   | 0.0041814763367292858906  | 0.0046821602060127141473  | 0.00023845760826576823613 |
509   | 0.0076468296965650078834  | 0.0030181823232696500942  | 0.00096406121626751387771 |
510   | 0.0014817068292813991449  | 0.0018071890750445259929  | -0.00037059467149526279179 |
511   | 0.0036590181049035372385  | 0.006698115730265968501   | 0.00035028643935853024348 |
512   | 0.0059707628514034721476  | 0.001626101428059519927   | 5.3519034365997197064e-05 |
513   | 0.0062638399618580066497  | 0.0014567275522545690067  | 0.00061133264958826861318 |
514   | 0.0073458640092485287185  | 0.0036083073752304194864  | 0.00025132582174578832826 |
515   | 0.0046352119858946621081  | 0.0010809420362266131729  | 0.00067367858331296871094 |
516   | 0.0064850239494682422256  | 0.0023266786635379307566  | 0.00056810983276606597664 |
517   | 0.0038676622976076685534  | 0.0014837895428776043134  | -0.00016963136652374790551 |
518   | 2.9003398739879005669e-05 | 0.0058517255900470896424  | -0.00012182845145050290282 |
519   | 0.0035773506982643621041  | 0.0099154946637174147528  | 2.3028582416916625812e-05 |
520   | 0.0061705403022063783774  | 0.0089421527822376618844  | 5.5007269251848082124e-05 |
521   | 0.0077027378285780788436  | 0.0067496840616131795546  | 0.00053702272149653337147 |
522   | 0.0039030137017677297463  | 0.0074207390017881035005  | 0.00072192299032220299052 |
523   | 0.0066047309827192155277  | 0.0099695653940941129229  | 3.1366972212808547278e-05 |
524   | 0.0098524022662640695081  | 0.005661717992166135846   | 0.00017946789596824371058 |
525   | 0.0090018219198588038388  | 0.00077411481501154719154 | 5.9305952708733413817e-06 |
526   | 0.0081568544814514462593  | 0.0086683264380073548477  | -0.00039881155184780085494 |
527   | 0.0087442167943220100446  | 0.00045892866679709306676 | 0.00075801578965830219287 |
528   | 0.0061755923096040929443  | 0.0044889038971084437718  | 0.00014698725748190483685 |
529   | 0.0065420524510863753073  | 0.0039722362585331459292  | -6.5565265242611064445e-05 |
530   | 0.0026027539375396147037  | 0.0035047513117329731624  | -0.00028593328240576483101 |
531   | 0.0039524199848010779096  | 0.0014532420675035121003  | 0.0005743446848945734165  |
532   | 0.0052777368598486739185  | 0.00098053105204141803065 | 0.00054052423414435171126 |
533   | 0.0066467245327999305987  | 0.00766783588586876768    | -0.00030616289605612232762 |
534   | 0.0048413277346666221124  | 0.0054498660704877677913  | -2.8223920025473398453e-05 |
535   | 0.0064397692021264402867  | 0.0088012246982658859373  | 0.00015547044151411395238 |
536   | 0.00036236178337634643949 | 0.0036053799862723928844  | 0.00088345285540755431712 |
537   | 0.0041639777984333759681  | 0.0010789927281440374416  | 0.0007237693432922817291  |
538   | 0.00080708334745228764179 | 0.0044707100302777986328  | 0.00063193619632330878116 |
539   | 0.005438338648821240684   | 0.0089623375554756939954  | 0.00012572617867277009664 |
540   | 0.004355320570581089519   | 0.0024809230001839699224  | 0.00020449708436961894762 |
541   | 0.0013592976747847291576  | 0.0033908830339336375019  | 0.00057637540947026635191 |
542   | 0.0035404751931573321018  | 0.0051440946657263664915  | 0.0002298824581032367061  |
543   | 0.00029723606505060112077 | 0.002109426501954930061   | 0.00068143310414167743844 |
544   | 0.0050687854847002158584  | 0.0026614637508184041739  | -0.00031582285698819769068 |
545   | 0.0042842971254745789225  | 0.0012099970490824464228  | -0.00010041261020137411651 |
546   | 0.0091642232345976338409  | 0.0089208160542836711232  | -0.00034215326484439005953 |
547   | 0.0016934132297012338946  | 0.0076133564594408681056  | 8.7228637217838403493e-05 |
548   | 0.0042198280949413613169  | 0.0086837360762882526838  | -4.9563513257325901866e-05 |
549   | 0.0050421235709538023834  | 0.0053321454892815145499  | 0.00062319221458260239815 |
550   | 0.00062978933445804118844 | 0.00121104005813112061    | 0.00041945111604563798963 |
551   | 0.006184593018256853876   | 0.0026177511684074084367  | -9.0658620561498372194e-05 |
552   | 0.0038693540354035227576  | 0.0095923898360632895571  | 0.00040372800609424306512 |
553   | 0.0069275444783703727172  | 0.004079933409041788285   | -0.00026246180502274683464 |
554   | 0.0073138559576643542501  | 0.0013048518926405351572  | 0.00036316387443002486795 |
555   | 0.00094839727048525866888 | 0.0074972583857727762707  | 0.00017973082451844542393 |
556   | 0.0016378567055251715221  | 0.0078395917327321474471  | -2.5697200171099955911e-05 |
557   | 0.0088068421195877776703  | 0.0089771219808837208337  | -0.00043258030305972023158 |
558   | 0.0012761170703082069626  | 0.0034349040583088780339  | 0.00062841379542575984737 |
559   | 0.0037184990241224272559  | 0.0058671426345042318115  | -4.0525501126891860722e-06 |
560   | 0.0046429683938334189233  | 0.0027657842914817470231  | 0.00015169219319725955192 |
561   | 0.0057023832133918060661  | 0.007854603202989361363   | -0.00029498408713699540706 |
562   | 0.0052849387243761479158  | 0.0052307210984149912422  | 0.00030185743376390846565 |
563   | 0.0036870194271518899609  | 0.0046950940523660666948  | 0.0005962263962212285091  |
564   | 0.0028037837470240253336  | 0.0077500305420793386482  | -0.00036336670038966038896 |
565   | 8.0815487024895406353e-05 | 0.0089484269885061768629  | 0.00021232206475192005749 |
566   | 0.0091151786933667561935  | 0.0096522831387025626732  | 0.00068423791461583042053 |
567   | 0.0028611705883433533222  | 0.0076491384890500354818  | 0.00034262978338710253128 |
568   | 0.0069275211696802748915  | 0.00047136379393499449556 | 0.00039396951965195762223 |
569   | 0.0088758250572687161922  | 0.0049059844837613620847  | 0.00069511186887268202033 |
570   | 0.002391323593214287474   | 0.0092116016285578618261  | 0.00031555218576298157962 |
571   | 0.0077736352760757023231  | 0.00078639038189071391437 | 0.00059272334194753362614 |
572   | 0.0070382567520325019228  | 0.006766877614674681081   | -0.0002193311456738378381 |
573   | 0.00023541218709786872112 | 0.0041506904393820084898  | 0.00071817825068949594364 |
574   | 0.0072712677450090783954  | 0.00040634539147172191436 | 0.00026069010845012588647 |
575   | 0.0059007264095078176477  | 0.0088250820149877173826  | 0.00052231546786039157165 |
576   | 0.006036688143298644775   | 0.0038674549263548064354  | 0.00052582476951960974848 |
577   | 0.0094011840366874151881  | 0.00843377328958341832    | 0.00058437049776068148571 |
578   | 0.0034449161162055106158  | 0.0036003382991279492091  | 0.0004747789467405329482  |
579   | 0.0095378460243323633788  | 0.0037712453604986239004  | 0.0001097509634495911552  |
580   | 0.00087853931225135878814 | 0.0091619670927117601716  | 4.1005601363241340031e-05 |
581   | 0.0076448356529027813172  | 0.0014950230119980718619  | -0.00021729733633501751157 |
582   | 0.00022978829354283145667 | 0.0017315287603016334735  | -0.00018603093317917911848 |
583   | 0.0039695012055951436197  | 0.0061827868063714782818  | 0.0004384244550026860027  |
584   | 0.004071810361614059369   | 0.007803455142678017778   | -0.00038816179202998818409 |
585   | 0.0091422023534200765049  | 0.0029135746808142269811  | 0.00039699383213030010279 |
586   | 0.0021588880151989270524  | 0.0070014500388719258517  | 7.0097147687072806693e-05 |
587   | 0.0096260405711404255225  | 0.00066824556635877035721 | 0.00040126745799908111658 |
588   | 0.0017235864713489928643  | 0.0023908885461803607887  | 0.00029357530643248731577 |
589   | 0.0015945554818577100872  | 0.0044418724762859971081  | 6.3449774927498467478e-05 |
590   | 0.0051632100024773053618  | 0.0048138727497703632727  | -0.000400486439814064048  |
591   | 0.001476126517412827124   | 0.0092413836230851101328  | 0.00031345897728664914167 |
592   | 0.0042064087602422649964  | 0.0059604016661533613594  | 0.00075632275423464113279 |
593   | 0.0097455793044223075483  | 0.0019324333110512256859  | -4.12318385005352596e-05  |
594   | 0.0043826106526077893144  | 0.0096733204529368069929  | -0.00026024510035441757866 |
595   | 0.0062142124427043499493  | 0.0088262026851215463069  | 0.00080272101328913905011 |
596   | 0.0024525577686245955689  | 0.002199410338814135335   | 0.00088176846844345558012 |
597   | 0.0061266612530582569007  | 0.009658458069590506942   | 7.85352583017227498e-05   |
598   | 0.0080468240842235892046  | 0.0081161307303189971635  | 0.00096389987121430083759 |
599   | 0.0070072617913817525359  | 0.0068563240169483893188  | 0.00066300921147360424718 |
600   | 0.008118447498323581174   | 0.0042256430840515515901  | 1.5901610801636576641e-05 |
601   | 0.0040737173903596631333  | 0.0096087845390027543102  | 0.00069420676232401137135 |
602   | 0.0059674139110043886505  | 0.0018837930901005564988  | 0.00041077807874622003764 |
603   | 0.0042579180655320375548  | 0.004809075394270273876   | 0.00086030989008016253445 |
604   | 0.0028726111765935385782  | 0.0053864547167488726481  | 0.00039712804177955383922 |
605   | 0.00064732372593799753554 | 0.0038101809303808212466  | 0.000163823251149049047   |
606   | 0.0061174168529518832549  | 0.0069682201187675893092  | 8.8890144872782970715e-05 |
607   | 0.007048084714190795512   | 0.00411958157137892831    | 8.7596230238562840459e-05 |
608   | 0.0079611386847361596819  | 0.0075655009694666694453  | 0.00061751925372089972593 |
609   | 0.0022859669211634579648  | 0.0037274178659075767744  | 8.4762192637708003466e-05 |
610   | 0.001805059969974082525   | 0.0019933466327179583284  | 0.00098257776165854449762 |
611   | 0.0043740784678243486983  | 0.0055850743002668727655  | 0.00032152382651409565362 |
612   | 0.0022067489291594886286  | 0.004572551628776522388   | 0.0002192984809552557513  |
613   | 0.0022436666605557403775  | 0.0016726860626409621301  | -0.000371788563493347427  |
614   | 0.0043348404788734412954  | 0.0054364429303170435509  | 0.00097465276055638903202 |
615   | 0.0044994111510339206486  | 0.0052486190088099462028  | -0.00035919061008241965011 |
616   | 0.0016064172157799021506  | 0.0061092219374030845916  | 0.00049101483764425139095 |
617   | 0.0019850328280816812061  | 0.0052681750770942371853  | 0.00014867306800888871335 |
618   | 0.0024513104836901698953  | 0.0018976975300745661107  | -0.00019355522515077772756 |
619   | 0.002258030077917766703   | 0.0051373360153596616187  | -0.00043705145062924354244 |
620   | 0.0034091689880835877868  | 0.0012797873033857322302  | 0.00010201935226685121441 |
621   | 0.0082967431759899366861  | 0.0059344583999341215044  | -0.00016256901818266595249 |
622   | 0.00036148171641157522248 | 0.0093951016915204896285  | 0.00067629823989945932888 |
623   | 0.0084052315696812283929  | 0.0045823943121455325625  | 0.00090786711303019514835 |
624   | 0.0033219648798900277588  | 0.0039730568470502684517  | 0.00043580193868325328883 |
625   | 0.0047066607179075568498  | 0.0044852922601835614261  | 0.00095382281828683152664 |
626   | 0.0045856809541848586945  | 0.004484752079326628435   | -0.00039601385287495931373 |
627   | 0.0067853582931231767872  | 0.00016282084417142714088 | 0.000265196874848481947   |
628   | 0.00079532589892236508523 | 0.0053778036325788517238  | 0.00031155761639477784226 |
629   | 0.0025418186207874500331  | 0.0062762815118024032832  | 0.00098412032281287604302 |
630   | 0.0029481217113271436167  | 0.0069460736873457528881  | -0.00044731933552847826961 |
631   | 0.008731773798715375054   | 0.0099961411697998513171  | 0.00091879038072116819141 |
632   | 0.0072300269042380018239  | 0.0069726700984940248249  | 0.00070478610510299726649 |
633   | 0.0062716934856046043303  | 0.00413300197315126603    | 0.00045345978086770222844 |
634   | 0.0052905004907534318795  | 0.0042309878920984804462  | -0.00014499733900464367351 |
635   | 0.0035065781765163642376  | 0.0023147305535768042742  | -1.7557619170144397219e-05 |
636   | 0.0038855734162512420467  | 0.0014563606825016698395  | -0.00037279966126347956722 |
637   | 0.0058187361090312021694  | 0.0045739000901700854751  | 0.00067748505193908131403 |
638   | 0.0090036794616655032447  | 0.00022244327957219987455 | 0.0001456315025329550704  |
639   | 0.0060343882723672970236  | 0.0069321826271493995272  | 0.00071807692366182725423 |
640   | 0.0024512917911163733392  | 0.00094416979307088339836 | 0.00099753633295965923183 |
641   | 0.0088958474460477596213  | 0.0018622928935186830717  | 0.00016504886492054495753 |
642   | 0.0051815324345599305528  | 0.0073341316487374515892  | -0.00032988566363023510541 |
643   | 0.0086983100449976851615  | 0.0043138090453121950146  | -0.00012535705049884055505 |
644   | 0.0014780044304290665142  | 0.005127116113813635738   | 0.00086279482878590021272 |
645   | 0.0019204591834342827489  | 0.002972402109029624595   | 0.00058875566167452837024 |
646   | 0.0052207518648337862197  | 0.002956845666970876578   | -0.0002331234349120045598 |
647   | 0.0020155219103513795018  | 0.0017516647793804126371  | 0.00019923359238973624495 |
648   | 0.0044180654287168169211  | 0.0088633237688897931889  | -9.205696064363854444e-05 |
649   | 0.0062262956855629447012  | 0.0062609377966540711094  | 0.00065295442206671130275 |
650   | 0.0028474006507487603646  | 0.0024846771054134676911  | -0.00024828005035653098525 |
651   | 0.003715669762595764751   | 0.0065068956486788228494  | 0.00079314617849025968038 |
652   | 0.0016612825335131388687  | 0.0034019701717446114084  | 0.0009015438907458355822  |
653   | 0.0049366938511798815967  | 0.0039666834494718966955  | -0.00019650704782607242857 |
654   | 0.0068139559577839242319  | 0.0047742428443666587792  | -0.00012914826662978871365 |
655   | 0.0094350092895716403812  | 0.0070012657628074521921  | -6.0229183820786475455e-05 |
656   | 0.00088313812607176305543 | 0.002419796773566432798   | 0.0004917296821258200154  |
657   | 0.0069181681240075478673  | 0.0015220366086439282745  | 0.00084215827225782736304 |
658   | 0.0063991943775760038587  | 0.0041525832897855502121  | 0.00044215891944169726131 |
659   | 0.0062042557193598968368  | 0.0029765020442886589054  | 0.00021047868125820815748 |
660   | 0.0051701712983506968938  | 0.0042483295225115872903  | 0.00018201421223491584902 |
661   | 0.0019757800711646704081  | 0.0038697037120328193691  | 0.00097910554256036303605 |
662   | 0.0081027063189751426242  | 0.0070455866329349210037  | 0.00051860516271686840726 |
663   | 0.0019595918540763245311  | 0.0064523309686673286853  | 0.00082971890662456981164 |
664   | 0.0085122848590927259471  | 0.0057273021718981485806  | 0.00017423150998393133887 |
665   | 0.0082211644045027867239  | 0.0090358095159511295918  | -2.5532026713050813826e-05 |
666   | 0.0044285283789140261757  | 0.0012802458208995197517  | -0.00011478265949330837927 |
667   | 0.0083990268019992261189  | 0.0075950925030450104972  | 0.00032235241776245714823 |
668   | 0.0025958402404621275066  | 0.0059452816056353181146  | -0.00015028737867042222761 |
669   | 0.0010346095923080068143  | 0.00710657901084516333    | -5.4412242651148509827e-05 |
670   | 0.00092278520436477582973 | 0.0061867689711920838269  | 0.00018288664834446795348 |
671   | 0.0025734425424764734679  | 0.008467404376828318105   | -9.1825774180172964177e-06 |
672   | 0.0032419848899660386361  | 0.0038456139468268746122  | -0.0003647191022317907436 |
673   | 0.003445056693281504847   | 0.0028562301459498212058  | 0.00086461214930479753787 |
674   | 0.0070775434479669555726  | 0.0027608464450887765587  | 0.00016290926381356608029 |
675   | 0.0089760136403909274866  | 0.0056371897892802192223  | -0.00039409748867996687201 |
676   | 0.0083596434894288064454  | 0.002908976124337625882   | 0.00053159967323282517754 |
677   | 0.0064027783632917218207  | 0.0079536789758773412257  | 0.00020696801302304957239 |
678   | 0.0014142180810582441735  | 0.0073564925109115874083  | -0.00026039951107928834472 |
679   | 0.0074607832727124042196  | 0.0021404812523934295745  | -0.0001104585861116958714 |
680   | 0.0032950498583316782837  | 0.0023007686187985249178  | -0.00017514335824964183896 |
681   | 0.0075823866699378855358  | 0.0076615675996351273458  | 0.00097015385157228541807 |
682   | 0.0055814735948429795506  | 0.0019278698583066985247  | 1.9388362592021726803e-05 |
683   | 0.0032303941827798014243  | 0.0070797766944967451333  | -0.000330535086176747127  |
684   | 0.0060816988902224989808  | 0.0019063918157519101505  | 0.00095490770226657525205 |
685   | 0.0070481507206055999185  | 0.0031251686701407226446  | 0.00051529108481668511182 |
686   | 0.0043640800487476727812  | 0.0021660940380225793614  | -0.00035005917964025064964 |
687   | 0.0054803504816840686517  | 0.008152328837334604783   | -0.00039710734565496526695 |
688   | 0.002078932519288523989   | 0.0066052957225100411218  | 0.00012693428733697917615 |
689   | 0.0087566442964417730982  | 0.0054548239164153794825  | -0.00013916900228180971899 |
690   | 0.0071224179435711142822  | 0.0096870050221565980053  | 0.00036971672722956386292 |
691   | 0.0038619923153106632853  | 0.0023385339166107736719  | 0.00041526424565702514495 |
692   | 0.0047784942468924885423  | 0.0023964319858835922937  | 0.00055760204071401194698 |
693   | 0.0051204791422731280037  | 0.0053373751632213098373  | 0.00019391063146014328065 |
694   | 0.0069724991145100013654  | 0.0069041626494966345726  | 5.7137204503601578709e-06 |
695   | 0.0051591737221098870475  | 0.0081844793480678468267  | 0.00023155572095346694432 |
696   | 0.00084511628320514773239 | 0.0027577505977016123807  | -0.00030685832137197999398 |
697   | 0.00077847158765762013762 | 0.0029075714019097778813  | 0.000875567550552961457   |
698   | 0.0096966619178970175907  | 0.0030314510590002314606  | 0.00025605234422205070538 |
699   | 0.0080920348259245801492  | 0.000412613810153006843   | 0.0005203862371200096773  |
700   | 0.0032324336172673572877  | 0.0021359512868939587588  | 8.4222962906650960645e-05 |
701   | 0.0020668016647608093879  | 0.001932860896036510184   | 0.00093763469339114367124 |
702   | 0.0060779852774885062897  | 0.004034188529252273267   | 0.00064185603256447726697 |
703   | 0.0019764537246941900513  | 0.0019773120677674320238  | 0.00093254235192572810555 |
704   | 0.0048636727186387139488  | 0.00066716142873665055645 | -0.00034631546682426786118 |
705   | 0.0024898832438150892386  | 0.00056596480438880672047 | 0.0003310686486113106116  |
706   | 0.0078446181061407934537  | 0.0078255202742621536582  | 0.0001868287533613292872  |
707   | 0.0057612513573200678507  | 0.0044493063828809605378  | 0.00085067883894211337309 |
708   | 0.0024287087440870982688  | 0.0085628785332654434176  | 0.00022070012118018700353 |
709   | 0.0028275622900353503814  | 0.0022796043389456035339  | -0.00042288980809850664497 |
710   | 0.00068161147909402849086 | 0.0064471047719122914071  | 0.00095523705345582500103 |
711   | 0.0048145023944902911456  | 0.0036697018067529995136  | 0.00038512951792855101797 |
712   | 0.0077469499031561830232  | 0.0058689256788975142573  | -0.00022620169961800099499 |
713   | 0.0063297633433949647766  | 0.0096165762065735030384  | 0.00051253449924815262101 |
714   | 0.0014581010937623328089  | 0.0053713050572026061966  | -0.00034988444436101446893 |
715   | 0.0055270227100678972001  | 8.4961279459208827658e-05 | 0.00080355103447004878198 |
716   | 0.0091644203842916917291  | 0.0091952783775957891432  | -0.00010813191239837610213 |
717   | 0.0032284512328795409754  | 0.0019812015861344735648  | 0.0008350500894531618333  |
718   | 0.0044006030346423960498  | 0.0053620812881401665531  | -0.00010314692544873446905 |
719   | 0.0030199891878871379727  | 0.005523995236710298358   | 0.00054908323442479035816 |
720   | 0.0013454288379968666351  | 0.0097623930874500899901  | -0.00022097664431680634966 |
721   | 0.0083545327692945061532  | 0.0071185674949901861161  | 0.00033134188374290022769 |
722   | 0.0046428313339091035333  | 0.00091618276800488156458 | -0.00041424944994791686745 |
723   | 0.0069658042311709572961  | 0.0093114419406249634981  | 0.00049187151779684929603 |
724   | 0.0052679990036508016552  | 0.0054253161745694859427  | 0.000959405096610449655   |
725   | 0.0076308757925323839749  | 0.002654588995899785208   | 0.00025660286462505968019 |
726   | 0.0064645985465961765259  | 0.0074462884114488182841  | 0.00078142095978061838074 |
727   | 0.0066554735196377367776  | 0.0049924175489162187641  | 0.00061764871081112972945 |
728   | 0.0097078164908958024942  | 0.0039259937435870903566  | 0.00020226375891647035499 |
729   | 0.0016991433430224090525  | 0.0015625731058842178868  | 0.00028184623162059703558 |
730   | 0.0090057805493159327065  | 0.0084403098169601002698  | 0.00023640299776926307612 |
731   | 0.0078801580332614456353  | 0.0037520325077657198584  | 0.0001055933125367301828  |
732   | 0.0013208651794951419001  | 0.0051429839678369011768  | 0.00010498504095430823482 |
733   | 0.009208743196904484174   | 0.0094887401284359847858  | 7.5093223351851574854e-05 |
734   | 0.0061564825869188299565  | 0.0039247216489206714768  | 0.00052100262550608834183 |
735   | 0.0087517705682473665579  | 0.0096408129487191695367  | 0.00067927738262545361413 |
736   | 0.0080372695624481033799  | 0.0072994257890916054363  | 8.9013573152492449897e-05 |
737   | 0.00082684828874296512069 | 0.0036179416605135088572  | 0.00054236601013908853405 |
738   | 0.005526485996960178726   | 0.0073564037075564700854  | -0.00014516574221998292658 |
739   | 0.0074575676170684883359  | 0.0077363991218486975049  | 0.00048779438110344085049 |
740   | 0.0038943806319866347034  | 0.00064223186632478897629 | 0.00035124341938138286352 |
741   | 0.0071613292159052096414  | 0.0055220475547900580576  | -0.00041808009142372458368 |
742   | 0.0050344303891438190596  | 0.0062107499416037765042  | 0.00050469660198676036082 |
743   | 0.0037410535790333358623  | 0.0026189908164050762149  | 5.5984121322246355222e-05 |
744   | 0.00033898462595976125737 | 0.0035276263780570039572  | 0.00046697876446123807309 |
745   | 0.0044300645406734947412  | 0.0057149864532098776371  | 0.00084041632866156418952 |
746   | 0.0036531566335455812992  | 0.00083103614093718797609 | 0.00043799419665398837617 |
747   | 0.0056268887210465393448  | 0.0040416379120417457796  | 0.00074163882204055561059 |
748   | 0.007301012106777412386   | 0.0065093690232242802304  | 0.00037729957676490969744 |
749   | 0.0051140376816816469907  | 0.0025125381501633742808  | 0.00076176266544537428894 |
750   | 0.0014726305820247063711  | 0.0085642003282327405778  | 0.0003218846055500814156  |
751   | 0.0036323032105614904731  | 0.0060377740954395200945  | 0.00035596230570336586524 |
752   | 0.0067971155825039455273  | 0.0097498350075352121363  | 0.00013498539918039436942 |
753   | 0.0058301094883420950463  | 0.00053776581457714829962 | -2.0572594276551101833e-06 |
754   | 0.00069465584754594788923 | 0.0011228093543005630665  | 8.5528945132121219014e-05 |
755   | 0.0098040307011165936379  | 0.00017153620912206427539 | 0.00096145359434125267101 |
756   | 0.0094277030676671105813  | 0.0011511465153087106598  | -0.00038035175353929933598 |
757   | 0.0041146735640892884156  | 0.003773643030615238779   | 0.00068786362533836749745 |
758   | 0.0048866746178154816388  | 0.0013130827800037559502  | 0.00077299362074131558464 |
759   | 0.00356503764355537529    | 0.0098440754384172077934  | 0.00010817128423441308349 |
760   | 0.0064110211608583182394  | 0.0058695449219283955811  | 0.00034935622831989542741 |
761   | 0.00039730682988273614657 | 0.0077438464803974860901  | -0.00012251058821564136058 |
762   | 0.00514304284391221226    | 0.0029700856249237732321  | -0.00029445555743578161493 |
763   | 0.0094653899576960520701  | 0.0047158333452769424579  | 0.00061314295242766441059 |
764   | 0.0069706114034089770512  | 0.0089547079624533679892  | 0.0001484827818507833538  |
765   | 0.0018146393495321313724  | 0.0082665029442271185933  | -0.0001115564220738222772 |
766   | 0.0098303932928959641968  | 0.0055186674315277680497  | -0.00025100643238900135525 |
767   | 0.009588998264601234639   | 0.0049242287920380194838  | 0.00092719489669127689441 |
768   | 0.0050121884869053761474  | 0.0074364267332691453768  | 0.00092672802139711024736 |
769   | 0.0056956969797835165642  | 0.0038204243527549647773  | 0.00028950349182806111616 |
770   | 0.0034167279068406872233  | 0.0089133800267142838242  | 0.00065067274706533107225 |
771   | 0.0039288241997961033045  | 0.0085310600565124319189  | 6.5750193733060680046e-05 |
772   | 0.0036889281170327178905  | 0.0078958346082163479579  | 0.00095409957464068684187 |
773   | 0.0086995762486905738736  | 0.0012681985194774236456  | 0.00028797457885271221393 |
774   | 0.0046282100663131405319  | 0.0052342789393602867989  | -3.0934507160173651662e-05 |
775   | 0.00069536127753227171266 | 0.0050854659064041842984  | -0.00032627294565936880086 |
776   | 0.0026069276539942144548  | 0.0010229800541608868696  | 4.7851844474558423415e-05 |
777   | 0.0024170165300502846097  | 0.0033727870189878689233  | 0.00038910014052184852288 |
778   | 0.0096504047489790866637  | 0.0073465325820533770862  | 0.00012327162835280066483 |
779   | 0.0051675938901994521862  | 0.0082675253704600059484  | 0.00061753131506426270445 |
780   | 0.0042701052448999932479  | 0.0073548644862168654004  | -0.00028683741115751164742 |
781   | 0.0053766877377071512281  | 0.0082988795570466452473  | 0.00044147008114648255903 |
782   | 0.0010569132131003327723  | 0.0021494625753722398573  | 3.3908703183365771351e-05 |
783   | 0.0061247875198030292052  | 0.0089476234784828228425  | 0.00082703710047263723909 |
784   | 0.0039774597757727117239  | 0.0068313948591600965471  | 0.00016597197395840183063 |
785   | 0.00030411156163850905886 | 0.0047159282070533808245  | 0.00017808783500814732038 |
786   | 0.0078145220798224151321  | 0.0060289718751697128976  | 0.00045897625666406483003 |
787   | 0.0068397905357942155244  | 0.0059165024112921614854  | 0.00045724950208914354882 |
788   | 0.00183131706864027256    | 0.0064042581992191744897  | 3.2046696962850908057e-05 |
789   | 0.0032285311253902517631  | 0.005078021329627743774   | -6.1936108311017474279e-05 |
790   | 0.0043332124669735730058  | 0.0026589178527223144254  | -0.0001928795169600544025 |
791   | 0.0027097206228510382041  | 0.0061481113575141558072  | -0.0002061607768313680224 |
792   | 0.00077909053804286186075 | 0.0091851989914085649391  | -0.00023539220213475371734 |
793   | 0.0023037347411065823427  | 0.009675393631414661022   | 0.00056659011027592734097 |
794   | 0.0031463608663764158768  | 0.0071802945765021214744  | -0.00030635357184928058757 |
795   | 0.0063150736791383393562  | 0.007552186875425104598   | 0.00059422421282224937439 |
796   | 0.0033159220155339215984  | 0.0094826010637679009063  | 7.5897323694007672257e-09 |
797   | 0.0011279207406309828959  | 0.0075260130023371849331  | -0.00016087229281946480251 |
798   | 0.0035495059082598567554  | 0.006311524923721972824   | -0.00034225251498575280174 |
799   | 0.0060430547129258068914  | 0.0071254929172383631511  | -0.00024212427739031319447 |
800   | 0.0053843142258053209095  | 0.0011188040990307954355  | 0.00054699910291210673222 |
801   | 0.0020194284768464657205  | 0.0074409566824798220944  | -0.00036839030678598481483 |
802   | 0.0043632799496265478253  | 0.005594621096632117381   | 0.00010243423821272224145 |
803   | 0.0085091684580840543095  | 0.0058756743041217650986  | 0.0003901487680739680261  |
804   | 0.0057803848053212363023  | 0.00042726465474090706076 | 0.00030636757609903055716 |
805   | 0.0018018477220445873986  | 0.0027626336504538231975  | 0.000694647829391862974   |
806   | 0.0068922056574348055866  | 0.0040704197550395591204  | 1.1638327849910186596e-05 |
807   | 0.0044392620604784055124  | 0.0090044571349100124141  | 0.00048251490640711122791 |
808   | 0.0098433676006678284126  | 0.0093556651874658076223  | -7.8045360102866188803e-05 |
809   | 0.00085283291890289624794 | 0.0016145563600195565485  | -0.00039305983792875976313 |
810   | 0.0054384942722622581918  | 0.007158215907293844979   | 0.00053381997307660566769 |
811   | 0.0092060976060885715833  | 0.0023143479027514699507  | 0.0004441547508765289129  |
812   | 0.0065386586883964927311  | 0.0069671429455470121686  | 0.00044645460169886672097 |
813   | 0.0059744725470882277876  | 0.0098350056640515333417  | -9.4372472862506960058e-05 |
814   | 0.008288689682624358207   | 0.004222152815109944668   | 0.0006586353774531610375  |
815   | 0.0032164808349994218964  | 0.0056765445153352696306  | -0.00016091336892592393148 |
816   | 0.0074164719609060717267  | 0.0064151080654124758781  | 0.00044084448499589427156 |
817   | 0.0045276272058847417609  | 0.0086424084309324102765  | 0.00093006596115622394011 |
818   | 0.0023864993051832591314  | 0.0069864548591827358229  | 0.00076982045524905335157 |
819   | 0.0049503454339088594563  | 0.005263300841713067571   | -1.5638100338584139749e-05 |
820   | 0.0086160906225552606752  | 0.0048656989101936980874  | -0.0002012008041800700676 |
821   | 0.0086275330884971225542  | 0.0070609276152683204952  | 0.00039729750078550563498 |
822   | 0.0085010257534044730843  | 0.0018103566068069598758  | 0.00031076229584925055141 |
823   | 0.0014726000792078988277  | 0.001743496465829317589   | 0.00022450839879010551082 |
824   | 0.0078630365371718524692  | 0.0094523408280725081804  | 3.5028167472354009016e-05 |
825   | 0.0010714399856562837905  | 0.007629732820489622605   | 0.00082032916330499144972 |
826   | 0.001250549733754516453   | 0.0067612235188270969691  | 0.00070369973058183928755 |
827   | 0.0082934978440369535452  | 0.0038490138376411184469  | -0.00026906859489980917586 |
828   | 0.0093475200357893244163  | 0.0027059338104698212393  | -0.00018251851753477518368 |
829   | 0.00018312656989586574975 | 0.004624509900665524538   | 0.0001337036938435110108  |
830   | 0.0052735618222274974198  | 0.0083794415182326994346  | 0.00021066409219047511707 |
831   | 0.0055635424675474958248  | 0.0021341269326614641967  | 0.00071332580812546422973 |
832   | 0.0086167854541863500573  | 0.0061989790462060436263  | -0.0001156559804920428389 |
833   | 0.0060297894740364904251  | 0.0038537022532045472553  | -0.00022256240294559224502 |
834   | 0.0032799193633954535493  | 0.0068502425469759362087  | 0.00072891189543638611886 |
835   | 0.0061672251230421235024  | 0.0048619282146705085357  | 0.00042225176171629567662 |
836   | 0.0069623401630876206869  | 0.0051594038642408463283  | -0.0002350283608708994337 |
837   | 0.0040068093452164960794  | 0.0021843420311989493812  | 0.00043770964513297058382 |
838   | 0.0032180308640436623355  | 0.0025920425660528570617  | 0.00079787716110600310875 |
839   | 0.0095206482649228246079  | 0.0079580539567114562394  | 0.00088288977768890501002 |
840   | 0.0085899746445332447048  | 0.0045138453745209522819  | 0.00056688198774943344277 |
841   | 0.0082959645423097330003  | 0.0072553385834364190338  | 0.00040580350800934085606 |
842   | 0.0094664590625481454672  | 0.0031197467519896073668  | 0.00056366456890810049535 |
843   | 0.006460071440237244618   | 0.0086645234540530264439  | 0.0004349244846828543426  |
844   | 0.008746526444721118565   | 0.00064682550842689429636 | 7.0707195919705357907e-05 |
845   | 0.0070014875077899843547  | 0.0040382035302350379261  | -0.00029362852635769553589 |
846   | 0.008313907667837319021   | 0.0057915838475886566999  | 0.00031162436655010248253 |
847   | 0.005719938090187035723   | 0.0035432266020344691665  | 0.00076469549635166053376 |
848   | 0.003602345568225041525   | 0.0063628432696410906766  | 0.00011420730396103414422 |
849   | 0.0032502407308284092351  | 0.0045111855519572819848  | 8.1243619653409144925e-05 |
850   | 0.0083473704360120630497  | 0.0052079566585635211212  | 1.9951702830557153088e-05 |
851   | 0.0011785109075842237214  | 0.0027370908224434338518  | -0.00024854360078494820707 |
852   | 0.0050560169195579965709  | 0.0036468366903086003004  | -0.00029927968348968618647 |
853   | 0.0026105123018886930257  | 0.0023623842775881745935  | 0.00029651568190776459192 |
854   | 0.0027422354070167033122  | 0.0012513394556172617676  | 0.00066303712327113505445 |
855   | 0.002822538261705010397   | 0.0044006173996503422305  | 0.0003100869012034419489  |
856   | 0.0094914809527492840363  | 0.0072097613460361774373  | 0.00076770440149059101121 |
857   | 0.006579133074051096014   | 0.0057782149794618764549  | 0.00079997957166009440316 |
858   | 0.0048930104448296840927  | 0.00052363175381054825799 | 6.9471421124964191445e-05 |
859   | 0.0088242782988357248986  | 0.0075621659588824049342  | 0.00054737654807642270507 |
860   | 0.0037548609130278482598  | 0.0040519114007349314038  | 0.00093152077078493395173 |
861   | 0.0074795203515207178344  | 0.0038348386789566501522  | 0.00010098883508456602139 |
862   | 0.0020171779701611300233  | 0.0072975101171370354222  | 0.00044245251768041158431 |
863   | 0.00099515634008046538646 | 0.006914887689677452938   | 0.00037736469285640038664 |
864   | 0.0019093765476792400222  | 0.0092712202511438975006  | -0.00018601046078891908184 |
865   | 0.0061532511222572488022  | 0.0089399473077609592497  | 0.00048109405616771853259 |
866   | 0.0027810440409920347306  | 0.0088926205003662661674  | -0.00016350867834788047873 |
867   | 0.005643934351088407235   | 0.008297455995338182122   | -0.00031161155143618907842 |
868   | 0.000165435208237799011   | 0.0057822736669388696829  | 0.00037917790773649433407 |
869   | 0.003362788742380156716   | 0.0047607449223956484902  | 0.00087228138224187869859 |
870   | 0.0043957840141812341145  | 0.0023012769510173747625  | 0.0001450535688549786607  |
871   | 0.0034400118304842510104  | 0.0082072982227714853104  | 0.00020787789793901467663 |
872   | 0.0043177591283984585388  | 0.0094216983166219517992  | 6.1071995806167395874e-05 |
873   | 0.0048829486405479729724  | 0.0096492037522897464163  | 0.0001331867247432077031  |
874   | 0.0016906071704190907354  | 0.0097625052796660987536  | 0.00098096126969980917271 |
875   | 0.0015061563242704874462  | 0.0047458087509886443325  | -0.00017657563772836869839 |
876   | 0.0091103569063420517665  | 0.0014369219633636922794  | 0.00023242992507596898621 |
877   | 0.0098298821486039623246  | 0.0035357585525994418563  | 0.00049128389327250578805 |
878   | 0.0068093279785009126759  | 0.0089555387833400845049  | 6.1488493976944965432e-05 |
879   | 0.0017527608282985481479  | 0.0047507118043777236266  | 0.00030324877544206287755 |
880   | 0.0022917434923829253964  | 0.0080036348468193862365  | 0.00092306605443225541677 |
881   | 0.0038403286838888110906  | 0.0051036636031884519138  | 0.00066813003070436761174 |
882   | 0.0076079556585187469234  | 0.0086930760414511490386  | 0.00025371679909062545138 |
883   | 0.00020900317322637140273 | 0.0051729141069833560126  | -7.921350095987902322e-05 |
884   | 0.0044300173359935373155  | 0.0031082526914210728899  | 0.00018178252384363810632 |
885   | 0.0075476978925899601905  | 0.0079231816087114159686  | -0.00026907326770235918522 |
886   | 0.0096964359102311315636  | 0.003102031324797117906   | -0.00039871064820250874065 |
887   | 0.002334220570397525351   | 0.0064872160063714594258  | 0.0003595558343125948228  |
888   | 0.0047160548118601467241  | 0.0026112806169892640445  | 0.00055415680493650502133 |
889   | 0.0095000499812528654137  | 0.0043934832251649891949  | 0.00041423942913742118482 |
890   | 0.002238554221430179552   | 0.009542568368853679775   | 0.00076616074335158557747 |
891   | 0.00038229776821864129089 | 0.0066520780697977436105  | -0.00016218851165475048218 |
892   | 0.0071743738923105912497  | 0.0053395386781343069649  | 0.0002381910094942870401  |
893   | 0.0045613825571122644173  | 0.0043720360562436557175  | 0.00032744615006559656817 |
894   | 0.00044135699015533652731 | 0.0018761779076019889298  | 0.00092430555540660205155 |
895   | 0.0098585482136838743783  | 0.0033902525550621397631  | 0.00021605465132370479725 |
896   | 0.0029433676685351505345  | 0.0010287457014744418645  | 0.00013817797380895596032 |
897   | 0.00091896308076426958412 | 0.009698146150565276763   | -0.00015168235771398965719 |
898   | 0.0060347355986489614049  | 0.0068162711340257397738  | -4.0780977307229053443e-05 |
899   | 0.0073218344955252217046  | 0.004643797830276571309   | -3.4936964667508768731e-05 |
900   | 0.0065890698880047482086  | 0.0025166263918435780901  | -6.0770603333034488465e-05 |
901   | 0.0082286317877583968483  | 0.0095762926872663949734  | 0.00015801742483770886438 |
902   | 0.0024979096624836074486  | 0.0058974532523912307283  | 0.00076596534951115478884 |
903   | 0.0064839852450416669144  | 0.0031189948072397441665  | -0.00039656317540160649238 |
904   | 0.0095973230462728983253  | 0.005355449019054911268   | 0.00092253082867535963346 |
905   | 0.0042626141780306558288  | 0.00062343321459062755411 | 0.00075459748140205718664 |
906   | 0.0075003604954486675221  | 0.0056160396194854687521  | 0.00076008662536867490842 |
907   | 0.0016996142635312778621  | 0.007161808598593309011   | 8.5209437316305526979e-05 |
908   | 0.0072941784022323768663  | 0.0047148303018457807245  | 0.00055647888917283953175 |
909   | 0.0076981437208619033288  | 0.0056298591116121406153  | 0.00059364195905729864183 |
910   | 0.009019575060414239745   | 0.00019188330531801409519 | -2.5672631636998680268e-06 |
911   | 0.0078973607301947683357  | 0.0066111651948533751988  | 0.00076372920326640923033 |
912   | 0.0033047841028342704595  | 0.0070839245404939873638  | 0.00020440419248399666757 |
913   | 0.0069745036976118614594  | 0.0020095912759494983027  | 0.00027891647365056639746 |
914   | 0.001959398935812655014   | 0.0048290166234073068907  | 0.00022431746314380534429 |
915   | 0.0078088785505673399823  | 0.001258467181696358789   | 0.00089343987180493748129 |
916   | 0.0085742206057762317128  | 0.0031913109103355289005  | 0.00066071964141683776212 |
917   | 0.0089089913625500869593  | 0.0069558675155000576976  | 0.00063988323294528355861 |
918   | 0.0052356589012424094992  | 0.0052423551525936327999  | 0.00017670111957234776534 |
919   | 0.0090296994640952261968  | 0.0055970785692204538808  | 0.00075973982657110208927 |
920   | 0.0014605825119855262231  | 0.0046589746261657925819  | 0.00062290796560104510354 |
921   | 0.0083882476087363440354  | 0.0018073194727643777154  | 0.00061548199566550335776 |
922   | 0.0020956491797346058804  | 0.0085776432006973799688  | -0.00017745823550395888458 |
923   | 0.0080445210145570333199  | 0.0023494157360010787562  | -0.0004475310988094197205 |
924   | 0.0053182855636718781231  | 0.004772091457241565797   | 0.00049302596652660377746 |
925   | 0.0035524155796655024035  | 0.0056610089680812127749  | -4.3586317098926048144e-05 |
926   | 0.0069306976994195409331  | 0.0086852264452546897727  | 0.00022505355180206792088 |
927   | 0.0098743716789948515061  | 0.00084474610948042999029 | -0.00010330630339421453985 |
928   | 0.0030944556906078810737  | 0.0086865420438759603783  | -0.00030245182540548969314 |
929   | 0.0067679592213517793947  | 0.0058187209012464527827  | 0.00057201396547827947775 |
930   | 0.00022498675553865173332 | 0.0088248048762955676877  | 0.00083470422467465683197 |
931   | 0.0036173490493006318913  | 0.0070365643312704237791  | 0.00036906089374310387802 |
932   | 0.0096426126764040959866  | 0.0039323412764890588664  | 7.2803138869563500078e-05 |
933   | 0.005229298500543380461   | 0.006084383073012859279   | 0.00047880668393369117154 |
934   | 0.004107009569930478686   | 0.0083513470829575768561  | 0.00040573077962173525893 |
935   | 0.0070413198539846493657  | 0.0090910200527467566189  | 0.00078109301875558829337 |
936   | 0.0027573149752207711839  | 0.0031135234090432606195  | 0.00049906482104335636758 |
937   | 0.0081281511829421684845  | 0.0048696799273930035587  | 0.00042764577897778580226 |
938   | 0.00054669323558869395777 | 0.0079655164167973524503  | 0.00088583034057331032449 |
939   | 0.0070105688470293798034  | 0.0021290492847960873664  | 0.00030370034677707077268 |
940   | 0.0077088574191618592507  | 0.0054309783991591262589  | -4.0705308691737553952e-05 |
941   | 0.008264118323486637635   | 0.0055603372954559334221  | 0.00047174223579385572442 |
942   | 0.00026983095738433617982 | 0.0072856076542009593974  | -0.00013642697676156132023 |
943   | 0.002477151062588032332   | 0.0034417266996009891061  | 0.00043736892931908657317 |
944   | 0.00054970459149138064907 | 0.00058961301070013815741 | -8.2398741124554568013e-07 |
945   | 0.0032792834999327358583  | 0.0075447238434062872253  | 0.00083310895674605037892 |
946   | 0.0018591455893268787284  | 0.0051029732993744013683  | 0.00042256894967101967658 |
947   | 7.9785015265586601576e-05 | 0.003402887777212212396   | 0.00059133839795371279796 |
948   | 0.0084130952918134976198  | 0.00094365211034971624611 | 0.00071685208953052668296 |
949   | 0.0046081968904189011052  | 0.0040892097041270517033  | 0.0006358101572127997439  |
950   | 0.0024129370783135201464  | 0.0096909473980384738118  | 8.4524767979532092589e-05 |
951   | 0.00048263313443529741974 | 0.0030558213978033391123  | 0.00081588012704114035861 |
952   | 0.0099774445075223525126  | 0.0051956492046558574657  | -0.00022774711404845686272 |
953   | 0.0086330800185256822976  | 0.009530585636619518658   | 0.00077481268836896116485 |
954   | 0.0027382588675973129275  | 0.0050352316705071032202  | 0.00032958728243357316573 |
955   | 0.008946473876193385133   | 0.0034116174075605695294  | 0.00040175740525550860359 |
956   | 0.0034449279042244205715  | 0.003370419094622787836   | 0.00016891577710229500713 |
957   | 0.00065295173505142752469 | 0.0073694938721469375326  | -0.00031042272843315361647 |
958   | 0.0044997503266149454365  | 0.0071110199839616739653  | -0.0004412450844147431479 |
959   | 0.0062423819266638575984  | 0.009351140654724815135   | -5.6874262771031589242e-05 |
960   | 0.0063487955102738014707  | 0.0038450689080687192739  | -6.8771680843743440096e-05 |
961   | 0.0061950424995867916372  | 0.0054689125039731186981  | 0.00090192539453559043144 |
962   | 0.0029773214260681974373  | 0.0040642465089241186504  | -0.00041423242004387403293 |
963   | 0.0038747519978895692168  | 0.0075867580553970687465  | 0.00059521112968211661171 |
964   | 0.0070924228234198359241  | 0.0035356618752791241916  | 0.00026274215570755963828 |
965   | 0.0056069826272998760444  | 0.0099018068507463717631  | -4.801338483966393646e-05 |
966   | 0.0034109942261507895933  | 0.0032213139460170003674  | 0.00043995313848099585653 |
967   | 0.0038443831925679852572  | 0.0055125860229896603976  | 0.00045717101329555403372 |
968   | 0.0060051618423029272387  | 0.0018599213139803142444  | 0.00079729496171949357924 |
969   | 0.0041449127710450357071  | 0.0084395157118321330325  | 0.0009470646872472366154  |
970   | 0.003092701973601706851   | 0.00058697636864323227222 | -0.00026014981625515352145 |
971   | 8.3208631043689627025e-05 | 0.0016783165387176490584  | 0.0008031297587610701158  |
972   | 0.0066165417954053328334  | 0.0042556294973546560795  | 0.00065155252205917248837 |
973   | 0.0059672793840511639471  | 0.0087361190145916756133  | 0.00073499676379708365342 |
974   | 0.0039677969461079593341  | 0.0021085172587542002146  | -0.00038013439130116948896 |
975   | 0.0041400105463268296532  | 0.0041002327672230226216  | 0.00042900938148369201913 |
976   | 0.0092522075935298157129  | 0.0075868120000902854877  | 0.00050014831066051213589 |
977   | 0.0099001646868831418707  | 0.00332079641500613882    | 0.00058074101214446996119 |
978   | 0.0034608230185517148761  | 0.0029392973722731372335  | -0.00035329007525102532799 |
979   | 0.0053633087478288368408  | 0.0080886255213304600331  | 0.00038576181809034815889 |
980   | 0.004611745821206405388   | 0.0043214981894186014696  | 0.00040549401453051931582 |
981   | 0.00054471181331523679629 | 0.0088427572883785828667  | -7.2332134022527730166e-06 |
982   | 0.0013374352159061830055  | 0.0072198484372801826139  | 0.00015736103994974079455 |
983   | 0.0088526118153695303875  | 0.0012282337404640843777  | 0.00040436000027217408603 |
984   | 0.003459071651767529898   | 0.0010379519606404570033  | 0.00048327412983188971357 |
985   | 0.0037400291823641369955  | 0.0082280402863388214102  | 0.00063995289495712333067 |
986   | 0.0015282468127596337149  | 0.0081616908490664847459  | 0.00022666147915102516212 |
987   | 0.0040246041569157280093  | 0.00039245692106452235255 | 0.00039197464605301486238 |
988   | 0.0084987592392844254346  | 0.0079600889318646277093  | 0.00050021305394372936933 |
989   | 0.0051002595098407739818  | 0.00012752848942513162356 | 0.00021919841812477447972 |
990   | 0.006828779616837225494   | 0.0047117451564977564163  | 8.6410280906702149678e-05 |
991   | 0.0092192560884125189513  | 0.0037305298918894960747  | 0.00028215301379371372347 |
992   | 0.0058379508581853653895  | 0.0037099715824125329734  | 0.00047208116451306339142 |
993   | 0.0098961145659158117338  | 0.0071982533703251923296  | -0.00021761717489191019915 |
994   | 0.0090991169195125346653  | 0.0094923424157938671858  | -7.373601849228035251e-05 |
995   | 0.0059686769011827438963  | 0.0021248569405934638471  | 0.0007220050592374937723  |
996   | 0.0095077679269242702798  | 0.0080347245791939341658  | 0.00089403707718880860017 |
997   | 0.0045322788455349162159  | 0.0060646996464763921683  | 0.00042841670424691787478 |
998   | 0.0018748328927765066897  | 0.0057447331050695599544  | 0.00036377347785126589591 |
999   | 0.00438014352429520748    | 0.0043942681661908169696  | 0.0004308992620759609718  |
