N			X			Y			Z
0     | 0.0036889108695102924319  | 0.0027138959062991282155  | 0.0099910308855409579731  |
1     | 0.00022854207330093819005 | 0.0030072207722245656615  | 0.0099779586005735356607  |
2     | 0.0017355763472537749561  | 0.0044404778163657327925  | 0.0099822532118935478063  |
3     | 0.0011860381141540075802  | 0.003894062872268152023   | 0.0099850375542393215306  |
4     | 0.0017427630966794147287  | 0.0036062810145630046915  | 0.0099873700040002504064  |
5     | 0.0046600634670089782427  | 0.0013971653799592946218  | 0.0099953463482358589909  |
6     | 0.00098238278047485614458 | 0.001780488576126254335   | 0.009998955122040931523   |
7     | 0.0027571912480311672015  | 0.0012854181655936201736  | 0.0099856721032077610384  |
8     | 0.0040757489823759164224  | 0.0043222894169844035955  | 0.0099851713824644205281  |
9     | 0.0012665398791537566415  | 0.0048375113011584619516  | 0.0099955871950881125532  |
