N			X			Y			Z
0     | 0.0036917269248946324445  | 0.0027153658911720978883  | 0.0099963117335899569216  |
1     | 0.00022714976957118911257 | 0.0030070026185183805489  | 0.0099909361672764675916  |
2     | 0.0017350837276032516319  | 0.0044378394219845764684  | 0.0099927021911964571121  |
3     | 0.0011854348512307898156  | 0.0038924622566317997573  | 0.0099938471644705605818  |
4     | 0.0017399083520664420516  | 0.0036064040092126195027  | 0.0099948063111227336552  |
5     | 0.0046627519285741660451  | 0.0013988690384536311886  | 0.0099980863319824829494  |
6     | 0.00098434732093004816134 | 0.0017810829747684797132  | 0.0099995703267812419829  |
7     | 0.0027596404389442926418  | 0.001287829434613360375   | 0.0099941081027891103677  |
8     | 0.0040758279338462006375  | 0.0043192611315243777809  | 0.0099939021971217328194  |
9     | 0.0012672643525780248695  | 0.0048346911019201853008  | 0.0099981853726803342208  |
