N			X			Y			Z
0     | 0.0036906577478866913443  | 0.002713971379713039575   | 0.0099957357672455851572  |
1     | 0.00022779710772914571427 | 0.0030074370031328984121  | 0.0099895207427871859224  |
2     | 0.0017347149543446673588  | 0.0044392775916640625153  | 0.0099915625521923290275  |
3     | 0.0011853637950454258033  | 0.0038934057927669878628  | 0.0099928863265609773475  |
4     | 0.0017413687498157371433  | 0.0036070086523007824884  | 0.009993995255286772933   |
5     | 0.0046618012832355133074  | 0.0013973871184930835524  | 0.0099977874901283833586  |
6     | 0.00098350081840715302718 | 0.0017803263328193771366  | 0.0099995032282353211311  |
7     | 0.0027589749542728334714  | 0.0012860484874710220206  | 0.0099931880134786609665  |
8     | 0.0040750815060960213568  | 0.0043207614258659989351  | 0.009992949953210357103   |
9     | 0.0012662427570654497151  | 0.0048359363670739579158  | 0.0099979019972004992689  |
