N			X			Y			Z
0     | 0.0036915659647745444928  | 0.0027167175886029966414  | 0.0099926199975031403111  |
1     | 0.00022702556315125921598 | 0.0030064116224113443185  | 0.0099818638078993850854  |
2     | 0.001736065953534477466   | 0.0044372410482062408371  | 0.0099853975170977084252  |
3     | 0.0011859844650002567858  | 0.0038919772812321235499  | 0.0099876885407609427431  |
4     | 0.0017394251896575207636  | 0.0036052789224056912797  | 0.0099896077363669372184  |
5     | 0.0046624779523389116645  | 0.001400205129518186176   | 0.0099961708637128325605  |
6     | 0.00098440775368334519461 | 0.001781960427175816172   | 0.0099991402493543758007  |
7     | 0.0027590465858987247433  | 0.0012891772070786750286  | 0.0099882106628715310731  |
8     | 0.0040770532445716456751  | 0.0043188325048194777661  | 0.0099877986578343607577  |
9     | 0.001268504402398443285   | 0.0048345527360323953953  | 0.0099963690382794644085  |
