N			X			Y			Z
0     | 0.0036876632753305637821  | 0.0027154477246650980671  | 0.0099903716469540264355  |
1     | 0.00022884619851712450275 | 0.0030063914225303169092  | 0.0099763385363990566418  |
2     | 0.0017372585798207541147  | 0.0044404971103138056801  | 0.0099809488058044855407  |
3     | 0.0011870958312774470417  | 0.0038938874268895106757  | 0.0099839378000054612022  |
4     | 0.0017430360527291304147  | 0.0036045109024333372646  | 0.0099864416870795724712  |
5     | 0.0046586877901176439523  | 0.0013986102215111566403  | 0.0099950043003305642786  |
6     | 0.00098177746839976111869 | 0.0017816237957260388537  | 0.0099988783225004197047  |
7     | 0.0027554097485802727524  | 0.0012866295023837052373  | 0.0099846189889367647358  |
8     | 0.0040776011290052016287  | 0.004322707719172313133   | 0.0099840814647345326599  |
9     | 0.0012681852743817610338  | 0.004838301061629060075   | 0.009995262849659385801   |
