N			X			Y			Z
0     | 0.0036916822436140117256  | 0.0027151968412401071042  | 0.0099962562187615837395  |
1     | 0.00022719254529039885609 | 0.0030070673319393718091  | 0.0099907997408196693584  |
2     | 0.0017349947053143732149  | 0.004437957326475377301   | 0.0099925923464731676582  |
3     | 0.001185392136750204866   | 0.0038925461643397898069  | 0.0099937545535877091857  |
4     | 0.0017400192504584814125  | 0.0036065155410621822785  | 0.0099947281370662555133  |
5     | 0.0046627214832174858697  | 0.0013986965092921115755  | 0.0099980575279483528683  |
6     | 0.0009842986189391035156  | 0.0017809810333313533595  | 0.0099995638594515146719  |
7     | 0.0027596476458189695379  | 0.0012876403871447854657  | 0.0099940194194820791002  |
8     | 0.0040757018534078965841  | 0.0043193702548287513099  | 0.0099938104145760580516  |
9     | 0.0012671227888219386247  | 0.0048347662547426938431  | 0.0099981580593810730206  |
