N			X			Y			Z
0     | 0.003687927169505892961   | 0.0027168773528120030575  | 0.0099940321559498831311  |
1     | 0.00022853235457393034319 | 0.003005827974718410997   | 0.0099853341558941901418  |
2     | 0.0017380708973338560713  | 0.0044395757455216733334  | 0.0099881916922463839098  |
3     | 0.0011875028208048030338  | 0.0038932187243996647583  | 0.0099900443300934751306  |
4     | 0.0017421869548507155911  | 0.0036035163890945939684  | 0.0099915962889285999532  |
5     | 0.0046588314719788340504  | 0.0014000597227315891413  | 0.0099969035663310164969  |
6     | 0.00098211698368187564691 | 0.0017824996088775986198  | 0.0099993047620543142745  |
7     | 0.0027552308736889358741  | 0.0012881922186303025168  | 0.0099904665444941389424  |
8     | 0.0040787151357426429388  | 0.0043218825050393263124  | 0.0099901333763399626647  |
9     | 0.0012694062358341159577  | 0.0048377672292949855382  | 0.0099970638203294211882  |
