N			X			Y			Z
0     | 0.0036898302074457600686  | 0.0027137423068084101652  | 0.009991329277743463827   |
1     | 0.00022817745672528685691 | 0.0030074158255674978725  | 0.0099786918927788261641  |
2     | 0.0017349945527780491483  | 0.0044399470452574311269  | 0.0099828436272812286212  |
3     | 0.001185613874573272818   | 0.0038937946886113835275  | 0.0099855353377346477844  |
4     | 0.0017421163158964510752  | 0.003606814498009874078   | 0.0099877901895538204191  |
5     | 0.0046609942353623371597  | 0.0013970890590725775719  | 0.0099955011699193081764  |
6     | 0.00098294791860140877209 | 0.0017802804681134479312  | 0.0099989898839382158197  |
7     | 0.0027581910799870752379  | 0.0012855498529023676353  | 0.0099861487759830541017  |
8     | 0.0040752321110133398266  | 0.0043215662950119018357  | 0.0099856647136474224052  |
9     | 0.0012662109630854627602  | 0.0048367227892343756662  | 0.0099957340040716415042  |
