N			X			Y			Z
0     | 0.0036881035723252252739  | 0.0027171271551030581719  | 0.0099939350050002300624  |
1     | 0.00022842275120003055445 | 0.0030057480159612266248  | 0.0099850954095947932337  |
2     | 0.001738144847224439753   | 0.0044393281712200244674  | 0.0099879994639806273654  |
3     | 0.0011875216207945982119  | 0.0038930551319950467033  | 0.0099898822610484851875  |
4     | 0.0017419371259593139853  | 0.003603401270460084016   | 0.0099914594843297632049  |
5     | 0.0046589866656250181545  | 0.001400323915585126788   | 0.009996853159271288855   |
6     | 0.00098225902029846329754 | 0.0017826369671935017071  | 0.0099992934442272914802  |
7     | 0.0027553344367782640727  | 0.0012885064638631182985  | 0.0099903113487068342241  |
8     | 0.0040788551826982733309  | 0.0043216267065401122935  | 0.009989972756885031821   |
9     | 0.0012695923918717034323  | 0.0048375576586529925316  | 0.0099970160220557140879  |
