N			X			Y			Z
0     | 0.0036916397421420488016  | 0.0027165470900053253871  | 0.0099925610129979938051  |
1     | 0.00022701875362722505184 | 0.0030064937589083426915  | 0.0099817188547890369626  |
2     | 0.0017359141551132656247  | 0.0044372809900878060554  | 0.0099852808070792133804  |
3     | 0.0011858936677556716505  | 0.0038920192679242544311  | 0.0099875901416979131348  |
4     | 0.0017394444913127165685  | 0.0036054449102751510124  | 0.0099895246764319291927  |
5     | 0.004662565901376924081   | 0.0014000410804565236941  | 0.0099961402594265693494  |
6     | 0.00098443407766326835456 | 0.0017818433151048941859  | 0.0099991333778165405327  |
7     | 0.0027591768246373366176  | 0.0012890241079906651807  | 0.0099881164368578103513  |
8     | 0.0040768762765643791479  | 0.0043188407646887801844  | 0.0099877011388795813168  |
9     | 0.0012683368292199449952  | 0.0048345224601573210527  | 0.0099963400178989993833  |
