N			X			Y			Z
0     | 0.0036902395149533274814  | 0.0027138090203642347906  | 0.0099914611254608501345  |
1     | 0.00022799594604892129183 | 0.003007445881960091414   | 0.0099790159056137219679  |
2     | 0.0017348253028363820084  | 0.0044396402387267492121  | 0.0099831045084990410743  |
3     | 0.001185473467917791358   | 0.0038936210435351909648  | 0.0099857552885814198501  |
4     | 0.0017417675371434965335  | 0.0036069468078935157385  | 0.0099879758529379560061  |
5     | 0.0046613973110016171039  | 0.001397189966871461653   | 0.0099955695795003671189  |
6     | 0.00098321578221144466207 | 0.0017802735782813797812  | 0.0099990052438463181833  |
7     | 0.0027585935172470552393  | 0.0012857482751585016384  | 0.0099863593988372533622  |
8     | 0.0040751177142523079683  | 0.0043211877259900673132  | 0.0099858826971933999789  |
9     | 0.0012661851066138880405  | 0.0048363435396263304913  | 0.0099957988731573868546  |
