N			X			Y			Z
0     | 0.0036901332261545134739  | 0.0027137835233273155042  | 0.0099914264286931168957  |
1     | 0.00022804424073399353116 | 0.0030074415121804404412  | 0.0099789306390782230721  |
2     | 0.001734863822512794319   | 0.0044397241748491212202  | 0.0099830358555469851656  |
3     | 0.0011855069962451723117  | 0.0038936694171563448336  | 0.0099856974067796377276  |
4     | 0.0017418617871439300449  | 0.0036069188143035709436  | 0.0099879269941526571674  |
5     | 0.0046612933253563915148  | 0.0013971556030965915154  | 0.0099955515769790358183  |
6     | 0.00098314524027652496103 | 0.0017802701790936273276  | 0.0099990012017652386139  |
7     | 0.0027584915961404773282  | 0.0012856882921358340783  | 0.0099863039717703588199  |
8     | 0.0040751404199333082778  | 0.0043212894579337792975  | 0.009985825333102353249   |
9     | 0.0012661845262511293216  | 0.004836443728276685651   | 0.0099957818023453486045  |
