N			X			Y			Z
0     | 0.0036899295433859575361  | 0.0027137508094412015822  | 0.0099954928898714524854  |
1     | 0.00022813449669209612497 | 0.0030074263515849344527  | 0.0099889238770386936522  |
2     | 0.0017349483680259365943  | 0.004439876597401683396   | 0.0099910819815279376666  |
3     | 0.0011855770403752935449  | 0.0038937556331762523606  | 0.0099924811539485024897  |
4     | 0.0017420351309540655846  | 0.0036068525958334544251  | 0.0099936532437896810621  |
5     | 0.0046610927031277655727  | 0.0013971058724471852909  | 0.0099976614724790642541  |
6     | 0.0009830120022171885772  | 0.0017802739153191205965  | 0.0099994749336677641455  |
7     | 0.0027582911789956273026  | 0.001285590053183356023   | 0.0099928000240103991708  |
8     | 0.0040751977620638347999  | 0.0043214776412683550411  | 0.0099925484045730299937  |
9     | 0.0012661978257076061775  | 0.0048366323522827008377  | 0.0099977825015162315181  |
