N			X			Y			Z
0     | 0.0036910207751193013608  | 0.0027142112926874985973  | 0.0099917421692794893689  |
1     | 0.00022761046556443839846 | 0.0030073876907836523224  | 0.0099797065645512630233  |
2     | 0.0017346849491967537577  | 0.0044389111614622457289  | 0.0099836605974106939349  |
3     | 0.0011853041141730515269  | 0.0038931792106865347088  | 0.0099862241311758550427  |
4     | 0.0017409780403668190588  | 0.0036069852497480933522  | 0.0099883716090988765995  |
5     | 0.0046621436375150508355  | 0.0013976570761194391599  | 0.0099957153999231506541  |
6     | 0.00098376013873664519202 | 0.001780434961604989005   | 0.0099990379847030626953  |
7     | 0.0027592747513488081849  | 0.0012864114958959797699  | 0.0099868083580790991544  |
8     | 0.0040751348666613358002  | 0.004320349911292005636   | 0.0099863473463308784911  |
9     | 0.0012663811471352052953  | 0.0048355622871230916418  | 0.0099959371467348966805  |
