N			X			Y			Z
0     | 0.0036876329034260515657  | 0.0027157287688896439466  | 0.0099944138203949487581  |
1     | 0.0002288190727514765883  | 0.0030062689822135260989  | 0.0099862720877846779949  |
2     | 0.0017374611887911318563  | 0.0044403706401566385431  | 0.0099889468747189989056  |
3     | 0.0011872088640594398098  | 0.0038937854806364484775  | 0.0099906810299130784786  |
4     | 0.0017429331837669776589  | 0.0036042783682107650857  | 0.0099921337355668871788  |
5     | 0.0046586339151112269447  | 0.0013988882802068436633  | 0.009997101594065660804   |
6     | 0.00098179199822107316234 | 0.0017818058628527432691  | 0.0099993492249461895377  |
7     | 0.002755289477319500073   | 0.0012869107088780474581  | 0.0099910762422299789071  |
8     | 0.0040778545979079537306  | 0.0043226159483205333495  | 0.0099907643813414766937  |
9     | 0.001268442459154816215   | 0.0048382695303485412017  | 0.0099972515992618419395  |
