N			X			Y			Z
0     | 0.0036896772441244582094  | 0.0027137385749638914291  | 0.0099912807022686372926  |
1     | 0.00022824228039689423522 | 0.0030073956823414467465  | 0.00997857251962912771    |
2     | 0.0017350718913846645709  | 0.0044400506402957921545  | 0.009982747513148350349   |
3     | 0.0011856739527446439643  | 0.0038938510698761381185  | 0.0099854543032121528129  |
4     | 0.001742237115091736701   | 0.0036067485429161503033  | 0.0099877217872544020449  |
5     | 0.0046608418244818280649  | 0.0013970725151886580814  | 0.0099954759663894443555  |
6     | 0.00098285036504397330429 | 0.0017802965010735815037  | 0.0099989842250247044225  |
7     | 0.0027580339824281830882  | 0.0012854976363574927706  | 0.0099860711780894017425  |
8     | 0.0040752930220991122681  | 0.0043216988860094356431  | 0.0099855844039199569834  |
9     | 0.0012662395480161794774  | 0.0048368600961944717767  | 0.009995710104934787954   |
