N			X			Y			Z
0     | 0.0036889128210166191937  | 0.002717725583148132909   | 0.0099936123250603109414  |
1     | 0.00022799766391192101021 | 0.0030056113487922074025  | 0.0099843024308146535034  |
2     | 0.00173812023882994964    | 0.0044384781379925479852  | 0.0099873609915265074144  |
3     | 0.0011874114094229037616  | 0.0038925244973633393863  | 0.0099893439602919114478  |
4     | 0.0017410375276421627844  | 0.0036032995572401272169  | 0.009991005097626484005   |
5     | 0.0046597444995131864082  | 0.0014009892184994221682  | 0.009996685735822907759   |
6     | 0.00098284474279393819855 | 0.0017829195075241286231  | 0.009999255852873251485   |
7     | 0.002755982622608981001   | 0.0012893815025703300042  | 0.0099897958769847149813  |
8     | 0.0040790286301369393235  | 0.0043206827072148380753  | 0.0099894392708382972329  |
9     | 0.0012699576725257798009  | 0.0048367104969184648508  | 0.0099968572635037583618  |
