N			X			Y			Z
0     | 0.003687671796239697878   | 0.0027162179967111280653  | 0.0099942576849401491834  |
1     | 0.000228733283606339402   | 0.0030060688691086819187  | 0.0099858883883749329641  |
2     | 0.0017377659972883994881  | 0.0044400895087186777882  | 0.0099886379364347473164  |
3     | 0.0011873687817549253946  | 0.0038935750934232034488  | 0.0099904205618050589272  |
4     | 0.0017426826549728547701  | 0.003603914894058942494   | 0.0099919138710330424047  |
5     | 0.0046586317510830931726  | 0.0013993800004206385489  | 0.0099970205827196699511  |
6     | 0.0009818755440760612227  | 0.0017821117568861120136  | 0.0099993310355813314755  |
7     | 0.0027551750656432043123  | 0.001287429227374888973   | 0.009990826820428953467   |
8     | 0.0040782573657325953131  | 0.0043223775950908616475  | 0.0099905062429317664091  |
9     | 0.001268871007329942617   | 0.0048381327389113932061  | 0.009997174780607669814   |
