N			X			Y			Z
0     | 0.0036901885918201667199  | 0.0027178246184796171075  | 0.0099931994335242853994  |
1     | 0.00022744737117821807763 | 0.0030057508064910871959  | 0.0099832877590422166442  |
2     | 0.0017375203342080266979  | 0.0044375786803452542742  | 0.0099865440213970421007  |
3     | 0.0011869347012778517104  | 0.0038920269896488626782  | 0.0099886551668507041896  |
4     | 0.0017399994455893014536  | 0.0036037967624180924572  | 0.0099904236780814278246  |
5     | 0.0046610099720618101971  | 0.0014011950045603727404  | 0.0099964715058190652813  |
6     | 0.00098366654547962198603 | 0.00178282889774091435    | 0.0099992077521084046093  |
7     | 0.002757271406533010321   | 0.0012898872774865139963  | 0.0099891362948886699286  |
8     | 0.0040785787804899628281  | 0.0043195483875451161013  | 0.009988756638154841147   |
9     | 0.0012697798774018635801  | 0.00483555113646762149    | 0.0099966541208405031854  |
