N			X			Y			Z
0     | 0.003690971173783444588   | 0.0027174489997544779007  | 0.0099929218593824194888  |
1     | 0.00022717174994149187911 | 0.0030060197682626348982  | 0.0099826056267582254783  |
2     | 0.0017368623640267614669  | 0.0044372546396742691341  | 0.009985994797780594831   |
3     | 0.0011864857113764927955  | 0.0038918970178748934705  | 0.0099881921124364472092  |
4     | 0.0017395591115587085655  | 0.0036044415768988801244  | 0.0099900328077990371151  |
5     | 0.004661822803341385095   | 0.0014008855526275213691  | 0.0099963274856484148762  |
6     | 0.00098411815811044744962 | 0.0017824962990761945326  | 0.0099991754154597680543  |
7     | 0.0027581999167480232213  | 0.0012897460010408785726  | 0.0099886928783535135906  |
8     | 0.00407792904467374831    | 0.0043190354589223121928  | 0.0099882977254264673078  |
9     | 0.0012692813309081376217  | 0.0048349310112221453861  | 0.0099965175543441971845  |
