N			X			Y			Z
0     | 0.0036877984623801900697  | 0.002716625672887247947   | 0.0099899899825089608085  |
1     | 0.00022862217687482020421 | 0.0030059154926742859791  | 0.0099754006045085687887  |
2     | 0.0017379708113992244252  | 0.0044397926046953802709  | 0.0099801936233318705449  |
3     | 0.0011874641965631141469  | 0.0038933659576033665881  | 0.0099833011001858578543  |
4     | 0.0017424004863077319997  | 0.0036036544416385928556  | 0.0099859042404412852456  |
5     | 0.0046587240566182816157  | 0.0013997976519493947941  | 0.0099948062725959199715  |
6     | 0.0009820049994930741058  | 0.0017823553206390183815  | 0.0099988338596085444415  |
7     | 0.0027551772568057530249  | 0.0012878911081879958807  | 0.0099840092912009247711  |
8     | 0.0040785534909021717298  | 0.0043220982347763770709  | 0.009983450459733018631   |
9     | 0.0012692084521928751265  | 0.0048379346206340843872  | 0.0099950750707269650497  |
