N			X			Y			Z
0     | 0.0036910707268969569772  | 0.0027142537959260271477  | 0.0099917629873401293122  |
1     | 0.00022758343673134464398 | 0.0030073769159219996758  | 0.0099797577244725623608  |
2     | 0.0017346871280233078314  | 0.0044388557885235773934  | 0.0099837017891819274801  |
3     | 0.0011852993078184492336  | 0.0038931442223989151143  | 0.0099862588602569243162  |
4     | 0.0017409200065781939033  | 0.0036069746379900295002  | 0.0099884009243700559028  |
5     | 0.0046621899493591023589  | 0.0013977036985630265746  | 0.0099957262014359494345  |
6     | 0.00098379696255145227847 | 0.0017804559342570109616  | 0.0099990404099517104369  |
7     | 0.0027593130022498086294  | 0.0012864712665505669605  | 0.0099868416143192358797  |
8     | 0.0040751503394828260049  | 0.0043202893097273901632  | 0.009986381764785506529   |
9     | 0.0012664086612074684519  | 0.0048355088340662401997  | 0.0099959473892221196306  |
