N			X			Y			Z
0     | 0.0036877532128904212151  | 0.0027151100996241671684  | 0.0099904826766107727998  |
1     | 0.00022885631863265207503 | 0.0030065460998770121744  | 0.0099766113893126531081  |
2     | 0.001736987289340957176   | 0.0044406135223987383553  | 0.0099811684952510644486  |
3     | 0.0011869385808994626589  | 0.0038939907192050873634  | 0.0099841230217711639944  |
4     | 0.0017431180069574574946  | 0.0036048143139480025993  | 0.009986598035192528755   |
5     | 0.0046588058787388293355  | 0.0013982806621032882206  | 0.0099950619083988244407  |
6     | 0.00098179394534520935019 | 0.0017813986438514643404  | 0.0099988912571598743267  |
7     | 0.002755609541246207151   | 0.0012863085794600393093  | 0.0099847963555508272709  |
8     | 0.0040772742292142722179  | 0.0043227721799604214639  | 0.0099842650298258821956  |
9     | 0.0012678651596896462362  | 0.0048382912328265251928  | 0.0099953174762579082013  |
