N			X			Y			Z
0     | 0.0036909080856776296103  | 0.002714124753812702847   | 0.0099916970634814361585  |
1     | 0.00022767011494041923666 | 0.0030074080697639229802  | 0.0099795957180551144589  |
2     | 0.0017346862450925220559  | 0.0044390312034879413072  | 0.0099835713485730212535  |
3     | 0.0011853183107935077751  | 0.003893254390088485891   | 0.0099861488848335382834  |
4     | 0.0017411047547266061269  | 0.003607001910640640456   | 0.0099883080926779881092  |
5     | 0.0046620383763890660411  | 0.0013975612298154560173  | 0.0099956919966454199633  |
6     | 0.00098367818998209926272 | 0.0017803935816865709956  | 0.0099990327299976592551  |
7     | 0.0027591855039024392425  | 0.0012862863270547764735  | 0.0099867363028921362494  |
8     | 0.0040751079670142903791  | 0.0043204827089289550915  | 0.0099862727730125177422  |
9     | 0.0012663274190163953999  | 0.0048356809250896500355  | 0.0099959149546792469554  |
