N			X			Y			Z
0     | 0.0036876313032411056451  | 0.0027158052696204908194  | 0.0099943895326575354909  |
1     | 0.00022880888673615620474 | 0.0030062366000811716234  | 0.0099862124012098287679  |
2     | 0.0017375128603172760536  | 0.0044403317843135581625  | 0.0099888988176525597695  |
3     | 0.0011872369548365010322  | 0.0038937553385478751097  | 0.0099906405126518309928  |
4     | 0.0017428999906938685317  | 0.0036042180733923297187  | 0.0099920995344171779917  |
5     | 0.004658625906892091377   | 0.0013989645269554336522  | 0.0099970889923007288935  |
6     | 0.0009818001856914562557  | 0.0017818546197685323183  | 0.0099993463954894338391  |
7     | 0.0027552636379876002323  | 0.0012869893613955741586  | 0.0099910374432831527275  |
8     | 0.0040779207983701387316  | 0.0043225852571571092911  | 0.0099907242264777439827  |
9     | 0.0012685110742099673254  | 0.004838254996718785797   | 0.0099972396496934151644  |
