N			X			Y			Z
0     | 0.0036894809019304064188  | 0.0027137503746383542097  | 0.0099912182480867174628  |
1     | 0.00022832313263377560127 | 0.0030073628536126063501  | 0.0099784190398652296977  |
2     | 0.001735182186781222477   | 0.0044401749570359763664  | 0.0099826239378346497133  |
3     | 0.0011857570208784631947  | 0.0038939167792299577732  | 0.0099853501159689449923  |
4     | 0.0017423847033000206853  | 0.0036066509643913804289  | 0.0099876338414408641353  |
5     | 0.0046606448012148186943  | 0.0013970678434576365174  | 0.0099954435618510480144  |
6     | 0.00098272714208499402366 | 0.0017803276124254642423  | 0.0099989769492787611976  |
7     | 0.0027578270891584848699  | 0.0012854477778858450394  | 0.0099859714093689915665  |
8     | 0.0040753854176583574967  | 0.004321862125603807836   | 0.0099854811485560728695  |
9     | 0.0012662910467009583226  | 0.0048370328805692978241  | 0.0099956793774731191038  |
