N			X			Y			Z
0     | 0.0036879805543351545927  | 0.0027169615548534521883  | 0.0099898685438218944727  |
1     | 0.00022849796397074180303 | 0.0030058001601915062054  | 0.0099751021716343226536  |
2     | 0.001738098994574245864   | 0.0044394963321928828173  | 0.0099799533379996748644  |
3     | 0.0011875115974567373306  | 0.003893165761624663157   | 0.0099830985138796204253  |
4     | 0.0017421074755697616397  | 0.0036034748501618785697  | 0.0099857332346927393102  |
5     | 0.0046588777172540648056  | 0.0014001482663079506657  | 0.0099947432637712604192  |
6     | 0.00098216100338727424339 | 0.0017825466398722854527  | 0.0099988197123247659487  |
7     | 0.0027552594950011328849  | 0.001288296221969639473   | 0.0099838152964667938732  |
8     | 0.0040787648885613940822  | 0.0043218014865623998605  | 0.0099832496854143550763  |
9     | 0.0012694702521112051496  | 0.0048377020115888897181  | 0.0099950153228848311743  |
