N			X			Y			Z
0     | 0.0036906273374812197628  | 0.0027139559115523298125  | 0.009991592973178236442   |
1     | 0.0002278120854855059693  | 0.0030074391882622332657  | 0.0099793399184486177717  |
2     | 0.0017347205439854633709  | 0.0044393058716033989911  | 0.0099833653897168535274  |
3     | 0.0011853704553565316045  | 0.0038934229146538740229  | 0.0099859752394281919158  |
4     | 0.0017413993951989070481  | 0.0036070070078308533353  | 0.0099881615163220915932  |
5     | 0.0046617722166765280731  | 0.0013973691262691412783  | 0.0099956379890814260614  |
6     | 0.00098347965231488894758 | 0.0017803201717559854686  | 0.009999020603754420547   |
7     | 0.0027589483772323263218  | 0.001286022868550270714   | 0.0099865700216914526227  |
8     | 0.0040750810013773178936  | 0.0043207939579263032401  | 0.0099861006807393775525  |
9     | 0.0012662352960015855422  | 0.0048359667374929951947  | 0.009995863742243132205   |
