N			X			Y			Z
0     | 0.0036916355438286613255  | 0.0027150626510125805066  | 0.009996211112963530529   |
1     | 0.00022723122140304042585 | 0.0030071171065232751331  | 0.0099906888943235207939  |
2     | 0.0017349299014003873465  | 0.0044380583820047220592  | 0.0099925030976354949769  |
3     | 0.0011853627403086023154  | 0.0038926167995698888157  | 0.0099936793072453924264  |
4     | 0.0017401160275570832364  | 0.0036065990174510768711  | 0.009994664620645367023   |
5     | 0.0046626861013761367394  | 0.0013985586160582912357  | 0.0099980341246706221775  |
6     | 0.00098425282929915421798 | 0.0017809014644624833294  | 0.0099995586047461112317  |
7     | 0.0027596417441499072366  | 0.0012874867723154429476  | 0.0099939473642951161952  |
8     | 0.0040756064794350904332  | 0.0043194664972762541327  | 0.0099937358412576973027  |
9     | 0.0012670127604609096074  | 0.0048348359357130443748  | 0.0099981358673254232955  |
