N			X			Y			Z
0     | 0.0036876313490380079399  | 0.0027157956616490198758  | 0.0099902606172972800713  |
1     | 0.00022881023125417501588 | 0.0030062406450309521293  | 0.0099760656834854601754  |
2     | 0.0017375064516978648652  | 0.0044403367674608826277  | 0.0099807291163579066329  |
3     | 0.0011872334891313155239  | 0.0038937591798657560788  | 0.0099837525782397584101  |
4     | 0.0017429042803599483456  | 0.0036042255761543290707  | 0.0099862853389666161874  |
5     | 0.004658626757737691082   | 0.0013989549378791545434  | 0.0099949466922623041165  |
6     | 0.00098179905889195250891 | 0.0017818485148996814245  | 0.0099988653878409650827  |
7     | 0.0027552667226656856782  | 0.0012869794341199797087  | 0.0099844416223227022006  |
8     | 0.0040779125490772345775  | 0.0043225892446803358335  | 0.0099838978996431831242  |
9     | 0.0012685024890031018109  | 0.0048382569605465953685  | 0.0099952082230608634006  |
