N			X			Y			Z
0     | 0.0036883819737037952351  | 0.0027174063310163023774  | 0.0099896777115993616591  |
1     | 0.00022826610617913248888 | 0.0030056701886046065415  | 0.0099746332056890787271  |
2     | 0.0017381850922301967342  | 0.0044389974889015660145  | 0.0099795757467633673665  |
3     | 0.0011875100059642661014  | 0.0038928431487877290969  | 0.0099827801639698187514  |
4     | 0.0017415946428969378973  | 0.0036033091951639486562  | 0.0099854645113735956974  |
5     | 0.0046592412365537468066  | 0.0014006259832136747166  | 0.0099946442499039382656  |
6     | 0.00098246934167478213763 | 0.0017827807017726233878  | 0.0099987974808788283171  |
7     | 0.0027555342562178898082  | 0.0012888833471379997683  | 0.0099835104475988738909  |
8     | 0.0040789776426823276187  | 0.0043212712263789015282  | 0.0099829341829135980618  |
9     | 0.0012697834834998573614  | 0.004837250919789325837   | 0.0099949214334186207986  |
