N			X			Y			Z
0     | 0.0036913408192089398191  | 0.0027145410182460765272  | 0.0099960202807409977155  |
1     | 0.00022742914208338172919 | 0.0030072945270779596026  | 0.0099902199283782768674  |
2     | 0.0017347370558475282924  | 0.004438526429041244302   | 0.009992125506399187479   |
3     | 0.0011852939162387209852  | 0.0038929319897074384817  | 0.0099933609573355907524  |
4     | 0.0017405803718044603016  | 0.0036068725560198067019  | 0.0099943958973262234102  |
5     | 0.0046624355499773123199  | 0.001398013103712141339   | 0.0099979351108033000239  |
6     | 0.00098400297715363306203 | 0.0017806057764882415352  | 0.0099995363733001736001  |
7     | 0.0027595016803199537252  | 0.001286853849087006129   | 0.0099936425154271962129  |
8     | 0.0040752831743186574559  | 0.0043199375747432046738  | 0.0099934203387569402882  |
9     | 0.0012666086683907216894  | 0.0048352078326252163898  | 0.0099980419778592129199  |
