N			X			Y			Z
0     | 0.0036917612447823124761  | 0.0027155706500022976958  | 0.0099963776574486500753  |
1     | 0.00022710628041577990139 | 0.0030069214251248256066  | 0.0099910981736939154935  |
2     | 0.0017352018860175783335  | 0.0044377097694550497742  | 0.0099928326318053633387  |
3     | 0.0011854945382381630679  | 0.003892367728889642095   | 0.0099939571398939466146  |
4     | 0.001739789447059480413   | 0.0036062600047851449576  | 0.0099948991428148014488  |
5     | 0.0046627690364728757028  | 0.001399076352295622978   | 0.0099981205367730124206  |
6     | 0.00098439374117731989582 | 0.0017812088315399077307  | 0.0099995780067352931647  |
7     | 0.0027596112223564677954  | 0.0012880521560462787969  | 0.009994213414216209998   |
8     | 0.0040759889447107254534  | 0.0043191459179020936718  | 0.0099940111888947216062  |
9     | 0.0012674399504263877438  | 0.0048346177465550185803  | 0.0099982178072232068961  |
