N			X			Y			Z
0     | 0.003691731502060809772   | 0.0027153872699535435559  | 0.0099963186729435035693  |
1     | 0.00022714481115295942298 | 0.0030069942822181609798  | 0.0099909532205835673707  |
2     | 0.0017350955458714516395  | 0.00443782522458879055    | 0.0099927159217868682939  |
3     | 0.0011854406840827993661  | 0.0038924520304429526506  | 0.0099938587408309170063  |
4     | 0.0017398951632982271372  | 0.003606389421181192996   | 0.009994816082879793423   |
5     | 0.004662754707086432665   | 0.0013988907672838255241  | 0.0099980899324867492095  |
6     | 0.00098435279856132619318 | 0.0017810959958572975675  | 0.0099995711351974578968  |
7     | 0.002759638416820487869   | 0.0012878530030374850217  | 0.0099941191882024892762  |
8     | 0.0040758443283970650917  | 0.0043192482508042310402  | 0.0099939136699399421654  |
9     | 0.0012672824793087842862  | 0.0048346825558590132005  | 0.0099981887868427418709  |
