N			X			Y			Z
0     | 0.0036916578022975722259  | 0.0027151229371304192069  | 0.0099920995459871417288  |
1     | 0.00022721330857439989972 | 0.0030070949262893929312  | 0.0099805848098669016494  |
2     | 0.0017349583481411515271  | 0.0044380121325506300539  | 0.0099843677228168697946  |
3     | 0.0011853754337016538141  | 0.0038925846074726200979  | 0.0099868203137342109049  |
4     | 0.0017400715542302829138  | 0.0036065620903790885504  | 0.0099888748545874546381  |
5     | 0.00466270327315787287    | 0.0013986206728921004878  | 0.0099959008258928630508  |
6     | 0.00098427421211252593726 | 0.0017809370576931616778  | 0.0099990796181381822599  |
7     | 0.0027596457181172742192  | 0.0012875561891662920359  | 0.0099873792568681129395  |
8     | 0.0040756487913203498161  | 0.0043194221646427177069  | 0.0099869381964686598091  |
9     | 0.0012670619249578083613  | 0.0048348034900821644511  | 0.0099961129760988906567  |
