N			X			Y			Z
0     | 0.0036917420962119576987  | 0.0027161789897205417151  | 0.0099924395743109274692  |
1     | 0.00022702798049495633774 | 0.0030066630081093323468  | 0.0099814204219147908276  |
2     | 0.0017356161340035829079  | 0.0044374050535404326728  | 0.0099850405217470176999  |
3     | 0.0011857204975120503535  | 0.0038921303415094554191  | 0.0099873875553916757059  |
4     | 0.0017395304956530409455  | 0.0036057776438690675516  | 0.0099893536706833832572  |
5     | 0.004662698940787191916   | 0.0013996821340333208666  | 0.0099960772506019097972  |
6     | 0.00098445477061442497775 | 0.0017815973231013735624  | 0.0099991192305327620399  |
7     | 0.0027593990990556673676  | 0.0012886755762420200062  | 0.0099879224421236794534  |
8     | 0.0040765180681363684043  | 0.0043189073619479155172  | 0.0099875003645609177622  |
9     | 0.0012679869229641064273  | 0.0048345079075881617833  | 0.0099962802700568655079  |
