N			X			Y			Z
0     | 0.0036876316576053016182  | 0.0027158489941237684215  | 0.0099943756539504421954  |
1     | 0.00022880253147807572416 | 0.0030062182719751613137  | 0.0099861782945956292096  |
2     | 0.0017375417313606530273  | 0.004440308732743116632   | 0.009988871356471737406   |
3     | 0.0011872525008002330661  | 0.0038937376553359838091  | 0.0099906173599311181438  |
4     | 0.0017428800307766325814  | 0.0036041841827489087477  | 0.0099920799909030584562  |
5     | 0.0046586225967128747083  | 0.0013990082126287171297  | 0.0099970817912921963733  |
6     | 0.00098180567085990222594 | 0.0017818823344487770902  | 0.0099993447786570020114  |
7     | 0.0027552501823893539405  | 0.0012870347169131200662  | 0.0099910152724563949106  |
8     | 0.0040779581038579270497  | 0.0043225666284379647697  | 0.0099907012808413252908  |
9     | 0.0012685500268339352636  | 0.0048382455573074863164  | 0.0099972328213685998644  |
