N			X			Y			Z
0     | 0.0036917741092674202959  | 0.0027158761882884554541  | 0.009996474808398303144   |
1     | 0.00022705750469274597393 | 0.003006794826423160507   | 0.0099913369199933124015  |
2     | 0.0017353982104829196974  | 0.0044375417863444024946  | 0.0099930248600711198831  |
3     | 0.0011855989993488082971  | 0.003892240434778121861   | 0.0099941192089389365577  |
4     | 0.0017396418812699238933  | 0.0036060278601906716606  | 0.0099950359474136381971  |
5     | 0.0046627562775641857168  | 0.0013993824897515570304  | 0.0099981709438327400624  |
6     | 0.00098443866516533407723 | 0.0017814012465671284248  | 0.009999589324562315959   |
7     | 0.0027595279464108844573  | 0.0012883723754971332549  | 0.0099943686100035147163  |
8     | 0.0040762452743963494342  | 0.0043190068455675051373  | 0.00999417180834965245    |
9     | 0.001267709976241434373   | 0.0048345425136930193777  | 0.0099982656054969139964  |
