N			X			Y			Z
0     | 0.0036890451941340514537  | 0.0027138456824629337075  | 0.0099952083763760399271  |
1     | 0.00022849274243542586202 | 0.0030072609486524364344  | 0.0099882246914476027072  |
2     | 0.0017354728797802348311  | 0.0044404147620437295005  | 0.0099905190273210792151  |
3     | 0.0011859661605407752216  | 0.0038940348425666394989  | 0.0099920065231738890849  |
4     | 0.0017426811020925046369  | 0.0036063805964958871482  | 0.0099932526017502305848  |
5     | 0.0046602017897337637276  | 0.0013971264908519784743  | 0.0099975138518041475888  |
6     | 0.00098246201070593258686 | 0.0017804405331701481097  | 0.0099994417886029116765  |
7     | 0.0027573461159553273002  | 0.001285408659933552503   | 0.0099923455220618639244  |
8     | 0.0040756496649329591528  | 0.0043221954048376616878  | 0.0099920780190264468085  |
9     | 0.0012664670247293449441  | 0.0048374018881347990648  | 0.0099976425208575178671  |
