N			X			Y			Z
0     | 0.0036878107451456072427  | 0.002714966892573521251   | 0.0099946636371226280776  |
1     | 0.00022885246350308751121 | 0.0030066144592634292711  | 0.0099868860068402700442  |
2     | 0.0017368621037293877508  | 0.0044406500184081239627  | 0.0099894411759738014484  |
3     | 0.0011868640984610038212  | 0.0038940275766245775052  | 0.0099910977788859097609  |
4     | 0.0017431376732408086598  | 0.0036049517354557829817  | 0.0099924855188210388174  |
5     | 0.0046588753211703167259  | 0.0013981425005236930263  | 0.0099972312122192461686  |
6     | 0.00098181323982561184358 | 0.0017813008114203395405  | 0.0099993783279299624372  |
7     | 0.0027557143430605719574  | 0.0012861785845933216849  | 0.0099914753171116196112  |
8     | 0.0040771274473066776434  | 0.0043227829172082926634  | 0.009991177402797013149   |
9     | 0.0012677253352857712973  | 0.004838269762238121656   | 0.0099973745091085173403  |
