N			X			Y			Z
0     | 0.0036912849454503156646  | 0.0027144720378804764252  | 0.0099918601382897823809  |
1     | 0.00022746241825656273762 | 0.0030073155903059642542  | 0.0099799964707719592688  |
2     | 0.0017347203725268614972  | 0.0044385995534281328517  | 0.0099838940174476840245  |
3     | 0.0011852916004312027964  | 0.0038929797337651237191  | 0.0099864209293019142594  |
4     | 0.0017406549368074511735  | 0.0036069011207020681628  | 0.0099885377289688926511  |
5     | 0.0046623855441405449157  | 0.0013979395493911982856  | 0.0099957766084956770763  |
6     | 0.00098395920863972980396 | 0.0017805687079872763948  | 0.0099990517277787332312  |
7     | 0.0027594656717077224381  | 0.0012867648094204151617  | 0.009986996810106540598   |
8     | 0.0040752475033698672136  | 0.0043200143457278626299  | 0.0099865423842404373728  |
9     | 0.0012665587576251094437  | 0.0048352720958358495068  | 0.0099959951874958267309  |
