N			X			Y			Z
0     | 0.003691611217689277219   | 0.0027166180919630878235  | 0.0099925853007354070723  |
1     | 0.00022702066499782634136 | 0.0030064598663713123193  | 0.0099817785413638861897  |
2     | 0.001735976222053857692   | 0.0044372628953913140215  | 0.0099853288641456525165  |
3     | 0.0011859305960977145622  | 0.0038920009940408848217  | 0.0099876306589591606205  |
4     | 0.0017394347407828833745  | 0.003605376776785583319   | 0.0099895588775816383798  |
5     | 0.0046625314718668894529  | 0.001400109580873186866   | 0.0099961528611915012599  |
6     | 0.00098442451147308200621 | 0.0017818918203573301008  | 0.0099991362072732962313  |
7     | 0.0027591248639694575598  | 0.0012890885593566693557  | 0.0099881552358046365309  |
8     | 0.0040769490509337622669  | 0.0043188354411686259715  | 0.0099877412937433140278  |
9     | 0.0012684061540637490886  | 0.0048345331052603631589  | 0.0099963519674674261584  |
