N			X			Y			Z
0     | 0.0036879916069999687904  | 0.0027146427583280511447  | 0.0099947816061329210896  |
1     | 0.00022882245116569941692 | 0.0030067763720296233204  | 0.0099871759130609662897  |
2     | 0.0017365523325684265044  | 0.0044406989694763020562  | 0.009989674596010791538   |
3     | 0.0011866751810321299245  | 0.0038940928287584789837  | 0.0099912945770119689776  |
4     | 0.0017431427474628492531  | 0.0036052855735284046294  | 0.0099926516386910548689  |
5     | 0.0046590830611001679551  | 0.0013978340299638973912  | 0.0099972924207917725908  |
6     | 0.0009818890605757233693  | 0.0017810732853010874301  | 0.0099993920710056329731  |
7     | 0.0027560039540008001574  | 0.0012859003642969797122  | 0.0099916637691390610548  |
8     | 0.0040767739967459788383  | 0.0043227638390247414765  | 0.0099913724407065720307  |
9     | 0.0012673982905202934614  | 0.0048381759635670899475  | 0.0099974325498694473907  |
