N			X			Y			Z
0     | 0.0036917540181066691579  | 0.002715515138085103624   | 0.0099922279240277547124  |
1     | 0.00022711719738322371236 | 0.0030069437322849785175  | 0.0099809002960482475636  |
2     | 0.0017351687680346801652  | 0.0044377435386827720695  | 0.0099846217387394766568  |
3     | 0.0011854775223184477097  | 0.0038923926107000028814  | 0.0099870344764008047583  |
4     | 0.001739820065218996431   | 0.0036062999810133932257  | 0.0099890556320930603412  |
5     | 0.0046627664728623894816  | 0.0013990203218015645134  | 0.0099959674352217888632  |
6     | 0.00098438247524196059376 | 0.001781174460703585042   | 0.0099990945738381766666  |
7     | 0.0027596212931584201446  | 0.0012879924311311626278  | 0.0099875843370156227458  |
8     | 0.0040759444224562043149  | 0.0043191753735478980933  | 0.0099871504436055327097  |
9     | 0.0012673919107853237696  | 0.004834635779333205062   | 0.0099961761381034321822  |
