N			X			Y			Z
0     | 0.0036916066182177448458  | 0.0027149918115359789744  | 0.0099961868252261172618  |
1     | 0.00022725343454031921497 | 0.0030071427762318088395  | 0.0099906292077486715669  |
2     | 0.001734897920718210659   | 0.0044381145688281147671  | 0.0099924550405690558408  |
3     | 0.0011853489373568680369  | 0.0038926556211590231625  | 0.0099936387899841449406  |
4     | 0.0017401704438031119666  | 0.0036066411614589636604  | 0.0099946304194956578359  |
5     | 0.0046626631572423173078  | 0.0013984854637174701144  | 0.009998021522905690267   |
6     | 0.0009842259444262418857  | 0.0017808599737994734377  | 0.0099995557752893555331  |
7     | 0.0027596342075714309222  | 0.0012874043278518860697  | 0.0099939085653482900157  |
8     | 0.0040755579218756795776  | 0.0043195209638910731648  | 0.0099936956863939645918  |
9     | 0.0012669555676014633908  | 0.0048348765340999041648  | 0.0099981239177569965204  |
