N			X			Y			Z
0     | 0.0036876424302331699268  | 0.002716024841944392719   | 0.0099901877540850402698  |
1     | 0.00022877304343734057059 | 0.0030061458882100797023  | 0.0099758866237609124944  |
2     | 0.0017376529650379988513  | 0.0044402098141077140508  | 0.0099805849451585892246  |
3     | 0.0011873112691973863094  | 0.003893663184513099576   | 0.0099836310264560159528  |
4     | 0.0017427924782435701319  | 0.0036040520920429110034  | 0.0099861827355174886262  |
5     | 0.0046586186169145921143  | 0.0013991846875773608638  | 0.0099949088869675083852  |
6     | 0.00098183366467471488818 | 0.0017819926706695678794  | 0.009998856899470697987   |
7     | 0.0027552057399117231909  | 0.0012872200791616561239  | 0.0099843252254822236619  |
8     | 0.0040781042186029767965  | 0.0043224837019392335288  | 0.0099837774350519849914  |
9     | 0.0012687047331288111868  | 0.004838199251472001701   | 0.0099951723743555830753  |
