N			X			Y			Z
0     | 0.0036917141789830532246  | 0.0027153113811773307851  | 0.0099921620001690615587  |
1     | 0.00022716286418511785262 | 0.0030070237211404504674  | 0.0099807382896307996617  |
2     | 0.0017350541554395212604  | 0.0044378763360559368711  | 0.0099844912981305704303  |
3     | 0.0011854204108573403002  | 0.0038924887164433099977  | 0.0099869245009774187255  |
4     | 0.0017399428172480762515  | 0.0036064407205429137825  | 0.0099889628004009925477  |
5     | 0.004662743770419221917   | 0.0013988135458156429527  | 0.009995933230431259392   |
6     | 0.00098433267179264937602 | 0.001781049903958653851   | 0.0099990868938841254848  |
7     | 0.0027596444820420862679  | 0.0012877690016761679081  | 0.0099874790255885231155  |
8     | 0.0040757865829705447469  | 0.0043192948949853978563  | 0.0099870414518325439229  |
9     | 0.0012672183587977686996  | 0.0048347138518736038071  | 0.0099961437035605595069  |
