N			X			Y			Z
0     | 0.0036909625104656292906  | 0.0027174556667210036237  | 0.0099929253290591928127  |
1     | 0.00022717444501377172684 | 0.0030060157363025331693  | 0.0099826141534117753679  |
2     | 0.001736871315028365231   | 0.0044372569177308042107  | 0.0099860016630758004219  |
3     | 0.001186491581924620925   | 0.0038918974493618962822  | 0.0099881979006166254215  |
4     | 0.0017395628567165477996  | 0.0036044324849775965722  | 0.0099900376936775669989  |
5     | 0.0046618135949279670277  | 0.001400891483184426526   | 0.0099963292859005480062  |
6     | 0.00098411346049808107531 | 0.0017825015736458308443  | 0.0099991758196678760112  |
7     | 0.0027581888448918751716  | 0.0012897501609537467392  | 0.0099886984210602030448  |
8     | 0.0040779383863784081365  | 0.0043190400856784900291  | 0.0099883034618355719808  |
9     | 0.0012692890891502735858  | 0.0048349373526541681093  | 0.0099965192614254010095  |
