N			X			Y			Z
0     | 0.0036886849492990289416  | 0.0027140059016158520934  | 0.0099909510829751715238  |
1     | 0.00022862141983993639494 | 0.0030071424712892875185  | 0.0099777624875418882006  |
2     | 0.001735767330196128725   | 0.0044405705484642206751  | 0.0099820953101038192162  |
3     | 0.0011861682906808470456  | 0.0038940997670684888467  | 0.0099849044260952226487  |
4     | 0.0017428895127231337683  | 0.0036060936513491984208  | 0.0099872576287940630774  |
5     | 0.0046598286835658111332  | 0.0013972562714260256846  | 0.0099953049424367969994  |
6     | 0.00098225259399388779522 | 0.001780585582648911867   | 0.0099989458252544485134  |
7     | 0.0027569227074090278153  | 0.0012854605638279871082  | 0.0099855446209539035912  |
8     | 0.0040759378877168296954  | 0.0043224368385129776152  | 0.0099850394450550130493  |
9     | 0.0012666851943913964591  | 0.0048376899970367925885  | 0.0099955479322204245779  |
