N			X			Y			Z
0     | 0.0036917748920574262883  | 0.002715843402911464078   | 0.0099964643993679831724  |
1     | 0.0002270618292657272132  | 0.0030068087179742565736  | 0.0099913113400326627328  |
2     | 0.0017353760153612511792  | 0.0044375583740527153181  | 0.0099930042641855031105  |
3     | 0.0011855869217321729839  | 0.0038922533177527950284  | 0.0099941018443984019209  |
4     | 0.0017396560310444764662  | 0.003606053743986562584   | 0.0099950212897780485455  |
5     | 0.0046627598064480349146  | 0.0013993498213511099907  | 0.0099981655430763406722  |
6     | 0.0009844352179032775374  | 0.0017813803394900256608  | 0.0099995881119379920882  |
7     | 0.0027595391205707492203  | 0.0012883386986111541525  | 0.0099943519818834463536  |
8     | 0.0040762168626751870554  | 0.0043190199155643581655  | 0.009994154599122338431   |
9     | 0.0012676805501315277676  | 0.0048345486556809983553  | 0.0099982604842533025213  |
