N			X			Y			Z
0     | 0.0036881170492883363042  | 0.0027144773247597393621  | 0.0099948475299916142434  |
1     | 0.00022879320676172972947 | 0.0030068637129629328594  | 0.0099873379194784141916  |
2     | 0.001736376940464271542   | 0.0044407019358021111721  | 0.0099898050366196977645  |
3     | 0.0011865654568400745526  | 0.0038941142445135272163  | 0.0099914045524353550104  |
4     | 0.0017431195352160268851  | 0.0036054708756260997818  | 0.0099927444703831226624  |
5     | 0.0046592221696552423016  | 0.0013976793673660121552  | 0.0099973266255823020621  |
6     | 0.00098194879196591001828 | 0.0017809531731564161219  | 0.009999399750959684155   |
7     | 0.0027561860513361582936  | 0.0012857688386107408128  | 0.0099917690805661606851  |
8     | 0.0040765797143501565983  | 0.004322725720421306296   | 0.0099914814324795608175  |
9     | 0.0012672244582731992911  | 0.004838098517044774928   | 0.0099974649844123200659  |
