N			X			Y			Z
0     | 0.0036882202988253649269  | 0.0027172573442750705235  | 0.0099938794901718568803  |
1     | 0.00022835520917856459776 | 0.0030057098627916784515  | 0.0099849589831379950006  |
2     | 0.0017381704513764971963  | 0.0044391826691091620244  | 0.0099878896192573379115  |
3     | 0.0011875214648539953333  | 0.0038929609778342558375  | 0.0099897896501656337914  |
4     | 0.001741787617214347406   | 0.0036033524345920921184  | 0.009991381310273285063   |
5     | 0.0046590922997128232305  | 0.0014004636820718525687  | 0.009996824355237158774   |
6     | 0.00098234878315248803059 | 0.0017827055716435223284  | 0.0099992869768975641692  |
7     | 0.0027554140627158506087  | 0.0012886780756181958653  | 0.0099902226653998029565  |
8     | 0.004078917780831943854   | 0.004321472156722444731   | 0.0099898809743393570532  |
9     | 0.0012696842379869423094  | 0.0048374263097478425316  | 0.0099969887087564528877  |
