N			X			Y			Z
0     | 0.0036916977375639260274  | 0.002715249256019952942   | 0.0099962735671454503589  |
1     | 0.00022717859301077836676 | 0.0030070475000438783714  | 0.0099908423740874188063  |
2     | 0.0017350214511920405459  | 0.0044379196795821017688  | 0.0099926266729491956126  |
3     | 0.0011854047219855357378  | 0.0038925195598000545023  | 0.009993783494488600247   |
4     | 0.0017399835884867264311  | 0.0036064816984826032764  | 0.0099947525664589049327  |
5     | 0.0046627325606770769761  | 0.0013987501402765211214  | 0.0099980665292090185187  |
6     | 0.00098431476053223573505 | 0.0017810124434524082608  | 0.0099995658804920544566  |
7     | 0.0027596471085698536831  | 0.0012876995207942629716  | 0.0099940471330155263713  |
8     | 0.0040757402578242910018  | 0.0043193350155394201126  | 0.0099938390966215814165  |
9     | 0.0012671663391273819011  | 0.0048347414891783124791  | 0.0099981665947870921457  |
