N			X			Y			Z
0     | 0.0036916229701116761927  | 0.0027150309341653516317  | 0.0099920683188961818139  |
1     | 0.00022724100835176097558 | 0.0030071286531076512651  | 0.0099805080699849526432  |
2     | 0.0017349153859630107519  | 0.004438083287850039596   | 0.0099843059351600194767  |
3     | 0.0011853564089227852131  | 0.0038926340457958027649  | 0.0099867682201126069946  |
4     | 0.0017401400975920590462  | 0.003606618056285273554   | 0.0099888308816806856832  |
5     | 0.0046626762051454875499  | 0.0013985258952760120342  | 0.0099958846236236648802  |
6     | 0.00098424103156981605431 | 0.001780882842546732377   | 0.0099990759802652106475  |
7     | 0.0027596387600112301866  | 0.0012874499787956443335  | 0.0099873293725079078514  |
8     | 0.0040755845807904072381  | 0.0043194905605064828555  | 0.0099868865687867177522  |
9     | 0.0012669870749098793156  | 0.0048348537761809294924  | 0.0099960976123680562316  |
