N			X			Y			Z
0     | 0.0057463193033146179461  | 0.009758472540911290391   | -0.012961853491941859387  |
1     | 0.0048092908228160478543  | 0.0090613547653042095242  | -0.0088853988888222042858 |
2     | 0.0030442294093992118727  | 0.0067478653142078745888  | -0.023328375409344816876  |
3     | 0.0037082658627316869571  | 0.00098896574558162580505 | -0.027771008124171797649  |
4     | 0.0047489301899371954771  | 0.0014792357473097281738  | 0.0008511626576637445693  |
5     | 0.0065911236176008827087  | 0.0010314811719083175501  | -0.011143359147460065242  |
6     | 0.0032150088394043408423  | 0.0079556994954607367782  | -0.034213434108847445847  |
7     | 0.0059407344373503135487  | 0.0015849470911094892724  | -0.038967501072997824674  |
8     | 0.00084539919355758308926 | 0.0071817259878196610529  | -0.012239228173918417428  |
9     | 0.0035665518594045343519  | 0.00073619455167770592435 | -0.025638866584489491268  |
10    | 0.0077828315029688059645  | 0.0030256603284776360449  | -0.0066319749538640880918 |
11    | 0.0044795218320533639056  | 0.0082012091460702367385  | -0.023484114223275742023  |
12    | 0.0030967830127966826381  | 0.0036991437910936053428  | -0.039883568127989585395  |
13    | 0.0086280497902012382588  | 0.0070101513158453022251  | -0.023114340409148524669  |
14    | 0.005860779203362811822   | 0.0093918099579600455851  | -0.0093512531719339084257 |
15    | 0.0039929388442690285158  | 0.0064834575246122735231  | -0.020657010099394142177  |
16    | 0.0032551402913271487195  | 0.0084193744915441615789  | -0.0098728516636550425756 |
17    | 0.0014793147609321538952  | 0.0089020943017729114999  | -0.028366765079121645382  |
18    | 0.0045969472425990984613  | 0.0097806740626146960321  | -0.030028526445056529653  |
19    | 0.0065116567885939655169  | 0.00079532564982091197032 | -0.026154944200206718674  |
20    | 0.0041676782616741486764  | 0.0032025469486903525296  | -0.030582369528168260736  |
21    | 0.0084545352887898817668  | 0.0047890063431960845641  | -0.018861241607952043686  |
22    | 0.0062177283452935563912  | 0.0018437792838684372541  | -0.013926525942078016654  |
23    | 0.0059708870005546650639  | 0.0065636773021865452843  | -0.029781805774682656301  |
24    | 0.0079342508323164539358  | 0.00077480287278714268795 | -0.0038107983934659458124 |
25    | 0.0076216939216976935592  | 0.0018242828941917575182  | -0.0056643959232652169034 |
26    | 0.002923991208940480719   | 0.0091558860527391310036  | -0.017282147956614323653  |
27    | 0.0029246293467110316168  | 0.0046471402063928647294  | -0.028689443695553762392  |
28    | 0.0052649573248808650625  | 0.0073078461170062126648  | -0.036275739190081035535  |
29    | 0.004416104638876415002   | 0.0032654052161324911147  | -0.031373454028781243286  |
30    | 0.0054001718800385858921  | 0.0019480097022328221341  | -0.030354733100908151688  |
31    | 0.004089700524284039726   | 0.0024341411934344953268  | -0.02948696576925998597   |
32    | 0.0028041280375084055854  | 0.005476957956995208085   | -0.020139287829390780521  |
33    | 0.0019604994405577357876  | 0.0091477836187443817284  | -0.0078791202638260771779 |
34    | 0.0036318854052717172883  | 0.0081259647533281995774  | -0.0061031828948202079127 |
35    | 0.00095503685025978210521 | 0.0055584835887287501258  | -0.032956706780055376738  |
36    | 0.0093537565366293845548  | 0.0096806835924096099055  | -0.028671726287064616678  |
37    | 0.00018324568008391454261 | 0.005481395826237999043   | -0.034916379623038854008  |
38    | 0.0060624440644129517011  | 0.0067749317045014386188  | -0.028734090036917226546  |
39    | 0.00074674382296765920517 | 0.0032051249246674629913  | -0.035079995956119582046  |
40    | 0.0060274303651721159239  | 0.0032626289496427945784  | -0.033694342924869016831  |
41    | 0.007733834893467311615   | 0.0044081105913769281363  | -0.023711947548327852453  |
42    | 0.0067069566060669336474  | 0.0093224289604218191219  | -0.0088037551752455731752 |
43    | 0.00055267045128062279417 | 0.0030129814457258590789  | -0.010904285022678634684  |
44    | 0.0023507977113823839456  | 0.0066008970249672241359  | -0.0098581342206576060699 |
45    | 0.00060996486448146802154 | 0.0026317867278741746695  | -0.027317421004369731724  |
46    | 0.0035413191226363015252  | 0.0016393112209721521014  | -0.015317166883017209814  |
47    | 0.003389157991412884794   | 0.0031887820190712639137  | -0.014104458780268544493  |
48    | 0.0049249155337102949043  | 0.0079006732482701149539  | -0.005736034372030847199  |
49    | 0.0036022945037406904623  | 0.0060443567025228852121  | -0.027454975672916118179  |
50    | 0.0044908951833594864048  | 0.0069758660978864470495  | -0.033901371177890139708  |
51    | 0.00076980904523875543811 | 0.0065857211682316075738  | -0.021785286312097751349  |
52    | 0.0036228732133601940744  | 0.0053368025161161696326  | -0.018406640173190103038  |
53    | 0.0088801658175875833323  | 0.0081380458485490296539  | -0.029233822655895875392  |
54    | 0.0016266995454065522834  | 0.0057772581178035511615  | -0.016026300813496461434  |
55    | 0.005397491196654335098   | 0.0089058566685582419425  | -0.0115607118235846653    |
56    | 0.0087127839308681030717  | 0.0037907965914173503454  | -0.02596908784125166389   |
57    | 0.0029631421769008505114  | 0.0084269116598244611649  | -0.0079651885197472155342 |
58    | 0.0018789488403075981036  | 0.0093490211530086689967  | -0.024277970903122812057  |
59    | 0.0053625087389972507512  | 0.0076794942974112608003  | -0.035655500070488115039  |
60    | 0.005264596107262875524   | 0.00012064323486212795889 | -0.03002811589743756629   |
61    | 0.0076458786889308403764  | 0.0062208872678982613316  | 0.00011920711775023650793 |
62    | 0.0069626206668686012324  | 0.0071925538227742055047  | -0.027883819795428994165  |
63    | 0.0082937551192505849784  | 0.0099343896647865730792  | -0.0032130396937070223803 |
64    | 0.0071137841258778530124  | 0.0073095127921650286662  | -0.014973790623552521092  |
65    | 0.0065163989745304767842  | 0.0085330696184960294626  | -0.027927884447058546474  |
66    | 0.0019514323299562384532  | 0.0064756154745395722375  | -0.03760472430616737527   |
67    | 0.0057567226746610446197  | 0.0027905457305270353098  | -0.020314174096919011825  |
68    | 0.0017575829645756347978  | 0.0075144488903956920337  | -0.010194975979889737278  |
69    | 0.0013357280534263451643  | 0.0059263958433150350918  | -0.021473818988475185804  |
70    | 0.0088287796943097573976  | 0.0051249798385230799572  | -0.0086880024485285964331 |
71    | 0.0090428274354315621442  | 0.0075067904607356381735  | -0.034367208313722238944  |
72    | 0.0067843823227954798416  | 0.0082543423274216952412  | -0.012932697611978816524  |
73    | 0.002178795203194391298   | 0.0035474272921019686135  | -0.031178878964355265929  |
74    | 0.0041282794344588234076  | 0.0066186388066068408201  | -0.015924115006890601776  |
75    | 0.0073132639885125404547  | 0.00052579461035180664018 | -0.037099652118202271212  |
76    | 0.0060297768852885479107  | 0.0015949798296255271891  | -0.01066935043324047927   |
77    | 0.0044679887863847403059  | 0.0047532122110547879446  | -0.003759160330549707503  |
78    | 0.0054721342706741471842  | 0.0044486486995655898438  | -0.014552910940510439125  |
79    | 0.0041907631803399791881  | 0.0067692357668633091478  | -0.025200086480357750118  |
80    | 0.0016943470868053286775  | 0.004085320049218883233   | 0.00024412998799153029657 |
81    | 0.0078849694160135347376  | 0.0014148405314753571046  | -0.0081535726209380540025 |
82    | 0.006913175758194080138   | 0.0047654287262543408923  | -0.036720325105220448514  |
83    | 0.0051566423113880953399  | 0.006906913030036761908   | -0.008720752744206193216  |
84    | 0.009640559791993920033   | 0.0021548491059626023215  | -0.0086697836643601887407 |
85    | 0.0028425207903159596667  | 0.00037629881795700899057 | -0.02065556589659640549   |
86    | 0.0017581972566924365924  | 0.0048236790699155646447  | -0.020246587851052853108  |
87    | 0.0036744706476998646554  | 0.0067762641780731323535  | -0.040205550894496296099  |
88    | 0.0060173812787333302854  | 0.0007209300879810388472  | -0.010876585941889681947  |
89    | 0.0093454479218179255934  | 0.0070703747490134024462  | -0.02384843742609122838   |
90    | 0.0040897493671639868762  | 0.0062203165283690143791  | -0.034974742809321196502  |
91    | 0.0049333321401351746399  | 0.0024540428359229866755  | -0.01837791798902026208   |
92    | 0.008265509393124441731   | 0.0073816330635314486228  | -0.0087849617124403350105 |
93    | 0.00091878729485470880204 | 0.0074866586505374860608  | -0.011686937520061306192  |
94    | 0.0052578254840774376819  | 0.0076321333346017839264  | -0.037506621123252238681  |
95    | 0.0045536064796422321549  | 0.0096423472846491643795  | -0.016735104670692845658  |
96    | 0.001390994334857872548   | 0.0097871189297246228428  | -0.0065764543309607828916 |
97    | 0.0056257277132234105241  | 0.004931865853773411898   | -0.004614966921809182665  |
98    | 0.0099656069511223736856  | 0.0050664197388369499112  | -0.038714210999905657173  |
99    | 0.0044847370479606058977  | 0.0073062794836001709181  | -0.00071546816716062553929 |
100   | 0.009822084530414462375   | 0.0048470531258951810374  | -0.02925777055708251792   |
101   | 0.0063392683705821850637  | 0.0069186499085686680235  | -0.024755746813606104711  |
102   | 0.0060383921343513469529  | 0.0056051366353405919149  | -0.02561784400053207511   |
103   | 0.00012068331115483031842 | 0.0084252566313818642169  | -0.012792266029747893438  |
104   | 0.0031986828314109596108  | 0.0077349265293521953651  | -0.014431169764265760688  |
105   | 0.0086375591538684730331  | 0.0066772044439807930541  | -0.019296266872846020574  |
106   | 0.0041070363728586394697  | 0.0084097393842917297913  | -0.03961655065606815157   |
107   | 0.0081051779703012385297  | 0.0066177002018142890363  | -0.033551161069861133723  |
108   | 0.0066711049951424499643  | 0.0092346406104400792503  | -0.039619280140390442102  |
109   | 0.00059240819144436112059 | 0.003517325896233203502   | -0.012463261285386528429  |
110   | 0.0040186620304190926942  | 0.0037359503297061812284  | -0.029884697542585707264  |
111   | 0.0065516528135299055904  | 0.0036919762827661716138  | -0.021615133698511125593  |
112   | 0.0089116929776756389353  | 0.0083648759187589048075  | -0.0026660629371087164394 |
113   | 0.0069698710722686579508  | 0.0044073621469823123439  | -0.0030224926735316335648 |
114   | 0.0085809848759422838183  | 0.0078210124995856111774  | -0.0095327516042622070097 |
115   | 0.0016868195580063212631  | 0.0022164197876362893777  | -0.018598071798798278265  |
116   | 0.0033820177458322264567  | 1.1955738140056474666e-05 | -0.032626018754649516174  |
117   | 0.0086893700816458325359  | 0.003524783999585166458   | -0.0092700431596496740694 |
118   | 0.0053621812815643123823  | 0.0043465554750819175925  | -0.0066666134346907157671 |
119   | 0.0065024966515248765545  | 0.0026540622009350255638  | -0.031369655929208289935  |
120   | 0.0024763194330904205603  | 0.0033042652536404907952  | -0.034349892863756052719  |
121   | 0.004837839043836977479   | 0.0015336735244228525202  | -0.036669048903567369457  |
122   | 0.0096699185744474475124  | 0.0074639708554591560966  | -0.0109168708665517665    |
123   | 0.003129290420509481252   | 0.0024885197350979623362  | -0.028208130156174925085  |
124   | 0.003835219124962715477   | 0.0065079534608451046138  | -0.018734203403222949441  |
125   | 0.0065553826533917914157  | 0.0086663843813477459826  | -0.0092957838843562307779 |
126   | 0.0081909748690689541256  | 0.0068931840800591347856  | -0.019717952477249223175  |
127   | 0.002310883493098524373   | 0.0073461809236598819839  | -0.012687279501641623297  |
128   | 0.0042286799286485182714  | 0.0016688693916334853152  | -0.037086653100463114197  |
129   | 0.00970884952747014425    | 0.0061114831350318242834  | -0.00098195389276829162135 |
130   | 0.0058911366111517966468  | 0.006876120505790627585   | -0.0035229232225440602899 |
131   | 0.003715837002133895537   | 0.005377562067350421908   | -0.040726795064933679624  |
132   | 0.0042093239258878586279  | 0.0031262870445419991584  | -0.014126071461558930425  |
133   | 0.003453816896765052151   | 0.0034026163834562717439  | -0.027113226065612287125  |
134   | 0.0075893073933979340179  | 0.0079251620881731800472  | -0.033580142109437494113  |
135   | 0.0037148593209224496821  | 0.0061063962461934684356  | -0.029691791589701241327  |
136   | 0.0042325092459623413904  | 0.0062092237760927367768  | -0.031145537321317594975  |
137   | 0.0055971999817423061241  | 0.0062427946598106916209  | -0.014822665531534648387  |
138   | 0.0072885946486962293472  | 0.0048339196627427407846  | 0.00059374042359710741366 |
139   | 0.0062014934848182217894  | 0.00082457835652943788172 | -0.016818739848307028006  |
140   | 0.0061206327793411306748  | 0.0065673662849349209725  | -0.023833407330271155072  |
141   | 0.00053159178812061378717 | 0.007404817909193260779   | -0.035722194173752934432  |
142   | 5.2818535973606352773e-05 | 0.006941177773740846331   | -0.019914247476706597312  |
143   | 0.0034245875718629929275  | 0.00030043042951420981116 | -0.024573266966921844534  |
144   | 0.0096891682272594870096  | 0.0056282287655786090649  | -0.020518043342148628572  |
145   | 0.0069990174530343883877  | 0.0094586779389795767881  | -0.01986419296575595711   |
146   | 0.0052432165385507484637  | 0.0093176510353781983459  | -0.00089973723101361053906 |
147   | 0.0043805922903924791531  | 0.00044725726664766114922 | -0.028967674846767609703  |
148   | 2.5870913507776650337e-05 | 0.0081550004904560411539  | -0.0046000379369107290833 |
149   | 0.0016463081514876108397  | 0.0077964150231180466555  | -0.027379695109019136501  |
150   | 0.0041620684679905140674  | 0.0032906415708409812206  | -0.033077695944897254898  |
151   | 0.004062998786454806617   | 0.0038246504445067271843  | -0.02956971056251398583   |
152   | 0.0074070227447670545368  | 0.0012991576874610410042  | -0.023385381358454165879  |
153   | 0.0075378663253703060559  | 0.0074318667728652150484  | -0.013242978132726306376  |
154   | 0.0042983290878197454379  | 0.0082747923829039251448  | -0.015896836625485750993  |
155   | 0.0044659662980624506221  | 0.0010564238441967560306  | -0.0042751815846395566784 |
156   | 0.00085988481651475662769 | 0.0084591188990829520311  | -0.024905135393701309521  |
157   | 0.0055395571294757110434  | 0.00032465402095314987215 | -0.0034192742717672106566 |
158   | 0.0093751519490387191097  | 0.0036168697923289212098  | -0.024135319443178145787  |
159   | 0.0041979169690204067716  | 0.0028095603143986824443  | -0.032993138766713961396  |
160   | 0.0037170099219098933288  | 0.00073153522660060672257 | -0.038214727635606834943  |
161   | 0.0053887487945928694288  | 0.0076672310672122809261  | -0.012471797215267827613  |
162   | 0.0053446573451732268603  | 0.00026508596738469077277 | -0.010233306426205807799  |
163   | 0.0050212118876139400642  | 0.00028489215925000464487 | -0.01509373447775100123   |
164   | 0.0040521314583547079699  | 0.00023244847623558192941 | -0.014349860184639939495  |
165   | 0.0063404663368740836471  | 0.0075482516053852919888  | -0.016350431719613475051  |
166   | 0.0074975963827142982215  | 0.0076611668140411396874  | -0.035718755828777468131  |
167   | 0.0015599345839419406085  | 0.0098375759106023828726  | -0.016458505619244598317  |
168   | 0.00073479197791550317914 | 0.0058844371553440381548  | -0.011501172970659339842  |
169   | 0.0039111098752023093494  | 0.00017248277002315941827 | -0.0084779365574279442336 |
170   | 0.0099405618753913814467  | 0.0069399059220423674893  | -0.012643221095315144292  |
171   | 0.0032192559827562789929  | 0.0077596352262685828333  | -0.034833274493708703268  |
172   | 0.0037219376649461457032  | 0.0040080812825383990705  | -0.0035078832790768426329 |
173   | 0.0042600116554121492118  | 0.00075467013152630952038 | -0.0082489838846940069517 |
174   | 0.0052649188633824648559  | 0.0013789759972656365564  | -0.015819698991954973116  |
175   | 0.0016599595286862773962  | 0.0076981127318170045754  | -0.040420302514705581942  |
176   | 0.0030421146505130412796  | 0.0078842643336435088569  | -0.022397984905032763264  |
177   | 0.0059920729079948843385  | 0.0062671352377089983854  | -0.0074723808351059009189 |
178   | 0.0024061327480266016601  | 0.0075764644611860413811  | -0.019990828489355134956  |
179   | 0.0083508334464500247329  | 0.0096761599820271576577  | -0.028065342054683320439  |
180   | 0.0039163433590647606444  | 0.00059917304214142591903 | -0.01609690251685480869   |
181   | 0.0068177916442390606652  | 0.0088857992739492693002  | -0.029209727595476856626  |
182   | 0.0083812339440238001892  | 0.005780697118814868106   | -0.02787133517737837643   |
183   | 0.0048236448744147604126  | 0.0042191296872388615868  | -0.028871770189058034578  |
184   | 0.0029953657810114398159  | 0.0051250471681966586202  | -0.010540546102571676443  |
185   | 0.00056591040123017872805 | 0.0028230301252282624658  | -0.035767593479235235132  |
186   | 0.0040481177926919072879  | 0.0060853858506224704772  | -0.025901835103957861206  |
187   | 0.0057535636620122320925  | 0.0066907367031088585407  | -0.010828808469666943021  |
188   | 0.00559971434649659313    | 0.00030191726547539943833 | -0.0073422443992346006145 |
189   | 0.0024715170170330840425  | 0.00074247399096975395978 | -0.024022817297482488424  |
190   | 0.0029067115751497513663  | 0.0052002728654994018892  | -0.0027865260368114281447 |
191   | 0.0025027732102567280641  | 0.00052400762797395761001 | -0.024991929285166959024  |
192   | 0.0025380078727066397032  | 0.0001153640300220582464  | -0.012434285566986343075  |
193   | 0.0029610560658543637336  | 0.0050609432936948202386  | -0.020266383833019686878  |
194   | 0.009297897419982633152   | 0.0029380462509326181475  | -0.014097532172952299476  |
195   | 0.0011433855068780870469  | 0.0027467814793547973978  | -0.0071157229587629983528 |
196   | 0.0063686949103290676003  | 0.0031038735200267326617  | -0.032371931753861549197  |
197   | 0.0046091873021838567631  | 0.006386752443965955893   | -0.019058906504620443112  |
198   | 0.00880082439739817389    | 0.0042873292634201436505  | -0.027998586436507690023  |
199   | 0.0089276459776836403215  | 0.003861964083281224213   | -0.032058410547645334321  |
200   | 0.0033044102617755121039  | 0.0052680540535585866982  | -0.014642199439560124249  |
201   | 0.0028385466189274860364  | 0.0041087673429190370647  | -0.035112543501155460413  |
202   | 0.0040853453793973735358  | 0.007454007782827078675   | -0.0068287911245393795312 |
203   | 0.0048930842890185875099  | 0.008764333252862686538   | -0.030560666709804947677  |
204   | 0.0021885923394763242764  | 0.0031472632409694912929  | -0.030108281093411078111  |
205   | 0.0069061646918309772814  | 0.0019791106244800671203  | -0.040086199768365152196  |
206   | 0.0062982108916024136941  | 0.0048864475054612634825  | -0.014215170164978837078  |
207   | 0.0067802801403975673442  | 0.0047805840428317538174  | -0.013792079289768725131  |
208   | 0.0037295387901658525777  | 0.0091555197214515365162  | -0.022313902524897660101  |
209   | 0.0077569857324577594707  | 0.0078752359723024707022  | -0.021601235192512828476  |
210   | 0.0029353973746657591008  | 0.0047252170933873884062  | -0.0038552896650723088821 |
211   | 0.0031713336434437892734  | 0.00017886392148459907326 | -0.010194983062460333256  |
212   | 0.0053491137915613381354  | 0.0056943158106184952119  | -0.0029333231318578070583 |
213   | 0.0069416695196867026635  | 0.00068741851010172547783 | -0.00067831349962052208714 |
214   | 0.004605152533687269234   | 0.0049973338126182006644  | -0.031405172994601930625  |
215   | 0.00010755462258015022843 | 0.0053400585705487661758  | -0.02552487819124454882   |
216   | 0.0095093569328362822363  | 0.0091169724099592636818  | -0.034782838489381816272  |
217   | 0.0082807180543128713207  | 0.0082055991494423864696  | -0.031049847946907630641  |
218   | 0.00092436454036155172968 | 0.0069276520710922105326  | -0.013387005370441506028  |
219   | 0.0026766827364218077553  | 0.0045773004543876311123  | -0.038205461814421907973  |
220   | 0.0072715909258507377411  | 0.006280217977947244283   | 0.00058783894462022723195 |
221   | 0.006936601247343264498   | 0.0095393435169170166105  | -0.018215141125653522974  |
222   | 0.0052790939899141622535  | 0.0090470548625082840982  | -0.025973395095181706083  |
223   | 0.0031794947735251668196  | 0.0021218744932543680617  | -0.022500451815784978937  |
224   | 0.0012211108095923951539  | 0.0075664130484525918968  | -0.029193342335880934774  |
225   | 0.0089137419763529943117  | 0.00037572308224207291412 | -0.020263050292792413043  |
226   | 0.0021648008399452016437  | 0.0037831018413138641464  | 0.00055881109346266077433 |
227   | 0.0066177356329410897545  | 0.0041951446658725676311  | -0.0050869427180758536658 |
228   | 0.0066174786465696480708  | 0.0030347805271227767943  | -0.01811071918845387832   |
229   | 0.0044988432067965275843  | 0.0081358193330285984851  | -0.012039409265653501849  |
230   | 0.0050770693463000554982  | 0.0010400885428973887133  | -0.029593192779281057153  |
231   | 6.5787630057554671251e-05 | 0.006116233621376369195   | -0.026378573263436577018  |
232   | 0.0058366937286219965075  | 0.0078018995598304226313  | -0.0023693823608404917733 |
233   | 0.00040134768438560800442 | 0.005856162304921594744   | -0.034831511904944253977  |
234   | 0.0050811967760260035032  | 0.004061723974244364592   | -0.031248825902238139274  |
235   | 0.001588195999052685126   | 0.0040484003902542375214  | -0.030199367542283438171  |
236   | 0.0036031555931530265084  | 0.0026411468742623205562  | -0.016805595547155056935  |
237   | 0.0035805599195399017733  | 0.0039876083792360090402  | -0.0025476752574459127915 |
238   | 0.0023527267685229500023  | 0.0058359228581174168657  | -0.0075220894032991345718 |
239   | 0.0098271010619342125114  | 0.0080197667291978316784  | -0.0058586889625933773196 |
240   | 0.0067658644911892055346  | 0.0095439012285225468396  | -0.038733858964246935253  |
241   | 0.005587355111026303181   | 0.0087696715663396745261  | -0.0047187798904400959921 |
242   | 0.00078949737922532812161 | 0.0048935936141875592195  | -0.012595189842030117197  |
243   | 0.002621602393636459586   | 0.0059149231291902642713  | -0.024357274900562442266  |
244   | 0.0070780967200222595637  | 0.0051081914918078260082  | -0.0076786559696704901126 |
245   | 0.0050318416572139590404  | 0.0025036741527945855813  | -0.037850289322641242351  |
246   | 0.0099038422419096428656  | 0.0008396749696523144943  | -0.017161395888292858836  |
247   | 0.0056937003085530566923  | 0.0032096202416061338052  | -0.02512155579684368506   |
248   | 0.0097557852531436409227  | 0.0050999298523039943154  | -0.017300029952125175331  |
249   | 0.0066490327407793814452  | 0.0024657898249317452243  | -0.012305939316728223623  |
250   | 0.0066688938057978342303  | 0.0054561512355390398912  | -0.0038920522563393486308 |
251   | 0.0043796494723886934819  | 0.0049463706215155407026  | -0.03554164132788373287   |
252   | 0.0072149244895210098288  | 0.0057582744289879110242  | -0.041083559106166879504  |
253   | 0.0047922040168921140046  | 0.0087833978776960218438  | -0.03252241446244437395   |
254   | 0.0023065920153181934324  | 0.0013218265642216773127  | -0.019937053206554568308  |
255   | 0.0017779066911098565136  | 0.0047470112453857488122  | -0.0024069079613929364111 |
256   | 0.0047207592076546033011  | 0.0075824367798229888593  | -0.024074542606847229576  |
257   | 0.0020462015992851840737  | 0.0026938279320628030072  | -0.018206685497592505624  |
258   | 0.003295675304434654649   | 0.0067727497533709756297  | -0.016591089747173652647  |
259   | 0.0064404717230548648096  | 0.009256993035418230667   | -0.018832725474795704301  |
260   | 0.0042595905910219446569  | 0.00062519455570495474032 | -0.010451322053928607109  |
261   | 0.0057232111076513042872  | 0.0068499457909932592523  | -0.040748010724523345272  |
262   | 0.0010438515130618392611  | 0.0001632903922570472005  | -0.024164283433923291339  |
263   | 0.0072598844794993285662  | 0.00072774247372753059129 | -0.032994273926055306401  |
264   | 0.0062343670221140616572  | 0.0016981776034403375623  | -0.0013577612003506718975 |
265   | 0.0065837183304153865798  | 0.0064965442230968230633  | -0.021176586480835916937  |
266   | 0.0039869903104253288234  | 0.0033803924239738888415  | -0.033686372155478053192  |
267   | 0.00081244224672718959399 | 0.0031483407573890931884  | -0.020802681945067597047  |
268   | 0.0060493897839628716848  | 0.0064484736155764697113  | -0.0051769309094935340304 |
269   | 0.003786505726620701881   | 0.0024608006016371523905  | -0.0065802319533245882954 |
270   | 0.0094483030233639044709  | 0.004615447508894172414   | -0.019370283609548927251  |
271   | 0.0053260629420842746373  | 0.0091282968176540722066  | -0.00087120779124946485638 |
272   | 0.0056379847822199766899  | 0.00800771052865537937    | -0.022437315462073871564  |
273   | 0.0036836722840521284213  | 0.0095612263286491971925  | -0.026092205046323264928  |
274   | 0.006156308988762727169   | 0.0075596474071840382911  | -0.025481208437334292027  |
275   | 0.0089625831956503931169  | 0.0052677996619910566825  | -0.0081903146476194031711 |
276   | 0.0088936555726305578651  | 0.0033939064037530998832  | -0.020013112482451949486  |
277   | 0.0022955229943670499987  | 0.004860712740165749543   | 0.00036543389944488757076 |
278   | 0.008634267240246004671   | 0.0047121182478836341409  | -0.016062796804687633212  |
279   | 0.0039979690549043263997  | 0.0042103365514647248663  | -0.0080902188517621431707 |
280   | 0.0090311823791836675496  | 0.0036891612605566789264  | -0.037080717215338815373  |
281   | 0.0043709874997184816614  | 0.0078315000004963702257  | -0.018499382759611979199  |
282   | 0.0036921145800243890082  | 0.0012875781666260635843  | -0.030464858393867092629  |
283   | 0.0082462023487301968488  | 0.0057087418657822989673  | -0.031533535440958784801  |
284   | 0.0027660885104980876929  | 0.0044343204419956452206  | -0.03378860072967244943   |
285   | 0.0095823451793099548301  | 0.0060387583446282460525  | -0.0070414418538353876556 |
286   | 0.0013679136607951546036  | 0.0021107760039270014908  | -0.030389037822816364343  |
287   | 0.0019823509980961408032  | 0.0064198159652054708271  | -0.016471245532285402197  |
288   | 0.0023490103977998571909  | 0.0027983107417791290399  | 7.2657367174281870231e-05 |
289   | 0.0098993201689022616158  | 0.0001617569349367103677  | -0.034411719253054522116  |
290   | 0.0014853204975358413453  | 0.0065126709904553279143  | -0.009772778433464537895  |
291   | 2.282808672799103262e-05  | 0.001202864818913094774   | -0.019514806419112979557  |
292   | 0.002855578826245117139   | 0.004535283058233027971   | -0.001089513624425365217  |
293   | 0.0095057149182452508468  | 0.00027786049171201989598 | -0.029240330940991422076  |
294   | 0.0078057743684787307334  | 0.0073267110918610565962  | -0.0042703558977941697208 |
295   | 0.0025898751893934134419  | 0.0026199666312774205768  | -0.024952769266271788984  |
296   | 0.00719442668471851135    | 0.0040149403554203466279  | -0.032042970545987155273  |
297   | 0.00086943630793690472331 | 0.0030166876854301120751  | -0.034766129263290299067  |
298   | 0.0022088511333629894454  | 0.0048627067949432653537  | -0.037493180688502929232  |
299   | 0.0016093637153086687904  | 0.007311143536604098811   | -0.025584521788855629082  |
300   | 0.0044207639314432414096  | 0.0072285793678795859027  | -0.030234433712272506395  |
301   | 0.0013994429431657064329  | 0.0073523442973340135537  | -0.040690561094911578688  |
302   | 0.0095945619329246799312  | 0.0020938768669730906981  | -0.038149632312920719879  |
303   | 0.0080028780601747225715  | 0.0051850754241975901757  | -0.031826855421512173505  |
304   | 0.0012810236307744971452  | 0.0058923753124043246748  | -0.018052157180658511687  |
305   | 0.0063142231632130696797  | 0.0072827128615729989219  | -0.033549051038042149164  |
306   | 0.0044607647752004132846  | 0.0026330056769849692795  | -0.029994492709062809538  |
307   | 0.00010936625241425277125 | 0.0036325914443167055083  | -0.0097034565822190221862 |
308   | 0.0089439393667680010952  | 0.004986342118664737269   | -0.0068361963236144816791 |
309   | 0.0061164228788993116673  | 0.0030248455438027458536  | -0.015075189850930408725  |
310   | 0.0096625887109353537224  | 0.0055276833323497373898  | -0.016125284944900581535  |
311   | 0.0087508111111009503208  | 0.0057274872339071972865  | -0.017434855002337303065  |
312   | 0.0070600310053747367123  | 0.0038303214467919248845  | -0.035265106867307959015  |
313   | 0.006925827619850369668   | 0.0027677175441895166333  | -0.0070748787370618210213 |
314   | 0.0041732794542106406779  | 0.0068896570992290056407  | 0.00044379041660175689438 |
315   | 0.0098903867726265349419  | 0.0089203129836057694357  | -0.011710958319344889553  |
316   | 0.0054276342292064851461  | 0.0050112314751486770198  | -0.0081884107441171690572 |
317   | 0.0061223178673217261078  | 0.0018514619573274267422  | -0.040061738441182784265  |
318   | 0.0073935701490665571914  | 0.0052880293559594438585  | -0.0036898959523879557194 |
319   | 0.0024183248951343424248  | 0.0022731331372648779475  | -0.006110203751343582651  |
320   | 0.0068268925870500988401  | 0.0044757083168955064806  | -0.040618682599455446791  |
321   | 0.0035862551299315151981  | 0.0029576292458090899101  | -0.016231282728724275022  |
322   | 0.0087670874595060354489  | 0.00026799153761394785582 | -0.0068199963068813805947 |
323   | 0.0050947328549995020072  | 0.0019917570845021238639  | -0.010299410526533591195  |
324   | 0.0021900900175462396403  | 0.0044643852903321372058  | -0.02021690275780605936   |
325   | 0.0053892950233679296629  | 0.0018350248832596108371  | -0.027837702270594334025  |
326   | 0.000780336602041323984   | 0.0049468868301837630452  | -0.015394782260375624791  |
327   | 0.0039645067376210913965  | 0.0071228084903566697694  | -0.017752464247038881456  |
328   | 0.0099144228285781652726  | 0.0078758619055395630987  | -0.032894773608358122974  |
329   | 6.418428663983240137e-05  | 0.0064878569048772332176  | -0.016242915671871163003  |
330   | 0.0023468484220577428244  | 0.0030364308288157028197  | -0.0059411067424493648262 |
331   | 0.0064526800914086928154  | 0.002581436931190227678   | -0.018392855331105160271  |
332   | 0.0058110447643255980568  | 0.0058993327792172915724  | -0.0050355158939068868362 |
333   | 0.00091114436497734783982 | 0.0072889980153312038461  | -0.024207083340186057174  |
334   | 0.00055321447104817996019 | 0.0037554194956323731086  | -0.018590196413686838062  |
335   | 0.0034398240439914270009  | 0.0095865079566276652917  | -0.00053229080613540044522 |
336   | 0.008757217618625204314   | 0.0047964451136007181173  | -0.020345249373729334952  |
337   | 0.002444279173528886729   | 0.0090180598525835195534  | -0.013492728690146034778  |
338   | 0.0086123418293855783651  | 0.0020376619185403423845  | -0.019384169761423770961  |
339   | 0.0046118536578429198541  | 0.006235539953348394164   | -0.034917988798867573286  |
340   | 0.0044402229470827713279  | 0.005887187228156337028   | -0.0084219027839004863972 |
341   | 0.0043029835887627362889  | 0.0086985978831873329159  | -0.031119113703960310513  |
342   | 0.0013804813851109832765  | 0.00096341250231393423323 | -0.00026641583643143229793 |
343   | 0.0017888472759006626527  | 0.0036439762051048403893  | -0.0072552321758264483667 |
344   | 0.0060978544009261635706  | 0.0074096907298861220542  | -0.002667566822151001913  |
345   | 0.0051084765245180529386  | 0.00011769331825099863334 | -0.00037765305869095735147 |
346   | 0.009925955668348206834   | 0.007800122418831131714   | -0.022526772823467090118  |
347   | 0.0074392278555970390436  | 0.0056161381973948787741  | -0.031837793609343412182  |
348   | 0.0082842808280725842296  | 0.0023520707059577062974  | -0.02147880381376871331   |
349   | 0.0023689636967363890407  | 0.0021779957750676305801  | -0.023217995852862296363  |
350   | 0.0022032525003005277303  | 0.0036119200657748601856  | -0.014446650913239933445  |
351   | 0.0024253934482468572469  | 0.0026707965445596946671  | -0.030768256873321946782  |
352   | 0.0030509188710018922581  | 0.0034534047867724117394  | -0.021453528653215550581  |
353   | 0.003792720565154952643   | 0.0044587561360201624985  | -0.0090902041727771200341 |
354   | 0.0067111409625309472946  | 0.00367688194670403928    | -0.014742772847826435267  |
355   | 0.005050408632403201141   | 0.0042383751342151337535  | -0.0056080806063386473559 |
356   | 0.00032482684983447629272 | 0.0091273063350224611229  | -0.03495969747003065814   |
357   | 0.0041118168812402178594  | 0.0043369029381130838607  | -0.040869870277409237058  |
358   | 0.0046874503064238907252  | 0.0025761912554410418275  | -0.039316327388732308368  |
359   | 0.009429778132949038702   | 0.0042429321152676422596  | -0.03088205253486403512   |
360   | 0.006583047610876562733   | 0.00022918887973475112678 | -0.032345397826954551401  |
361   | 0.0036438024384666417056  | 0.0060570828254224327522  | -0.035500888906569938452  |
362   | 0.00070771896242765393228 | 0.0022614239856293470547  | -0.035124853646782347449  |
363   | 0.0071312741882688284248  | 0.0076987048197855699472  | -0.0016102997776933712214 |
364   | 0.0016649036129902385593  | 0.0043514051266520022837  | -0.021857979799485893757  |
365   | 0.00040381602818252644626 | 0.0074288156971230165024  | -0.0095403301718461359232 |
366   | 0.0020269977816249136644  | 0.0033058230980334110845  | -0.032276842607139449859  |
367   | 0.0070767567672067278536  | 0.0026337375590077243687  | -0.0051599508458406613542 |
368   | 0.006405205317201305773   | 0.00012110884574039974392 | -0.016033062799308290397  |
369   | 0.0043184949619705804286  | 0.00069162710137471146519 | -0.035996084817579106219  |
370   | 0.0021702351440235647349  | 0.0043902806464735802741  | -0.014428307555533525022  |
371   | 0.0028584500137345922495  | 0.005464260065136077385   | -0.0020767148018697432522 |
372   | 0.0035661621936983684336  | 0.0063328012048182473134  | -0.02196404781777673218   |
373   | 0.0076123870888641902849  | 0.0010951129170211450822  | -0.028890986682615162756  |
374   | 0.0076497481240576942901  | 0.009858834600869333803   | -0.035729627127279187104  |
375   | 0.0058076880039352124854  | 0.0017391025727726161943  | -0.039441513803003647176  |
376   | 0.0092579201157283567969  | 0.0039198275484890162182  | -0.0042650414605246442581 |
377   | 0.0098940160254046161797  | 0.0053814901094886959457  | -0.019051588987890711452  |
378   | 0.0048326680420854644868  | 0.0092398833272213792833  | -0.015459477617658172119  |
379   | 0.0084367579236006139815  | 0.0022764714170196535814  | -0.0013984990955402901852 |
380   | 0.0043933871195004393917  | 0.00035991067400311651733 | -0.035519186570805084957  |
381   | 0.0017983615345265287818  | 0.0045367346035670693197  | -0.022752148753821945654  |
382   | 0.0021297632808107728672  | 0.0070711386618097157863  | -0.02677884022349025922   |
383   | 0.00014457580080990813597 | 0.009050226054892213795   | -0.02450889883113464493   |
384   | 0.0076839253574676304528  | 0.0054723708410773308844  | -0.010748928748410505052  |
385   | 0.0082364671902528767411  | 0.0019360260475816454175  | -0.034786395336230464814  |
386   | 0.0078335972814549664073  | 0.0082821422233745490421  | -0.039209491300636153954  |
387   | 0.0053180631891299925268  | 0.0038445135797420663427  | -0.023202975530897805567  |
388   | 0.0073889006213039279056  | 0.0053121357530341991801  | -0.0011504229187608186295 |
389   | 0.0067854498321834860047  | 0.0063197644456369746549  | -0.0153446067594326125    |
390   | 0.0045401073409301164266  | 0.0012307939808695431312  | -0.035145792172367976147  |
391   | 0.0055306981719075486506  | 0.0044092176894275480342  | -0.034919330650073861222  |
392   | 0.0052811663155892677249  | 0.0038445816522337111776  | -0.040758837129336381033  |
393   | 0.0067580214957643240312  | 0.0093355941644972916665  | -0.032690865029630457317  |
394   | 0.00088815045896082213221 | 0.0040491204776916880914  | -0.04005208273549880349   |
395   | 0.0066213943110956605814  | 0.0080979341921671322418  | -0.026383287690927889613  |
396   | 0.0074492591950600433801  | 0.0047590099285040772525  | -0.024073581214608199413  |
397   | 0.0038661761791646542807  | 0.0067705846120342033298  | -0.0019810257495234285391 |
398   | 0.005415944669594485554   | 0.0068949476003291026299  | -0.010167547913071287718  |
399   | 0.0029771987204859282072  | 0.007486670788672199553   | -0.036491330749355482821  |
400   | 0.00083930800008896245569 | 0.0082389827840456397734  | -0.010918652834384352454  |
401   | 0.0050709007512738761558  | 0.0048402898793338724331  | -0.036320230312457679744  |
402   | 0.0020985156401727646409  | 0.0016653171192699833553  | -0.0026412702558757652702 |
403   | 0.0046225751546881020324  | 0.0099971000481505426644  | -0.012272058612397905575  |
404   | 0.0061480808248059676605  | 0.00036582684957751145398 | -0.022495223594966074626  |
405   | 0.0094335064733943752718  | 0.0046441332942309659221  | -0.03425548349334296      |
406   | 0.0099206014870473618883  | 0.0061179667485166304777  | -0.02140975497984673806   |
407   | 0.0096439934898103311933  | 0.0087896278098118802574  | -0.0047483699062971333749 |
408   | 0.0027245458619110552063  | 0.007812405359072878766   | -0.012373362566382297562  |
409   | 0.0038446371188203213448  | 0.0017417006894492983223  | -0.027516480545515337175  |
410   | 0.0013827168603411355528  | 0.0028872015919039076617  | -0.00098105087311198204032 |
411   | 0.0076884064446756791508  | 0.0039499613597014189212  | -0.029820022224533997146  |
412   | 0.0038436425759835915299  | 0.00093493345486501109633 | -0.027055560591157712391  |
413   | 0.0025804730935177358844  | 0.0063357970447231277619  | -0.040981627716944579731  |
414   | 0.0027389037831064412358  | 0.0014328079100311931146  | -0.03635068553906949107   |
415   | 0.0027640154366629933989  | 0.0094209719742075672538  | -0.011650339339240253084  |
416   | 0.0052006921062356260138  | 0.0056610559684286887103  | -0.0022202987430850968167 |
417   | 0.0073691437014875701625  | 0.0022221421134475068983  | -0.011019306960539029805  |
418   | 0.0074119640859951303399  | 0.0080940483132256255128  | -0.020782595770779635491  |
419   | 0.0099679192796405160365  | 0.0067534876281383562913  | -0.039746039503184026065  |
420   | 0.006432406460899505081   | 0.0087574094002944458809  | -0.035653040292282126011  |
421   | 0.0057962482693446797447  | 0.0093055595476728789756  | -0.0024316282219162634916 |
422   | 0.0024192282527815121319  | 0.00070608488590783130383 | -0.00095945022483282990915 |
423   | 0.0051124243523066647057  | 0.0076989943524557857141  | -0.024119357573229961017  |
424   | 0.00038803776410836586649 | 0.0078184081117785072385  | -0.008322369114619905181  |
425   | 0.0064049427066402223052  | 0.0041309631112596313651  | -0.036790941743580593548  |
426   | 0.0043335562043339756477  | 0.0094224808381994547279  | -0.0036333069533982403389 |
427   | 0.0066744505792832647603  | 0.0023270916417601058765  | -0.00026191935045923823294 |
428   | 0.0082231713040425077899  | 0.0046964631137032877839  | -0.03366005621984795998   |
429   | 0.005244347691887497713   | 0.0037852789461226064686  | -0.0065350215793677710052 |
430   | 0.0019011410789988062667  | 0.0089068795910442824515  | -0.013758260624862806917  |
431   | 0.0069233024480541398987  | 0.0071677251422350108864  | -0.0089362787586733747475 |
432   | 0.001481818070210336874   | 0.0055630615400718763305  | -0.031439752542574236904  |
433   | 0.002652907778327045097   | 0.0058373821431636375295  | -0.029807933205808389426  |
434   | 0.002546240233577393066   | 0.0027129059275565335814  | -0.022904107907871198296  |
435   | 0.0097763616709448941666  | 0.0012190657460743213256  | -0.007040097342398689631  |
436   | 0.001047746872503477894   | 0.0079806392981908672729  | -0.0096701190324512791008 |
437   | 0.0056904357035901876119  | 0.0042283096194651358449  | -0.0053286691738699326279 |
438   | 0.0085092545347739030615  | 0.0035506162062710630925  | -0.029117482537815358307  |
439   | 0.00057697788963667075678 | 0.0074734124364964080525  | -0.015220595410519727544  |
440   | 0.0093556505020185327243  | 0.0042623291092237659133  | -0.0038261123709363124845 |
441   | 0.0017926659206320069706  | 0.0011872062643185823244  | -0.013894976960233264285  |
442   | 0.0015300818517285396693  | 0.0027611790205145361407  | -0.003567746674242242011  |
443   | 0.003620641161490246486   | 0.0083345520886803740879  | -0.014843963416495634805  |
444   | 0.00050144418447190149124 | 0.0004576026157956616827  | -0.02706046959687752676   |
445   | 0.0072042902583091851521  | 0.0071039700014168408529  | -0.012685013737969468711  |
446   | 0.001424047451307120047   | 0.0084706433185548577619  | -0.023847015215013332712  |
447   | 0.0038618750631974653464  | 0.0084997987863105924078  | -0.037972836843102431015  |
448   | 9.3901421877194888557e-05 | 0.0049529385121679864526  | -0.023956545334976521444  |
449   | 0.0062065839633514740051  | 0.0070199013854132484569  | -0.014888870669699828808  |
450   | 0.0066543579025646277039  | 0.0039392358713926023048  | -0.0068217642506817818826 |
451   | 0.00065574556414394911605 | 0.0097335080538591082361  | -0.040809926371107009546  |
452   | 0.0081334588667523050054  | 0.0088291337890841498776  | -0.03071227026012687128   |
453   | 0.0058580194434072856147  | 0.00368900481260363549    | -0.031878344957718199315  |
454   | 0.0081430638708467773662  | 0.0066356219686618230294  | -0.024159469619462307227  |
455   | 0.0015762105762406593366  | 0.0062063273488743514808  | -0.0077779638832761724063 |
456   | 0.00086799141617384942878 | 0.0042823083335271228816  | 0.00063275595996829542972 |
457   | 0.0023614855181101441703  | 0.0052224414146870663453  | -0.0058289759105892569035 |
458   | 0.0027524813425496138727  | 0.0092860777482938021421  | -0.010844231404171345012  |
459   | 0.0055873505671932477065  | 0.0011001725504205207493  | -0.0026182587077441541248 |
460   | 0.0064030493364587706337  | 0.0087973103057482522626  | -0.013081241432292086205  |
461   | 0.0030027465423106865228  | 0.004429216292003722126   | -0.011957813712278136942  |
462   | 0.0037250730623284988852  | 0.0034264726174432769135  | -0.017207982201667450239  |
463   | 0.0064595700828919922973  | 0.0039401690856380559846  | -0.026555322289870498392  |
464   | 0.0084537854589670224925  | 0.0012003955659399580258  | -0.035305593059676204648  |
465   | 0.0092529570548612102149  | 0.00023003947557409388353 | -0.036809867524920547588  |
466   | 4.397845236716661191e-05  | 0.0062405424685046265512  | -0.012144406798432908282  |
467   | 0.0070272201835208155524  | 0.0045270087053211876399  | -0.027784254405447551817  |
468   | 0.0030843132556479966808  | 0.0071072003416149656316  | -0.030239215863009229895  |
469   | 0.0054890956670293417421  | 0.0031194968126315230847  | -0.027004890578452872552  |
470   | 0.0046555339119715814789  | 0.00039038693895566517174 | -0.029555444333982012345  |
471   | 0.00087585458341346057471 | 0.0083442793108275976205  | -0.03832070225627854515   |
472   | 0.0054617978334776740371  | 0.0086076004094812925971  | -0.038233006001336597435  |
473   | 0.006816762419750964537   | 0.0015517832906774154528  | -0.027013298094249457021  |
474   | 0.0010346593371115776414  | 0.0018961008291995006848  | -0.019347729358998620036  |
475   | 0.004953817187411097174   | 0.0047237316312333165955  | -0.031375866966436516403  |
476   | 0.0081205236646307351472  | 0.0085984934646747643999  | -0.013844278761668724412  |
477   | 0.0080503696732943524905  | 0.0079539414221532871163  | -0.0083766121870503251756 |
478   | 4.1137182874491180968e-06 | 0.0080029235186468757751  | -0.040830347050041106149  |
479   | 0.0040673750128856914557  | 0.0025168739956865130401  | -0.025277995960320275709  |
480   | 0.00021041482788892513405 | 0.0044534146606903185842  | -0.017162764999918936337  |
481   | 0.0033475503762442192918  | 0.0079948285364087740001  | -0.034370243605091069239  |
482   | 0.004446671427368060342   | 0.0048319767755349843016  | -0.039290691182231191059  |
483   | 0.0057814697117108647395  | 0.0037858062242467692242  | -0.036698659665296069765  |
484   | 0.001982168645091154837   | 0.0061215938713734411106  | -0.028235468046836759842  |
485   | 0.0012764604714129077195  | 0.0053016223703144299204  | -0.03617987604879006891   |
486   | 0.0010355482607488247261  | 0.0072289069855310710347  | -0.010563510669750466806  |
487   | 0.0081280009797742112237  | 0.0050639634271876336757  | -0.018156607711924240001  |
488   | 0.0087539786916451325927  | 0.0061068769173361235267  | -0.01477243197900095055   |
489   | 0.0042326807004799986076  | 0.0094579339915256566834  | -0.040076767300961421703  |
490   | 0.0047132029519255658201  | 0.0086141060158603545427  | -0.016304614193379345782  |
491   | 0.0035035141022013052518  | 0.0029178397694671637935  | -0.013746974065956095098  |
492   | 0.0073384061655793874496  | 0.0082428909847367531905  | -0.019607218700847830334  |
493   | 0.0093948880214536709815  | 0.0071096935062899616065  | -0.01655685867603493705   |
494   | 0.0047365060941605904854  | 0.0046848867920990877947  | -0.04018539863053147837   |
495   | 0.007638323611962019935   | 0.0081014963269254013783  | -0.0061021002159381927329 |
496   | 0.0087919823696840961047  | 0.0056760118920435812667  | -0.025965361285403856101  |
497   | 0.0049658371356311259773  | 0.005027889271021646761   | -0.0032067900375927905869 |
498   | 0.0052168181040686389255  | 0.00022352907832203368051 | -0.040749837573585877271  |
499   | 0.0093856586836605377516  | 0.0051117713427132858983  | -0.01360995118673384921   |
500   | 0.00049300385424568015681 | 0.00031025466775277081707 | 0.00045225765222341976664 |
501   | 0.0045882950715832549957  | 0.0038771339112594746176  | -0.032917153372230424646  |
502   | 0.0055193138995656247647  | 0.0052817033805405361538  | -0.023489302402850725099  |
503   | 0.0012517426633537724352  | 0.0026781025794117424565  | -0.014669251510774299063  |
504   | 0.0022243167283226969108  | 0.0033391573428026553351  | -0.02981692828728771047   |
505   | 0.0070480958807907388361  | 0.0076109757532594590063  | -0.038816883100189158995  |
506   | 0.0036408822830821560394  | 0.0022677171244404959252  | -0.022343054675819193355  |
507   | 0.0089411772942256245722  | 0.0037483769083428556713  | -0.0070300510760808619312 |
508   | 0.0045723864701777607727  | 0.0017266926730023575594  | -0.02971899042616247405   |
509   | 0.0013882496182540235343  | 0.003034199495231286979   | -0.04099489833776508857   |
510   | 0.0076760267337848599872  | 0.0084657669904458048016  | -0.0079178586893473359987 |
511   | 0.0023060846317313299196  | 0.002925443274590234892   | -0.034950810289425218724  |
512   | 0.0074045482476555761139  | 0.0097600432889702951056  | -0.035349639504683338931  |
513   | 0.0056367746704989252562  | 0.0032273186928134544628  | -0.032236643782939333747  |
514   | 0.0069413537279465163665  | 0.001611160337253837423   | -0.003442216669065316717  |
515   | 0.0076389502272832358887  | 0.0056435910008976993349  | -0.016340212491572997378  |
516   | 0.0042666577280372833259  | 0.0010345452403002935483  | -0.003764332599533466283  |
517   | 0.0075098647870402027507  | 0.0055432385819183813483  | -0.028699264880666541799  |
518   | 0.0032582281869718934288  | 0.0029212793296655645281  | -0.018074992936513444713  |
519   | 0.0019507756502915641651  | 0.003659570530240060203   | -0.033347184438101931669  |
520   | 0.0028354834096360774162  | 0.0033417473483290643238  | -0.036185970746307562218  |
521   | 0.004275235583892787912   | 0.0059146622637383490864  | -0.012039092498484353991  |
522   | 0.0029152372432048627091  | 0.0034833736825546773863  | -0.0093360591031455188865 |
523   | 0.001508670218203010064   | 0.0083951701928449522228  | -0.013943212646247066244  |
524   | 0.0087759208661406171159  | 0.001270215085969631473   | -0.01882297781899106362   |
525   | 0.0034104470776198606702  | 0.00058276315407100934534 | -0.040059319083506225723  |
526   | 0.00032123832667493444799 | 0.0055564488896917112182  | -0.0091717841015846301306 |
527   | 0.0092053400666686161641  | 0.005339311550610823659   | -0.011921440135379287803  |
528   | 0.0087584955572530803075  | 0.0023508940743219713942  | -0.016593497862045898661  |
529   | 0.0066980541698118505056  | 0.0056821251418337388739  | -0.024780799965507239319  |
530   | 0.0034229818310105215341  | 0.0065897148565835636166  | -0.0042627031382929262207 |
531   | 0.0037757711038251245278  | 0.0039973950613944033913  | -0.023093454719036884959  |
532   | 0.0047738385118701823912  | 0.0037165745711271046432  | -0.00052150887280184821896 |
533   | 0.00028283987189340427035 | 0.0057291219415479136337  | -0.010688634835721888203  |
534   | 0.0022984123191562041803  | 0.0040568352395532469856  | -0.015365580286657180842  |
535   | 0.00040228212862151074879 | 0.0084970685342336555596  | -0.030485633518247633872  |
536   | 0.00018119147930450380858 | 0.00015582138050182370455 | -0.0044740019732990932502 |
537   | 0.0022669922674780893825  | 0.0041998274069681134496  | -0.013982672820683833201  |
538   | 0.008569028148083046928   | 0.0016555721775622267607  | -0.040721474012352709693  |
539   | 0.0092518438740349772526  | 0.0060418553675966541264  | -0.0057099389683745623014 |
540   | 0.0048280802379326330162  | 0.0060483800923242176176  | -0.025554353889055279186  |
541   | 0.0017444365637000211564  | 0.00048122070798931352795 | -0.018463489455857299421  |
542   | 0.0064668839528014346318  | 0.0027259626135515161935  | -0.011583217500379276027  |
543   | 0.0078942083560326475888  | 0.0061079757543868870226  | -0.0086972382478540735673 |
544   | 0.0045222542775228066758  | 0.0035654063283462895245  | -0.030860413771183016485  |
545   | 0.0083504423083348745804  | 0.0085613430247600333378  | -0.022717608062499332344  |
546   | 9.8067245007421436666e-05 | 0.0081196354685703336224  | -0.034280516385334483531  |
547   | 0.0030874333682734734531  | 0.0035119069810574891216  | -0.0047741221012995290959 |
548   | 0.0040859818844011163916  | 0.0030625374492537962151  | -0.034156151751633702374  |
549   | 0.00077702566615221485991 | 0.0085883331225856760632  | -0.036770860962365294056  |
550   | 0.003501413283448115768   | 0.0041315418863082141801  | -0.010673785712330680422  |
551   | 0.0062963442578103465813  | 0.0023841403989897647087  | -0.033718409261077289529  |
552   | 0.0048473183877840364184  | 0.0054803495383189248374  | -0.017760965937212935817  |
553   | 0.0031110376487245633079  | 0.0049593867216008785323  | -0.023175789288844745456  |
554   | 0.0017099899313711163819  | 0.0089124280168391273316  | -0.021805344310308994588  |
555   | 0.0070038154364190736631  | 0.0035370527939712504556  | -0.0051670603443567863708 |
556   | 0.0032436173693954754339  | 0.0078176761452108580602  | -0.0093874395920308991575 |
557   | 0.0054970266040724382467  | 0.0054147482999561966435  | -0.034377331183759456124  |
558   | 0.0027586886592783077532  | 0.0058030138974176906017  | 0.00030144114590078662647 |
559   | 0.0070585079139980659232  | 0.0010813759457105958598  | -0.0019815862322505543164 |
560   | 0.0054972174188769500416  | 0.0036321884553797492701  | -0.030077105797536349274  |
561   | 0.00058496638674570579624 | 0.0061505717883122267703  | -0.00063812016987726952796 |
562   | 0.004488699683222701145   | 0.0070607275195478502033  | -0.0053951042930928923627 |
563   | 0.007091430366649260561   | 0.004367399219457936306   | -0.022480148988583244923  |
564   | 0.0047412053400903543879  | 0.0072422594610033075996  | -0.031295445510486040452  |
565   | 0.0071886051683671195467  | 0.0049363720018854046617  | -0.039918497446598123768  |
566   | 0.0042125984762318496521  | 0.0089768552639072646954  | -0.03433600276074624813   |
567   | 0.0088452218501191889194  | 0.00094388637612837140468 | -0.005557104769696305166  |
568   | 0.0070854604166312104563  | 0.0011433715886110668025  | -0.041068875248473572792  |
569   | 0.0048967769567786418108  | 0.003923002224225611255   | -0.027628167263333926196  |
570   | 0.0062614983511579428918  | 0.0098090970631156699372  | -0.0051622533424165581092 |
571   | 0.009781338069605922253   | 0.0065167849957310057529  | -0.03820983380405091473   |
572   | 0.0042125815712504227975  | 0.00026201835043612313773 | -0.007484988295730144077  |
573   | 0.000948807774425742146   | 0.0069130567185682256434  | -0.011953600397775430639  |
574   | 0.0066326413585899631625  | 0.0090465144838273361255  | -0.014360162109038140596  |
575   | 0.0050584897660605494113  | 0.00030355677321419527242 | -0.030307837102832170528  |
576   | 0.0059286093999568727914  | 0.0027099031958582302931  | -0.010753332288994719643  |
577   | 0.0024784487140364387658  | 0.0079894265898363004547  | -0.035183451111599824135  |
578   | 0.0034985482576961901037  | 0.0074145639552648610199  | -0.015543787711121376943  |
579   | 0.0048685463666865757063  | 0.00043693690236395701281 | -0.026520370978453347566  |
580   | 0.0064221061145405709467  | 0.0024921186690262803198  | -0.023887033740940900872  |
581   | 0.0080526432255915159075  | 0.0070017328728300080171  | -0.012194445346072941075  |
582   | 0.0041610154619995728259  | 0.0073000446356578157711  | -0.0020693275430633708938 |
583   | 0.009261087820822095501   | 0.0077111827699853077375  | -0.020196486609103319471  |
584   | 0.0053465477445174876964  | 0.0087285253833016916009  | -0.033296359354200090463  |
585   | 0.0035348242745029657096  | 0.0025358819632364899485  | -0.01744362003602873204   |
586   | 0.0076551062627117048842  | 0.0088880177576386148325  | -0.024607768985255393246  |
587   | 0.0018177216312664820196  | 0.0033782415931306172471  | -0.029346807228567989984  |
588   | 0.008222473332923500508   | 0.0041038941247115963765  | -0.030388582141590982783  |
589   | 0.0035154894935105051451  | 0.0070465169872966255948  | -0.019083626928788465643  |
590   | 0.00033700952319766009409 | 0.0092917547739592397382  | -0.016058807047970219406  |
591   | 0.0030178850529059110877  | 0.003364451780492080761   | -0.010539278288812389817  |
592   | 0.0030940325302919943762  | 0.00072518570858413715623 | -0.034926115476735034027  |
593   | 0.0081384006541338222568  | 0.0081291591443478101314  | -0.028975293538129734405  |
594   | 0.0093507695691195050897  | 0.0072869301308896572422  | -0.0060787981347619696529 |
595   | 0.0024922325646541797911  | 0.007997928318182832147   | -0.012174894598439059065  |
596   | 0.0099954849628277973178  | 0.0075538612380366774307  | -0.02441197190346956758   |
597   | 0.0028718161874599443945  | 0.0080195420707922966674  | -0.024744112325346238196  |
598   | 0.0043368229361760522039  | 0.004476284809806239072   | -0.026689996575926838024  |
599   | 0.00014090251404745061611 | 0.0069850366264119232232  | -0.0060287297412517509843 |
600   | 0.0011769419866986072926  | 0.0014751083840765341799  | -0.029316446894541322438  |
601   | 0.0015723020070982126738  | 0.00096179332885586350538 | -0.03190636110950152704   |
602   | 0.0065739792843766591338  | 0.0062864381700082896595  | -0.023793100997977059685  |
603   | 0.0025225133460629193052  | 0.0024741721924013211804  | -0.025281821982805412902  |
604   | 0.0092630642352266312489  | 0.0077505714573504504161  | -0.035247834604367478395  |
605   | 0.0070406308940256919979  | 0.0075267394278394229162  | -0.027889108874531456927  |
606   | 0.0089257809341891872906  | 0.0023978587845052794225  | -0.033736115196903553037  |
607   | 0.0017468919592726422051  | 0.00077619386208840727981 | -0.03913196733456213855   |
608   | 0.0040419164838590426747  | 0.0069575242472272764982  | -0.0084989001459913702391 |
609   | 0.00038386107777810637336 | 0.00012746357765797727466 | -0.019014228437130575866  |
610   | 0.00053998823409721083497 | 0.0020025919994704930935  | -0.040351062341943369494  |
611   | 0.0047973283643943402318  | 0.0056911734489928740219  | -0.025741929611375037601  |
612   | 0.0047581307809391841512  | 0.0085613133542180464702  | -0.0014661192625423761799 |
613   | 0.0065935775498338318815  | 0.0096891598386270039178  | -0.029083208719906172152  |
614   | 0.0046422739269425744926  | 0.0030376967089273307875  | -0.034440289804632408244  |
615   | 0.0011708530025070970886  | 0.0089105029872966722004  | -0.0070376120763620880413 |
616   | 0.0092840437626651277359  | 0.0038656116611965819947  | -0.0044987558791126118149 |
617   | 0.006560881707814451326   | 0.0030810579006666067269  | -0.0063861011217723187214 |
618   | 0.0021901594172699851738  | 0.007021022951629357807   | -0.014022085081610173585  |
619   | 0.0020987670542352804097  | 0.0086012840081817372451  | -0.0082650198889137240638 |
620   | 0.0077318429693173278475  | 0.0040128861769821982247  | -0.009706055183076640544  |
621   | 0.0044094330941156292814  | 0.0057989972359316849584  | -0.029939919501593081907  |
622   | 0.0020011623176898634714  | 0.0090007581954891172776  | -0.031019069667873291202  |
623   | 0.0031208538414439551331  | 0.0027737783635395940086  | -0.019681671954836863631  |
624   | 0.00014204790349738369683 | 0.0053153829298404065007  | -0.0071188135076570204646 |
625   | 0.0067217153374248802059  | 0.0058364024889215942657  | -0.020761719981230577353  |
626   | 0.0016346154343781843163  | 0.00028782353574836796323 | -0.0079115810509324292765 |
627   | 0.0054686539024006485324  | 0.0095072560156616268967  | -0.028887372998008462033  |
628   | 0.0070381404993760839084  | 0.0082462018348867065221  | -0.00073920358255986657464 |
629   | 0.0075366758840548679979  | 0.0067577190136167567328  | -0.024225128251145078978  |
630   | 0.0061390640090693681524  | 0.0094465525888636388274  | -0.018749325468998215977  |
631   | 0.0088839253084073994265  | 0.0051868948392984259507  | -0.020764097632934925414  |
632   | 0.0052931983414065781821  | 0.0069808479244442504102  | -0.03291257203838216655   |
633   | 0.0049427450026976009478  | 0.001846380389025771996   | -0.017405895248006109793  |
634   | 0.0036300819229049493576  | 0.0038987649121145218079  | -0.0081714058877848435442 |
635   | 0.0015183353103148178927  | 0.0026553565100451981262  | -0.0086105197197304875201 |
636   | 0.00075428220868528086072 | 0.0071496536375115311499  | -0.015139736968330343853  |
637   | 0.0062056023877077237313  | 0.0027306561634385748821  | -0.041167730015473871785  |
638   | 0.00010585656448859638026 | 0.0025542831941686165893  | -0.029048415314829718892  |
639   | 0.0070986854306971051282  | 0.0023057269878267263631  | -0.020309745700734349594  |
640   | 0.0031059328320722800511  | 0.00049148731187173436228 | -0.011647847660249855892  |
641   | 0.0058723370097835654938  | 0.0079135800074666834414  | -0.010570278460094825745  |
642   | 0.00091411231963585740622 | 0.0087538339122239447465  | -0.0084412402626599259553 |
643   | 0.0089567106092007780366  | 0.0059923855419191322108  | -0.0032071082452288447902 |
644   | 0.0054138273038067752721  | 0.009320332615900131859   | -0.03176203155617571966   |
645   | 0.0034665658383448106836  | 0.0093804118447091619504  | 0.000535465733055796346   |
646   | 0.0023031224572617496268  | 0.0018507352395616396765  | -0.012852356313214408079  |
647   | 0.0049268825610608926735  | 0.0037962246933576308111  | -0.026386323261993450962  |
648   | 0.0040848283512503122394  | 0.0062582730706431397363  | -0.029060260698790703338  |
649   | 0.0043327863340470069986  | 0.0061149734860489832894  | -0.0045027545460125002752 |
650   | 0.0033953213160540893396  | 0.0081386250042716004605  | -0.0087540360812532885815 |
651   | 0.0046649593806536403251  | 0.0065906562376326074601  | -0.010209383384085031835  |
652   | 0.0025962741522673614576  | 0.0057572937866933538223  | -0.018617879109375554125  |
653   | 0.0064769950735273995948  | 0.0047954785958907626686  | -0.0031682770034609617112 |
654   | 0.005610501018440191591   | 0.0080413204646269317855  | -0.012967664376573821011  |
655   | 0.0051249041989155112373  | 0.0047597734362555066748  | -0.001582359133050740543  |
656   | 0.0027867184629049692249  | 0.0028849727164462816119  | -0.0011563451265582053509 |
657   | 0.0081737205696995728771  | 0.0091957130394896644671  | -0.021794987801198106164  |
658   | 0.0056253199367170157383  | 0.0083821198338195398309  | -0.013236887696836639738  |
659   | 0.008159564657403613544   | 0.0045051370682212873303  | -0.019821145655609745395  |
660   | 0.0064044877922757844149  | 0.0016303825652162103055  | -0.02966061458029640302   |
661   | 0.0010894126151701226304  | 0.0042198953906243865525  | -0.018344271838736075919  |
662   | 0.0043258082825958403886  | 0.0081296209669961573552  | -0.0034938580026806897311 |
663   | 0.0077376274971314648599  | 0.0019631621082722649184  | -0.027120381196835571108  |
664   | 0.0044374235903920835472  | 0.0026588705275858819099  | -0.012594597880255638256  |
665   | 0.0022017388343705045044  | 0.0057018258742916163098  | -0.0049044962721864308886 |
666   | 0.0062666947850263622286  | 0.00094775696415190285784 | -0.027113299203227997358  |
667   | 0.0083997069462130227041  | 0.0020691314907204153527  | -0.017416248153373663221  |
668   | 0.0055287761842067739693  | 0.0016933261337650099086  | -0.0097706064506698272337 |
669   | 0.0091527336006998593482  | 0.002479593814324995444   | -0.028436200666455802022  |
670   | 0.0020442222919726271181  | 0.0059176468979326105752  | -0.013499223768349971619  |
671   | 0.0021788481560147039164  | 0.0079337007344404218007  | -0.029414505717036243393  |
672   | 0.0098868919966826254025  | 0.0058396377361576790391  | -0.021141193003815856449  |
673   | 0.0080529878804556191685  | 0.0049183993855403760481  | -0.03882336569200445231   |
674   | 0.0072728146761159434552  | 0.0024458029377330769115  | -0.019621040019345562661  |
675   | 0.002561412243203174937   | 0.0040313908252349569053  | -0.03418904015396872359   |
676   | 0.0023939426266173240328  | 0.0099111306277472194237  | -0.0054557435699828628686 |
677   | 0.0062533811011985379613  | 0.0027906624234797471062  | -0.024935333443199567821  |
678   | 0.0024000780190966248227  | 0.0029237729145647002767  | -0.0042704350221923533665 |
679   | 0.0039053364241945806405  | 0.0074769915000556406645  | -0.01182373060536805881   |
680   | 0.0015862883645111193563  | 0.0068457760014682582719  | -0.023603118864508592506  |
681   | 0.0040254460731000713675  | 0.0014074883825400837361  | -0.010820947498679865661  |
682   | 0.0012823964142828251592  | 0.0008690399012636294265  | -0.021056260126463173521  |
683   | 0.0044802459072294442341  | 0.0053601556972364804848  | -0.0072332162644670140381 |
684   | 0.00062569246120069055197 | 0.0019851527606020717871  | -0.030442287837585259996  |
685   | 0.0059396167012858019918  | 0.0017000337814825959657  | -0.035625850118454545357  |
686   | 0.0052841147743983921115  | 0.0037917163085260758779  | -0.030861082675787521179  |
687   | 0.0080099076650331866439  | 0.0048768328557837036658  | -0.015946936477979865854  |
688   | 0.0036255905927020815743  | 0.0071831144793149366914  | -0.011923446009514639815  |
689   | 0.0049479832856298587226  | 0.0066582177863376409629  | -0.005306585941337924224  |
690   | 0.0062981949635142926713  | 0.0067204772040316482218  | -0.018856151023044460252  |
691   | 0.0077821720012948274875  | 0.0044655439794184124611  | -0.019200804085582997421  |
692   | 0.0070263172660329654279  | 0.0082333560756099148648  | -0.024746661403384037636  |
693   | 0.0075857441696528093295  | 0.0037646036461478717995  | -0.028085805177882110228  |
694   | 0.0077279216894897383161  | 0.0093864264761828603012  | -0.021460690322749088887  |
695   | 0.0047744011477771144958  | 0.0082404913276232470698  | -0.035652711429170334811  |
696   | 0.0020580184641776975811  | 0.0025838682838187632118  | -0.027519277712159381788  |
697   | 0.0063472580578380266222  | 0.0045159968329230070275  | -0.027974965910993274815  |
698   | 0.0019179432807385080398  | 0.0088100867991800918544  | -0.026898443487093495058  |
699   | 0.0079673918908105528097  | 0.0010315532337293676149  | -0.021543529638297708589  |
700   | 0.0058525187879943313743  | 0.001918075183461221897   | -0.011015187010070572049  |
701   | 0.0050241081372024466722  | 0.0061840118805511126027  | -0.032014656044798701917  |
702   | 0.0054066844152877721955  | 0.0068218335467240534195  | -0.02749951775192348985   |
703   | 0.0040900438514908923557  | 0.0055171754145065731931  | -0.03309945802943121268   |
704   | 0.0028189698591244956652  | 0.008925759573537750402   | -0.01518582711864863502   |
705   | 0.0025730586149449639032  | 0.0091576191314951382177  | -0.0075274622668724585489 |
706   | 0.00095338667633732107794 | 0.0083058765890223727746  | -0.035845979190438560791  |
707   | 0.0015450832338012949942  | 0.0082179940068286966293  | -0.03663357770143846337   |
708   | 0.0070600989300828838682  | 0.0044521998347371565669  | -0.01432375899245196503   |
709   | 0.0046182564286439912321  | 0.0019874133051077458659  | -0.025282677860057181651  |
710   | 0.0057789395222548048045  | 0.0091791736942046439629  | -0.021378889852966233981  |
711   | 0.00063508772905499541028 | 0.0071041010204738594055  | -0.024669663827316647142  |
712   | 0.0045505622485450024708  | 0.0051471276847508684593  | -0.035930179186727057017  |
713   | 0.00084497417405903234213 | 0.0060264919329228684372  | -0.030405513897394893102  |
714   | 0.0011299951311085530085  | 0.0054116092681116938212  | -0.036768671280858901407  |
715   | 0.004654790926587697858   | 0.0090850992985969537125  | -0.03047974556914683289   |
716   | 0.00014096584657375711702 | 0.0075425675825522746701  | -0.023931934026371254332  |
717   | 0.0028765075665463757208  | 0.0089452580753670834363  | -0.012958173670292083904  |
718   | 0.0043951854472239438795  | 0.0069330306786758860715  | -0.021186712919967678331  |
719   | 0.0092715297148416864204  | 0.0042021495847567444035  | -0.035390651400718863007  |
720   | 0.0066609577574572335565  | 0.0078531949177983555177  | -0.040478926428140528382  |
721   | 0.0069280787139839039579  | 0.0048832583670554994063  | -0.022378006154105886671  |
722   | 0.0021329510635707741965  | 0.0067215899201726507853  | -0.010016160886390838847  |
723   | 0.0042157013882908054084  | 0.0049020215226657252658  | -0.01522695322333614612   |
724   | 0.0073261684851802623755  | 0.0054304078764615178881  | -0.023043957395155363621  |
725   | 0.0087870156451762999883  | 0.0063527340480834058184  | -0.016827253116110260645  |
726   | 0.0030640453731446428386  | 0.0071076852291375378079  | -0.016970327919984443121  |
727   | 0.0033211577036313388867  | 0.0030275530219427467665  | -0.015288249488570637355  |
728   | 0.0049577539901280651136  | 0.0005802931817042787481  | -0.0054237599543054664658 |
729   | 0.0099273455345952835854  | 0.0063093177742696970184  | -0.023811888170158074934  |
730   | 0.0084618864030317954977  | 0.0028372740670550644984  | -0.0060411278827554549739 |
731   | 0.005830261025042462672   | 0.0018393544159122758325  | -0.019986532379787556868  |
732   | 0.0043251151720801834719  | 0.0098793628378740436236  | -0.040547937499199764033  |
733   | 0.0080406146870627866197  | 0.0084420124990849422508  | -0.022070968202398830171  |
734   | 0.0050939465464546768853  | 0.0043827734405638297394  | -0.023102050951236401122  |
735   | 0.0045926887980333903905  | 0.00031302694308895013565 | -0.010463520252894620635  |
736   | 0.0093444512248931008158  | 0.00029308243793008830792 | -0.0029348329456046775253 |
737   | 0.0061292631503087474654  | 0.0080084431633393945993  | -0.016266578085365451106  |
738   | 0.0023057840934605083882  | 0.0072810451548993787921  | -0.028488590284131837249  |
739   | 0.0071269087631628735488  | 0.00081037428881317139385 | -0.038048420898556568892  |
740   | 0.0066145339185885963784  | 0.0033590567231066639775  | -0.032367704354669249445  |
741   | 0.0017583819066077858561  | 0.0068764638489780876771  | -0.0055904725803662411523 |
742   | 0.0008190584006017207451  | 0.0046569421183195311084  | -0.0040656222042302096395 |
743   | 0.0035827907286156385029  | 0.0047296863850916082139  | -0.036090028826255178551  |
744   | 0.0089294904832513122273  | 0.0049812530198980005045  | -0.023433536328845386287  |
745   | 0.0016843828145767197717  | 0.006451811443249807522   | -0.026138969041942891613  |
746   | 0.0068267625905811249107  | 0.0036335192021007406415  | -0.0071058060883361501281 |
747   | 0.0045839885362634422844  | 0.00058638375993500251211 | -0.015862652281826653683  |
748   | 0.0086164907490853259731  | 0.0031764836468364892295  | -0.025200435150624745512  |
749   | 0.009960420631927341395   | 0.004145240097900141675   | -0.029157634605307732739  |
750   | 0.0080829995021678441997  | 0.0019180535736453825733  | -0.0084735479944949496089 |
751   | 0.0045163985476494557594  | 0.0067566103279749619923  | 0.00073715704874557127623 |
752   | 0.0020383141977740309309  | 0.0086935857367813410002  | -0.021746932784828587604  |
753   | 0.0073665652351657968239  | 0.0089688574929401385788  | -0.0098668949343212932618 |
754   | 0.0059958743610364151691  | 0.008035106819132980388   | -0.01169080716726554961   |
755   | 0.0013733846443102415077  | 0.0081070916922120483949  | -0.016639158541063785168  |
756   | 0.0084936551304375055432  | 0.0091146606853586640412  | -0.012642571573967337217  |
757   | 0.0063894589071730621341  | 0.0044049160274199283469  | -0.026361823483448142136  |
758   | 0.0030971458291046494518  | 0.0023417258217567882804  | -0.026576362372442582926  |
759   | 0.0042219480669732798936  | 0.0099542560845055968327  | -0.01641831933264364593   |
760   | 0.0015511298536422394104  | 0.0096045473694902332856  | -0.019424368452797626666  |
761   | 0.003373690828602350731   | 0.0088406552380057654844  | -0.029734642333714738499  |
762   | 0.0079110630200605273205  | 0.0037784652114546575519  | -0.019488010553315806422  |
763   | 0.0081473367353982212996  | 0.0039973843500682830487  | -0.018951559501039293154  |
764   | 0.0065074542696489691418  | 0.0050513769484218625297  | -0.022525821955962463394  |
765   | 0.0019880970921285524844  | 0.0050147203216317605759  | -0.015466097946179008238  |
766   | 0.0077221037913239301206  | 0.0068533336596867857476  | -0.037066878585426614456  |
767   | 0.0052947544057424409877  | 0.0020780873196677182406  | -0.025274648053770311373  |
768   | 0.0035997625326010750622  | 0.00052496173754971846032 | -0.028390646350315545954  |
769   | 0.0014513309414410130622  | 0.00564423424433627835    | -0.015545377392994360125  |
770   | 0.0010389963886286456875  | 0.0089091804201257632223  | -0.0070197563283959062141 |
771   | 0.0071774738632482872752  | 0.0062375760591561954516  | -0.011179535259748636655  |
772   | 0.0029403468436907291908  | 0.0094755381899838779514  | -0.037307780538386604852  |
773   | 0.00051567083291905032802 | 0.00188928445675520351    | -0.010491113798375551261  |
774   | 0.0076238755889956096728  | 0.0089002977549989589073  | -0.026755462950516558512  |
775   | 0.0085169355489299290729  | 0.0040893389593391026027  | -0.021391252653397932471  |
776   | 0.0032466997145939886088  | 0.0056568915121695982282  | -0.028485740958558165847  |
777   | 0.0086340361930086068076  | 0.0051937011274495190408  | -0.0070074984871198089248 |
778   | 0.0019604863489647702743  | 0.00010670100391620883579 | -0.0043937131255008289588 |
779   | 0.0049265117595072641099  | 0.0043296931408915240516  | -0.010164631363464829775  |
780   | 0.0077662598398768913077  | 0.0061949769444222752349  | -0.02875573284817306563   |
781   | 0.0020973360103632575531  | 0.0033319822550599204926  | -0.0071055015817218592292 |
782   | 0.0016863467615464147135  | 0.0032287037994385967866  | -0.033289671916655987072  |
783   | 0.0029916150783638102185  | 0.0056070722081404816839  | -0.0070256755805381491259 |
784   | 0.0082665430481631482773  | 0.0037235221700475770908  | -0.027740164623297969976  |
785   | 0.0014379270456125283796  | 0.00061239975932160159704 | -0.023329336399921456191  |
786   | 0.0041097176101644247725  | 0.006489784510494700509   | -0.015662674748124293111  |
787   | 0.0026225866315592247235  | 0.0011298038465439746471  | -0.0032185562361318176793 |
788   | 0.00082875211026398867744 | 0.0060908274891155241709  | -0.02829447248395701095   |
789   | 0.0053396736114086204225  | 0.0052585096928702652549  | -0.032679548723527025722  |
790   | 0.0049105993952163803223  | 0.0042156264002378273509  | -0.022026093605491441768  |
791   | 0.0012742020420249383205  | 0.0091091824493023648007  | -0.033455012532143196813  |
792   | 0.003262241086892819688   | 0.0022669747522767796574  | -0.01092522579083992848   |
793   | 0.006195250842181530479   | 0.0015801015283304696395  | -0.005065201852676165864  |
794   | 0.0094109831217855637736  | 0.0061160255789330132681  | -0.041125647495954945065  |
795   | 0.0041703720551850217979  | 0.0070109854002387067204  | -0.02361335552562252027   |
796   | 0.0046583510509805711383  | 0.0067330104942855120362  | -0.0069813612694951485832 |
797   | 0.0019674119764853856794  | 0.0066800394519615884092  | -0.023187553760490635379  |
798   | 0.002971072561626040328   | 0.00053209943828528226926 | -0.0042086357064337331924 |
799   | 0.0069890358994128785886  | 0.002400994139251033492   | -0.034142778250738289869  |
800   | 0.0070063465331869885858  | 0.0080316639778635987718  | -0.017787699304507232495  |
801   | 1.5753390703771188416e-05 | 0.0020429075476912899462  | -0.0065665521855511254853 |
802   | 0.0031105868393902515699  | 0.0095313402138555228249  | -0.017618194865610056071  |
803   | 0.0079190073589825715761  | 0.0083679781046823199786  | -0.010829124411016534044  |
804   | 0.00090426596989367656523 | 0.003979639008290313841   | -0.033641768963803816983  |
805   | 0.0028578074412949402289  | 0.0040533597332508223415  | -0.019349021748368729068  |
806   | 0.0024032451740624398429  | 0.0038970267928247247571  | -0.007610326824791444067  |
807   | 0.0019590047637329855747  | 0.0082036994197313434923  | -0.0050196842465267373437 |
808   | 8.7583647519837070565e-05 | 0.0021722220822912459946  | -0.034745814484235561237  |
809   | 0.0031020282684057131836  | 0.0041837128427500780772  | -0.024694424317090547805  |
810   | 0.0070227073856109602581  | 0.0035215991838592930648  | -0.0053765361674237809042 |
811   | 0.0075158608180279232527  | 0.0027187999064584760303  | -0.039580302653074724006  |
812   | 0.0083716637957421125016  | 0.004959235030872563392   | -0.031538084255257968491  |
813   | 0.0062745309523761358048  | 0.0046621436589376437018  | -0.01121981723419492559   |
814   | 0.0045129973685254509697  | 0.0075040506404639708768  | -0.028335659220136404784  |
815   | 0.0041940726785303751936  | 0.0036060110328570830519  | -0.027317092641103352113  |
816   | 0.0032399225805803794596  | 0.0041131934183280104839  | -0.027394083561730713655  |
817   | 0.0090552075401661973747  | 0.0015104639126202203635  | -0.0077707734639511595251 |
818   | 0.007674599374279821376   | 0.0053214863450316797142  | -0.0085272729426677951886 |
819   | 0.0033546473449772287387  | 0.0059316398898453083846  | -0.014594355615974746732  |
820   | 8.3522924574667319606e-05 | 0.0015263555305171448272  | -0.01773830272024956578   |
821   | 0.0066218559583294724774  | 0.0095578901054669904852  | -0.0099455559207625339468 |
822   | 0.0023359004885642937512  | 0.0066433909291796914079  | -0.015514152806821598918  |
823   | 0.0032882716269297695456  | 0.0026269610251269436343  | -0.037869237755579203408  |
824   | 0.0058937148770012992571  | 0.0016904863910930886285  | -0.023534780534002201768  |
825   | 0.0064555737206347021256  | 0.0056245189353489035908  | -0.028578068310092078624  |
826   | 0.0076823932362810503152  | 0.0069002298334506582261  | -0.027480634260656642415  |
827   | 0.0090309314130686286354  | 0.0073840225693074983473  | -0.0041490835766402377541 |
828   | 0.00013239255844580842449 | 0.0050245384498410873911  | -0.027430957957765109145  |
829   | 0.0012357862937312721636  | 0.0073529814435313442175  | -0.012472841177937669943  |
830   | 0.002805975906194504467   | 0.0039468829581495350547  | -0.0051598951669133913747 |
831   | 0.0039084061711566614461  | 0.0076020431547318863263  | -0.0025874483322293607805 |
832   | 0.0054655408184192885712  | 0.0023146893089948826147  | -0.014919734488809703252  |
833   | 0.0090519633464886950502  | 0.0048472982796021702942  | -0.010126043089975406836  |
834   | 0.0047350461798448166897  | 0.0079159373483968006185  | -0.034173754279685795987  |
835   | 0.007504903317167125297   | 0.0094604955039913739973  | -0.025859575862728828577  |
836   | 0.0098824957213443486576  | 0.0011070288089102312511  | -0.014854472558320265529  |
837   | 0.0081024861295903825853  | 0.0026847219187415335279  | -0.012635588007147422959  |
838   | 0.0065935551910336464426  | 0.0013473921484269328445  | -0.031254031919741284695  |
839   | 0.0067354613345835534499  | 0.0027003949407067009622  | -0.0049686576107796018298 |
840   | 0.0092291540764975633221  | 0.00051464798309267640545 | -0.013255412986900373326  |
841   | 0.0064110900945855715111  | 0.0011623716473391527016  | 0.00019526232773712433343 |
842   | 0.0028877630275752595723  | 0.0065694638425491972897  | -0.0050323408660240117815 |
843   | 0.006587272606518874106   | 0.0073549113448522730405  | -0.026966021702422963285  |
844   | 0.0038287307479370653873  | 0.0012340852569035600569  | -0.020066887292996354875  |
845   | 0.0096440291030608221723  | 0.0025030598400885349479  | -0.0011731467361438495649 |
846   | 0.0086272213918728128668  | 0.002286395661113947101   | -0.011018115723279786958  |
847   | 0.0092601311486533322698  | 0.007475102955538113006   | -0.015201928373171236936  |
848   | 0.0043769817335601096317  | 0.0015373489697223202514  | -0.0019443197564260274093 |
849   | 0.0062900471596925716655  | 0.0051406174202484906238  | -0.0012236000612363955465 |
850   | 0.004089363238362419585   | 0.0035767549177162499124  | -0.017729192927228722143  |
851   | 0.0050204584270566185791  | 0.0067513303663527101522  | -0.034043090838117684438  |
852   | 0.005161905770407074559   | 0.0088396781795105003332  | -0.02229630470486788571   |
853   | 0.0092811510309412596081  | 0.0031652714808961418015  | -0.024475648825717250673  |
854   | 0.0079711445462524437716  | 0.0093064105202611824286  | -0.01052530055128170737   |
855   | 0.00015824493473019839249 | 0.0037188776613201958605  | -0.0036455914572804943956 |
856   | 0.0098457700182188658683  | 0.0031420839279634924478  | -0.008009578418323066995  |
857   | 0.0082049901356572672168  | 0.0076402839612752350765  | -0.027582120861196015443  |
858   | 0.0054753854668267492797  | 0.0030738671252450145387  | -0.01230465052475374424   |
859   | 0.002031422411692199604   | 0.0053615007041696808449  | -0.022066260126851994922  |
860   | 0.0077336191458963997325  | 0.00075932120382101906623 | -0.011745564864394375526  |
861   | 0.0011442714523757439426  | 0.0024203914188478141065  | -0.024525412882506043843  |
862   | 0.0088319655702696099608  | 0.00068612254548182003387 | -0.035659598271982131945  |
863   | 0.0011595005384795081024  | 0.007307987358349465716   | -0.0065726854399900816808 |
864   | 0.003857159080586286537   | 0.0045010942749346477196  | -0.016206654778342551027  |
865   | 0.0057738839900515898096  | 0.0042493570628818234935  | -0.0058729701374526412094 |
866   | 0.0053465151956442235129  | 0.0096692504832884031141  | -0.015233779140162611795  |
867   | 0.0049881944580255641389  | 0.0057818951135307130457  | -0.031390204711743120713  |
868   | 0.006917542754823723973   | 0.0078484620788743433145  | -0.014780482599450306402  |
869   | 0.0036932521289857614746  | 0.0049519899873879018662  | -0.029774539680070644804  |
870   | 0.000184534253263198884   | 0.0037551981777213172195  | -0.00030797948332602151237 |
871   | 0.0081340406258517076316  | 0.001776078893509144439   | -0.03671171509814182693   |
872   | 0.0039725515493149090446  | 0.0022561224264375534     | -0.037634521959668848501  |
873   | 0.007735601712457023868   | 0.0034436915801362940649  | -0.03545086210198165888   |
874   | 0.0058263131090184648933  | 0.0014185625501696311548  | -0.0029028949772996518429 |
875   | 0.0064545807194470354931  | 0.00642827574391231088    | -0.022958560235378362019  |
876   | 0.0045049619976715755965  | 0.0015915481101436916144  | -0.010593308491720600933  |
877   | 0.0011364727362741661176  | 0.0052987819897660137433  | -0.015407798347863030375  |
878   | 0.00041665282083715529399 | 0.0034343557861524669564  | -0.040583495284846220208  |
879   | 0.0056028602246177908186  | 0.0080412212532972870971  | -0.014787188026983706657  |
880   | 0.0061607215056358492419  | 0.0055648030788546824429  | -0.012316044001026269297  |
881   | 0.0043116857202197805127  | 0.0044955467899658501166  | -0.021439154791483654855  |
882   | 0.0054771128903844919569  | 0.0059388747839901837727  | -0.024254294974529789358  |
883   | 0.0074724458366047753419  | 0.0054507869992588215205  | -0.010999701193339683422  |
884   | 0.0081514282952916301828  | 0.0093288484320820166951  | -0.034185770361363818082  |
885   | 0.0095407703088151805254  | 0.0014654110973276123463  | -0.020057395234759613223  |
886   | 0.0044308061654468391954  | 0.0050997670771333845907  | -0.011600078002338953462  |
887   | 0.0024825009184811759957  | 0.0016622701508384614931  | -0.036322297811573624193  |
888   | 0.0078272920230476952796  | 0.0030817324508948949931  | -0.024576081206996409217  |
889   | 0.003680228605987050268   | 0.0096492104564756767809  | -0.031437152794522034427  |
890   | 0.0054516182187608324544  | 0.0070702697420900800437  | -0.039247374509505134066  |
891   | 0.003918332355460875209   | 0.0063693893766310159116  | -0.0062393163405147977416 |
892   | 0.005759757727914076135   | 0.0090866417851370451242  | -0.016280051867373059038  |
893   | 0.0062371578083169395418  | 0.0048632306673119839527  | -0.015526728449097573423  |
894   | 0.0066054592818730129347  | 0.0048318950417636273922  | -0.0024744535576367012938 |
895   | 0.0045449716938026551646  | 0.0075619268189140026459  | -0.018041740809262109269  |
896   | 0.0021775804252674047651  | 0.00149175723993204821    | -0.036155327865290035061  |
897   | 0.009064383587559697586   | 0.00035227716181589739403 | -0.026482756630373079781  |
898   | 0.0023516001067525101748  | 0.0042428229114561955004  | -0.039194451374744455896  |
899   | 0.0019189442237524272951  | 0.004046473429428533615   | -0.025579814116878374364  |
900   | 0.0051697828091563820252  | 0.0084201367294948828435  | -0.030904251954455716489  |
901   | 0.0051081533121636749431  | 0.0071888220378582843098  | -0.031449989466507316527  |
902   | 0.0052385938370170526124  | 0.0010263299682605482154  | -0.014396366742930041122  |
903   | 0.0061825993534702517601  | 0.0070093610252977400082  | -0.013090797697518587531  |
904   | 0.003789229424728371258   | 0.0093385935573270101306  | -0.035858856661951266087  |
905   | 0.007275218887496844207   | 0.0065836595154373823979  | -0.024345483372760337581  |
906   | 0.007955872518481277994   | 0.0039579140462098301098  | -0.035670810646519730824  |
907   | 0.0036896983994978648468  | 0.0085967886955028421231  | -0.0020181110908529058777 |
908   | 0.0032210299138802039702  | 0.0047891768147322088048  | 0.00072939763846499952073 |
909   | 0.0065493362454994898808  | 0.0030321489561082408913  | -0.0014872077935523453016 |
910   | 0.0031849931666538783097  | 0.0067952755864808230338  | -0.014018558248146262626  |
911   | 0.0097156197928957854781  | 0.0084130502034087291385  | -0.0057802176152259281822 |
912   | 0.0088457037603291727851  | 0.0044042224026183919225  | -0.0030548501111632053902 |
913   | 0.0060151883475947276123  | 0.005028975016368763748   | -0.00054870278190663739765 |
914   | 0.002757277183134700365   | 0.0041369358127727228272  | -0.019549135991940053136  |
915   | 0.004330739788078855762   | 0.0033902403038328105672  | -0.032781819723798184818  |
916   | 0.00047391089183238302961 | 0.0035354228902180380445  | -0.039877236855548073291  |
917   | 0.0029564007796553564214  | 0.00050575526819612967762 | -0.033752796144919453014  |
918   | 0.0027325304170564409731  | 0.0033514684588822141534  | -0.0050766647164028066985 |
919   | 0.0020430892157433399627  | 0.0071693245652562961195  | -0.040378614736780726879  |
920   | 0.00853001122621468294    | 0.0092510226301226652218  | -0.014099127471633669112  |
921   | 0.0033282355553895665023  | 0.0037447876534722835187  | -0.0052783028084061227661 |
922   | 0.0058083773404471548268  | 0.0029579353551292741561  | -0.014274909195411760246  |
923   | 0.0056529791750746594473  | 0.0077483587514632652066  | -0.01322694002691395844   |
924   | 0.00078567734909959648613 | 0.0075665572136658660468  | -0.01535699076997489379   |
925   | 0.0038345075076132379213  | 0.0038818354713883980803  | -0.036915140941712804024  |
926   | 0.0064695717191079011796  | 0.0011755313576819398976  | -0.040891785055939960936  |
927   | 0.0014237021138287888396  | 0.0067367408423584145341  | -0.014627659928770906858  |
928   | 0.0041345416552629431217  | 0.0092039451862769242757  | -0.017427928187153544914  |
929   | 0.0074137109108239757083  | 0.0066673237728875891714  | 0.00066199132514846350389 |
930   | 0.0062665326301995557395  | 0.0041409272648739994457  | -0.010235629107478135327  |
931   | 0.0048799144003727383881  | 0.0018176346464343691878  | -0.034985788482392629617  |
932   | 0.008544755127396977748   | 0.0053602479091815844608  | -0.0084556023096327443539 |
933   | 0.00056308404630499438951 | 0.0042072660979704211426  | -0.0094094171182005775789 |
934   | 0.0032929067575468164673  | 0.0073295751780143936563  | -0.025654061597842149622  |
935   | 0.0025334619098315970878  | 0.0072179868694228028689  | -0.032545995864922107332  |
936   | 0.0029312497153930008355  | 0.0024836475787195998709  | -0.035937211111634545513  |
937   | 0.0030895727181308933577  | 0.0062385514589955084336  | -0.0354722145691464541    |
938   | 0.0061978788003946537477  | 0.0026449984034838235764  | -0.029602293613432299757  |
939   | 0.0053139571627076392576  | 0.003683110019862587993   | -0.0059049934555545106549 |
940   | 8.1194310342547649107e-05 | 0.00023936064510464779989 | -0.036397557932946002224  |
941   | 0.00071340455478875058632 | 0.0038572380637445485146  | -0.0012181199583507302999 |
942   | 0.0017945907823331162453  | 0.0033603478192701240375  | -0.019248469381753167962  |
943   | 0.0061398172337528726314  | 0.0082910883648588309253  | -0.0035698550158593128113 |
944   | 0.0092421183053022215592  | 0.0072799471780407749855  | -0.033087186074556476645  |
945   | 0.00091663772131454562212 | 0.0070893058219880364032  | -0.012939257190387465357  |
946   | 0.0074533806707261169092  | 0.0046690402122316421521  | -0.039449805483343508561  |
947   | 0.0083720026422028793328  | 0.007492312836132822805   | -0.0069720487507011087019 |
948   | 0.0080685706329685497051  | 0.006657808322137049109   | -0.033634686970502349068  |
949   | 0.0061312382475845273247  | 0.00061917715843043635675 | -0.032176462957030936562  |
950   | 0.0056535359410669269731  | 0.008581712190808473209   | -0.024953709069575398527  |
951   | 0.0038953566303076276982  | 0.0057729232446451072408  | -0.0082026573163851666803 |
952   | 0.00023146383517814113936 | 0.006754652495333840663   | -0.032293050457477469328  |
953   | 0.0078092548906489207827  | 0.0064556530920892082198  | -0.04017759362715544319   |
954   | 0.0027096702887334446659  | 0.0016002635388756220654  | -0.016465567619297429708  |
955   | 0.0035012752069069619232  | 0.00035117503320847677853 | -0.014363367539052818156  |
956   | 0.006251867550382703316   | 0.0031433342373233001329  | -0.021189725192421994537  |
957   | 0.0070463244966224043014  | 0.0054068764461373576558  | -0.026722340564105460936  |
958   | 0.0063983561517662271984  | 0.0087890120551695899431  | -0.020461177997632265524  |
959   | 0.002031189806610945222   | 0.0097209031482861241874  | -0.020456898787439337095  |
960   | 0.0035559362102481834392  | 0.0047778967851255012972  | -0.011760593635830849518  |
961   | 0.0032821909253765040905  | 0.0074223272150734220104  | -0.032469077170257758247  |
962   | 0.0071508123466917841021  | 0.0042492905398551026469  | -0.019679798426783960685  |
963   | 0.0061475401965372751187  | 4.5158995416143673997e-05 | -0.030525859196014182989  |
964   | 0.0040680071562460007328  | 0.0066462568283174004724  | -0.017896317845838057708  |
965   | 0.000387078918695980519   | 0.0090235832707583861489  | -0.037067012985324047925  |
966   | 0.0074553861254129417946  | 0.0099961828936138159146  | -0.01473998959190775393   |
967   | 0.0030640490829817604648  | 0.0055057748615700112527  | -0.029257951840693553758  |
968   | 0.0047271350196315909883  | 0.0017052859145956970974  | -0.0035665215993192131948 |
969   | 0.0063487114863411122853  | 0.0016913207519503932908  | -0.038966312330788281659  |
970   | 0.0031435472600962331875  | 0.0032044058212513867878  | -0.016978324677751861077  |
971   | 0.0088188209789034424646  | 0.0071200094388835710388  | -0.029027304703669192659  |
972   | 0.0071830233364114431591  | 0.0072164215021616427703  | -0.025386775678369576104  |
973   | 0.0055296134513245949471  | 8.3518880350715241556e-05 | -0.019064647091779247934  |
974   | 0.006948481802885937697   | 0.0025563868864985446125  | -0.036319550551148327422  |
975   | 0.0012065392437726745346  | 0.0034484811606847231083  | -0.01721511884470240325   |
976   | 0.0021508363924852011775  | 0.0074214848533026879507  | -0.0010824935623393314773 |
977   | 0.0065875418216677743277  | 0.0084799718782892306163  | -0.010801956622207833578  |
978   | 0.0063904414675071442853  | 0.0049353468555143990837  | -0.021779415727320356605  |
979   | 0.0083714129160143736785  | 0.0014098616663473359165  | -0.040156730598747705785  |
980   | 0.0042611229853633811673  | 0.0063928577621667698541  | -0.030673048584165151648  |
981   | 0.0094922872826796872436  | 0.0016704780559594803024  | -0.033572818523065831031  |
982   | 0.0004578173558159360796  | 0.0068280109853825678851  | -0.011199817296444515569  |
983   | 0.0046936648093523110348  | 0.0070804866345373735845  | -0.029328244760660190926  |
984   | 0.0041986303275779526811  | 0.0059039258077396017388  | -0.031334280425485923349  |
985   | 0.0097228874174648399764  | 0.0015146643107963350498  | -0.031972720270114961261  |
986   | 0.0012346839212652065739  | 0.005728887144708862296   | -0.040704829485516270948  |
987   | 0.0066656192700403705045  | 0.0059936941112542496679  | -0.030048219178377751082  |
988   | 0.003862720061302479628   | 0.0091555769796835551055  | -0.006571112363922632961  |
989   | 0.0017872537203284780041  | 0.0025764133490027893957  | -0.034891481236582012893  |
990   | 0.0051131182089248260539  | 0.0042438256781958160271  | -0.023834419396930556917  |
991   | 0.00080754762222674477713 | 0.009971453369887341156   | -0.037467141411823411123  |
992   | 0.002209088124907848498   | 0.0098383646587842585318  | -0.0011903901665507173827 |
993   | 0.0016237681813625125075  | 0.001283036902470885551   | -0.0033156321607390234346 |
994   | 0.0087268279046484077688  | 0.0046706885094471312786  | -0.014664117726119491741  |
995   | 0.00038569929884343327059 | 0.00095411573015744194966 | -0.025610355518294151966  |
996   | 0.0078049915151835406318  | 0.0099583352534097450276  | -0.026642519494285518689  |
997   | 0.0056980083560257887773  | 0.0091414988218235862516  | -0.0030726753649725634283 |
998   | 0.0084196257359376788787  | 0.0036009919157044289507  | -0.019886842363203812573  |
999   | 0.0034531482313068049411  | 0.0024999511871162745542  | -0.0076409191042789608231 |
