N			X			Y			Z
0     | 0.0057448628575509494074  | 0.0097606828877888109075  | -0.0051228061826179656021 |
1     | 0.0048057377224512099964  | 0.0090526638979368939664  | -0.0033351250940723072176 |
2     | 0.0030524784174462949414  | 0.0067408690464384277835  | -0.0096689221063620527791 |
3     | 0.0037015470261016350864  | 0.00098167159073950347077 | -0.01161718628701999094   |
4     | 0.0047502577150266194275  | 0.0014733941179006972838  | 0.00093472913890901756367 |
5     | 0.0065862654692209112589  | 0.0010415455477530367791  | -0.0043253269351625498254 |
6     | 0.0032178276384457120234  | 0.0079633697162010356335  | -0.014442436220469064348  |
7     | 0.0059429474945054388407  | 0.0015971154411287789843  | -0.016527276217818371445  |
8     | 0.00085807447959926851349 | 0.0071840384474524303718  | -0.0048059073719749810863 |
9     | 0.003577507525422745846   | 0.0007305492835852792164  | -0.010682160761562389112  |
10    | 0.00778611569489535537    | 0.0030258393159132228843  | -0.0023469126043629525216 |
11    | 0.0044675895494908106007  | 0.008202957763438604305   | -0.0097372195265835077838 |
12    | 0.0031025416627295599251  | 0.0036907046389736677602  | -0.01692900662118353855   |
13    | 0.0086417629174187771124  | 0.0070074610104916904008  | -0.0095750595812945874657 |
14    | 0.0058471193978679569109  | 0.0093922696719795969317  | -0.0035394199956851014541 |
15    | 0.0040026005672209432132  | 0.0064775854344768131476  | -0.008497426355865173031  |
16    | 0.0032649455791148264058  | 0.008417691419228994984   | -0.0037681608625533551289 |
17    | 0.0014835613709644971791  | 0.0088970159657803284114  | -0.011878448473357202178  |
18    | 0.0046015651876394397454  | 0.0097877972024529510953  | -0.012607194321731360689  |
19    | 0.006524246929952179537   | 0.00079433540798396406676 | -0.010908480512817602531  |
20    | 0.0041665417601276519624  | 0.0032176510909105384035  | -0.012850075673164816289  |
21    | 0.0084437669674066358205  | 0.0047833986071057991302  | -0.0077099132633141158333 |
22    | 0.0062289291186881775783  | 0.0018494836052371961543  | -0.0055458519081741323303 |
23    | 0.0059762973047129573298  | 0.0065726640875570048125  | -0.012498997881263417681  |
24    | 0.0079379047155386447954  | 0.00077295300777285771282 | -0.0011097188967855212659 |
25    | 0.0076267961600684454002  | 0.0018224749715250337413  | -0.001922592232085293569  |
26    | 0.002919244895148133661   | 0.0091610739224737940123  | -0.007017420366424581557  |
27    | 0.0029237029083634016695  | 0.0046548048410223153912  | -0.012019955374898609254  |
28    | 0.0052676728611804014488  | 0.0073167839229565240222  | -0.015346835790699319899  |
29    | 0.0044198340289609300974  | 0.0032637761228059098892  | -0.013196996450914591156  |
30    | 0.0053929194526336028323  | 0.001952646166201146968   | -0.012750248403287008439  |
31    | 0.0040862993924124174985  | 0.0024209375819704819638  | -0.012369699274127947397  |
32    | 0.0028039784444731040945  | 0.0054624053095138945871  | -0.0082703853605391626502 |
33    | 0.0019611621317543463834  | 0.0091429851308820891953  | -0.002893833471173003994  |
34    | 0.0036267817498069651432  | 0.0081167864883298513484  | -0.0021150170834547932751 |
35    | 0.00094429508203514196923 | 0.0055536911337113123444  | -0.013891313272666660703  |
36    | 0.0093368898685166536872  | 0.0096828172759195300923  | -0.012012185614271154652  |
37    | 0.0001792662972369751871  | 0.0054699788579986533682  | -0.014750704684966194774  |
38    | 0.0060500371491080872852  | 0.0067758500908939338012  | -0.012039534501343696765  |
39    | 0.00075626757918158152121 | 0.003205247682954776977   | -0.014822456698502982364  |
40    | 0.006031326403743438036   | 0.003266127605091841829   | -0.014214794903692540284  |
41    | 0.00772730007664784984    | 0.0044003250122343247341  | -0.0098371331441131238532 |
42    | 0.0067039578582285047278  | 0.009305925283850085411   | -0.0032993212064733132977 |
43    | 0.0005564970533663872454  | 0.0029995459739195692861  | -0.0042204837972484986891 |
44    | 0.0023588924429370052363  | 0.0066062960402348634009  | -0.0037617067013905177916 |
45    | 0.00059617384289820660789 | 0.0026318331471432928649  | -0.011418271005211030195  |
46    | 0.0035329612429127110404  | 0.0016409891277212487574  | -0.0061557010914949517738 |
47    | 0.0033984453376143647883  | 0.003185531501460669556   | -0.0056238822558501147184 |
48    | 0.0049191703245028330777  | 0.0078923470091700181211  | -0.0019540084288838669227 |
49    | 0.0036042621924459454681  | 0.0060567077647512984617  | -0.011478593982630971859  |
50    | 0.004487070061991465901   | 0.0069839285401345875884  | -0.014305584702617696324  |
51    | 0.00077558111192767178847 | 0.0065804009719347871313  | -0.0089922185822254065146 |
52    | 0.0036241638963424569787  | 0.0053336823837452839933  | -0.0075105531657377027493 |
53    | 0.0088924651425744162536  | 0.0081323595196256086293  | -0.012258686347719446527  |
54    | 0.0016340434480268861608  | 0.005781380230621508895   | -0.0064666834133805962265 |
55    | 0.0054027315833384582933  | 0.0089108077537525583883  | -0.0045083520289543651399 |
56    | 0.0087119878744399241455  | 0.003788454526508456318   | -0.01082697539867053145   |
57    | 0.0029503983284246346197  | 0.0084260621132646804088  | -0.0029315776897254606538 |
58    | 0.0018772331953603826719  | 0.0093619367280969607165  | -0.010085356010586752143  |
59    | 0.0053641842794677234083  | 0.0076774024638469771584  | -0.015074837240011957143  |
60    | 0.0052649685687103514597  | 0.00010956136669205518257 | -0.01260701428031273455   |
61    | 0.0076511121466044055422  | 0.0062173403055608162521  | 0.000613738669587172124   |
62    | 0.0069652266550168069961  | 0.0071967310046250690392  | -0.01166665851493069693   |
63    | 0.0082987171351370046107  | 0.0099353222217965272284  | -0.00084757886899503314011 |
64    | 0.0071201163861366488159  | 0.0073142675328905374169  | -0.0060051174826608617191 |
65    | 0.0065139115368117068983  | 0.0085269522994531991855  | -0.011685982548500874201  |
66    | 0.0019678125683776264213  | 0.0064747787401475383542  | -0.015929646539453161391  |
67    | 0.0057565554592586649571  | 0.0027897301121878885673  | -0.008347079670277280164  |
68    | 0.0017616831621375453592  | 0.0075235281722938482721  | -0.003909424682226712508  |
69    | 0.0013402741116682430345  | 0.0059376174992465903177  | -0.008855628260861976922  |
70    | 0.0088346094451176720996  | 0.0051352169612330312784  | -0.0032485592132796550432 |
71    | 0.0090472632587244843777  | 0.0075166332096723107586  | -0.014509872084450517807  |
72    | 0.0067840368305407605307  | 0.0082701932954287824679  | -0.0051100202152261995497 |
73    | 0.0021831663119453097004  | 0.00354301829441967071    | -0.013111667851242996691  |
74    | 0.0041435999163346570046  | 0.0066194560469840556596  | -0.0064218710330738119213 |
75    | 0.007308693637153369782   | 0.00051495785092561883588 | -0.015708153088452886381  |
76    | 0.0060329873898177276484  | 0.0015876222875215273249  | -0.0041174560038535487974 |
77    | 0.0044755179906179748395  | 0.0047519850331954023928  | -0.0010870736333450958019 |
78    | 0.0054654573080510082672  | 0.0044525821392592907985  | -0.0058205456616832774996 |
79    | 0.0041833643104521095121  | 0.0067679880412626165428  | -0.010489738921734149263  |
80    | 0.0016875321265784205393  | 0.0040839081747219450544  | 0.00066852212097967458199 |
81    | 0.0078805460876716932478  | 0.0014172031663254496328  | -0.0030141913155623985265 |
82    | 0.0069058472861581940427  | 0.0047651570202378503577  | -0.015541803700738354363  |
83    | 0.0051562441343565475205  | 0.0069145148072757515317  | -0.0032629214693028394355 |
84    | 0.0096392329701180078094  | 0.0021419018527044247392  | -0.0032405695804174033774 |
85    | 0.0028534446944445597018  | 0.00037687024060183230969 | -0.0084967930177968827715 |
86    | 0.0017555140059028876733  | 0.0048176713216225011335  | -0.0083174405192629249223 |
87    | 0.0036690657917082913735  | 0.0067743887728009448759  | -0.017070208365761237179  |
88    | 0.0060123969399796190274  | 0.00071908518378818926144 | -0.0042083366920522948321 |
89    | 0.0093458278085032531896  | 0.0070613727576452969825  | -0.0098969891703931493765 |
90    | 0.0040975211367015422492  | 0.006220973539515217525   | -0.01477629917223152213   |
91    | 0.0049364791960981903307  | 0.0024648049206705035033  | -0.0074979573905461366357 |
92    | 0.0082694140129721174087  | 0.0073759137354965616587  | -0.0032910795550402764664 |
93    | 0.00092216025558556746072 | 0.0074789559691564979141  | -0.0045637068194903079171 |
94    | 0.0052558970287356178777  | 0.007641196512275201698   | -0.015886624545820050847  |
95    | 0.0045415146075006747328  | 0.009644657787402389007   | -0.00677752098520260568   |
96    | 0.001380231318702895664   | 0.0097817241944787493985  | -0.0023225646900499690405 |
97    | 0.0056296932768261226387  | 0.0049381299774932368302  | -0.0014623775205212454116 |
98    | 0.0099556799403829956963  | 0.0050657075614542468323  | -0.01641619884408370908   |
99    | 0.004494120916946317372   | 0.0073049431332971592745  | 0.00024770166755821911714 |
100   | 0.0098300073128194387362  | 0.0048488609428961899211  | -0.012269188416775565764  |
101   | 0.0063363109646310524989  | 0.0069246294250925989958  | -0.010294879001441319122  |
102   | 0.0060262725950740499842  | 0.0055997177104820938798  | -0.010672941554796498698  |
103   | 0.00013053984005905122992 | 0.0084274583746791562749  | -0.0050484356010392682571 |
104   | 0.003186856336917873872   | 0.0077320551419166961074  | -0.0057671575045739938842 |
105   | 0.0086340596308705046258  | 0.0066611654488335416552  | -0.007900688462664309103  |
106   | 0.0041017032422019832419  | 0.0084059629756091172603  | -0.016811909257521497063  |
107   | 0.0081158791735077822488  | 0.0066146015683967761614  | -0.014152004190133364928  |
108   | 0.0066698204079566466781  | 0.0092454329861305622335  | -0.01681310624101943485   |
109   | 0.00059401305647440762192 | 0.0035256973851469607106  | -0.0049041544506763156894 |
110   | 0.0040201227286615513409  | 0.0037434547666734428392  | -0.012544119852761404302  |
111   | 0.0065456575538460660957  | 0.0036940038793418349811  | -0.0089176001601981996769 |
112   | 0.0089128372085117701928  | 0.0083539279047874521328  | -0.00060770866346186898366 |
113   | 0.0069703935527758026369  | 0.0044002030933552030087  | -0.00076401672061979426266 |
114   | 0.0085761823360346080281  | 0.0078090455480670567176  | -0.0036190139925816973074 |
115   | 0.0016778251896601920415  | 0.0022148284133349503168  | -0.0075945032471369565766 |
116   | 0.0033861077370948536487  | 7.8149791173874431238e-06 | -0.013746293938887129207  |
117   | 0.0086917555547007512712  | 0.0035304883854862683691  | -0.0035038063024810496907 |
118   | 0.005361783029953859879   | 0.0043400902398545134278  | -0.0023621029015635443445 |
119   | 0.006496792316401893766   | 0.0026450145213973647387  | -0.013195330839154237323  |
120   | 0.0024598673104536230086  | 0.0033076409948573789153  | -0.014502278598170463206  |
121   | 0.0048239766445555510785  | 0.0015350198274199371336  | -0.015519317127068776863  |
122   | 0.0096583297296236290952  | 0.0074637315186488707372  | -0.004226003170721684063  |
123   | 0.0031416439168385217225  | 0.0024879358678651687653  | -0.011808880998428096173  |
124   | 0.0038266983504408207985  | 0.00650738860763515857    | -0.0076542021568899339112 |
125   | 0.0065556991602242226796  | 0.008659790065792569852   | -0.0035150945938438277021 |
126   | 0.0081764541681074928703  | 0.0068957487491737891327  | -0.0080856137108177000145 |
127   | 0.0023120898913593745765  | 0.0073427484716719259791  | -0.0050023949973757976875 |
128   | 0.0042298716231907182786  | 0.0016543074487347193477  | -0.015702452522664250845  |
129   | 0.0097101157996675978301  | 0.0061208724420407610578  | 0.00013083749552949782737 |
130   | 0.0058947338141726365185  | 0.0068763745591465183504  | -0.00098347463581794822805 |
131   | 0.0037121342583014776094  | 0.0053613249854172215572  | -0.017298793849025113911  |
132   | 0.0042212182258496893164  | 0.0031224840387591478244  | -0.0056333602422769767093 |
133   | 0.0034454703237215464871  | 0.0033992551691172353048  | -0.01132872372322799373   |
134   | 0.0075902074384137704216  | 0.0079305828885870635614  | -0.014164713483217846596  |
135   | 0.0037205272889748093081  | 0.0061003551894953274293  | -0.012459523222351128954  |
136   | 0.0042269521555541129595  | 0.0062131468549074635177  | -0.013097046267273270564  |
137   | 0.0056119731635363191702  | 0.0062413938648234971313  | -0.0059388433560217529505 |
138   | 0.0072935136663066345991  | 0.0048240827624002032351  | 0.00082183965420522492144 |
139   | 0.006203625086900787719   | 0.00083109059722138751026 | -0.0068141982060250612038 |
140   | 0.0061353092354807306497  | 0.006565989786020078392   | -0.0098903978988869357958 |
141   | 0.00053760504139570698505 | 0.0074156632854809386574  | -0.015104085152776535947  |
142   | 5.2671536710554354261e-05 | 0.0069530318550241505815  | -0.0081716965680316659693 |
143   | 0.0034192967384657755626  | 0.00029759963341561141955 | -0.010214854616727149159  |
144   | 0.0096776289424751887891  | 0.0056328182762717029369  | -0.0084364841236119741258 |
145   | 0.0069970463102259272334  | 0.0094479412444296931306  | -0.0081497457523365887666 |
146   | 0.005240025825134816094   | 0.0093304423675666572219  | 0.00016689264287650599074 |
147   | 0.0043716125770452141097  | 0.00044032896146919541392 | -0.012141970364392486864  |
148   | 3.3809187677570093713e-05 | 0.0081571375767403187657  | -0.0014558305902763908884 |
149   | 0.0016494015153111617894  | 0.0078096603430080954039  | -0.011445580579381192665  |
150   | 0.0041520147971450998073  | 0.0032851148827790664295  | -0.013944371643280332324  |
151   | 0.0040602411225590141763  | 0.0038216536776218188419  | -0.012405986027425213933  |
152   | 0.0074086944612223194079  | 0.001314060588356283539   | -0.0096939213928673682863 |
153   | 0.007525343541962214132   | 0.0074293722856434759455  | -0.0052460900781991235201 |
154   | 0.0043072746446146548821  | 0.0082732381043422609929  | -0.0064099084204803143811 |
155   | 0.0044692470361369094137  | 0.0010533477596328555837  | -0.0013133686683478738768 |
156   | 0.00085026101177494424303 | 0.0084640547291084233111  | -0.010360391601116479554  |
157   | 0.0055431290421491434886  | 0.00033978082031425654776 | -0.00093802061086846455756 |
158   | 0.0093891362441665265903  | 0.0036119094265716746375  | -0.01002279789522386548   |
159   | 0.0042008184670729977264  | 0.0028125442005057306634  | -0.013907290090434445626  |
160   | 0.0037180245968176867458  | 0.00073852125919038910749 | -0.016197156305409226434  |
161   | 0.0053822179383237050976  | 0.0076675740846130187658  | -0.0049078977821093057454 |
162   | 0.0053505132789540225252  | 0.00027524985208833357368 | -0.0039262340474196686865 |
163   | 0.00503231407250722719    | 0.00028320607283035880786 | -0.0060577174455290240529 |
164   | 0.0040440496544290552988  | 0.00023587165668302666026 | -0.0057315001475472544118 |
165   | 0.0063425758464369730652  | 0.0075350829485225723561  | -0.0066088271991758176099 |
166   | 0.0075114730578654852547  | 0.0076587124351605671141  | -0.015102577306792113257  |
167   | 0.0015520990211951941808  | 0.0098461549908345196574  | -0.0066562217333715348669 |
168   | 0.00072606018051190462925 | 0.0058889594550031558462  | -0.0044822419671132545868 |
169   | 0.0039043203060852484793  | 0.00017078548821571146871 | -0.0031564372943087559698 |
170   | 0.0099403843129308028237  | 0.0069433086686515191679  | -0.0049830737030268192414 |
171   | 0.0032243471008828066861  | 0.0077682300587576889189  | -0.014714259911202709138  |
172   | 0.0037184508469514684741  | 0.0039950236510637518461  | -0.00097687904596942742516 |
173   | 0.0042501977593619819779  | 0.00075637077357995207306 | -0.0030560327998770866337 |
174   | 0.0052788198767864903324  | 0.0013799076867367853719  | -0.0063760806210148958731 |
175   | 0.0016649282625868270461  | 0.0076997759625577963383  | -0.017164385155666629645  |
176   | 0.0030413872040451119666  | 0.0078700071405565959204  | -0.0092609103237674388759 |
177   | 0.0060006334559749531163  | 0.0062622386967143683217  | -0.0027154626917612347502 |
178   | 0.0023980310668586979524  | 0.0075695388689719245862  | -0.0082052802677846231605 |
179   | 0.0083540949441076716581  | 0.0096894344617752814486  | -0.011746262960860799282  |
180   | 0.0039291719489248514222  | 0.00059263431820183096448 | -0.0064976449576144871753 |
181   | 0.0068277375535452091912  | 0.0088875918221922121237  | -0.012248119742568753035  |
182   | 0.0083787037466014364223  | 0.0057794237107585662641  | -0.011661183532779536079  |
183   | 0.0048141137528903889947  | 0.0042158090463392606032  | -0.012099912508333251354  |
184   | 0.0030044990163288986217  | 0.0051189561608895083403  | -0.0040609703838713259033 |
185   | 0.00056410165518182612231 | 0.0028203707068253747008  | -0.01512399448259053869   |
186   | 0.0040478713610921281812  | 0.0060901723205632769115  | -0.010797482504100404388  |
187   | 0.0057371564048988837187  | 0.0066913984855775003949  | -0.0041873844452351175957 |
188   | 0.0056043826077370028499  | 0.0002930126447322905516  | -0.0026583928926266695014 |
189   | 0.0024749836404758078501  | 0.00073121968899481429305 | -0.009973461406243779373  |
190   | 0.0029073399313184577868  | 0.0052008796543966595224  | -0.00066053633508551617103 |
191   | 0.002493992395299920832   | 0.0005301536623925157338  | -0.010398454038566963542  |
192   | 0.0025317490279281951518  | 0.00011962853956595478249 | -0.0048914474910901964422 |
193   | 0.0029710546814556244508  | 0.0050667860562587097029  | -0.0083261218138197326533 |
194   | 0.0093017629083487068931  | 0.0029311230111190625901  | -0.0056208446737651364053 |
195   | 0.0011439745112854116538  | 0.0027375851346878310455  | -0.0025590545865970472546 |
196   | 0.0063607056790831745935  | 0.0031069275913824115701  | -0.013634867081401880196  |
197   | 0.0046117502274638068685  | 0.0063884006941470321966  | -0.0077965968725378686013 |
198   | 0.0088054460152139826107  | 0.0042932023860069975021  | -0.011716988071531601184  |
199   | 0.0089156979576888034655  | 0.0038573655187452986388  | -0.013497376054177671195  |
200   | 0.0033124278488904247003  | 0.0052682548059209263411  | -0.0058597020799557534426 |
201   | 0.002853800897682155259   | 0.0041063938984935164159  | -0.014836730040511189252  |
202   | 0.0040710090379666901209  | 0.0074573872278980877712  | -0.0024332240147150394072 |
203   | 0.0048915657777862395564  | 0.0087602102360488463134  | -0.012840558158130930405  |
204   | 0.0021895746528303758165  | 0.0031547304864389157444  | -0.012642169781818486662  |
205   | 0.0069016055325251601457  | 0.0019760500126134914432  | -0.017017868336928979739  |
206   | 0.0062963147509911328997  | 0.0048930164365119169223  | -0.0056724334276884768105 |
207   | 0.0067866049439466707288  | 0.0047761234986708270278  | -0.0054868919145820860966 |
208   | 0.0037416415668932003283  | 0.0091510712471493029646  | -0.0092240369874667538924 |
209   | 0.0077588128078595530387  | 0.0078929075800605839885  | -0.0089115051344361845276 |
210   | 0.0029414497994506554751  | 0.0047256558368938064718  | -0.0011292300192051333077 |
211   | 0.0031738569453825249411  | 0.00018347390322951729908 | -0.003909427788283028303  |
212   | 0.0053512633744483995707  | 0.0057016447025650647887  | -0.00072491246980456946168 |
213   | 0.0069456731259820913768  | 0.00067735658707207904456 | 0.00026399540880887563616 |
214   | 0.0046005613869310709244  | 0.0049931713575645008188  | -0.013210906429416186328  |
215   | 0.00010460672079609852905 | 0.0053315625683401281915  | -0.010632172495962098277  |
216   | 0.0095171472855854321454  | 0.0091182904469867941816  | -0.014692141795900210896  |
217   | 0.0082948058343463859643  | 0.0082072997306551643409  | -0.01305508282089195074   |
218   | 0.0009249050277294802334  | 0.0069210074296167890459  | -0.0053092515246522297215 |
219   | 0.0026796043368804115144  | 0.0045883832783197428182  | -0.016193092888814757113  |
220   | 0.0072822229487911208437  | 0.0062733057429706570729  | 0.00081925163019577783904 |
221   | 0.006932804684465306358   | 0.0095397373408350489427  | -0.0074265735169470534216 |
222   | 0.0052900196110452022552  | 0.0090392249542267377738  | -0.010828864294076567462  |
223   | 0.0031769504483479859072  | 0.0021118203096932401663  | -0.0093058459788962853004 |
224   | 0.0012336176469894646109  | 0.0075712470496307419238  | -0.012240934180426422256  |
225   | 0.0089110216326777572787  | 0.00038052883869717376263 | -0.0083246599289509906616 |
226   | 0.002159000327701064096   | 0.0037716482544350149984  | 0.00080652180843172817555 |
227   | 0.0066238123321891318601  | 0.0041870257253793655497  | -0.0016693569395040885536 |
228   | 0.006621415551445997659   | 0.0030321329241044556006  | -0.0073807805079418829786 |
229   | 0.0044872937751663302675  | 0.0081344732345084748426  | -0.0047182791464227694447 |
230   | 0.005090496560283609348   | 0.0010402116190331132679  | -0.012416283876342573342  |
231   | 6.7789929683082942929e-05 | 0.006106619534425428153   | -0.011006550400982547874  |
232   | 0.0058458800052237245778  | 0.0077979469556310370207  | -0.00047760289578912802719 |
233   | 0.00039385858916609424365 | 0.0058654739157097679492  | -0.014713486948317691314  |
234   | 0.0050811356556483833202  | 0.0040570178313811336435  | -0.013142342255909081686  |
235   | 0.0015782660932081239887  | 0.0040463376084641398608  | -0.012682114669498650503  |
236   | 0.0035981029061662576397  | 0.0026451523284469814247  | -0.0068084339274873811876 |
237   | 0.0035738229891065175468  | 0.0039873381338366344767  | -0.00055579114279266476906 |
238   | 0.0023603727149625322243  | 0.005838925627381872166   | -0.0027372617981239071895 |
239   | 0.0098221066820228034033  | 0.0080257646282203259219  | -0.0020077971530317278819 |
240   | 0.0067597935885558785643  | 0.0095360623627965147159  | -0.0164248152265926671    |
241   | 0.005585853100427170051   | 0.0087831129557047037809  | -0.0015079034735487599917 |
242   | 0.00079944083934659266634 | 0.0048959983622879838308  | -0.0049620101631675248358 |
243   | 0.0026250968271599810742  | 0.0059185930887203667614  | -0.010120133843659836342  |
244   | 0.0070948168650907944555  | 0.0051048893985471046481  | -0.0028059222192208187717 |
245   | 0.0050393223229933557447  | 0.0025068139759011820109  | -0.01603733618135707098   |
246   | 0.0099058528356412642313  | 0.0008315345691029236248  | -0.006964465970950243362  |
247   | 0.0057029858324711109677  | 0.0032095528179685159018  | -0.010455300216764530641  |
248   | 0.0097582039848549979172  | 0.0051083384424933592563  | -0.0070252623045368332508 |
249   | 0.0066516993709362440268  | 0.0024769022474261602994  | -0.0048351627568745548374 |
250   | 0.0066614973575871939612  | 0.0054464506219565091139  | -0.001145351820059973668  |
251   | 0.0043744657598739373344  | 0.004940268845082215407   | -0.01502490583163500551   |
252   | 0.0072130291892308238608  | 0.0057480230000689653408  | -0.017455248511445562581  |
253   | 0.0047938069252385527227  | 0.0087938190124104437945  | -0.013700859498212016041  |
254   | 0.0023056515834907606241  | 0.0013306937891652129754  | -0.0081816977516074376742 |
255   | 0.0017863438897320694024  | 0.0047412369106348056444  | -0.00049405930532866516348 |
256   | 0.0047205495812681205411  | 0.0075810634611221420706  | -0.0099961449305379784791 |
257   | 0.0020336947355788772759  | 0.0026952370728046456255  | -0.0074228654008579508447 |
258   | 0.0032882340063899537924  | 0.0067783721374700444187  | -0.0067143649389359493992 |
259   | 0.0064229603267395999136  | 0.0092597478903735271072  | -0.0076974078495536226233 |
260   | 0.0042509949902984241199  | 0.0006258470402275593614  | -0.0040218422295620996632 |
261   | 0.0057264283710786499995  | 0.006839528102744485763   | -0.017308097726713943948  |
262   | 0.0010422525081724418657  | 0.00017370327128295081557 | -0.010035499712007397294  |
263   | 0.0072727986812495320698  | 0.0007256145641816826768  | -0.013907787900868927647  |
264   | 0.0062296747454557025239  | 0.0016957768025395868368  | -3.3968366936233788955e-05 |
265   | 0.0065861485959325264186  | 0.0064945281105852842654  | -0.0087252804500568548196 |
266   | 0.0039950044748067979616  | 0.0033770098609499673951  | -0.01421129941702742143   |
267   | 0.00082408336235932969343 | 0.0031501265425768962269  | -0.0085613090258724305198 |
268   | 0.0060484775874593060471  | 0.0064564485334309496337  | -0.0017088201994770024078 |
269   | 0.0037967764874237736224  | 0.0024600569352863314171  | -0.0023242213216632134389 |
270   | 0.0094448439717785860614  | 0.0046101650776828075051  | -0.0079331476294108062286 |
271   | 0.0053283082425539954677  | 0.009127474550643400672   | 0.00017940389220835980849 |
272   | 0.0056433038718649566542  | 0.0080098586422943946622  | -0.0092781582755648364658 |
273   | 0.0036937758958808845043  | 0.009559594408657091924   | -0.010880966996801322635  |
274   | 0.0061656495649075396259  | 0.0075634479031035867572  | -0.010613021640255272671  |
275   | 0.0089531027822567360586  | 0.0052593242098710052401  | -0.0030303040980046596665 |
276   | 0.008893620980974247664   | 0.003404831661065685789   | -0.0082150526501631546822 |
277   | 0.0022943889826448904401  | 0.0048567676043216358173  | 0.00072171852068679456099 |
278   | 0.0086313613413267452346  | 0.0047129943515949162397  | -0.0064826882997753351029 |
279   | 0.0039873856219581034835  | 0.0042079513395207506291  | -0.0029864082672096709144 |
280   | 0.0090325235330171241288  | 0.0036964613036531172516  | -0.015699849409690630475  |
281   | 0.0043789588435803415006  | 0.0078388234005249621261  | -0.0075512243332528468029 |
282   | 0.0036884337157972913075  | 0.0012812916859757566071  | -0.012798542551149479779  |
283   | 0.0082538490611531872831  | 0.0057030527667899710495  | -0.013267198266355159295  |
284   | 0.0027703656475625178246  | 0.0044365150669305429554  | -0.014256130552460126795  |
285   | 0.009587347501853834067   | 0.0060447572963018090381  | -0.0025264794841131396445 |
286   | 0.0013673917194915400503  | 0.0021222628119374137637  | -0.012765292334283015463  |
287   | 0.0019818498967094583599  | 0.0064248623545525990197  | -0.0066618086718001467278 |
288   | 0.0023620122716913457758  | 0.0028005948800325477024  | 0.00059332482547206407547 |
289   | 0.0098975612619682032389  | 0.00016102825994650983728 | -0.014529391831548997202  |
290   | 0.001498177171012536656   | 0.0065130220814121012746  | -0.0037242749277036535545 |
291   | 2.2242345099482957715e-05 | 0.0011937885534863167721  | -0.007996526403024246249  |
292   | 0.0028590185484136522269  | 0.0045250620591859346334  | 8.3668443775551041685e-05 |
293   | 0.00951222402391222778    | 0.00028289125091065256499 | -0.012261540478924023295  |
294   | 0.0077977596446611356987  | 0.0073287964668995687553  | -0.0013112524203031427142 |
295   | 0.0025897912640554256701  | 0.0026273176618898412202  | -0.010381280874245632159  |
296   | 0.0071897398808176615423  | 0.0040262002718134421581  | -0.013490605023605890811  |
297   | 0.00087978933889773102035 | 0.0030211388273671019485  | -0.014684814161694067017  |
298   | 0.0022174523497983777282  | 0.0048649328719045734776  | -0.015880730401744532626  |
299   | 0.0016184648265186150646  | 0.0073105118858789530992  | -0.010658328492348694699  |
300   | 0.004410763571538306102   | 0.0072313263864031479197  | -0.012697492524664569929  |
301   | 0.0013950427607066051127  | 0.007359975131772234988   | -0.017282903868884907234  |
302   | 0.0095962665632534100563  | 0.002102785632844115897   | -0.016168609518941435416  |
303   | 0.0080137153305338045678  | 0.0051890623521836489254  | -0.013395830284739894053  |
304   | 0.0012868034973771910745  | 0.0058837956273448868     | -0.0073550988300732471348 |
305   | 0.0063103478987462189448  | 0.0072946781416575968635  | -0.014151078860353466515  |
306   | 0.0044621842910837414276  | 0.0026229548436217170124  | -0.012592269227892045197  |
307   | 0.00010889295863631953665 | 0.0036451006606197139566  | -0.0036938746473845658624 |
308   | 0.0089532501378987352364  | 0.0049834116552938297062  | -0.0024364714774544084241 |
309   | 0.006124840907454322074   | 0.0030240046567438991221  | -0.006049584918104150208  |
310   | 0.0096563623536172950995  | 0.0055325372121032764805  | -0.0065100917366515556953 |
311   | 0.0087476898061321518157  | 0.0057260578967461058658  | -0.0070843882402333918299 |
312   | 0.0070588268245100251747  | 0.0038224032330124611476  | -0.014903634905383716588  |
313   | 0.0069350891029362777412  | 0.0027708586315177518959  | -0.0025411428348304518701 |
314   | 0.0041817548915523824679  | 0.0069000039848060822079  | 0.00075608084714761433082 |
315   | 0.0098934341099531641905  | 0.0089231201445397860528  | -0.0045742408576597394856 |
316   | 0.0054275965597468008028  | 0.005007000485496434887   | -0.0030294691635538019241 |
317   | 0.0061279142671972200093  | 0.001858512086252775853   | -0.017007141110479764151  |
318   | 0.007394810135673435085   | 0.005274532298694765281   | -0.0010566985571890958728 |
319   | 0.0024116940196488739247  | 0.00227321525351424766    | -0.0021180959972554071202 |
320   | 0.006823028053454987911   | 0.0044767372220434614727  | -0.017251382402202194294  |
321   | 0.0035789474030537274038  | 0.0029552035006618708989  | -0.0065565758147275565032 |
322   | 0.0087767674212383614551  | 0.00026208315389904008209 | -0.0024293671511903440832 |
323   | 0.0050983798444944640471  | 0.0019868019037362965803  | -0.0039552232209940927157 |
324   | 0.002206158308418381276   | 0.0044643344002223703595  | -0.0083044224717589223972 |
325   | 0.0053766960786230258776  | 0.001839819219995154605   | -0.011646434218334656557  |
326   | 0.00078303977136199751866 | 0.0049562518335318564433  | -0.0061897383999135104776 |
327   | 0.0039598682689045965749  | 0.0071151730398418397069  | -0.0072236720287379638239 |
328   | 0.0099275455502243637601  | 0.0078732904114193966172  | -0.013864153210593017571  |
329   | 7.1388975842907160217e-05 | 0.0064941466819070179511  | -0.0065616773046657467586 |
330   | 0.0023342475466845151628  | 0.0030373800852781540106  | -0.0020439404983535166063 |
331   | 0.0064587982876538200042  | 0.0025754632485197300265  | -0.0075045079859048218623 |
332   | 0.0058170958017528338196  | 0.0059014770955597949109  | -0.0016468043122386932103 |
333   | 0.0009102722484955417994  | 0.0072851744269096718395  | -0.010054269105911627785  |
334   | 0.0005574930787539443891  | 0.0037648651584071377192  | -0.007591049590000564784  |
335   | 0.0034262110406769992824  | 0.0095871722743607109413  | 0.00032803193883681937976 |
336   | 0.0087467807853440510818  | 0.0047965982932664128977  | -0.008360707366532466045  |
337   | 0.0024463656393964947761  | 0.0090299155803927888542  | -0.0053556152395324730514 |
338   | 0.0086238092940790055801  | 0.0020383698044667418643  | -0.007939237237415028639  |
339   | 0.004600232416312751739   | 0.0062406333285330911273  | -0.01475141037013771167   |
340   | 0.0044505700921560293823  | 0.0058838025580719606478  | -0.0031318643437381670988 |
341   | 0.0043057178649312920909  | 0.0087103258430379880417  | -0.013085458501160364408  |
342   | 0.0013837101622037506661  | 0.00097873579052774103276 | 0.0004446282710666013202  |
343   | 0.0017992635143834277266  | 0.0036475210274896242152  | -0.0026202347083686800509 |
344   | 0.0061060497676361227479  | 0.0074139452552045431721  | -0.00060836817449359890508 |
345   | 0.0051135696219149770828  | 0.00012521195796246620659 | 0.00039584649917679824889 |
346   | 0.0099267585701404703613  | 0.0078137286133682041372  | -0.0093173887465404382074 |
347   | 0.0074480609518945131362  | 0.0056184520171242043063  | -0.01340062709809890576   |
348   | 0.0082735736820407235897  | 0.0023451538015461319796  | -0.0088578142970138079582 |
349   | 0.0023597186647713657912  | 0.002181177430224100558   | -0.0096205164539489573805 |
350   | 0.0021985083238153157667  | 0.0036002744355771074646  | -0.0057739465798095947202 |
351   | 0.0024326477307488793972  | 0.0026727934663048841593  | -0.012931594376641692909  |
352   | 0.0030583113494100215048  | 0.0034577956782023337549  | -0.0088467301733596258317 |
353   | 0.0037967497661094392128  | 0.0044459379648079770664  | -0.0034249400359239209717 |
354   | 0.0067162130754935970081  | 0.0036851310189154043093  | -0.0059038073618169900625 |
355   | 0.0050495216361853903497  | 0.0042394566819356684778  | -0.0018978958140906524495 |
356   | 0.00032920316269514649779 | 0.0091366667234464953029  | -0.014769701216232670321  |
357   | 0.0040988846991507213793  | 0.004339945504224739653   | -0.017361537796126834399  |
358   | 0.0046753289973197617937  | 0.0025736601680943246677  | -0.016680249884749271533  |
359   | 0.0094339618263599659548  | 0.0042422721532700095881  | -0.01298149812171544952   |
360   | 0.0065782805696593567302  | 0.00022253050298320076997 | -0.013623230940540541345  |
361   | 0.0036467482365341303933  | 0.006073208794016501065   | -0.015007034337761959719  |
362   | 0.00072017517286774711694 | 0.0022611226762572424372  | -0.014842128509697852939  |
363   | 0.0071323489752794302921  | 0.0076909473369016437966  | -0.00014471618158594054017 |
364   | 0.0016567867578088505461  | 0.0043551170219529805952  | -0.0090240974535913398569 |
365   | 0.0004003041767964908397  | 0.0074421650753290413335  | -0.0036223374839686761119 |
366   | 0.0020322588814611223032  | 0.0033060276962801849951  | -0.013593166857605224959  |
367   | 0.0070723559553428653676  | 0.0026349074834864376522  | -0.0017013737928526810259 |
368   | 0.0064051030540247652287  | 0.00011524211340946156912 | -0.0064696488022376978655 |
369   | 0.0043288108861402529656  | 0.00069655710422574206985 | -0.015224196664311061625  |
370   | 0.0021694685448416972835  | 0.0044047785370434815524  | -0.0057659023165663961935 |
371   | 0.0028691250049272172019  | 0.0054599352227741324364  | -0.0003492569895217231238 |
372   | 0.0035641626259153213682  | 0.0063178496419048421617  | -0.0090706123318898667501 |
373   | 0.0076154052687353902817  | 0.0010912284132618536338  | -0.012108339674969466684  |
374   | 0.0076537265581238687548  | 0.009871392348295027902   | -0.015107344787010786383  |
375   | 0.0058156208073541588652  | 0.0017420184409222829684  | -0.01673514891022331863   |
376   | 0.0092698049436972049936  | 0.0039182833669004291446  | -0.0013089218365132872408 |
377   | 0.0099006448105304397517  | 0.0053842776546213890268  | -0.0077933878616927732691 |
378   | 0.0048293836298972337914  | 0.0092335279976949215242  | -0.0062181097858184210606 |
379   | 0.0084334251870191393602  | 0.0022898658332870637858  | -5.1833490407899737663e-05 |
380   | 0.0043915692645344148876  | 0.00035260332140264554444 | -0.015015058562689507365  |
381   | 0.0017883610412859581897  | 0.0045391989971708956997  | -0.0094162247027088034207 |
382   | 0.0021205006558460155058  | 0.0070646965636743100023  | -0.011182082756064269657  |
383   | 0.000143551143001748987   | 0.0090594374341013781532  | -0.010186626729920916085  |
384   | 0.007685571352656104388   | 0.0054833761100751650039  | -0.0041523541355798915253 |
385   | 0.0082206434766541845727  | 0.0019383939650294325103  | -0.014693701609510100362  |
386   | 0.007841533481713302417   | 0.0082910645147071838912  | -0.016633398178331301742  |
387   | 0.0053120844495817441319  | 0.003852094367241292415   | -0.0096139294686040550897 |
388   | 0.0073982939035688250265  | 0.0053126964248563883497  | 5.6957391105543456091e-05 |
389   | 0.006786226313219475767   | 0.0063303309216870230422  | -0.0061677345257362551148 |
390   | 0.0045407103716756103129  | 0.0012432625880324733782  | -0.014851310852934059697  |
391   | 0.005538160293448753449   | 0.0044168964602522408497  | -0.014751998823420263071  |
392   | 0.005274454773781216653   | 0.0038327820213064135203  | -0.017312845518518207855  |
393   | 0.0067607028723289178118  | 0.0093264642404197600767  | -0.013774731508273234393  |
394   | 0.00089667683648522657647 | 0.0040518801219232578395  | -0.017002906714614095252  |
395   | 0.0066177890868437038926  | 0.0080856720016762358844  | -0.011008617857979409796  |
396   | 0.0074468607293522925614  | 0.0047522487490833237311  | -0.0099957233234656290427 |
397   | 0.003866553739143028471   | 0.0067808060240682572692  | -0.00030729368416540698596 |
398   | 0.0054136914287609598853  | 0.0068929043245656348299  | -0.0038973964269968606328 |
399   | 0.0029638436916401894247  | 0.0074844525797734279965  | -0.015441380926796758472  |
400   | 0.00083066427067788695202 | 0.0082343191386746433097  | -0.0042267846317169651196 |
401   | 0.0050748440329781256686  | 0.004839200830195514863   | -0.015366346848265899708  |
402   | 0.0021058165094000932255  | 0.0016698023714119842459  | -0.00059683612550079617309 |
403   | 0.0046214763577341506917  | 0.010012378232757808416   | -0.0048203047734354711323 |
404   | 0.0061446251815279592443  | 0.000362147817410754969   | -0.0093035532042811189268 |
405   | 0.0094314824361488771437  | 0.0046498624676004560174  | -0.014460876482092674053  |
406   | 0.0099346805173772863989  | 0.0061142697387169611667  | -0.008827533745353808442  |
407   | 0.0096365348679592968684  | 0.0087955804465320100438  | -0.0015208798260247095076 |
408   | 0.0027250123218604919983  | 0.007804309179679412567   | -0.004864730427844781574  |
409   | 0.0038469518474843083546  | 0.0017499888533480429005  | -0.011505566219427941152  |
410   | 0.0013839795331321439256  | 0.0028925991356200148226  | 0.00013123350414913993777 |
411   | 0.0076974675674630933797  | 0.0039413102625420991243  | -0.0125157572547386544    |
412   | 0.0038371306141334418117  | 0.00093166862382020965237 | -0.011303435209281871912  |
413   | 0.0025803198131673179584  | 0.0063341482721731489844  | -0.017410547702878635679  |
414   | 0.002738480486692453867   | 0.0014461642544438895689  | -0.015379702628614070822  |
415   | 0.0027611758162326767614  | 0.00941129709338644517    | -0.0045476571188626914791 |
416   | 0.0052033330303887541032  | 0.0056494889739226658576  | -0.00041222403350733616322 |
417   | 0.0073680589879510051052  | 0.0022142541417133529934  | -0.0042709253115966148984 |
418   | 0.0074063554555801819693  | 0.0081018204301011153418  | -0.0085525004707771440371 |
419   | 0.0099553655362260694978  | 0.006754859816353751302   | -0.016868695064424257118  |
420   | 0.0064306811201239591144  | 0.0087480087176505308411  | -0.015073758533348583649  |
421   | 0.005791628115516605016   | 0.009313142976085214339   | -0.00050490008401932596864 |
422   | 0.0024298335551165596569  | 0.00071050238903128636048 | 0.00014070621369378271195 |
423   | 0.0050967874333072496484  | 0.0077003236980508083659  | -0.010015798005419164485  |
424   | 0.00038424472843162058066 | 0.0078087844908800128907  | -0.0030882150270093856707 |
425   | 0.0064049812219402809527  | 0.0041251724622673457965  | -0.015572771794709634047  |
426   | 0.004335405424850799147   | 0.0094096711599232236295  | -0.0010318821190888375575 |
427   | 0.0066635738574713160656  | 0.0023268912044782613484  | 0.00044660015195127248733 |
428   | 0.0082221402274762055845  | 0.0046990668751525337815  | -0.014199758873660931618  |
429   | 0.0052317445619811282775  | 0.0037919957912031453627  | -0.0023043948453974620778 |
430   | 0.0019031102858730599911  | 0.0089118923225487058776  | -0.0054720611376752187338 |
431   | 0.0069364809604294964257  | 0.0071675860911397971942  | -0.0033574378609609058753 |
432   | 0.0014819097465756964505  | 0.0055572681971853008301  | -0.013226070882473800125  |
433   | 0.0026516562996781447778  | 0.0058273173162382112256  | -0.012510455758036645793  |
434   | 0.0025515717975597915212  | 0.002722888853079581499   | -0.0094828645976766760828 |
435   | 0.0097724242822457701996  | 0.0012150043525322878641  | -0.0025258898644682863631 |
436   | 0.0010468684826392023191  | 0.0079787560933970384097  | -0.0036792548580829417988 |
437   | 0.0057028775053220761432  | 0.0042289186475624480216  | -0.0017753632257663854756 |
438   | 0.0085225447037186093796  | 0.0035475450453066881273  | -0.012207666761067343525  |
439   | 0.00058822365710674967814 | 0.007468177970920497101   | -0.0061133508112574909063 |
440   | 0.0093602166258905904195  | 0.0042535352341833369133  | -0.0011164346609805245701 |
441   | 0.0017971090324059553825  | 0.0011997455695639269464  | -0.0055320164741872778283 |
442   | 0.0015346375794250543146  | 0.0027570566358245869078  | -0.0010031314318677535691 |
443   | 0.0036228968466756597197  | 0.0083282707181169864791  | -0.0059481832922837936384 |
444   | 0.00050086288423004327389 | 0.00044141078819443505714 | -0.011305587996225902742  |
445   | 0.0072011367560388915565  | 0.0071018809535172934197  | -0.0050014013733572339551 |
446   | 0.0014330908642127106536  | 0.0084712039063054387494  | -0.0098963654761585143765 |
447   | 0.0038684415295493854853  | 0.0084942278149647259394  | -0.016091077951429329923  |
448   | 9.5975803209560645469e-05 | 0.0049597358755143353473  | -0.0099443986185859395421 |
449   | 0.0062001589191514189237  | 0.0070204056882021805344  | -0.0059678768384907251998 |
450   | 0.0066659688199093136002  | 0.0039346678665309400835  | -0.0024301424621242170843 |
451   | 0.00064601833643966935766 | 0.0097380528319840429369  | -0.017335250102703956415  |
452   | 0.0081304148270386709246  | 0.0088211627562854340312  | -0.012907042107645696691  |
453   | 0.0058485780008137389432  | 0.0036860943372727735141  | -0.013418410413657615513  |
454   | 0.008140429539884141974   | 0.006640710440073176006   | -0.010033388670333239293  |
455   | 0.0015678734660470748565  | 0.0062108045279566223215  | -0.0028494725335801605534 |
456   | 0.00085750462890579195411 | 0.0042815937337015953432  | 0.00083894945752762458552 |
457   | 0.0023618198958736220591  | 0.0052379863765755103888  | -0.0019947668445111366164 |
458   | 0.0027496522420526114602  | 0.0092959819758341843271  | -0.0041941479911738232048 |
459   | 0.005587907621710349465   | 0.001095689226234094777   | -0.00058674468248018200617 |
460   | 0.0064073652444461932573  | 0.0088016069980496863118  | -0.0051751623557573607146 |
461   | 0.0029859213919556106508  | 0.0044304199673657618241  | -0.0046824963788396943912 |
462   | 0.0037252697837561301111  | 0.0034165426573548431446  | -0.0069848958491900226334 |
463   | 0.0064680125835765676923  | 0.0039336004281554483655  | -0.011084061602163427715  |
464   | 0.0084700027350348133098  | 0.0011964070008509658082  | -0.014921389647439470272  |
465   | 0.0092438167946426955807  | 0.00023507636361623656415 | -0.0155810714729053678    |
466   | 5.0758884788902311795e-05 | 0.0062474340111865079433  | -0.004764324576081177022  |
467   | 0.0070224022587101666421  | 0.0045350520067279666281  | -0.011622995287473297452  |
468   | 0.0030905773711325575798  | 0.0071185231829132443113  | -0.012699589680777721365  |
469   | 0.0054898449571488330823  | 0.0031147774505077730108  | -0.011281214473091357234  |
470   | 0.0046584988663497068836  | 0.00039045103077301303654 | -0.01239972974112356699   |
471   | 0.00087954391771281534556 | 0.0083495978230446795537  | -0.016243630225119595062  |
472   | 0.0054611267454071693236  | 0.0086089690063209257237  | -0.016205172067330558122  |
473   | 0.0067995871319332370705  | 0.0015548182011184709644  | -0.011284901489847782088  |
474   | 0.0010298582793535299238  | 0.0018823765408922704841  | -0.0079232567288211076806 |
475   | 0.004955476916815461548   | 0.004714381163418501948   | -0.013198054616727553437  |
476   | 0.0081301976376026863919  | 0.0085925152827860725585  | -0.0055097833771900290786 |
477   | 0.0080444534332972106316  | 0.0079484205306797634655  | -0.0031120026866931242357 |
478   | -3.7246776953266779242e-06 | 0.0080128319641962035547  | -0.01734420535090574686   |
479   | 0.0040675380061476621232  | 0.0025332799539600188779  | -0.010523905205157708595  |
480   | 0.00021434638633797435865 | 0.0044642080971702014641  | -0.0069650663785725290197 |
481   | 0.0033437689294227241135  | 0.0079887247278223449259  | -0.014511203175520683353  |
482   | 0.004448182733533067798   | 0.0048319095098427310847  | -0.016669007428688101952  |
483   | 0.0057899736755416117071  | 0.0037919660352335503653  | -0.015532302577853191947  |
484   | 0.0019772874926741691379  | 0.0061184837256401027744  | -0.011820869707954657912  |
485   | 0.0012857618174491969396  | 0.0053029586962965672564  | -0.015304796141018633254  |
486   | 0.0010466833163082997233  | 0.007234217849778429299   | -0.0040710412239396646245 |
487   | 0.0081348520665985891986  | 0.0050707319797798165034  | -0.0074009043786564324141 |
488   | 0.0087555038303349565915  | 0.0060917961305057676674  | -0.0059168140239164177321 |
489   | 0.0042254200015525225642  | 0.0094491579260878796886  | -0.017013731839355155512  |
490   | 0.0047196752816736423086  | 0.0086247963855074789158  | -0.0065887344635162485573 |
491   | 0.0034968561838652121275  | 0.0029149952705375165203  | -0.0054671115505862790188 |
492   | 0.0073384263691666177382  | 0.0082572196404565902095  | -0.008037052719349509905  |
493   | 0.0093939437976038615147  | 0.0071246301367616105688  | -0.0066993533064654371342 |
494   | 0.0047300740537832650784  | 0.0046822844410279356245  | -0.017061370827976402031  |
495   | 0.0076251147383757473738  | 0.0081071642595543190468  | -0.0021145422874106786608 |
496   | 0.008788119100508322637   | 0.0056670378028528950454  | -0.010825341161601633594  |
497   | 0.0049674606252801739234  | 0.005039816034058301232   | -0.00084483815603720886084 |
498   | 0.0052179745614794300138  | 0.00021359988525523489309 | -0.017308898869131859877  |
499   | 0.0093797396777667955969  | 0.0051093624237467643451  | -0.0054070217830224651459 |
500   | 0.00050259787905212462925 | 0.00031244561489266039697 | 0.00075979405346816072248 |
501   | 0.0045939870012264329147  | 0.0038754841612194624798  | -0.013873967591764528942  |
502   | 0.0055235767845029058731  | 0.0052965878845626758811  | -0.0097394947412721127183 |
503   | 0.0012474087508935589007  | 0.002667025693091872908   | -0.0058715654464355278991 |
504   | 0.0022178318926578378077  | 0.0033300347015833447507  | -0.012514400445017528213  |
505   | 0.0070439788536915924622  | 0.0076129701040031413223  | -0.016461224482240466305  |
506   | 0.0036479921651574181984  | 0.0022674229556816174504  | -0.0092368213196387521924 |
507   | 0.0089419225267120139994  | 0.0037345962254703942741  | -0.0025214841927693252936 |
508   | 0.0045781046336772265176  | 0.0017245458198253628326  | -0.012471450951319974429  |
509   | 0.0013952705040872182517  | 0.0030314566028906970822  | -0.0174163673771303186    |
510   | 0.0076773988833397687273  | 0.0084698821632568348922  | -0.002910821750833295779  |
511   | 0.0022954530682364024559  | 0.0029190275842706542471  | -0.014765803847752683245  |
512   | 0.0073971758335735788431  | 0.0097595109317422726325  | -0.014940705696558682566  |
513   | 0.0056423952215681446101  | 0.0032312623968753463252  | -0.013575538137277298745  |
514   | 0.0069367073438565095278  | 0.0016240056906836283258  | -0.00094808172863333252129 |
515   | 0.0076374375358042052159  | 0.0056333888507992717701  | -0.0066043456773442390378 |
516   | 0.004258742413363512079   | 0.0010240591950896719715  | -0.0010893418709191104478 |
517   | 0.0075117367381825669165  | 0.0055473517927819172152  | -0.012024262339496256599  |
518   | 0.0032662525136380763865  | 0.0029173528846999632544  | -0.0073651131814293510983 |
519   | 0.0019493237586454658771  | 0.0036452072368083538768  | -0.014062552644032595348  |
520   | 0.0028281391122985241257  | 0.0033485744606775490542  | -0.015307468898619690234  |
521   | 0.0042761580079421941669  | 0.0059072665357466341146  | -0.004718140231835242851  |
522   | 0.0029125000473166286381  | 0.003483465028594455188   | -0.003532756815975860408  |
523   | 0.001507126672641666016   | 0.0083791751649792637485  | -0.0055531696654488463608 |
524   | 0.0087681262741730499333  | 0.0012651408782132537393  | -0.0076931331298810828878 |
525   | 0.0034105291639729279352  | 0.00057680844219750023946 | -0.01700608012929359647   |
526   | 0.00032383011968074837915 | 0.0055560943449003332567  | -0.0034607159514924196349 |
527   | 0.009212615975931775017   | 0.0053315005740912366564  | -0.0046665451755975870599 |
528   | 0.0087698386319294847208  | 0.0023532063435194486116  | -0.0067154209893163759396 |
529   | 0.0066975740200270247188  | 0.0056679392053828638043  | -0.010305865765466567727  |
530   | 0.0034343903596265141706  | 0.0065922608815896562712  | -0.0013078963928764705208 |
531   | 0.0037815949703873109715  | 0.004011178953259513652   | -0.0095659004082616523601 |
532   | 0.0047597042544975827483  | 0.0037172548245066306359  | 0.00033276022854470381105 |
533   | 0.0002810687811860393447  | 0.0057249739894206308835  | -0.0041259129511212943794 |
534   | 0.0023119931923514334265  | 0.0040512391458099690153  | -0.0061769322188454959741 |
535   | 0.00040176568913134487037 | 0.008485708979214976258   | -0.012807653237531340523  |
536   | 0.0001773602297797102561  | 0.00016011924482750946501 | -0.0014005590049366270673 |
537   | 0.0022693279252876162946  | 0.0041897775239135345154  | -0.0055704744595635935153 |
538   | 0.0085666049181386174499  | 0.0016467212862175475713  | -0.017296460364151559214  |
539   | 0.0092503022244076905239  | 0.0060506106164685208651  | -0.0019425645974368533839 |
540   | 0.0048354714489504775285  | 0.0060516562042594937432  | -0.010645098715495463632  |
541   | 0.0017331712895928526666  | 0.00048135187678335401591 | -0.0075354837481325454354 |
542   | 0.0064681437857390128993  | 0.0027113844145280918164  | -0.0045182216280647731488 |
543   | 0.0078930432730721297729  | 0.006102710839244962493   | -0.0032526094640929984619 |
544   | 0.0045153637412006474017  | 0.0035703571747947439145  | -0.012972008696783355122  |
545   | 0.0083496823645084587706  | 0.0085544746999603998167  | -0.0094010772896974941631 |
546   | 9.4002753331143002868e-05 | 0.0081101736242517336734  | -0.014471854361666331573  |
547   | 0.0030890459408390133662  | 0.0035183303197580425951  | -0.0015321731473895024676 |
548   | 0.0040806963791070799061  | 0.003059972092710396864   | -0.014417315718051049167  |
549   | 0.00076914691986040091467 | 0.0085889626353842299378  | -0.015563965604594444739  |
550   | 0.0034870252724540059044  | 0.0041322688026752246032  | -0.0041194010433719058586 |
551   | 0.0062878946011518787457  | 0.0023792750906420170355  | -0.014225348911583552206  |
552   | 0.0048411251707581853115  | 0.005473253721888764016   | -0.0072274003445259304979 |
553   | 0.0031139000927422741047  | 0.0049624484951521843912  | -0.0096020072628267318093 |
554   | 0.0017012506476454765988  | 0.0089208749300613045252  | -0.0090010147804733438293 |
555   | 0.007006321024808606808   | 0.0035285587238716819951  | -0.0017044915795437669617 |
556   | 0.0032379640162346796928  | 0.0078213562974958367874  | -0.003555289123423819881  |
557   | 0.0054892749038762747582  | 0.0054184637608667863412  | -0.014514311349675863144  |
558   | 0.0027625108237964621748  | 0.0058053723093556813123  | 0.00069365525335183999406 |
559   | 0.0070658361958949094869  | 0.001075055160972417578   | -0.00030753947728002925749 |
560   | 0.0054952559941708178232  | 0.0036182617740307372947  | -0.01262849822341362456   |
561   | 0.00058052768988381268141 | 0.0061356193278254310061  | 0.00028162171952489736555 |
562   | 0.0044844030910069802506  | 0.0070655811347103050085  | -0.0018044975637873756844 |
563   | 0.0070796712293682301925  | 0.004365169422557290714   | -0.009296942413437422198  |
564   | 0.0047428023700725185918  | 0.0072524658020637101929  | -0.013162786735283350803  |
565   | 0.007190461790358611445   | 0.0049535869870064854967  | -0.016944324461365827678  |
566   | 0.0042219851909299690312  | 0.0089724547575510613107  | -0.014496187257185551289  |
567   | 0.0088387908557928957648  | 0.00093699082289346014539 | -0.0018755409621269262827 |
568   | 0.007096945906615247622   | 0.001141278658279410059   | -0.017448809078999753808  |
569   | 0.0049043043308622099805  | 0.0039192875343452126397  | -0.011554545112032833798  |
570   | 0.0062660961137303407623  | 0.0098071035687259302399  | -0.0017023835255561426804 |
571   | 0.0097834214328973295727  | 0.0065333850232232298233  | -0.016195010173504449658  |
572   | 0.0042090796715942742356  | 0.00026272387485095217811 | -0.0027209915449999374018 |
573   | 0.0009424301094364121497  | 0.0069197053310857317004  | -0.0046806486793364021626 |
574   | 0.006643982849309506937   | 0.009046160767744554701   | -0.0057360179348407763431 |
575   | 0.0050667403764802203953  | 0.00029491566965122550763 | -0.012729682715962713571  |
576   | 0.0059342634302409708394  | 0.002702859492334438573   | -0.0041542852562390644375 |
577   | 0.0024819806241353323424  | 0.0079851320861659118994  | -0.014867825736790289681  |
578   | 0.0035010552874608271562  | 0.0074038443006242326758  | -0.0062550829827913469183 |
579   | 0.0048678090071652933835  | 0.00044129237094114263235 | -0.011068734116758365341  |
580   | 0.006428784017728631818   | 0.0025033968263277442574  | -0.0099139151289521568189 |
581   | 0.0080588004307160510109  | 0.0070034755089153407498  | -0.0047862683910011773886 |
582   | 0.0041635532630552741368  | 0.0073164412389103254675  | -0.0003460173943107917047 |
583   | 0.0092668450377839488297  | 0.0077021057735451340862  | -0.0082954692106123294193 |
584   | 0.0053499413675301803195  | 0.0087148071388501082563  | -0.014040263902654477948  |
585   | 0.0035366813877248468728  | 0.0025511266061608306455  | -0.0070882320424369305717 |
586   | 0.0076441304446935942965  | 0.0088866750866757101418  | -0.010229985070045004986  |
587   | 0.0018126403650761215881  | 0.0033738831589724474491  | -0.012308234399238412657  |
588   | 0.0082187841468466735217  | 0.0041004557080905734007  | -0.012765092500861902752  |
589   | 0.0035116334262149839947  | 0.0070334188274468432966  | -0.0078074377229732198902 |
590   | 0.0003406053364666024731  | 0.0092905116170317533775  | -0.006480938639129971493  |
591   | 0.0030074244381186657736  | 0.0033627367881730561849  | -0.0040604143990828059016 |
592   | 0.0030988069063583611497  | 0.00073532635886181462685 | -0.014754974229144481729  |
593   | 0.0081411432685109790669  | 0.0081385588862034861923  | -0.012145311452040744027  |
594   | 0.0093494809917503297197  | 0.0072908074035342509966  | -0.0021043234344729449918 |
595   | 0.0024933724995824428985  | 0.0080058111466579252175  | -0.0047776946411425495059 |
596   | 0.0099935288091060146126  | 0.0075426682315635935894  | -0.010144120569107087371  |
597   | 0.0028708072542847407928  | 0.0080299384981943472406  | -0.010289776833463389061  |
598   | 0.004335971665079712753   | 0.0044675919409375066532  | -0.011143121421754061118  |
599   | 0.00015621353327692881767 | 0.006984533873387018324   | -0.0020823665310481863193 |
600   | 0.0011908289355023412865  | 0.0014754345063382986233  | -0.012294920233100097365  |
601   | 0.0015764254061940942073  | 0.00097347365221823014322 | -0.013430696566095088121  |
602   | 0.0065790451433727402744  | 0.0062983698198967059262  | -0.0098727220321802190012 |
603   | 0.0025196067448074324982  | 0.0024659496002944402901  | -0.01052558306209324876   |
604   | 0.009251317992234209947   | 0.0077542568968055648748  | -0.014896060357939715224  |
605   | 0.0070358875328527890197  | 0.0075189568257096562817  | -0.011668977977944805513  |
606   | 0.0089170944182712270909  | 0.0023893579390522803191  | -0.014233113640818173193  |
607   | 0.0017344880353020036834  | 0.00077655339461942625087 | -0.016599400957694399744  |
608   | 0.0040339772448711903874  | 0.0069490878522193433309  | -0.0031656306287983593077 |
609   | 0.00037677120054794774329 | 0.00013475975025565293435 | -0.0077770038329218263429 |
610   | 0.00054603074553342793602 | 0.0020063288636446028126  | -0.017134020694800314311  |
611   | 0.004797368429278987996   | 0.0056890732855163174062  | -0.01072735783622975024   |
612   | 0.0047526963528541849371  | 0.0085600188997760617848  | -8.1487517129013304468e-05 |
613   | 0.0065950332109467628069  | 0.0096803962347276808348  | -0.012192636381940699306  |
614   | 0.0046349953838493093694  | 0.0030324294723183937116  | -0.014541921110490093824  |
615   | 0.0011583718190894703483  | 0.0089126396470143986334  | -0.002524799980293825595  |
616   | 0.0092851733143035110329  | 0.0038781081409785095847  | -0.0014114145383300081161 |
617   | 0.0065582951855646474254  | 0.0030946908577016442841  | -0.0022390875351323406318 |
618   | 0.0021875238597246220336  | 0.0070123292020258728985  | -0.005587758241697295819  |
619   | 0.0021083803448675446542  | 0.0085982995063901834776  | -0.0030630652003817639313 |
620   | 0.0077418891247110245557  | 0.0040181623270474061196  | -0.0036950142330511906961 |
621   | 0.0044019700745427251323  | 0.0057996275434384946326  | -0.012568336791112483947  |
622   | 0.0019943108036427812345  | 0.0089935941760005359141  | -0.01304158536908732284   |
623   | 0.0031111845704599487214  | 0.0027791707269491723771  | -0.0080697033158883858805 |
624   | 0.00013093803695652750461 | 0.0053164847913910419017  | -0.0025604099103347984639 |
625   | 0.006711921171195550824   | 0.0058298781640821594613  | -0.0085433456394425049546 |
626   | 0.0016432333057651523668  | 0.00028570201427348260658 | -0.0029080687665685796446 |
627   | 0.0054691945132287547726  | 0.0094986831567812103627  | -0.012106754936006616785  |
628   | 0.0070474979208246923273  | 0.0082493706276674880901  | 0.00023729278106862227316 |
629   | 0.0075467033572589603541  | 0.0067560693482407348232  | -0.010062182488834744629  |
630   | 0.0061422420871866997144  | 0.0094388386365918033188  | -0.0076608337605954240218 |
631   | 0.0088856382176746625395  | 0.0051862838757899560466  | -0.0085443883307550084344 |
632   | 0.0053005427441088649038  | 0.0069811136677511769974  | -0.013871958501563357025  |
633   | 0.0049400775276627669624  | 0.0018425401477927363155  | -0.0070716882816513016927 |
634   | 0.0036367235613635304388  | 0.0039091959004099730013  | -0.0030220118842801280828 |
635   | 0.0015216173224525989752  | 0.0026540737453873350371  | -0.0032145800764176238329 |
636   | 0.000764866728118528366   | 0.0071425540504290573746  | -0.0060778912951856296082 |
637   | 0.006215064627747049833   | 0.0027301200927756764068  | -0.017492160671560799678  |
638   | 0.00011504772828576864479 | 0.0025465359981886497368  | -0.012177378144915786823  |
639   | 0.0070985210555369864655  | 0.002289183682277046248   | -0.008345137649464727525  |
640   | 0.0030963318314810371439  | 0.00049807362631444174281 | -0.0045465644224270945067 |
641   | 0.0058707909427814699427  | 0.0079015356764979144399  | -0.0040740091586406934274 |
642   | 0.0009063570813728243818  | 0.0087555336894668649161  | -0.0031403445670227254222 |
643   | 0.0089622043897935096263  | 0.0059844671872552272079  | -0.0008449777022186797    |
644   | 0.0054131517424691440524  | 0.0093277714592681880423  | -0.013367402542877973928  |
645   | 0.0034778268194569131842  | 0.0093867229287048249697  | 0.00079628397595802365844 |
646   | 0.002312780468611498521   | 0.0018480464937652588218  | -0.0050747874863112793151 |
647   | 0.0049139829489495568532  | 0.0037915830985646224553  | -0.01100994907186885266   |
648   | 0.0040772102369113372849  | 0.0062588728800045227707  | -0.012182572798173814388  |
649   | 0.0043182296908782199021  | 0.006112887109769342929   | -0.001413168106532799095  |
650   | 0.0033829884237828182665  | 0.0081439567660464944054  | -0.0032775174841133134299 |
651   | 0.0046749010399666467153  | 0.0065917520894036027782  | -0.0039157428794278090547 |
652   | 0.0026059242144731383818  | 0.005765293334654601233   | -0.0076031895097167659717 |
653   | 0.0064657054367596791811  | 0.0047937260709484102311  | -0.00082794871910991008242 |
654   | 0.0056021649808805753026  | 0.0080424514429766769813  | -0.0051253544774942406959 |
655   | 0.0051116569351369028212  | 0.0047654798436718038418  | -0.00013246314141087582941 |
656   | 0.002793134794147717273   | 0.002896444944766604114   | 5.4360276725222002694e-05 |
657   | 0.0081821773460804374245  | 0.0091930425808009075955  | -0.0089964730557976595182 |
658   | 0.0056204277993469097321  | 0.0083807323344306221963  | -0.005243419189381220806  |
659   | 0.0081489260252247241317  | 0.0045075345368447558222  | -0.0081308678621271474052 |
660   | 0.0064028204198191751226  | 0.0016131641884197561905  | -0.012445850912593547227  |
661   | 0.0010950820979121224635  | 0.0042271840627673374843  | -0.0074832022681497753838 |
662   | 0.004322088707948010082   | 0.0081429708165908862988  | -0.00097072842641758431449 |
663   | 0.0077409353003892854977  | 0.0019733549003469888841  | -0.01133186152125576461   |
664   | 0.0044374305231045709647  | 0.0026465645062889319068  | -0.0049617505653783604627 |
665   | 0.0021997812333619257488  | 0.0056975052233429277632  | -0.001589347202449435106  |
666   | 0.0062778797046632237033  | 0.00094071885112671684969 | -0.011328755796764481897  |
667   | 0.008404178648369379015   | 0.0020814394404015511969  | -0.0070762284261720537551 |
668   | 0.0055269001850748976368  | 0.0016902109737585823811  | -0.0037233224302147577452 |
669   | 0.0091451826167206137774  | 0.0024770628412886701655  | -0.011908898631264984089  |
670   | 0.0020384187351531676824  | 0.0059202854952024961538  | -0.005358463579481290151  |
671   | 0.0021747780131789636038  | 0.007940411219940771842   | -0.012337922772817757136  |
672   | 0.0098862437854965665163  | 0.0058491995967578794616  | -0.008709759058141077967  |
673   | 0.0080512333168506842324  | 0.0049285502990966765374  | -0.01646406734664509694   |
674   | 0.0072686210572595949184  | 0.0024325812759792030983  | -0.0080431138955129426182 |
675   | 0.0025619817742049155219  | 0.0040223871219843623792  | -0.014431738539135261987  |
676   | 0.0023815237774041306262  | 0.0099106413288623605023  | -0.0018310902034371679976 |
677   | 0.0062557570255341544627  | 0.0027869531398570256998  | -0.010373634599569012127  |
678   | 0.0024149795490011997934  | 0.0029226660299786150557  | -0.0013112871193475732299 |
679   | 0.0039138210414993573893  | 0.0074822258177767234089  | -0.0046236958137256594856 |
680   | 0.0015951794224756436161  | 0.0068481136654498248745  | -0.0097894076082591582888 |
681   | 0.0040245091260155589977  | 0.0013942352942956546483  | -0.004183937109028611212  |
682   | 0.0012858942321251609891  | 0.00086423629767179703954 | -0.0086725127464741882943 |
683   | 0.0044730190315848969776  | 0.0053557413059696790808  | -0.0026105798901022180848 |
684   | 0.00062024239198533613268 | 0.0019846943405699584741  | -0.012788644499882347375  |
685   | 0.0059385934401231547583  | 0.0017095914642026616582  | -0.015061834603354626316  |
686   | 0.0052760816264240950613  | 0.0037974424960206215433  | -0.012972302037006165285  |
687   | 0.0080155433055334682907  | 0.0048714971760076553053  | -0.0064318791200702841657 |
688   | 0.0036261189693744702404  | 0.0071722698247612699102  | -0.0046674248280023982946 |
689   | 0.0049376057514811024646  | 0.0066580128893640013257  | -0.0017656788846113122791 |
690   | 0.0063009209113023345941  | 0.0067219496105124362448  | -0.0077076808473791119311 |
691   | 0.0077891834326626226137  | 0.0044649702408362246242  | -0.0078588243831858809602 |
692   | 0.0070223738165640951434  | 0.0082428421714821047822  | -0.010290894701806788114  |
693   | 0.0075896799932144466683  | 0.0037689812347842985805  | -0.011755236822381887052  |
694   | 0.0077221209178023513323  | 0.0093743131307174720063  | -0.0088498708392190702371 |
695   | 0.0047797054859212585037  | 0.0082391283421175583179  | -0.015073614314251233479  |
696   | 0.0020571564697770068804  | 0.002571034364638633777   | -0.011506792884023451726  |
697   | 0.0063460174274507499467  | 0.0045056966237958647956  | -0.011706629568817104176  |
698   | 0.0019233682091047382516  | 0.0088037125360058508111  | -0.011234533356605879914  |
699   | 0.0079545608949193533088  | 0.001036615797471076867   | -0.0088861990442046893957 |
700   | 0.0058394747054568907005  | 0.0019142142796819364842  | -0.004269118555921528127  |
701   | 0.0050391875904284141527  | 0.0061814783142330916033  | -0.013478188032681756928  |
702   | 0.0054094815610697018216  | 0.0068108744698124395675  | -0.011498127386331345734  |
703   | 0.0040830475845445770439  | 0.0055171769594211748228  | -0.013953915149053565392  |
704   | 0.0028231787972133330807  | 0.0089174324063669308665  | -0.0060981035867788569577 |
705   | 0.0025663412194623369533  | 0.0091455400821742575956  | -0.0027396180041469363545 |
706   | 0.0009674400784439182114  | 0.0083007437232152057882  | -0.015158369611656875853  |
707   | 0.0015540868610706751445  | 0.008221580939253216036   | -0.015503761649800799557  |
708   | 0.0070483801167980633315  | 0.0044592564821929383395  | -0.0057200537773399711544 |
709   | 0.0046184636962449138881  | 0.0019934088758936730282  | -0.010525958396966199684  |
710   | 0.0057748946606276888721  | 0.0091876996754555115277  | -0.0088139982079081698185 |
711   | 0.00064178975715087078612 | 0.0070990904844066551535  | -0.010257128322710310636  |
712   | 0.0045521772369077652398  | 0.005134127250066597252   | -0.015195294526979357536  |
713   | 0.00084334051637789642867 | 0.0060373505300420748226  | -0.012772517722679165367  |
714   | 0.0011186060202322872705  | 0.0054097748546975982925  | -0.015563005345454128392  |
715   | 0.0046577834284745852148  | 0.0090837435065267233686  | -0.012805071146595532056  |
716   | 0.00014145163716909828363 | 0.0075357083214321286466  | -0.0099336056194226102917 |
717   | 0.0028756348715470313356  | 0.0089556082823765408713  | -0.0051211924401508932686 |
718   | 0.0043945832045068451352  | 0.0069274969777651735151  | -0.0087297212806543809938 |
719   | 0.009277545702855737042   | 0.0042019229433212720859  | -0.014958690979738691398  |
720   | 0.006646372939368904928   | 0.007851317698133923953   | -0.01719009398181736703   |
721   | 0.0069312861534418799062  | 0.0048922335798479146471  | -0.0092521488782588319488 |
722   | 0.0021430700442801437454  | 0.006721595613243039162   | -0.00383100743190504427   |
723   | 0.0042039305669765948334  | 0.0049086175042604707208  | -0.006116138955065607459  |
724   | 0.0073156674713777541941  | 0.0054283181102987750066  | -0.0095441939405813500802 |
725   | 0.0087780219492852584739  | 0.0063432170180397874984  | -0.0068179315991754481374 |
726   | 0.0030565267483150604724  | 0.0071100701597237806612  | -0.0068806753669413195026 |
727   | 0.0033205010699061928217  | 0.0030419250264361783441  | -0.0061430197092601415004 |
728   | 0.0049481655075000368152  | 0.00057955148804579548986 | -0.0018170641659836558185 |
729   | 0.009939180850837553774   | 0.0063140911563799549666  | -0.0098809609250799408653 |
730   | 0.0084451447706738909382  | 0.0028406105298169337381  | -0.0020878035898289678401 |
731   | 0.0058230823792227012423  | 0.0018405410696082987344  | -0.0082033962593900319749 |
732   | 0.0043300302528896496626  | 0.0098862667986652445068  | -0.017220357972765627103  |
733   | 0.0080374704483547818046  | 0.0084535082418995786957  | -0.0091175010058526916729 |
734   | 0.005079951427332801174   | 0.0043830704928740490608  | -0.0095696701846880033449 |
735   | 0.004590384243928523518   | 0.000304648719547568204   | -0.0040271916058992971582 |
736   | 0.0093443306327681188023  | 0.00028092099504759438389 | -0.00072557458077577576764 |
737   | 0.0061208425235851167054  | 0.0080109001924817749285  | -0.0065720541771343305576 |
738   | 0.0022959631106207376537  | 0.0072748309779088601509  | -0.011931873479955891829  |
739   | 0.0071310595467174988857  | 0.0008210121387448942416  | -0.01612422444722958273   |
740   | 0.0066151618080988244461  | 0.0033481989383597385822  | -0.013633013205337624757  |
741   | 0.0017621590751574147012  | 0.0068679836929973559281  | -0.0018901740219204718387 |
742   | 0.00083143655062691403188 | 0.0046600211785340350801  | -0.0012214688735803654572 |
743   | 0.0035875622181511766795  | 0.0047438513370230131136  | -0.015265394701391555785  |
744   | 0.0089201358593501752642  | 0.0049743208198375623783  | -0.0097150391873687264033 |
745   | 0.0016828732436808973866  | 0.0064372229318909283957  | -0.010901474795794133255  |
746   | 0.0068186224034904163033  | 0.0036379543108212078484  | -0.0025547056600415444204 |
747   | 0.00458481811289288433    | 0.00060345220553298546933 | -0.0063949172796919978232 |
748   | 0.0086128452902877634945  | 0.0031651484796074930497  | -0.010489891826852244111  |
749   | 0.0099596885834225927503  | 0.0041500255240046806868  | -0.012225274976421280151  |
750   | 0.0080843306480045118434  | 0.0019032326833738400819  | -0.003154512741829572104  |
751   | 0.0045031295588548580361  | 0.0067612840626420584247  | 0.00088473332370727828227 |
752   | 0.0020284792184188608216  | 0.0086926266622009817214  | -0.0089753990950366575874 |
753   | 0.0073628264543438024306  | 0.0089649156381725447068  | -0.0037655486091340900287 |
754   | 0.005987041418433179836   | 0.0080354379143364636218  | -0.0045654038075117787943 |
755   | 0.0013649182650664233585  | 0.0081163057865319548911  | -0.0067354449416009336618 |
756   | 0.0084916379691730558416  | 0.0091015149574829503493  | -0.0049827888630682411544 |
757   | 0.0063902700409847511612  | 0.0043955499820341531123  | -0.01099920498264408443   |
758   | 0.0031035008929236641839  | 0.0023427381969098265771  | -0.011093288482298414507  |
759   | 0.0042102672608509278396  | 0.0099570590192830411846  | -0.0066385985111885766063 |
760   | 0.0015492639720334898824  | 0.0095911081645413589353  | -0.007956865899479881668  |
761   | 0.0033830806135170055429  | 0.0088338782908740746957  | -0.012478314910372613131  |
762   | 0.0079183613930924670599  | 0.0037858914898624548492  | -0.0079847753921098128804 |
763   | 0.0081410787654940131725  | 0.0040023838769238130608  | -0.0077495211100187064851 |
764   | 0.0065073142977628856826  | 0.0050671542286578798858  | -0.0093169717547019262338 |
765   | 0.0019852304349211508973  | 0.0050084115825808541572  | -0.0062210130527148551141 |
766   | 0.0077236837802415036353  | 0.0068505599478462858229  | -0.015693780641823858873  |
767   | 0.0053028455361398213821  | 0.0020707866172110242844  | -0.01052243702024650146   |
768   | 0.0036032957470033266656  | 0.00052633989563621267228 | -0.011888921322887831267  |
769   | 0.0014580792270595329969  | 0.0056506694545594218781  | -0.006255780119296881249  |
770   | 0.0010435187983288236272  | 0.0089160196231084683227  | -0.0025169695527086067242 |
771   | 0.0071801725198326147442  | 0.0062330850633927218155  | -0.0043411915425674045196 |
772   | 0.002941342533076840484   | 0.0094808099232702117837  | -0.015799425352460851057  |
773   | 0.00050795865965445701189 | 0.0018945904484906261802  | -0.0040392924297850225576 |
774   | 0.0076309080436428563046  | 0.0089018964746107494268  | -0.011171830928302704453  |
775   | 0.0085035513672295504062  | 0.0040853500496455946722  | -0.0088194197682252856857 |
776   | 0.0032531306164758000063  | 0.0056574712991486640276  | -0.011930623941955468062  |
777   | 0.0086311177448422371494  | 0.0051936689371404652985  | -0.0025115940209029688317 |
778   | 0.0019626493097342451004  | 0.00011832505238301947454 | -0.0013653492776391263925 |
779   | 0.0049238851320689272159  | 0.0043154591676937701164  | -0.0038961174086376147881 |
780   | 0.0077735401838785484624  | 0.0061963875609631190872  | -0.012049025701152389287  |
781   | 0.0020972469844238953579  | 0.0033252729063489791517  | -0.0025545721221900837515 |
782   | 0.0016849072022534945792  | 0.0032377926530610242825  | -0.014037331206223375296  |
783   | 0.0029988223865268430306  | 0.0056060535167763714259  | -0.0025195653708698930416 |
784   | 0.0082565624484726707344  | 0.0037287901420108350049  | -0.011603660233725662104  |
785   | 0.0014467791185869148442  | 0.00061470987892134202387 | -0.0096693435375656069941 |
786   | 0.0041031919277157730824  | 0.0064927794579032393693  | -0.006307219490876640744  |
787   | 0.002622184594352186017   | 0.0011424009615891377555  | -0.00084999808359508151594 |
788   | 0.0008339279620588981902  | 0.0060984626139084976287  | -0.011846745408283742423  |
789   | 0.0053380150405274275419  | 0.0052503635750054391748  | -0.013769768875200790251  |
790   | 0.0049040577312405211202  | 0.0042200083332223012333  | -0.0090978217804682896819 |
791   | 0.0012822008033578674753  | 0.0091065364159919025278  | -0.014109839382776351302  |
792   | 0.0032583010627273137003  | 0.0022699974887688415329  | -0.0042296671242213566139 |
793   | 0.0062073242913671649451  | 0.0015751693595971801194  | -0.0016598227394200970163 |
794   | 0.0094051931358313869969  | 0.0061135151884398036132  | -0.017473705878666732222  |
795   | 0.0041674556322911678052  | 0.0070172498601072568272  | -0.0097938967754787591841 |
796   | 0.0046637609846553133158  | 0.006740458798491622168   | -0.0025001318523378500934 |
797   | 0.0019708397320786258562  | 0.0066685284100397416995  | -0.0096071664331407406051 |
798   | 0.0029651902825754464753  | 0.00051955486331544461099 | -0.0012841857583362266838 |
799   | 0.0069910273924180367858  | 0.0024118188639325752534  | -0.014411450927474320563  |
800   | 0.0070146431644061025407  | 0.0080301711253039590593  | -0.0072391239474181145325 |
801   | 1.9223915284880976775e-05 | 0.0020552533263669013272  | -0.002318222220873917671  |
802   | 0.0030998482998768573868  | 0.0095388026068584080147  | -0.0071647897750592064517 |
803   | 0.0079202620364216894111  | 0.0083786248229231526791  | -0.0041875229975021207793 |
804   | 0.0009027567134428304222  | 0.0039733812115140066182  | -0.014191739213428524943  |
805   | 0.0028656004518832892992  | 0.0040542159205174104625  | -0.0079238234909562773461 |
806   | 0.00238803740967864905    | 0.0038970438490083573156  | -0.0027759572786921924911 |
807   | 0.0019560146236802535523  | 0.0081900819401646996615  | -0.0016398615300786338177 |
808   | 7.7986934896721814259e-05 | 0.0021678646237515615015  | -0.014675905355269053265  |
809   | 0.0031070486602957597504  | 0.0041926045149996878092  | -0.010267986743597808108  |
810   | 0.0070323212868220290328  | 0.0035304862041087114836  | -0.0017963547312194879605 |
811   | 0.0075260292176903787961  | 0.002723990016108736225   | -0.016796013123418340046  |
812   | 0.0083730308507486313208  | 0.004970242089698250279   | -0.013269193095426189827  |
813   | 0.0062712218811306532501  | 0.0046531694703657415502  | -0.0043588567273661286278 |
814   | 0.0045052992111481952181  | 0.0075077686734293198542  | -0.011864807365353736632  |
815   | 0.0042005072659311417163  | 0.0036085506103588457956  | -0.011418127005500322557  |
816   | 0.0032418642922107721895  | 0.0041063631049087952196  | -0.011451890465620739173  |
817   | 0.0090661172187561887836  | 0.0015137389120219930157  | -0.0028463192599018872705 |
818   | 0.0076673560209598867754  | 0.0053156573465050743071  | -0.0031780731841601177201 |
819   | 0.0033538335365060727156  | 0.0059373901800335903214  | -0.0058387207351577631587 |
820   | 7.1756768878010341044e-05 | 0.0015250325213939503171  | -0.0072174616581025790446 |
821   | 0.0066276765469897476468  | 0.0095655341363340105898  | -0.0038000444568792217728 |
822   | 0.0023212577473842510231  | 0.0066451966965839995988  | -0.0062420869451657876384 |
823   | 0.0033046050307000136674  | 0.0026248793383259359444  | -0.016045645793512357258  |
824   | 0.005889917812937208591   | 0.0016896173827574945646  | -0.0097594386397042189041 |
825   | 0.0064485328199082262574  | 0.0056253640586418117778  | -0.011971113013071162448  |
826   | 0.0076881060470641512938  | 0.0069078175684436507811  | -0.011489846253564511142  |
827   | 0.0090394375996586274341  | 0.0073787888485590605314  | -0.0012580698741333897015 |
828   | 0.0001281962252195903906  | 0.0050219945125791944779  | -0.01146806129727136539   |
829   | 0.0012331966378902252217  | 0.0073490158551713490737  | -0.0049083555996831465529 |
830   | 0.0028209220387344973932  | 0.0039454079800985966328  | -0.0017013493754918617828 |
831   | 0.0038961580456285172837  | 0.007606465127189093213   | -0.00057323315566576828542 |
832   | 0.0054512573133983091914  | 0.0023136646732338987491  | -0.0059814118025345499458 |
833   | 0.0090620343950649356879  | 0.0048441138675357616958  | -0.003879194976337492929  |
834   | 0.004741118169061094012   | 0.0079126154618379945099  | -0.014425035099310833109  |
835   | 0.0075132213342882390658  | 0.0094601294456239191227  | -0.010778950212451940405  |
836   | 0.0098843716667852774688  | 0.0010951207424487619663  | -0.0059527919524842917709 |
837   | 0.0080987073816942423132  | 0.0026883992417952354802  | -0.0049797263020819734422 |
838   | 0.0065936732128590658589  | 0.0013552434334240472027  | -0.013144625293610420758  |
839   | 0.0067383004154631569518  | 0.0027073715317044427103  | -0.0016174844007711213466 |
840   | 0.0092190167646384844902  | 0.00051108710403027909561 | -0.005251543236797354304  |
841   | 0.0064135656141545158496  | 0.0011666662105180853996  | 0.00064709178492031486311 |
842   | 0.002897343172341882659   | 0.0065652226583102785834  | -0.0016454119412061287125 |
843   | 0.0065739233617616802535  | 0.0073551795824880646102  | -0.011264168985671679443  |
844   | 0.0038271667836299217043  | 0.0012393441573876121369  | -0.0082386349591485920352 |
845   | 0.009655586979262234526   | 0.0025021101213214616554  | 4.6992129000439399598e-05 |
846   | 0.0086291536851289558224  | 0.0022912604632423175938  | -0.0042704029084850939763 |
847   | 0.0092490166415486133739  | 0.0074786407712284534363  | -0.0061051646022079915366 |
848   | 0.0043865320499976807531  | 0.0015290750757591428481  | -0.00029119670381527718549 |
849   | 0.0062840883293083047573  | 0.0051421749541971486022  | 2.4866418328902058796e-05 |
850   | 0.0040969028645537501274  | 0.0035690664581868201607  | -0.0072134666657168531462 |
851   | 0.0050219575811494858095  | 0.0067535350483091671769  | -0.014367734187901732429  |
852   | 0.0051585124634208204611  | 0.0088259690355457498523  | -0.0092163196712820513734 |
853   | 0.0092859648049565673977  | 0.0031689364102211242322  | -0.010172045332327583206  |
854   | 0.0079690066648474989358  | 0.0093187642757291740819  | -0.0040542846271420154153 |
855   | 0.00014680438315378934854 | 0.0037239850116471753805  | -0.0010372693433652333331 |
856   | 0.0098440129470658693789  | 0.0031400684820264883682  | -0.0029510443562346176487 |
857   | 0.0082008853406789448959  | 0.0076348609069932611357  | -0.011534352005321690457  |
858   | 0.0054899243128206584585  | 0.0030750941890980141614  | -0.0048345975723744103944 |
859   | 0.0020267243832071345742  | 0.0053626700908867841466  | -0.0091154363347592907985 |
860   | 0.0077346429243895240338  | 0.00074965800088276017109 | -0.0045894171497456569958 |
861   | 0.0011575616642370198644  | 0.0024230340179988941671  | -0.010193868772537783771  |
862   | 0.0088419717765797038733  | 0.00068794031153457521274 | -0.015076634457798407038  |
863   | 0.0011624736754591578122  | 0.007309893423842560474   | -0.0023209118872757560602 |
864   | 0.0038522772843756544064  | 0.0045136683964457505538  | -0.0065457755172937037366 |
865   | 0.0057701189818626539771  | 0.0042342959775589095878  | -0.0020140599938655960599 |
866   | 0.0053421373489518086952  | 0.0096604662515273956314  | -0.0061191323804636920183 |
867   | 0.004980356412465157534   | 0.0057913399335407589677  | -0.013204342265367071188  |
868   | 0.0069085405248651083135  | 0.0078400358198178476954  | -0.0059203445287241548631 |
869   | 0.0036943636523451943432  | 0.0049630087951901694435  | -0.012495811420847527731  |
870   | 0.00018298481140383639513 | 0.0037563113019350542407  | 0.00042640102391765206469 |
871   | 0.0081371101482618501954  | 0.0017665133936565640977  | -0.015538027883468445364  |
872   | 0.0039755617604787137076  | 0.0022591829823185374804  | -0.015942713948811946395  |
873   | 0.0077411138266344162867  | 0.003448868113521161554   | -0.014985095672918573653  |
874   | 0.0058250202957660906361  | 0.0014115877882348230703  | -0.00071156856147351426299 |
875   | 0.0064606690909901308417  | 0.0064374277653188672135  | -0.0095067440233185251941 |
876   | 0.0045131018918738345994  | 0.0015941378593036579885  | -0.004084108707397806487  |
877   | 0.0011264776541329228187  | 0.0053017350009420425791  | -0.0061954464515681789694 |
878   | 0.00041163700050435135134 | 0.0034366105166099055607  | -0.01723595142050382209   |
879   | 0.0055942171200806618467  | 0.0080441610401424269022  | -0.0059232851146732877143 |
880   | 0.0061484262657646717928  | 0.0055612001034113164866  | -0.004839594046984177847  |
881   | 0.0043068548093959848483  | 0.0044950732640315765876  | -0.0088404266859191497907 |
882   | 0.0054784183592980024644  | 0.0059554258592057771407  | -0.010074973211331567785  |
883   | 0.0074816693601699258212  | 0.0054486914895072570755  | -0.0042623274335400855584 |
884   | 0.0081567124031111451488  | 0.0093275807530856114785  | -0.014430304610206464919  |
885   | 0.009539987040463791812   | 0.0014627261201917401544  | -0.0082344723288623276197 |
886   | 0.0044442624368136608021  | 0.0050994613660414614756  | -0.004525615602276611589  |
887   | 0.0024763478060299114886  | 0.0016624836520641712943  | -0.015367253525506720593  |
888   | 0.007822343517061491544   | 0.0030693265981511356523  | -0.010216088768377032045  |
889   | 0.0036784709045765244528  | 0.0096529533315604914429  | -0.013224930793915132612  |
890   | 0.0054471480621412719098  | 0.0070777735010085617712  | -0.016650011412535279526  |
891   | 0.0039264771749699858144  | 0.0063748525473472650305  | -0.0021747168005348395219 |
892   | 0.0057565409537099704665  | 0.0090917879122797678332  | -0.0065779629451954224964 |
893   | 0.0062394492175708261492  | 0.0048741300142465934439  | -0.0062476018446869707387 |
894   | 0.0066127394741269072964  | 0.0048268206569091563068  | -0.00052368062993957316138 |
895   | 0.0045481639603021459944  | 0.0075647944142929815503  | -0.0073505308531892554411 |
896   | 0.0021840091597411155112  | 0.0014861919676356406556  | -0.015294030825018616049  |
897   | 0.009054677084516682406   | 0.00035452543280911858001 | -0.011052238788034322511  |
898   | 0.0023503058801242916048  | 0.0042480730843391855886  | -0.016626802596163871295  |
899   | 0.0019033236553335935483  | 0.0040459255804670022846  | -0.010656263998205517396  |
900   | 0.0051619351907153049677  | 0.0084095353055059843261  | -0.012991233415477518309  |
901   | 0.0050993292155224762691  | 0.0071905352539616412821  | -0.013230560165010722684  |
902   | 0.0052467231278391507354  | 0.001026370194103410835   | -0.0057518950500487463218 |
903   | 0.0061750748823305385074  | 0.0070004638634510400058  | -0.0051793531431571790749 |
904   | 0.0037909773142310301472  | 0.0093517214578833877947  | -0.015164016874736391607  |
905   | 0.0072716114301905974276  | 0.0065874147176427080494  | -0.010114962807946369441  |
906   | 0.0079515669256360523715  | 0.0039601321356750726274  | -0.015081551512838521981  |
907   | 0.0036958638235059259637  | 0.0085863589798817162302  | -0.00032355702323499772616 |
908   | 0.0032238763070766697331  | 0.0048042001601882504749  | 0.00088133052584323250296 |
909   | 0.0065508515729626598523  | 0.0030355729372023737035  | -9.0735643690592463796e-05 |
910   | 0.0031885022436504090529  | 0.0068096588678794468114  | -0.0055862115904287915763 |
911   | 0.0097097409950345821977  | 0.0084147964985463331172  | -0.001973384469121192749  |
912   | 0.0088524401033693439489  | 0.0044038292808693136476  | -0.00077820669325241937416 |
913   | 0.0060059604633328047066  | 0.005026819570036714091   | 0.00032083466042294363912 |
914   | 0.0027568124900083667596  | 0.0041311259065376542202  | -0.008011581232331310698  |
915   | 0.0043355992759669705061  | 0.003403013439902176189   | -0.013814618616478025609  |
916   | 0.00048099573640500323203 | 0.0035338245125870883061  | -0.016926230115857171521  |
917   | 0.0029726645842862984594  | 0.00050566039397178120379 | -0.014240428874282742844  |
918   | 0.0027282307001472664437  | 0.0033369419138427375456  | -0.0016648496430838842508 |
919   | 0.0020573155833557726403  | 0.0071678686691133176867  | -0.017146103472633619086  |
920   | 0.0085426036330869571656  | 0.0092549360045011009462  | -0.0056215442732085625643 |
921   | 0.0033359532629062141687  | 0.0037470339547203430214  | -0.0017532756502029117965 |
922   | 0.0058111803502974195348  | 0.0029470015377797433541  | -0.0056986312750083338227 |
923   | 0.0056566321908961608375  | 0.0077437000503297222231  | -0.0052390567559201890388 |
924   | 0.00078268103415501694576 | 0.0075502382854384019958  | -0.0061731653875910777116 |
925   | 0.0038303899161660388828  | 0.003869638636952112045   | -0.015627237887773846176  |
926   | 0.0064595544538450493793  | 0.001175397568598278604   | -0.017371148263776146209  |
927   | 0.0014176495118790890214  | 0.0067246309340259135742  | -0.005853325948924758583  |
928   | 0.0041277366613657519995  | 0.0092099836386430773694  | -0.0070813505671413409792 |
929   | 0.0074273604538718385887  | 0.0066641821650181608597  | 0.00085177028212490759479 |
930   | 0.0062819613348449009071  | 0.0041383755383038716563  | -0.003927252631783758989  |
931   | 0.0048682495802477845567  | 0.0018182906807716449696  | -0.014781143122043627     |
932   | 0.0085535275377902827976  | 0.005364594834413739799   | -0.003146642873335965887  |
933   | 0.00057680289921159728396 | 0.0042068295116389799182  | -0.0035649271083741202945 |
934   | 0.0033037690082835208076  | 0.0073321460692578740645  | -0.010688824355228977725  |
935   | 0.0025428594199497656786  | 0.0072117326101988586673  | -0.013711200844071212007  |
936   | 0.0029328011290830234212  | 0.0024978268436380807009  | -0.015198378295004288593  |
937   | 0.0030933124241648230282  | 0.0062262622344105645125  | -0.01499445954542977591   |
938   | 0.0062019495502721525004  | 0.0026473460896992437666  | -0.012420274940297834632  |
939   | 0.0053212856762765905344  | 0.0036882447297435540234  | -0.0020281034422597972108 |
940   | 9.6076817493176715191e-05 | 0.00024099128740056658575 | -0.015400257963977904974  |
941   | 0.00070439013166825620998 | 0.0038486087040817702071  | 2.7269652817079730609e-05 |
942   | 0.001800188902344490886   | 0.0033492948962941890972  | -0.0078797274364492079363 |
943   | 0.0061550632784866587607  | 0.0082903572115587097213  | -0.001004056020226256566  |
944   | 0.0092424954561664950797  | 0.0072760303397906150868  | -0.013948533428215290422  |
945   | 0.00092516582113627717464 | 0.0070976730246997124171  | -0.0051128968408899891709 |
946   | 0.0074537212309816417571  | 0.0046836378798475091292  | -0.016738785128901690485  |
947   | 0.0083761723802652249954  | 0.007492217946377138782   | -0.0024960479570522073854 |
948   | 0.0080696933445086761055  | 0.0066727897888474605945  | -0.014188633488985521319  |
949   | 0.0061337991772607430851  | 0.0006227459408654512649  | -0.013549146545606741837  |
950   | 0.0056576362081150388325  | 0.008590692070988019749   | -0.010381693013682524729  |
951   | 0.0038840131254180608814  | 0.0057779470126740530705  | -0.0030357168297200278623 |
952   | 0.000236747098565971264   | 0.0067677057591554543731  | -0.013600274619413698154  |
953   | 0.0078134787716987817024  | 0.0064540413094514746326  | -0.017057948035753663779  |
954   | 0.0027035346219903733274  | 0.0016093406829673982499  | -0.0066593186902183963347 |
955   | 0.003503720685900660152   | 0.00034369399855355159011 | -0.0057374236384702004959 |
956   | 0.0062545088204419780134  | 0.0031379514126094868766  | -0.0087310422772002311415 |
957   | 0.0070447801944612947755  | 0.0054219251995805657976  | -0.01115730549654339078   |
958   | 0.0063986624744622024388  | 0.008787060393046421114   | -0.0084115464973460851023 |
959   | 0.0020393446156122181125  | 0.0097194522107170513991  | -0.0084096699002552868091 |
960   | 0.0035573454995275369077  | 0.0047891091945088740123  | -0.0045960078402134986464 |
961   | 0.003268398602848164667   | 0.0074245314152111135941  | -0.013677469057708164027  |
962   | 0.007150514929475887925   | 0.0042450442473843628954  | -0.0080688817019642037481 |
963   | 0.0061534873385358079129  | 4.1368688378471982843e-05 | -0.012825293733571321506  |
964   | 0.004081666556890375247   | 0.0066404686686686552333  | -0.0072867573277842455359 |
965   | 0.00038724031986875091099 | 0.0090191038522734606753  | -0.015693839581489520824  |
966   | 0.0074595916152113755579  | 0.010003585196638287852   | -0.0059025867977180040969 |
967   | 0.0030799971691542991914  | 0.0055042963934428318015  | -0.012269267916881104394  |
968   | 0.0047236113407408035839  | 0.0017126969965557475254  | -0.0010025941897263759839 |
969   | 0.0063636081073962201538  | 0.001686475833118146082   | -0.016526754909541134519  |
970   | 0.0031498766555188586168  | 0.0032040777677897827602  | -0.006884182250698692683  |
971   | 0.0088102401506414320526  | 0.0071185260175036521937  | -0.01216812033519630229   |
972   | 0.0071849958202483054856  | 0.0072159316037282150713  | -0.010571609267474363011  |
973   | 0.0055370242861579642771  | 7.9639827277153290067e-05 | -0.0077991143390594751608 |
974   | 0.0069519119515327907829  | 0.0025615159482728182272  | -0.015366048746328230326  |
975   | 0.0012152673394287074899  | 0.0034411736559909309081  | -0.0069880255397576892043 |
976   | 0.0021378339714083595749  | 0.0074207457141000554221  | 8.6747009206799251257e-05 |
977   | 0.0065905540609343463143  | 0.0084948333959645946911  | -0.0041756088841600150913 |
978   | 0.006396018776061567282   | 0.0049423064580590356232  | -0.0089896441061948807738 |
979   | 0.0083780654394342984892  | 0.0014116918085696093452  | -0.017048798801114217055  |
980   | 0.0042571337376216050394  | 0.0064031839479061821579  | -0.012889841904016081583  |
981   | 0.0094812413037992076398  | 0.0016769276138918218569  | -0.014161501810534590784  |
982   | 0.00046432417583653452309 | 0.0068256432395720203696  | -0.0043500859905313748674 |
983   | 0.0046884033358193400592  | 0.0070733276560022168705  | -0.012300094047578752701  |
984   | 0.0041885953442088383336  | 0.0059108443073301588852  | -0.013179817329448093727  |
985   | 0.0097206626767133916256  | 0.0015104943270180999117  | -0.013459797593535684918  |
986   | 0.0012397832938118272424  | 0.0057385307284791601742  | -0.017289161103542650955  |
987   | 0.0066616111321242468812  | 0.0059861667730003228355  | -0.012615830337563620905  |
988   | 0.003858982511507028524   | 0.0091658620878777644081  | -0.0023202220333197109622 |
989   | 0.0018015351667071274281  | 0.0025749789377173004125  | -0.014739785791594857411  |
990   | 0.0051089496207495721861  | 0.0042518056510802981762  | -0.0098908417290832061769 |
991   | 0.00081583951158331624327 | 0.0099805001218043823408  | -0.015869311183897141099  |
992   | 0.0022088503518778042876  | 0.0098509487770880536234  | 3.9430225968108177995e-05 |
993   | 0.0016181614147400935188  | 0.0012914647373791052383  | -0.00089256958544155359184 |
994   | 0.0087179681923255300524  | 0.0046700147869279222401  | -0.0058693140857366335461 |
995   | 0.00039644006409263714144 | 0.00094958283465182565745 | -0.010669657569600775326  |
996   | 0.0077989578012195373558  | 0.0099658650921479099288  | -0.011122300907905849354  |
997   | 0.0056939323365969383289  | 0.0091514998138167245184  | -0.00078602374809651578448 |
998   | 0.0084337414277619229125  | 0.0035993977762060918625  | -0.0081596783787324066173 |
999   | 0.0034572364010963096276  | 0.002494646432635354294   | -0.0027893731619452353729 |
