N			X			Y			Z
0     | 0.0057478482875132023283  | 0.0097589524888504371181  | -0.0057412714535933313462 |
1     | 0.0048048232662556656855  | 0.0090648692472779842516  | -0.0037730165177145076789 |
2     | 0.0030387842368472372384  | 0.0067442279445070144744  | -0.010746591005966530871  |
3     | 0.0037051381322273555484  | 0.00099409052957494703669 | -0.012891649548333742811  |
4     | 0.0047453089389320945654  | 0.0014794351335726044477  | 0.00092813612263720115386 |
5     | 0.0065977904128805787629  | 0.001032634195824006472   | -0.0048632387467836555098 |
6     | 0.0032190044882594815931  | 0.0079527822889042445315  | -0.016002278262944674703  |
7     | 0.0059474491899864333211  | 0.0015816339333375659115  | -0.018297708159007681356  |
8     | 0.0008446359178316622824  | 0.0071739630514622938426  | -0.0053923626620691377312 |
9     | 0.0035614426636147028526  | 0.00073075684930923832938 | -0.011862177000104081465  |
10    | 0.0077823891581996536976  | 0.0030237188586624795528  | -0.0026849845845997285035 |
11    | 0.0044825253610560117021  | 0.0082078637756446016366  | -0.01082178715555353124   |
12    | 0.003090912383623085468   | 0.003697196139584320914   | -0.018740017391003470359  |
13    | 0.0086242017622503771429  | 0.0070026167892509646323  | -0.010643247417811663516  |
14    | 0.0058633199606236792098  | 0.0093996846452234564251  | -0.0039979472679821615941 |
15    | 0.0039879129468562883945  | 0.006478810755187803562   | -0.0094567623514385801275 |
16    | 0.0032525288739750943083  | 0.0084139470495610615974  | -0.0042497932729012649275 |
17    | 0.001475652040234748082   | 0.0089004675062117274975  | -0.0131793018544826019    |
18    | 0.0046003250424194522261  | 0.0097768006384762635996  | -0.013981658394634896916  |
19    | 0.0065089852238122206107  | 0.00078816188621703324804 | -0.012111357332287558258  |
20    | 0.0041766593083636697689  | 0.0032006949712441662773  | -0.014249073215907346809  |
21    | 0.0084530630853421138277  | 0.0047962076365752684404  | -0.0085897024818095725485 |
22    | 0.0062191848042673723157  | 0.0018363101929680914447  | -0.0062070490706123086083 |
23    | 0.0059752177448810488841  | 0.0065590325223195862503  | -0.013862533020783673193  |
24    | 0.0079325659984677398401  | 0.0007729838372631420455  | -0.0013228218156557717232 |
25    | 0.0076197924773645075297  | 0.0018216138108360514346  | -0.0022178035686593851675 |
26    | 0.0029278008447669360247  | 0.0091577854913567312278  | -0.0078272608074853641108 |
27    | 0.0029292449986993711504  | 0.0046464039818609826141  | -0.013335102382445366762  |
28    | 0.0052697080022993548348  | 0.0073047780761408692696  | -0.016998031325156537363  |
29    | 0.0044145357479701509071  | 0.003263505489884054641   | -0.014631036496445528824  |
30    | 0.0054040775988778520095  | 0.001951459676827703698   | -0.014139162383433519568  |
31    | 0.0040825808704693369519  | 0.0024383181941160041693  | -0.013720173948300100342  |
32    | 0.0027956820308632024732  | 0.0054794667771596982514  | -0.0092067879222106525916 |
33    | 0.0019575960249932772284  | 0.0091481964039857917997  | -0.00328714998341434134   |
34    | 0.0036273921730140290011  | 0.008130462901730663855   | -0.0024296652737005853227 |
35    | 0.00095403479220383647329 | 0.0055655337528181733631  | -0.015395486330511886849  |
36    | 0.0093578053514496665338  | 0.0096901463817356207203  | -0.013326547797529021341  |
37    | 0.00017726223556919189087 | 0.005485612099088852528   | -0.016341684956204638457  |
38    | 0.0060650433119795298803  | 0.0067820007723313081166  | -0.013356659198430365781  |
39    | 0.00074523040578031293432 | 0.0031995608454501263049  | -0.016420684647827702568  |
40    | 0.0060288185356081342575  | 0.0032597788974841326523  | -0.015751642873763849195  |
41    | 0.0077303904882550095179  | 0.0044132100391091775779  | -0.010931793057660637095  |
42    | 0.0066978490668598514995  | 0.0093269209112082050728  | -0.0037335960758198925152 |
43    | 0.00054421304859181079353 | 0.0030129898639466856647  | -0.0047478053929431839747 |
44    | 0.0023525933403043841098  | 0.0065952867261264867468  | -0.0042426871762833847854 |
45    | 0.00061228688442664950999 | 0.0026398065717203795556  | -0.012672641813823156548  |
46    | 0.0035436866662267667814  | 0.0016438970057592900299  | -0.0068784991815558794298 |
47    | 0.0033857203771998139671  | 0.0031839169065997320954  | -0.0062929612715833240996 |
48    | 0.0049210250169283483584  | 0.0079054030486425987123  | -0.0022523931186701076981 |
49    | 0.0036091564431060202747  | 0.0060411559648171977988  | -0.012739058021260865616  |
50    | 0.0044962247712343203845  | 0.0069767509576382927619  | -0.015851603359462701492  |
51    | 0.00076575168567849787472 | 0.006583246673426090996   | -0.010001533590532771939  |
52    | 0.003620842240251682248   | 0.0053365704562472401906  | -0.0083702050006629041129 |
53    | 0.0088748091190417790347  | 0.0081318328533657880525  | -0.013597947594968481586  |
54    | 0.0016278768539513645882  | 0.0057722973590808189168  | -0.0072208938591789163103 |
55    | 0.0053995010904748196034  | 0.0089019823867770436765  | -0.0050647512237969923715 |
56    | 0.0087115531201422038293  | 0.0037916497143186903701  | -0.012021619378313948626  |
57    | 0.0029647684043493283297  | 0.0084344710582704238849  | -0.0033287067492932518632 |
58    | 0.0018867523282042762602  | 0.009347870492334927478   | -0.01120508894092204534   |
59    | 0.005361012279685901244   | 0.0076788670952735961148  | -0.016698558173390908033  |
60    | 0.0052580835182299574121  | 0.00012227059266993337353 | -0.013981460167208015904  |
61    | 0.0076429431363957871584  | 0.0062184312016798038922  | 0.00057472237358587637684 |
62    | 0.0069646184790770650219  | 0.0071903417763047646621  | -0.012946118970985789551  |
63    | 0.0082934722061517428954  | 0.0099313461526788909817  | -0.00103420299717743862   |
64    | 0.0071154980286850851717  | 0.0073050356196235829986  | -0.0067127051071611005401 |
65    | 0.006513252106211488146   | 0.008535535521648013324   | -0.012967394927137866623  |
66    | 0.0019482193998485797595  | 0.0064662200007205477073  | -0.01763971184645107132   |
67    | 0.0057562757409226998628  | 0.0027907787935463898923  | -0.0092912291319452670196 |
68    | 0.0017621855681486831447  | 0.0075105513134090338273  | -0.0044053261652638991269 |
69    | 0.0013415035073355127595  | 0.0059218822187524708389  | -0.0098511462670174704953 |
70    | 0.0088337684420106386829  | 0.005119882832488818411   | -0.0036777066085559020556 |
71    | 0.0090478185905676963147  | 0.0075025704699711419365  | -0.016076525830349668728  |
72    | 0.006793666452831996147   | 0.0082519056328525623722  | -0.0057271939743388320526 |
73    | 0.0021755013771884417623  | 0.0035456166411720604556  | -0.014537088846300599138  |
74    | 0.0041262056177231208956  | 0.0066095849605913858937  | -0.0071715549758108679962 |
75    | 0.0073077166203755813262  | 0.00053025832397925101031 | -0.017395845319558872477  |
76    | 0.0060249598903206764283  | 0.0015943354258145104978  | -0.0046343707517341745442 |
77    | 0.0044660215080845879973  | 0.0047490337801794910502  | -0.0012978891518680873204 |
78    | 0.0054755350039199495588  | 0.0044518806959385837443  | -0.0065094896679023829533 |
79    | 0.0041912681612685182345  | 0.0067737501870126217915  | -0.011650318610822597148  |
80    | 0.0016946593489328958676  | 0.0040895218998369432806  | 0.00063503950693721746695 |
81    | 0.0078870807716745067184  | 0.0014170221193108879787  | -0.0034196651858233347021 |
82    | 0.0069142371519347062964  | 0.0047697397467909444582  | -0.01721269296338672275   |
83    | 0.0051611334655880854866  | 0.0069058797719440088991  | -0.0036935195975156451774 |
84    | 0.0096332441695086527822  | 0.0021577760173929665458  | -0.0036689099420696941016 |
85    | 0.0028410355323599573336  | 0.00036984506802031864641 | -0.0094560650398216091611 |
86    | 0.0017551467538007617906  | 0.0048262407192730229569  | -0.009258596127293688624  |
87    | 0.0036742784356554600636  | 0.0067797223633051769201  | -0.018895481938048026838  |
88    | 0.0060171368415868203838  | 0.00072413842000740899062 | -0.0047344313074240808661 |
89    | 0.0093401447655074420345  | 0.0070716516669606221263  | -0.010997695147174062907  |
90    | 0.0040888384840736388334  | 0.0062156833506723206673  | -0.016369864745203042966  |
91    | 0.0049390728954468963996  | 0.0024504200302541525106  | -0.0083563369249425173413 |
92    | 0.0082615304710399965066  | 0.0073803120050272823932  | -0.0037245219343377371224 |
93    | 0.00091374236418480193813 | 0.00748597711868001503    | -0.0051256974073065602465 |
94    | 0.0052634219574689113455  | 0.007631747635516039456   | -0.017592344196899513398  |
95    | 0.0045569636323053294355  | 0.0096490013043632714973  | -0.0075631291655174175126 |
96    | 0.0013896452334865288386  | 0.009794281688975029973   | -0.002658177285004512027  |
97    | 0.0056287140557871257265  | 0.0049285151232304870786  | -0.0017111025225913446997 |
98    | 0.009966844382002387065   | 0.005072316633872537249   | -0.018175410848487807275  |
99    | 0.0044823975822418874598  | 0.0073010396449318072307  | 0.00017171193700854427838 |
100   | 0.0098218183855245094066  | 0.0048421405370277642577  | -0.013609510479071516842  |
101   | 0.0063432411165563595129  | 0.0069193763079286501119  | -0.011435775870294977163  |
102   | 0.0060372546950857326059  | 0.0056130930339538930712  | -0.011852026560330818084  |
103   | 0.00012032466567080680173 | 0.0084191528803234192552  | -0.0056593886920393342635 |
104   | 0.0031989795131454881391  | 0.007742288408174503693   | -0.006450708767666046492  |
105   | 0.0086288054347843541614  | 0.0066819105604185970518  | -0.0087997479033098090218 |
106   | 0.0041057256762394109956  | 0.0084134721701092651802  | -0.018611092010858511225  |
107   | 0.0081015934822031166612  | 0.0066119868267082099536  | -0.015682509663879146827  |
108   | 0.0066776008637135422091  | 0.009233592363984063911   | -0.018612409901668389156  |
109   | 0.00059701405302163112598 | 0.00351499860450641766    | -0.0055005336881287980252 |
110   | 0.0040227871838647765931  | 0.0037338512439101410531  | -0.013912212767203025257  |
111   | 0.006553830737106029064   | 0.003695128625335735665   | -0.0099193779541806720301 |
112   | 0.0089051298712158662857  | 0.0083660317649350609409  | -0.00077010347795433177487 |
113   | 0.0069656169358760311808  | 0.0044082493748977165382  | -0.00094220022775287821416 |
114   | 0.008574818277257307067   | 0.0078257994452680841591  | -0.0040855810625365120148 |
115   | 0.0016873900167023426176  | 0.0022219201135051784048  | -0.0084626348882856430866 |
116   | 0.0033789268394457550732  | 1.0264083631771686117e-05 | -0.015235818579183964608  |
117   | 0.0086922935553304363915  | 0.0035224461659788173194  | -0.0039587362320265689908 |
118   | 0.0053584842289880517743  | 0.0043478631886763432005  | -0.0027017092552619405461 |
119   | 0.0064981793919818512523  | 0.002658888265838411924   | -0.014629202641071689661  |
120   | 0.0024810222474390204901  | 0.0033132800475413081744  | -0.016068165325260033022  |
121   | 0.004840929586805719359   | 0.0015415185992240475199  | -0.017187935018705746693  |
122   | 0.0096717077896292802386  | 0.0074707563951812820668  | -0.0047538822788900560873 |
123   | 0.003126894781648127588   | 0.0024814260935304872924  | -0.013102707361905175862  |
124   | 0.0038363082958259371764  | 0.0065130072880491074808  | -0.008528363990920152099  |
125   | 0.0065514915200698192396  | 0.008667297524237874487   | -0.0039711647548358016205 |
126   | 0.0081948841563062955334  | 0.0069012095919472535299  | -0.0090033524694861071652 |
127   | 0.0023086847489726604506  | 0.0073460498987192035525  | -0.0056086975223671843918 |
128   | 0.0042200053040979176172  | 0.0016705990131727717265  | -0.017389568939096516909  |
129   | 0.0097141041934195090229  | 0.006109183555882300061   | 4.3043303159467311632e-05 |
130   | 0.0058906858722538651615  | 0.0068739843445014972914  | -0.0011838256091296730284 |
131   | 0.003707001797900026565   | 0.0053824194400484189765  | -0.019147156864030796808  |
132   | 0.0042051308857412967798  | 0.0031199964002694884416  | -0.0063033966303860065883 |
133   | 0.0034532493540175880631  | 0.0034080341600746604479  | -0.012574049351818470527  |
134   | 0.0075923129897347415782  | 0.0079237360944960175818  | -0.015696502723945234686  |
135   | 0.0037103996815220805991  | 0.0061041023060692230565  | -0.013819071022593184747  |
136   | 0.0042357175874204620533  | 0.0062118056340581271138  | -0.014520990334653493398  |
137   | 0.0055939261540211152393  | 0.0062344284988850810075  | -0.0066397366243067940106 |
138   | 0.0072820501344461746607  | 0.0048326933528726051525  | 0.00080384365967992965456 |
139   | 0.0062049294472669982645  | 0.00082225386058405822848 | -0.0076035111561294317292 |
140   | 0.0061173891904066609107  | 0.0065590523835422007148  | -0.010990438090671270782  |
141   | 0.00053690405494186653479 | 0.0073995128677686768104  | -0.01673076042073376804   |
142   | 5.9743100146597049921e-05 | 0.0069392906714205076016  | -0.0090981305647713055229 |
143   | 0.0034238202648417641327  | 0.000303981232805837151   | -0.011347668214375645698  |
144   | 0.0096937600023579151287  | 0.0056341818759448967363  | -0.0093896643380921834127 |
145   | 0.0069930957902367089224  | 0.0094616120361321401355  | -0.0090739624949875627435 |
146   | 0.0052511931763182216615  | 0.0093173796678516235953  | 8.2740384581933868759e-05 |
147   | 0.0043780537544660649493  | 0.00045363719464108954874 | -0.013469442118371002109  |
148   | 2.5793853823346469043e-05 | 0.0081500240894790618174  | -0.001703894286267148726  |
149   | 0.0016535032997018815452  | 0.0077924102292792896129  | -0.012702709930831918017  |
150   | 0.0041605245146507045112  | 0.003297413388318500959   | -0.015453904132496480012  |
151   | 0.0040617133187148468307  | 0.003826754343456746036   | -0.013760126030193558719  |
152   | 0.0074154193286918319156  | 0.0012957045730946994706  | -0.010774115472953229439  |
153   | 0.0075384982669177407616  | 0.0074395712311716190313  | -0.0058770082679054100674 |
154   | 0.0042959357096623339636  | 0.0082698439458904308974  | -0.0071583840185083565805 |
155   | 0.0044636297943274295605  | 0.0010550260698531251612  | -0.0015470422712111229959 |
156   | 0.00086435941941235931718 | 0.0084638994023159223185  | -0.011507905904278990794  |
157   | 0.0055477678250785067079  | 0.00032005756833914311092 | -0.0011337802685287212082 |
158   | 0.0093699374236294024482  | 0.0036095551892119178035  | -0.011136211824056550454  |
159   | 0.0041991710032148986398  | 0.0028073748350398394259  | -0.015413076968260100083  |
160   | 0.0037209075430320688246  | 0.00072978203402848630058 | -0.017934242800888327424  |
161   | 0.0053900352772638373752  | 0.0076709755085861202825  | -0.005504655133837788733  |
162   | 0.0053495991048358526934  | 0.00025998590832057848644 | -0.0044238334461537852024 |
163   | 0.0050183828957577553478  | 0.00027871031245044734391 | -0.0067706181976060521299 |
164   | 0.0040554689598504452264  | 0.00023658312545227856488 | -0.0064114496574033692095 |
165   | 0.0063324499894338642444  | 0.0075492151187504380472  | -0.0073773956031298795061 |
166   | 0.007493858467958320474   | 0.0076534978272489329748  | -0.016729100267116093353  |
167   | 0.0015662322878762773709  | 0.0098407092193870549651  | -0.0074295774640065074049 |
168   | 0.00073887742906660047997 | 0.0058887672497438805705  | -0.0050360037819886854446 |
169   | 0.0039112517801633871553  | 0.00017671733619236087878 | -0.0035762794452495194619 |
170   | 0.0099425721171627502032  | 0.0069394430188194815637  | -0.0055874245821247005631 |
171   | 0.0032234116931507861455  | 0.007755241466209958183   | -0.016301558892107704396  |
172   | 0.0037149172433756411267  | 0.0040122838670511229084  | -0.0011765637980883556467 |
173   | 0.0042626347323972855682  | 0.00076009966043711447645 | -0.0034657330826912881999 |
174   | 0.0052631478833833691966  | 0.0013707293590272090055  | -0.0071211392696112043102 |
175   | 0.001660100812998880097   | 0.0076949437159196309652  | -0.018999171535023264001  |
176   | 0.003033936786004466906   | 0.0078870603471998604328  | -0.010297365911997173257  |
177   | 0.0059877981140479237879  | 0.0062629671037786908624  | -0.0030907619535505705642 |
178   | 0.0024034496756527201806  | 0.0075823328469586687844  | -0.0091351065574291762106 |
179   | 0.0083580175886364353049  | 0.0096720524671713836024  | -0.013033764270038118369  |
180   | 0.0039104024164689108953  | 0.00059279381825832512531 | -0.0072549828321107649384 |
181   | 0.0068171799377790033569  | 0.0088797115909759645469  | -0.013586313655957605109  |
182   | 0.0083809137670417879762  | 0.0057823818239408925762  | -0.012940090960308877135  |
183   | 0.004823298072727390251   | 0.0042252302216997670095  | -0.013423135994046816316  |
184   | 0.0029903004018577978955  | 0.0051207444549102084513  | -0.0045721795135518269321 |
185   | 0.00056466338761808527753 | 0.002824525532791385702   | -0.016752680793962901329  |
186   | 0.0040509449419392920891  | 0.0060847327661889948763  | -0.011989147403497442401  |
187   | 0.0057566792512041128557  | 0.0067001770183524825969  | -0.0047113626720147487245 |
188   | 0.0055937542287133722868  | 0.00030068177444086491507 | -0.0030279275282437609351 |
189   | 0.0024643891490192864832  | 0.00074232897376118518219 | -0.011081891851311921962  |
190   | 0.0029069602124335556549  | 0.0051998061304807880259  | -0.0008282672780224717337 |
191   | 0.0025078119727611871206  | 0.00052809604489262068801 | -0.011549813032337021002  |
192   | 0.0025415317371877063635  | 0.00011829755141016609914 | -0.0054865431972752967682 |
193   | 0.0029627931638074394248  | 0.0050541509243533060125  | -0.0092681543202654884106 |
194   | 0.0092932242289792913598  | 0.0029369483164411510495  | -0.0062896168630243954809 |
195   | 0.0011379344202944309365  | 0.00274796901552195336    | -0.0029185550498843017449 |
196   | 0.0063718021531137978772  | 0.0031080157083362646396  | -0.015113136483568323509  |
197   | 0.0046097202234076173691  | 0.0063849863099367095906  | -0.0086851420111848688654 |
198   | 0.0088034739677545614106  | 0.0042836617200429551872  | -0.013001532321181123036  |
199   | 0.0089269575161813816133  | 0.0038696841245181149739  | -0.014961757473774598554  |
200   | 0.0033031928894251740697  | 0.0052633537159644276301  | -0.0065526012799515202106 |
201   | 0.0028346265644193387699  | 0.0041002830030415641019  | -0.01643639974155327102   |
202   | 0.0040896982570346315441  | 0.0074617903925118540115  | -0.0027800143192261358993 |
203   | 0.0048909370356785579134  | 0.0087659032798667602115  | -0.014238594335719310241  |
204   | 0.0021927754535289909442  | 0.0031454488057316631541  | -0.014020166729478651668  |
205   | 0.0069051418523396442331  | 0.001982273774343849132   | -0.018837855037580845258  |
206   | 0.0063023501199269069128  | 0.0048864580704975893108  | -0.0063464166022021472127 |
207   | 0.0067766311904255797927  | 0.0047776447503606218892  | -0.006142133522116859437  |
208   | 0.003724935338293227597   | 0.0091492151397527792661  | -0.010256767996301584603  |
209   | 0.0077669680898054529669  | 0.0078712316778394037647  | -0.0099126672692283618327 |
210   | 0.0029346455615612337606  | 0.0047216210456864794037  | -0.0013443037585179904228 |
211   | 0.0031735971426904972283  | 0.00017662798218755044956 | -0.0044053295850623027871 |
212   | 0.0053530221235137233696  | 0.0056918449472205404419  | -0.00089914605261340123897 |
213   | 0.0069351463587373511285  | 0.00068676249548670108887 | 0.00018965151070739254486 |
214   | 0.0046034936491771167449  | 0.0050006989425492387805  | -0.014646351523316442425  |
215   | 0.00010309978173787463882 | 0.0053431883465301279607  | -0.01180713941472205479   |
216   | 0.0095088277315602612316  | 0.0091122184121823993769  | -0.016277206623763904036  |
217   | 0.008279363555556057408   | 0.0081971158435729524205  | -0.014474788156337282247  |
218   | 0.00092040683981102272213 | 0.006928443212785712936   | -0.0059465496584662535032 |
219   | 0.0026826477083480861595  | 0.0045737555082977238846  | -0.017929768938172323256  |
220   | 0.0072657981039289084094  | 0.0062751795031385834006  | 0.0008009942191050046156  |
221   | 0.0069374622829032608559  | 0.0095414879079544177853  | -0.0082777425590707318093 |
222   | 0.005272718144234223546   | 0.0090419982005445573986  | -0.012023699071236659472  |
223   | 0.0031740657759902401666  | 0.002125028653735853805   | -0.010346840522240561069  |
224   | 0.0012218433213413413575  | 0.0075583285474785013441  | -0.013578402279476087938  |
225   | 0.0089169920421900052826  | 0.00037650681931040481552 | -0.0092665447702527450891 |
226   | 0.0021590991391100158685  | 0.0037883842629515720839  | 0.00078697855675764001766 |
227   | 0.0066119984672414772869  | 0.0041929585948720362806  | -0.001938988953598583774  |
228   | 0.0066152823617613666293  | 0.003032929502156095098   | -0.0082273239935999296912 |
229   | 0.0044999816319861597053  | 0.0081427661099650536225  | -0.0052958831006027088165 |
230   | 0.0050749065295283227878  | 0.0010322522604000717271  | -0.013771464065867091917  |
231   | 5.9858191148623529165e-05 | 0.0061166680149466676197  | -0.012219333269766671432  |
232   | 0.0058328642584828203216  | 0.007797210114679285764   | -0.00062685571354594417457 |
233   | 0.00040801412796060652086 | 0.005858972037285696717   | -0.016300707852193552921  |
234   | 0.0050784675646197820556  | 0.0040625427131180695192  | -0.014570861675677929462  |
235   | 0.001588647743013162604   | 0.0040545237280981130321  | -0.014064146454276010498  |
236   | 0.0036063279451181667716  | 0.0026434214174643685946  | -0.0075971646272327136851 |
237   | 0.0035815237235035180322  | 0.0039915748282792259255  | -0.00071294176327812812388 |
238   | 0.0023532022583055314628  | 0.0058309725566241506559  | -0.0031147629898537082006 |
239   | 0.0098314234862706597479  | 0.0080216757646859003505  | -0.0023116150472772228723 |
240   | 0.006762311867400982654   | 0.0095487395055916975128  | -0.018184897572712129671  |
241   | 0.0055954291169082554999  | 0.0087683090498520133149  | -0.001761227056735453116  |
242   | 0.00078924243366236285918 | 0.0048874054790745908097  | -0.005564233411971237532  |
243   | 0.0026231571100234774008  | 0.0059122783387810491987  | -0.011243379686456052985  |
244   | 0.0070733921728480990757  | 0.0050990084296975426645  | -0.0031903588070274989906 |
245   | 0.0050324244289850295422  | 0.0024987972514679936478  | -0.017758279229979096608  |
246   | 0.0098987692358353546879  | 0.00083985929533276397832 | -0.0077689574831770781549 |
247   | 0.0056921158338777847266  | 0.0032042264828820382974  | -0.011612401248768368378  |
248   | 0.0097602772731957485042  | 0.0050971226455830947327  | -0.0078358948605482710292 |
249   | 0.0066550573719054498256  | 0.0024623883680590236134  | -0.00542457313637105705   |
250   | 0.0066644780710665707524  | 0.0054620709132226063359  | -0.0013620540241056837243 |
251   | 0.0043769603453429400605  | 0.00495040340355768025    | -0.016643583188370048714  |
252   | 0.0072092726721844245172  | 0.0057610836249074731663  | -0.019319415027736628471  |
253   | 0.004798003275401946377   | 0.0087807306380187355455  | -0.01518579480105711893   |
254   | 0.0023119100076819964519  | 0.001320898358912470311   | -0.0091091419689348154809 |
255   | 0.0017731414720856713326  | 0.0047430609874119832384  | -0.00064497438667614399345 |
256   | 0.0047199947017421764461  | 0.0075827873380800558251  | -0.011106866640700444049  |
257   | 0.0020491031410473921175  | 0.0027008735108030226119  | -0.008273659885790811408  |
258   | 0.0033001863446081875636  | 0.0067761455974873858674  | -0.0074935937206441682532 |
259   | 0.006444989404341096989   | 0.0092667277416166472098  | -0.0085759338949418003478 |
260   | 0.0042614008098668092889  | 0.00063008935788592371381 | -0.0045290990204391416707 |
261   | 0.0057166117179122521302  | 0.0068498066998288024976  | -0.019157400527330070011  |
262   | 0.0010501788047883014576  | 0.00016248831715782817821 | -0.011150196652592477692  |
263   | 0.0072564967658741534595  | 0.00072057940117182996825 | -0.015413625062568868732  |
264   | 0.0062337504021377021859  | 0.0017013084382627853379  | -0.0001384096161214767905 |
265   | 0.0065821403515467207662  | 0.006495465104699231669   | -0.0097076320106396496445 |
266   | 0.0039836877078599864169  | 0.0033762903875766778899  | -0.015747794307652326212  |
267   | 0.00081154449987259414442 | 0.0031412674430189206978  | -0.0095270978163414770518 |
268   | 0.0060541836776302057274  | 0.0064476774660166460279  | -0.001982438401444337403  |
269   | 0.0037843636642938770741  | 0.0024549458850590235096  | -0.0026600012531443361675 |
270   | 0.0094458038208486416742  | 0.0046183400395749035425  | -0.0088354857738231241948 |
271   | 0.0053252106651772842735  | 0.0091271266939820187153  | 9.6515396472184028899e-05 |
272   | 0.0056383500067469956296  | 0.0080042568847508571706  | -0.010316356081206574935  |
273   | 0.0036810409968978676475  | 0.0095556167238540178077  | -0.012081064673244457444  |
274   | 0.0061569668167720491281  | 0.0075535779327045313516  | -0.011786054129176694316  |
275   | 0.0089592274090532254827  | 0.0052747285055245373905  | -0.0034374055220517834609 |
276   | 0.0089000207747903254535  | 0.0033921084384953398803  | -0.0091458660491602981196 |
277   | 0.0022934152975849428358  | 0.0048620293535283918077  | 0.00069360928035212734283 |
278   | 0.0086352607866864924957  | 0.0047136639379432628688  | -0.0072385154007514381641 |
279   | 0.0039983418717508805579  | 0.0042168939551082756587  | -0.003389075768947623097  |
280   | 0.0090352084513972818341  | 0.0036871657736746361357  | -0.017386702885481414294  |
281   | 0.0043739238204546096803  | 0.0078256412820829224924  | -0.0084149843669003143026 |
282   | 0.0036890678462250252496  | 0.0012907668979578507031  | -0.014192334728031438112  |
283   | 0.0082416182911697385277  | 0.0057052375549125943291  | -0.0147083294043909487    |
284   | 0.0027666542026756071014  | 0.0044314655646406232031  | -0.015797153840603109232  |
285   | 0.009585004639022100259   | 0.0060348482585914197535  | -0.002882689533018459576  |
286   | 0.0013746868352085626474  | 0.0021091682692413581818  | -0.014155725903398072574  |
287   | 0.001985371823205901113   | 0.0064192678667706060125  | -0.0074357287396579051925 |
288   | 0.0023481762882420209593  | 0.0027903624160516881172  | 0.00055224652501469680826 |
289   | 0.0098991887212651202832  | 0.00016290203176786628475 | -0.016098017269098478799  |
290   | 0.0014833853502669812601  | 0.0065051288673890813458  | -0.0042014744153437413518 |
291   | 1.7642389213845145334e-05 | 0.0012047161762835914469  | -0.0089052664437413060761 |
292   | 0.0028490569067106934903  | 0.0045349817452565921103  | -8.8902992776394082887e-06 |
293   | 0.0095075600583958089912  | 0.00027323444687679193871 | -0.013601090022226754866  |
294   | 0.0078083219884222659218  | 0.0073310293223379802835  | -0.0015447122607384943319 |
295   | 0.0025941680919020558387  | 0.0026187921788921042499  | -0.011530905204977478715  |
296   | 0.0072017608742259986432  | 0.0040157946889898543663  | -0.014954302500716838698  |
297   | 0.00087030438301224563851 | 0.0030099205988859101778  | -0.016269138824503967533  |
298   | 0.0022087155520042357076  | 0.0048573296949986624269  | -0.017585854684763587569  |
299   | 0.0016074815002174074399  | 0.0073059510165456170716  | -0.011835937430975423251  |
300   | 0.0044240271200664512199  | 0.0072339433046573779415  | -0.014081077628165575982  |
301   | 0.0014046169953442599453  | 0.0073536357174124279343  | -0.019129661835435334688  |
302   | 0.0095994639340044943254  | 0.0020914020935430743461  | -0.017902812500714949256  |
303   | 0.0080033953389961713654  | 0.0051781037194536683882  | -0.014849954555942289011  |
304   | 0.0012750676685414033974  | 0.0058904386974101526422  | -0.0081990482068452601172 |
305   | 0.0063218328850636711091  | 0.0072829774275142067017  | -0.015681490866437643172  |
306   | 0.0044546780946303340606  | 0.0026338519812620472989  | -0.013965225715558377689  |
307   | 0.00011672646141288592    | 0.0036307852509257932533  | -0.0041680033996506667127 |
308   | 0.0089406841536284562683  | 0.0049814101097941437465  | -0.0027835898085124023693 |
309   | 0.0061145325437137795083  | 0.0030200854565556141049  | -0.0067616642027731928971 |
310   | 0.0096664502335827833662  | 0.0055304998645874861585  | -0.0072686868615627212367 |
311   | 0.0087504985376301129552  | 0.0057295419633730223022  | -0.0079009931129832081109 |
312   | 0.0070556223102722888732  | 0.0038323400749443116593  | -0.016510062673584201265  |
313   | 0.0069261147770499258483  | 0.0027618038426234646672  | -0.0028988340302606449908 |
314   | 0.0041778918177988681043  | 0.0068830018086408293471  | 0.00073144254887969658435 |
315   | 0.0098915136679749646187  | 0.0089180720224602931523  | -0.0051372954897453528347 |
316   | 0.0054251776955802875901  | 0.0050119574920714435318  | -0.0034364862507752082059 |
317   | 0.0061254903412456653336  | 0.0018470311376965866182  | -0.018826044252888498448  |
318   | 0.0073855073437447387591  | 0.0052895536569370167276  | -0.0012644458861988678699 |
319   | 0.0024194761552044793083  | 0.0022769792157240446862  | -0.0024330551888994446375 |
320   | 0.0068281346060560799138  | 0.0044777865872496040722  | -0.019094956382205981876  |
321   | 0.0035860592341439025653  | 0.0029622866501439024285  | -0.0073198663010647768007 |
322   | 0.0087620374009242767144  | 0.00026334019134896139791 | -0.0027757678735328321709 |
323   | 0.0050912416057262736488  | 0.0019904588254269733709  | -0.0044557508190778702742 |
324   | 0.0021873864288563878329  | 0.0044550406225964409371  | -0.0092442631254637044891 |
325   | 0.0053941823657371722883  | 0.0018415607218321193659  | -0.012923851816146070953  |
326   | 0.00078533800335371347408 | 0.0049437548969366506765  | -0.0069159746019223557884 |
327   | 0.0039608341440294878716  | 0.0071267791160085141797  | -0.008054345971032878318  |
328   | 0.00991074220998438421    | 0.0078686512744174461759  | -0.015365582827824670817  |
329   | 6.664653030202290088e-05  | 0.0064826164537550717837  | -0.0073254830930054243635 |
330   | 0.0023494979160793784574  | 0.0030436076610291960473  | -0.0023514092355602896414 |
331   | 0.00644818474587632081    | 0.0025788697073887982721  | -0.0083635491965829734939 |
332   | 0.0058112859731550862638  | 0.0058954537102502641358  | -0.0019141582831710950846 |
333   | 0.0009090638366480534565  | 0.0072901419559648125007  | -0.011170861944865561471  |
334   | 0.00055800065031514170001 | 0.0037513570980966834227  | -0.008458832376879166226  |
335   | 0.0034424761098558560521  | 0.0095943213523317395774  | 0.00026015637710316476955 |
336   | 0.0087590436031311901671  | 0.0048024947631713386584  | -0.009306233363128163516  |
337   | 0.0024508330193583429714  | 0.0090148724061795276752  | -0.0059975965768589867971 |
338   | 0.0086108455495415622133  | 0.0020308690600819448782  | -0.0088421904937470794522 |
339   | 0.0046167523643356753529  | 0.0062414569202307364909  | -0.016342461922690374593  |
340   | 0.0044365308806172398803  | 0.0058817275456471435763  | -0.0035492243784649773683 |
341   | 0.0043093552587742814733  | 0.0086950546172993078281  | -0.014508232087120466469  |
342   | 0.0013888635563260604694  | 0.00095898308609372378761 | 0.00038853011662888427974 |
343   | 0.0017891772759980710539  | 0.0036373231493135342249  | -0.0029859149819479019992 |
344   | 0.0060989670906480657198  | 0.0074042123102328310374  | -0.00077082960626199340925 |
345   | 0.0051120054681629712584  | 0.0001134774981356243814  | 0.00033482089303287225664 |
346   | 0.0099337420386198267003  | 0.0077973908181118356184  | -0.010359549225982382994  |
347   | 0.0074391047603926431508  | 0.0056106115217911169818  | -0.014855235895886820946  |
348   | 0.0082820363949631624345  | 0.0023594542521045164946  | -0.0098535531148715577165 |
349   | 0.0023723541854164882821  | 0.0021828477165705549752  | -0.010693295893744181324  |
350   | 0.0021972632260347274742  | 0.0036166195669726660354  | -0.0064581836080615830087 |
351   | 0.0024253486255046020209  | 0.0026662416111008649736  | -0.014338826131862754051  |
352   | 0.0030522445483462143194  | 0.0034483710245848267842  | -0.0098413493827836338868 |
353   | 0.003784588769851565497   | 0.0044585438975547724005  | -0.0038719036759123390094 |
354   | 0.0067150985732063453101  | 0.0036725567881665641297  | -0.0066011616407920942207 |
355   | 0.0050511857941745669578  | 0.0042387114596306183292  | -0.0021906125629859579673 |
356   | 0.00032954713267636861086 | 0.0091232012553543653105  | -0.016362600328983848558  |
357   | 0.0041157399963335106891  | 0.0043439242663952902512  | -0.01921623858366152543   |
358   | 0.0046879941331423929593  | 0.0025836681116655274212  | -0.01846613371154294872   |
359   | 0.0094286977585814335523  | 0.0042406066694743024467  | -0.014393770659241965013  |
360   | 0.0065799651548963224504  | 0.00023307174831796049954 | -0.015100324974917776755  |
361   | 0.0036526989304380206962  | 0.0060526845513574128663  | -0.016623906493091977765  |
362   | 0.0007054707037817836441  | 0.0022542235343647356975  | -0.016442343510656022565  |
363   | 0.0071265798034689485652  | 0.0076993701436716098507  | -0.00026034407871494713062 |
364   | 0.0016684150044988601842  | 0.0043555121329412142123  | -0.010036632549914381585  |
365   | 0.00041217093845633727758 | 0.0074286383938040054589  | -0.0040892402601325778672 |
366   | 0.0020262413621577502094  | 0.003302726634690579359   | -0.015067224115943493243  |
367   | 0.007078170115139508986   | 0.0026361045223506547087  | -0.0019742398325372336257 |
368   | 0.0064018073889210071886  | 0.00012214467000899772021 | -0.0072241587822528922913 |
369   | 0.0043196479505960483011  | 0.0006848019257006898947  | -0.016863004408142562296  |
370   | 0.0021788017433445505851  | 0.0043883142417449954795  | -0.0064493267929870094074 |
371   | 0.0028541561278740321637  | 0.0054587660043236702068  | -0.00048554557432098252286 |
372   | 0.0035577918428614636014  | 0.0063364532550167964459  | -0.010087845900796128459  |
373   | 0.0076096237081601982716  | 0.001094002505433509017   | -0.013432414389631471344  |
374   | 0.0076563957587172225966  | 0.0098544290402480701208  | -0.016734349310918175679  |
375   | 0.0058080651731257388476  | 0.0017339997571223814566  | -0.018526578093135737113  |
376   | 0.009255043483092853171   | 0.0039131665209044064549  | -0.0015421462644431773066 |
377   | 0.0098945355045787376086  | 0.0053771676999564291602  | -0.0086816088578213924248 |
378   | 0.0048295152576600221608  | 0.0092428527464626149962  | -0.0069472117843856597344 |
379   | 0.0084451092429631488545  | 0.0022761823584755060818  | -0.00015807929751885125961 |
380   | 0.0043894361216027261846  | 0.00036218485861109518675 | -0.016632741245775548716  |
381   | 0.0018014602331655467198  | 0.0045421456503084945908  | -0.010468368612066842119  |
382   | 0.002127554839540471681   | 0.0070776023578757478114  | -0.012412596165772747658  |
383   | 0.00015010813701894716631 | 0.0090492896047858987357  | -0.01131658902587466195   |
384   | 0.0076900574625111597221  | 0.0054695813138164271067  | -0.0046727939472430563006 |
385   | 0.0082404787887208688635  | 0.0019448427675992285488  | -0.016278923994298762079  |
386   | 0.0078374701437019175798  | 0.0082760378859056543677  | -0.018414549509479613554  |
387   | 0.0053234708014636726234  | 0.0038467321851606895745  | -0.010686043556320291154  |
388   | 0.0073876638202192111693  | 0.0053065747466173145142  | -3.8299438074899246032e-05 |
389   | 0.0067914712198609561433  | 0.0063175540715758775681  | -0.006891748114193561349  |
390   | 0.0045472647979188981354  | 0.0012283680312899602875  | -0.016452453363316407037  |
391   | 0.0055339260902311738707  | 0.0044035962443118329898  | -0.016343109815686426151  |
392   | 0.0052754147939652147256  | 0.0038504519580487184434  | -0.019162627894125164318  |
393   | 0.0067522608746003074873  | 0.0093355527056856908719  | -0.015267128630336405937  |
394   | 0.00088833791408858650985 | 0.004043698148150249097   | -0.018821382140271923633  |
395   | 0.0066148566093423271511  | 0.0081020733279624935347  | -0.01222160956082468837   |
396   | 0.0074457227381905556618  | 0.0047615311887284472031  | -0.011106402447068815589  |
397   | 0.0038720630952039734179  | 0.0067686638675717386918  | -0.00043934355125233915708 |
398   | 0.0054151302738820392135  | 0.0068965992084364102777  | -0.0043920829347611906046 |
399   | 0.0029781299760743931183  | 0.0074948137096832951123  | -0.017102126474962179442  |
400   | 0.00083803178028223903554 | 0.0082447902723465065628  | -0.0047547426753199147423 |
401   | 0.0050696106185801510791  | 0.0048381757794804568576  | -0.017019513196535607236  |
402   | 0.0020999114885444174726  | 0.0016603209787447177192  | -0.00075813270383412705977 |
403   | 0.0046316512345959100563  | 0.0099951971605189461612  | -0.0054082143465083911543 |
404   | 0.0061465143721730923151  | 0.00036845057050691003547 | -0.010344316154200401681  |
405   | 0.0094371781736542550978  | 0.004644358052451092421   | -0.016022581177239279826  |
406   | 0.0099161065790544823673  | 0.0061103867629459986816  | -0.009820213921677065777  |
407   | 0.0096486996485022104297  | 0.0087929787796823290213  | -0.0017755141518889930915 |
408   | 0.0027197555597125492276  | 0.0078134811453492245686  | -0.0054571274407471496992 |
409   | 0.0038490763477635947173  | 0.001738974061960338888   | -0.012768754726417084686  |
410   | 0.0013856485734310443596  | 0.0028855683876731438343  | 4.3479312649942124475e-05 |
411   | 0.0076818628720076026495  | 0.0039461266533878745083  | -0.01388098526024519018   |
412   | 0.003842825834219096813   | 0.00093926728953110333407 | -0.012546206442565962028  |
413   | 0.0025795388729251155814  | 0.0063361606437034581271  | -0.019270198985982360529  |
414   | 0.0027467487738181872899  | 0.0014308316410448890764  | -0.0170342180456462787    |
415   | 0.0027588563670175128041  | 0.0094242349013340092484  | -0.0051080265248096392086 |
416   | 0.0051935196308702941126  | 0.0056614436156767816363  | -0.00055487292578043406668 |
417   | 0.0073647327290040616801  | 0.0022240861686137719348  | -0.0048033420097215416555 |
418   | 0.0074174214777636858151  | 0.0080960196434633965867  | -0.0095173995082526857692 |
419   | 0.009970807113208293368   | 0.0067605666442940729258  | -0.018673613757817533049  |
420   | 0.0064272215681466749945  | 0.0087599780901517296933  | -0.016697370506410295216  |
421   | 0.0058014313331215625752  | 0.0093069868990939049608  | -0.0006569101935148230053 |
422   | 0.002420034766016754095   | 0.00069917655350473914208 | 5.3908861541999423454e-05 |
423   | 0.0051158003270589886072  | 0.0077078751732975346253  | -0.011128504874632662303  |
424   | 0.00038306719249656730761 | 0.0078222174788277736707  | -0.0035011660398386180819 |
425   | 0.0064015656381369821781  | 0.0041319043290391141432  | -0.017246789147643510481  |
426   | 0.0043257921288918955993  | 0.0094235361237607392221  | -0.0012371227371747071325 |
427   | 0.0066761439311081322706  | 0.0023334561908607354477  | 0.00039070117740271737916 |
428   | 0.0082248585027848240131  | 0.0046966299907952192144  | -0.015735088052805139974  |
429   | 0.0052503547970292633804  | 0.0037914972911875853383  | -0.002638172102515435203  |
430   | 0.0019037312218826011375  | 0.0089048991604096169872  | -0.0061258046869353405262 |
431   | 0.0069210284376228807177  | 0.0071600772468835786194  | -0.0037975830994461958444 |
432   | 0.0014784305869552252875  | 0.0055639722618067008128  | -0.014663047739285011914  |
433   | 0.0026472574394662802891  | 0.0058397855262204839688  | -0.013875148258847039631  |
434   | 0.0025511639210769334295  | 0.0027081412110052725632  | -0.010541739809563976243  |
435   | 0.0097746528193986756405  | 0.001222033514302875868   | -0.002882040355823742208  |
436   | 0.0010467968594153962813  | 0.0079814639861700027029  | -0.0041519068639502658413 |
437   | 0.0056887197379598165858  | 0.0042209660636812690662  | -0.0020557029455378684514 |
438   | 0.0085052552014730550128  | 0.0035433912571879982306  | -0.013541774514712296568  |
439   | 0.00057205953993884946923 | 0.0074677375072469921388  | -0.0068318710952229534314 |
440   | 0.0093497718447692335086  | 0.0042611346414991686446  | -0.0013302159398665045452 |
441   | 0.0017992254921150013097  | 0.0011825332900510317387  | -0.0061918161180315499717 |
442   | 0.0015269241363783977571  | 0.0027592132093573118121  | -0.0012054679401364142444 |
443   | 0.003616609485514775315   | 0.0083342843838810042045  | -0.0066500199884740769651 |
444   | 0.0004921158745990379408  | 0.00046063550717554042641 | -0.012548576682718210612  |
445   | 0.0072035990341074692192  | 0.0071061532566866906016  | -0.0056076035322789987217 |
446   | 0.0014228688239593032232  | 0.0084652859803868319571  | -0.01099700845354206237   |
447   | 0.0038575395327239804869  | 0.0084969036142527581273  | -0.017817449461620501333  |
448   | 9.751287265150899422e-05  | 0.0049505998756478155134  | -0.011049893428516324723  |
449   | 0.0062079467196188486619  | 0.00702355739507879058    | -0.0066717027817813842616 |
450   | 0.0066497667251611781644  | 0.0039332374858326640474  | -0.002776621498696806023  |
451   | 0.00066000975186396109405 | 0.0097384138341786666976  | -0.01918729556761020541   |
452   | 0.0081293256021236753178  | 0.008832232164135363911   | -0.01431179383571089779   |
453   | 0.0058578964698879605957  | 0.0036949848894392602061  | -0.014874815505947562924  |
454   | 0.0081464641876659530523  | 0.0066363085915505659607  | -0.011147872374406538401  |
455   | 0.001580204082380422129   | 0.0062104352097783529357  | -0.0032383081430372604934 |
456   | 0.00086932059085617163861 | 0.0042885314700936601195  | 0.00082268172596475837993 |
457   | 0.0023704783871467158089  | 0.005219659900180360565   | -0.0022972685459768660277 |
458   | 0.0027587172584939375665  | 0.0092860763413624338586  | -0.0047188094044122485052 |
459   | 0.0055846481834503610212  | 0.0011005943781455791806  | -0.00074702192313501173965 |
460   | 0.0064048321618713046147  | 0.0087940830498401054149  | -0.0057989161290771069554 |
461   | 0.0030062471027893608762  | 0.0044388096794839831255  | -0.0052564859120695960407 |
462   | 0.0037192602288877007338  | 0.0034280105791266116816  | -0.0077914509854801550573 |
463   | 0.006454341616934827601   | 0.0039363479267252891522  | -0.012304673885217240134  |
464   | 0.0084487650094965307396  | 0.0011916194546961929052  | -0.016529610823947299414  |
465   | 0.0092574100143681531394  | 0.00023452169670060431217 | -0.017255927177171698217  |
466   | 4.6861577419086852966e-05 | 0.0062354488301681124107  | -0.0053465795837617869149 |
467   | 0.0070327038447821187822  | 0.0045284746479117947426  | -0.012898045316504796673  |
468   | 0.0030898617018093391118  | 0.0071016698204658026267  | -0.014083386618231883911  |
469   | 0.0054862238983420788183  | 0.0031198460222817397253  | -0.012521741187568520906  |
470   | 0.0046550778131584456127  | 0.00038865041311298759901 | -0.013753237795786955183  |
471   | 0.00087833646625085006355 | 0.0083412467313341634445  | -0.017985411055935814767  |
472   | 0.005462706152850567605   | 0.0086077632890675190996  | -0.017943068235693953455  |
473   | 0.0068213871848846266421  | 0.0015612757478651066376  | -0.012525800630234501867  |
474   | 0.0010274695696156073248  | 0.0019011793551465460891  | -0.0088245957923459607264 |
475   | 0.0049480982056686953485  | 0.0047243215607832714578  | -0.014632201547731185989  |
476   | 0.0081154339740735492725  | 0.0085938572196829904337  | -0.0061673372536775001793 |
477   | 0.0080481405734000692476  | 0.0079583039320293494367  | -0.0035273564934237026589 |
478   | 1.1185699419831376407e-05 | 0.0080058372534668898607  | -0.019197155386397098814  |
479   | 0.0040768975769063511491  | 0.0025140489611419976519  | -0.011687936033967378721  |
480   | 0.00021604328151660542857 | 0.0044493299893281898147  | -0.007769618538015779334  |
481   | 0.0033446267116142010083  | 0.0079980454165838495151  | -0.016077991375068680785  |
482   | 0.0044463807725057891487  | 0.0048311082583563395507  | -0.018453755653869034076  |
483   | 0.0057836400882005038065  | 0.003779831110788021975   | -0.017202232131106671986  |
484   | 0.0019811705563148496352  | 0.0061249526921657842377  | -0.013115907052191851101  |
485   | 0.0012756904675537941891  | 0.0052959858001080870049  | -0.016951745246168253151  |
486   | 0.0010367866298887948133  | 0.0072215416243277975178  | -0.0045832676102116279987 |
487   | 0.0081308007561619426162  | 0.0050588491289735096346  | -0.0082494805785197702908 |
488   | 0.0087449465656927356794  | 0.0061084987876850304483  | -0.0066154821071305333971 |
489   | 0.0042287805424240420063  | 0.0094636207949024969688  | -0.018833300712012595451  |
490   | 0.0047183485953463727078  | 0.0086085595472414309925  | -0.0073552732982145978269 |
491   | 0.0035029663191203427169  | 0.0029221886148804430451  | -0.0061203551415424774576 |
492   | 0.0073467433216619758979  | 0.0082404947554873906462  | -0.0089498863273572669408 |
493   | 0.0094037395643685166985  | 0.0071077574826444627279  | -0.0074770657616648568064 |
494   | 0.0047360616731574869606  | 0.0046890638605262650873  | -0.018885751719750348832  |
495   | 0.0076438209626287674514  | 0.0081082418195187900417  | -0.0024291425184677670028 |
496   | 0.0087874015695032711704  | 0.0056797540508032049247  | -0.01201982006683257817   |
497   | 0.0049725093751945299153  | 0.0050249594957040219501  | -0.0010311854445256801553 |
498   | 0.0052108460049298810368  | 0.00022450826292655522869 | -0.019158282593349139356  |
499   | 0.0093852414814815671856  | 0.0051156175911101324505  | -0.00605419570049956033   |
500   | 0.00049268260845586136186 | 0.00030430551342353637321 | 0.00073553082654575271254 |
501   | 0.0045863875653490522241  | 0.003874095254607794192   | -0.015376388560649727547  |
502   | 0.0055272685718043132116  | 0.0052767450432435773419  | -0.010824292189877680534  |
503   | 0.0012460161741595858053  | 0.002682468625272394977   | -0.0065656629662774242812 |
504   | 0.002220085719723733416   | 0.0033444502011668762395  | -0.01387949139904278914   |
505   | 0.0070499418908258068908  | 0.0076130403343715215281  | -0.018224984530946841677  |
506   | 0.003639527877354389266   | 0.0022636275108852206735  | -0.010270843675155946761  |
507   | 0.0089330317275682809275  | 0.003750236397932546397   | -0.002877189666785829724  |
508   | 0.0045701852412341047865  | 0.0017237214702058433358  | -0.013832203572666025224  |
509   | 0.0013854846534864788832  | 0.0030305691836794218172  | -0.019276606506117125589  |
510   | 0.0076781937776646521157  | 0.0084642834639507957134  | -0.0033058542509125689313 |
511   | 0.0023041193707314996247  | 0.0029326994168109975919  | -0.016358309286937891547  |
512   | 0.007405465232334481479   | 0.009764423263231345948   | -0.016550877989140771324  |
513   | 0.0056381349171324337405  | 0.0032233907633692549834  | -0.01504781471681670979   |
514   | 0.0069496040527111209092  | 0.0016117273062765495595  | -0.0011448576608219158436 |
515   | 0.0076332634235553994614  | 0.0056461692847452641872  | -0.0073724614023276038161 |
516   | 0.0042618711500179090948  | 0.0010408976489177672233  | -0.0013003865043462342101 |
517   | 0.0075119475156100404961  | 0.0055414644541186344751  | -0.01333984439397205117   |
518   | 0.0032546073068947843979  | 0.002917261886753068096   | -0.0082100741088362867021 |
519   | 0.001942656583009860511   | 0.0036628058900479106876  | -0.015584022608076826197  |
520   | 0.0028406795638159180323  | 0.003344886247662012032   | -0.016954687979325613195  |
521   | 0.0042707771268799829892  | 0.0059153560754835353072  | -0.0052957301542533186806 |
522   | 0.0029157459184238239402  | 0.0034849517664167343513  | -0.003990611039815675741  |
523   | 0.0014996165925715606703  | 0.0083987304443545567068  | -0.0062151059952948598322 |
524   | 0.0087742643562996602835  | 0.0012755966255182161519  | -0.0085712273854477594864 |
525   | 0.0034069672595418978508  | 0.00058370631185771784319 | -0.018824876102012541579  |
526   | 0.00032060064386826717456 | 0.0055549992424871776076  | -0.0039112933203284440398 |
527   | 0.0091995825989957345087  | 0.0053363761864642506039  | -0.0052389234761524303488 |
528   | 0.008757953867448773147   | 0.0023439066320141161565  | -0.0074947564427793574374 |
529   | 0.0066898766295484498115  | 0.0056847653493061686691  | -0.011447872408467804281  |
530   | 0.0034225653149648942522  | 0.0065826504145010903551  | -0.001541017240641082359  |
531   | 0.0037828253574683241151  | 0.0039917112533845149763  | -0.010633163075740127007  |
532   | 0.0047765865969092505261  | 0.0037246887299309540918  | 0.00026536227183038464282 |
533   | 0.00028072013645174354957 | 0.0057308431412262756874  | -0.0046436819360996450454 |
534   | 0.0022928948795144137376  | 0.0040498612560835355392  | -0.0069018748672220768189 |
535   | 0.00039575582612631164106 | 0.0084992595199421521607  | -0.014202365685772416065  |
536   | 0.00018433077669145227478 | 0.00015733628061297453378 | -0.0016430397125068549498 |
537   | 0.0022607536824994865082  | 0.0042001402791808284051  | -0.0062341587484093718627 |
538   | 0.0085642794190265575383  | 0.0016584556071343743277  | -0.019144587673674332701  |
539   | 0.0092571967368536706156  | 0.0060412957573311278428  | -0.0022397933446588950794 |
540   | 0.0048287572280024003077  | 0.0060435325812341006771  | -0.011821371313014975707  |
541   | 0.0017463875989737740781  | 0.00048775624473365667691 | -0.0083976538236849290059 |
542   | 0.0064581885266901343373  | 0.0027276552778692578216  | -0.0050756177521132546382 |
543   | 0.0078913376040775588122  | 0.0061095300818194359441  | -0.0036821659756170691674 |
544   | 0.0045262827709448448174  | 0.0035685933337887237697  | -0.014383322706538826177  |
545   | 0.0083465708128732767068  | 0.0085629283537273868238  | -0.010451691157337210034  |
546   | 9.3236015073182651339e-05 | 0.0081235759248517863673  | -0.016034667933553365532  |
547   | 0.0030909039551232911011  | 0.0035098993996412605409  | -0.00178794821277919588   |
548   | 0.0040853681995192576981  | 0.0030660409786385394749  | -0.015974620336035617874  |
549   | 0.00077870321984755547229 | 0.008592814476206061397   | -0.017237093443505626528  |
550   | 0.0035042307581884908282  | 0.0041397959863809655548  | -0.0046365122598578051641 |
551   | 0.0062949183565374116148  | 0.0023898684794083804687  | -0.015763262943061202154  |
552   | 0.0048442186376771228726  | 0.0054851353601815316594  | -0.0080584508843688229529 |
553   | 0.0031123435192387783298  | 0.0049572110136187870835  | -0.010672917087326042745  |
554   | 0.0017163610932304522363  | 0.0089161093637353978913  | -0.010011218293675367558  |
555   | 0.0069984541906922834512  | 0.0035370078449771685282  | -0.0019776725471746035671 |
556   | 0.0032467003259166338919  | 0.007820354462470814963   | -0.0040154193379095858354 |
557   | 0.0055004793046801551959  | 0.0054186421610666170648  | -0.016081413506189207868  |
558   | 0.0027594254028417510884  | 0.0058003965972537353812  | 0.00066271133954899554691 |
559   | 0.0070536091514967228996  | 0.0010781621094510353883  | -0.00043961417195486366056 |
560   | 0.005489437290356440069   | 0.0036356477497875672004  | -0.014005114205592932367  |
561   | 0.00057700141528224170064 | 0.0061556437721835737323  | 0.00020905825684976563484 |
562   | 0.0044922399146058921912  | 0.0070624208054467247503  | -0.0020877801459882978571 |
563   | 0.0070920893005350857385  | 0.00437461512179480351    | -0.010337037606742812551  |
564   | 0.0047468805483305556367  | 0.007239631387416016646   | -0.014593371253977395485  |
565   | 0.007198316814879882064   | 0.0049324264965143905376  | -0.018756882487814135335  |
566   | 0.0042084749328313644789  | 0.0089721236829966039689  | -0.016061458697287096797  |
567   | 0.0088422782396719249581  | 0.00094877727864490580059 | -0.0021659996451698754726 |
568   | 0.0070823308195927716507  | 0.0011370343290197464352  | -0.019312325147539603776  |
569   | 0.004893362035671504004   | 0.0039192388120259371784  | -0.012822680981957969293  |
570   | 0.0062595728391500668475  | 0.0098067525098271754458  | -0.0019753515584382411521 |
571   | 0.0097906540249235243789  | 0.0065128098439968997585  | -0.017931879887945985363  |
572   | 0.0042135750078101134528  | 0.00026393935107282828767 | -0.003096849276812971459  |
573   | 0.00095373916643646042268 | 0.0069156626588051401533  | -0.0052544515762349142118 |
574   | 0.0066305480981204076296  | 0.0090399716170911203345  | -0.0064164237868484580093 |
575   | 0.0050520868900104645358  | 0.00030019219221279951158 | -0.014116519353922067984  |
576   | 0.0059235684527142572903  | 0.0027077842217982542143  | -0.0046749201306182089008 |
577   | 0.0024753611866974146137  | 0.0079880853719327057916  | -0.016470636417251958983  |
578   | 0.0034918912892106523937  | 0.0074148885326000913212  | -0.0069879196477194739645 |
579   | 0.0048712043324215846887  | 0.00043664130454803933012 | -0.012287798168963097803  |
580   | 0.0064275596912548114276  | 0.0024863547235881447786  | -0.011016330798537067592  |
581   | 0.008052632954089686268   | 0.006997858849730602751   | -0.0053707399456624695805 |
582   | 0.0041701373826220113072  | 0.0072958388141584470596  | -0.00048197874727033565654 |
583   | 0.0092548461494942144828  | 0.007709342097928542116   | -0.0092344054945435981308 |
584   | 0.0053379977968444998135  | 0.0087288328897649324761  | -0.015559482478664373242  |
585   | 0.0035433889295167254885  | 0.0025322640617166198782  | -0.0079052251780421713828 |
586   | 0.0076561512264973702671  | 0.0088946300714004000731  | -0.011364326996337697356  |
587   | 0.0018160302320046155505  | 0.0033819246284014737799  | -0.01365250050017171278   |
588   | 0.0082210858038371352474  | 0.0041066137463090729778  | -0.014155505884803982336  |
589   | 0.0035085069286574202714  | 0.0070509412513048855611  | -0.0086970778970020361232 |
590   | 0.00033568750955709534363 | 0.0092898685762994644838  | -0.0072365890067212033238 |
591   | 0.0030186275571114041735  | 0.0033708261603356435773  | -0.0045715673686867177791 |
592   | 0.0030991407503507630884  | 0.00072071907625358361607 | -0.016346385767425575947  |
593   | 0.0081434157121103162291  | 0.0081259984697368385642  | -0.013473120689602005595  |
594   | 0.009353240913020187744   | 0.0072870349674198416773  | -0.0024178914581549043432 |
595   | 0.0024966313537796648754  | 0.0079959529752892753024  | -0.0053613001604354230262 |
596   | 0.00998929519261047838    | 0.0075568625463010635421  | -0.011269789313435488176  |
597   | 0.0028780357075422441197  | 0.0080183992606243769535  | -0.011430158331793012494  |
598   | 0.0043319045961055773625  | 0.004478226926294450079   | -0.012369699343138425285  |
599   | 0.00013806192156951211368 | 0.0069762079520251157536  | -0.0023937166856993550949 |
600   | 0.0011748208546801029804  | 0.0014669707066737106005  | -0.013637841468772575818  |
601   | 0.0015784147809757178953  | 0.00095744940046582963349 | -0.014888342683861863561  |
602   | 0.0065800815148396828158  | 0.0062815038244538497214  | -0.010970976782933421559  |
603   | 0.0025182107806432023171  | 0.0024772324290103548035  | -0.011689783371374242588  |
604   | 0.0092671642030442823862  | 0.0077567954841675805164  | -0.016501723020352514204  |
605   | 0.0070368901008813758077  | 0.0075307955978671046321  | -0.012948672723185172817  |
606   | 0.0089222782519210990654  | 0.0024043297367424771097  | -0.015771811988380506075  |
607   | 0.0017491654077102371072  | 0.00078335418903270072864 | -0.018377118226086331526  |
608   | 0.00403832696102601231    | 0.0069635494942253527845  | -0.0035864013993855792077 |
609   | 0.00038928792692014864288 | 0.00013037632491953775413 | -0.0086635698766267341814 |
610   | 0.00054115786248129646094 | 0.0019984528733248607332  | -0.018965739956902330499  |
611   | 0.0047960992201147110287  | 0.0056914996214491898885  | -0.0119119394358467353    |
612   | 0.0047582816537466753395  | 0.0085646920754245056684  | -0.00019072868047600657774 |
613   | 0.0065882341332385574439  | 0.0096897708920347744993  | -0.01352522591545270679   |
614   | 0.0046404191805562390247  | 0.0030428099857866468085  | -0.01611181213174604776   |
615   | 0.0011741737497786321198  | 0.0089174125495528003965  | -0.0028808403823504932437 |
616   | 0.0092911298242150473087  | 0.0038628745925155054917  | -0.0016549917644272549733 |
617   | 0.0065692476990811682347  | 0.003080294784581594919   | -0.0025662680942360864035 |
618   | 0.0021855374923025498377  | 0.0070240038238809808166  | -0.0062531883671086661847 |
619   | 0.0020954300429971307179  | 0.0085961848994435662713  | -0.003473475826681387147  |
620   | 0.0077332423385177385608  | 0.0040061604268304190288  | -0.0041692580949752085923 |
621   | 0.0044110419282309574693  | 0.0058032364683586303358  | -0.013938875860915706656  |
622   | 0.0019981324164244263115  | 0.0090059385530620005011  | -0.014459927325539618723  |
623   | 0.0031256017524548427786  | 0.0027785093591496763318  | -0.0089858349639316582869 |
624   | 0.00014453810421999183956 | 0.0053216664704095958949  | -0.0029200472750150526652 |
625   | 0.0067195474882634862596  | 0.0058431892715855903234  | -0.0095073199464869289493 |
626   | 0.0016319464027172456231  | 0.00028316023638782789745 | -0.0033028231874388876317 |
627   | 0.0054635737918286601464  | 0.0095083679651841116615  | -0.013430669576006762367  |
628   | 0.0070384278181943654359  | 0.0082402276783507342334  | 0.00016025164784417178943 |
629   | 0.0075340469379780823297  | 0.0067521566811489432819  | -0.011179574659431220848  |
630   | 0.0061340449486900656961  | 0.0094459863711781472118  | -0.0085356654535856096161 |
631   | 0.0088832846250442003971  | 0.0051859994498328057175  | -0.0095084679601474975802 |
632   | 0.0052921308257887697546  | 0.0069765286231503222114  | -0.015374176532018606067  |
633   | 0.0049409535512944212365  | 0.0018485721550187280381  | -0.007887010330307937106  |
634   | 0.0036350484088175974949  | 0.0038931630554950467579  | -0.0034282757109746642837 |
635   | 0.0015170424620118104497  | 0.0026536595630381981485  | -0.0036402952356533527234 |
636   | 0.00074838823679961410159 | 0.0071446739916105209481  | -0.0067928298098602086369 |
637   | 0.0062037157120964766741  | 0.0027252375294070148998  | -0.019360055688832047971  |
638   | 9.9817500103842679441e-05 | 0.0025502223721729044663  | -0.013508426442400103124  |
639   | 0.0070890831486356475563  | 0.0023085756830746951077  | -0.0092890909474224389597 |
640   | 0.0031113643649033962714  | 0.00049597987969343052938 | -0.005106823454996937614  |
641   | 0.0058655834513997038085  | 0.0079164842808867926655  | -0.0045865353362849392224 |
642   | 0.00091639230660837760721 | 0.0087580652679776684749  | -0.0035585611899526820717 |
643   | 0.0089511872068355081283  | 0.0059905054000338247774  | -0.0010313390862808139142 |
644   | 0.005418269776633736351   | 0.0093194879337406728859  | -0.014818655324992194636  |
645   | 0.0034683654663778522992  | 0.0093728067347518487923  | 0.00077570659979216746022 |
646   | 0.0022999501595277358976  | 0.0018455608819670367253  | -0.0056884023839198069247 |
647   | 0.00492632740915237375    | 0.0038045058043732092254  | -0.012223075240763537491  |
648   | 0.0040864452425296250368  | 0.0062626076569281159678  | -0.013514145808084417066  |
649   | 0.0043339942914109169658  | 0.0061237939120222318126  | -0.0016569224607252232891 |
650   | 0.0034004772118401286121  | 0.0081449165429655807913  | -0.0037095899572604515773 |
651   | 0.0046639428437785547532  | 0.0065846869676017679915  | -0.0044122825642133886928 |
652   | 0.0025993246897387865639  | 0.0057503453893158543164  | -0.0084721985511099634492 |
653   | 0.006477853690209034454   | 0.004802341784206039417   | -0.001012590003868118994  |
654   | 0.0056125465675372137805  | 0.0080459845511665680634  | -0.005744077151977836776  |
655   | 0.0051304303338518134417  | 0.0047665348725740444916  | -0.00024685335771399948349 |
656   | 0.002792328534625518506   | 0.0028793287326624368051  | -4.1158887241494948996e-05 |
657   | 0.0081707588172938300231  | 0.0091912348614456729906  | -0.010006217808886452153  |
658   | 0.0056253264052955002233  | 0.0083851983787297731943  | -0.0058740675923598271654 |
659   | 0.0081627305942770719827  | 0.0045109307042363886234  | -0.0090531777471896252019 |
660   | 0.0063947426780050021025  | 0.0016342184753900151125  | -0.013804017671443246512  |
661   | 0.0010927117799891486894  | 0.0042153823338376651339  | -0.0083400913861447489861 |
662   | 0.0043341980350287889409  | 0.0081295644981563917192  | -0.001169791903829612385  |
663   | 0.0077430101244407240416  | 0.0019595404712404573128  | -0.012577504099160257897  |
664   | 0.0044302592668424255196  | 0.0026609143692832050443  | -0.0055639475921713992326 |
665   | 0.00219954961092874322    | 0.0057036843783750627163  | -0.0018508974249191159547 |
666   | 0.0062607366821987604083  | 0.00094241760329055246966 | -0.012574084665124522428  |
667   | 0.0084061270909263595408  | 0.002064480374858088628   | -0.0078920090752777598969 |
668   | 0.0055272750812840835272  | 0.001694936529595877971   | -0.0042004257059903059648 |
669   | 0.0091525169342198727657  | 0.0024844103266021700521  | -0.013212827785915147102  |
670   | 0.0020467239690793899431  | 0.0059205859746165783244  | -0.0060007326279127443103 |
671   | 0.0021834315626712815298  | 0.007934953200553217928   | -0.013685187699383318319  |
672   | 0.0098925656979405082042  | 0.0058384238370011868127  | -0.0096905428013895813372 |
673   | 0.0080591885725295204362  | 0.0049177314534402062282  | -0.018228114553426568584  |
674   | 0.0072658163952979996567  | 0.0024504442382496998895  | -0.0089565597435710235519 |
675   | 0.0025560765312232225366  | 0.0040325576386489600869  | -0.015990500007732891957  |
676   | 0.0023957244654273851178  | 0.0099184408987263803642  | -0.0021170589108529401685 |
677   | 0.0062508265932049514313  | 0.0027898967013801206916  | -0.011522486579298260589  |
678   | 0.0023969539139318046458  | 0.0029152831335293250339  | -0.0015447504647396663544 |
679   | 0.0039069713029794561621  | 0.0074711816617008342326  | -0.0051917458959065193244 |
680   | 0.0015861695031736031646  | 0.0068402116191716945057  | -0.010879246760585901954  |
681   | 0.004017887548091009578   | 0.0014102392478848393715  | -0.0047075671200464616617 |
682   | 0.0012790182200926602813  | 0.00086780324865226880424 | -0.0096495342360196703635 |
683   | 0.0044788789925572060693  | 0.0053650969749465607372  | -0.0029752849294998350883 |
684   | 0.00062633258130053760544 | 0.0019884014596307790675  | -0.01418143687360737433   |
685   | 0.0059453503837017971853  | 0.0016990388891365071963  | -0.016684242139033175767  |
686   | 0.0052887847284274315876  | 0.0037954393863501327197  | -0.014383645677087606926  |
687   | 0.0080058639957855375763  | 0.004874440349478531033   | -0.0071825739806845268973 |
688   | 0.0036191901362722998618  | 0.0071846116056250783344  | -0.0052398919823426820183 |
689   | 0.0049495909704053335856  | 0.0066642925071467452175  | -0.0020450403881074516975 |
690   | 0.0062985983994792238763  | 0.0067186454393974867974  | -0.0085872445693087936375 |
691   | 0.0077806712451634002861  | 0.0044615581966434359265  | -0.0087536551289371326151 |
692   | 0.007032495234866457598   | 0.008234072898644832425   | -0.011431389116132409378  |
693   | 0.0075876373345786672295  | 0.0037615841701133449597  | -0.013043644582237612362  |
694   | 0.0077218359952101137816  | 0.0093918188409875622696  | -0.0098448072876559152705 |
695   | 0.0047727250634441806959  | 0.0082376305615462930981  | -0.016697211719775516964  |
696   | 0.0020506914587838888028  | 0.0025865057651936378472  | -0.012770105296551202342  |
697   | 0.0063414689008684712451  | 0.0045184330719185514941  | -0.012990127505083468723  |
698   | 0.0019133301311882208555  | 0.0088079897789558325716  | -0.012470344806792909784  |
699   | 0.0079724739807575922129  | 0.0010381795098036072835  | -0.0098848050082356968271 |
700   | 0.0058524421075495398209  | 0.0019263104719432254733  | -0.0048013527535039988298 |
701   | 0.0050201239710622467052  | 0.0061756559505703346319  | -0.014940631268290380587  |
702   | 0.0053998398033472056259  | 0.0068220290943040691814  | -0.012760564496042757499  |
703   | 0.0040912090178156917952  | 0.0055212475905179079702  | -0.015464411628754372308  |
704   | 0.0028134223064816017007  | 0.0089246953527892160934  | -0.0068150837470560155645 |
705   | 0.0025671454217497755718  | 0.0091635393433996542578  | -0.0031173571964855416663 |
706   | 0.00094806024069079392839 | 0.0082985504658442607595  | -0.016790528158306318451  |
707   | 0.0015456728219083659074  | 0.0082121562054262072644  | -0.017170808281093713488  |
708   | 0.0070661566681893533265  | 0.0044578468835636403389  | -0.0063988470881706765309 |
709   | 0.0046217118779993829683  | 0.0019862949188289911844  | -0.011690196618906316742  |
710   | 0.005784575497513392596   | 0.0091801093230754731572  | -0.0098053111581768333249 |
711   | 0.00063105586125285174567 | 0.0071010336762457049176  | -0.011394211991669237621  |
712   | 0.0045427261155411022622  | 0.005148351057978264346   | -0.016831182863022802615  |
713   | 0.00085156667896802286204 | 0.0060256358556368787294  | -0.014163681129026538599  |
714   | 0.001130822635356022645   | 0.0054185439862448857296  | -0.017236036188481723003  |
715   | 0.0046535037481647547816  | 0.0090835830243044309723  | -0.014199522777566048887  |
716   | 0.00013689232104063112148 | 0.007543426277918931569   | -0.011038010227465895954  |
717   | 0.0028826775106077233597  | 0.0089440436544409706449  | -0.0057394947068286992359 |
718   | 0.0043920645749653680623  | 0.0069343021136976414065  | -0.0097125214099887634267 |
719   | 0.0092703966536295985545  | 0.0041986854748571741588  | -0.016570679967587226972  |
720   | 0.0066622921507426373366  | 0.0078619969377154274442  | -0.019027477212241517002  |
721   | 0.0069327693065341375669  | 0.0048798977709923127555  | -0.010287719472049722952  |
722   | 0.0021312704514288701926  | 0.0067156988498927429679  | -0.0043189879805824241132 |
723   | 0.0042214996337732449069  | 0.0049077755052769136968  | -0.0068349408697220602818 |
724   | 0.0073266995614664929756  | 0.0054368681391236952857  | -0.010609264035616775348  |
725   | 0.0087829725741160637187  | 0.0063595529115920111651  | -0.0076076216597060382363 |
726   | 0.003066684803224714248   | 0.007111664837230187268   | -0.0076767031817863212381 |
727   | 0.0033296327267178056283  | 0.0030255435568280137151  | -0.0068645368516120543884 |
728   | 0.0049589179046325652239  | 0.00058599793594960036813 | -0.0021016161019386300074 |
729   | 0.0099281545103871784996  | 0.0063016342445259727889  | -0.010980047887216282804  |
730   | 0.0084666145319871322084  | 0.0028464639171100233721  | -0.0023997029423374668239 |
731   | 0.0058321463774302466365  | 0.0018433355351718189521  | -0.0091330322452202114536 |
732   | 0.0043283159435792478362  | 0.009875352929149107048   | -0.019060798172034505021  |
733   | 0.0080478294456640848964  | 0.0084419296816648035225  | -0.010139470804431295267  |
734   | 0.0050964484209340002799  | 0.004390870378350260686   | -0.010637313637708464831  |
735   | 0.004588195453405898537   | 0.00031576263516400063583 | -0.0045349887378121431919 |
736   | 0.0093373922802390367515  | 0.00029517645045244749911 | -0.00089987504348032628602 |
737   | 0.0061320946524809401973  | 0.0080129358165212227066  | -0.0073369081344214787804 |
738   | 0.0023038012398219551158  | 0.0072877959346387228765  | -0.013238123326439201269  |
739   | 0.0071324101701262763997  | 0.00080618790102277319495 | -0.01785394408835991667   |
740   | 0.0066081092590582115459  | 0.0033604981093592759325  | -0.01511109534729672757   |
741   | 0.0017528171531282579505  | 0.0068756764147512193161  | -0.0021821107918158512938 |
742   | 0.0008187907999674612098  | 0.0046492245688455604777  | -0.0014458596688914650795 |
743   | 0.0035902419210188602286  | 0.0047245517384256916979  | -0.016908363863098230945  |
744   | 0.00892701207001045903    | 0.0049878518264510106686  | -0.010797366378017772548  |
745   | 0.0016761422495165337766  | 0.0064551178564781529559  | -0.012103643967087920896  |
746   | 0.0068306988376401608573  | 0.0036375194377481537798  | -0.0029137668378284623492 |
747   | 0.0045937857973865972583  | 0.00058306046991176948072 | -0.0071418786210832923764 |
748   | 0.0086104993506686024196  | 0.0031804919342589572234  | -0.011650486960877688009  |
749   | 0.0099633279863492515277  | 0.0041448698582583548208  | -0.013561161337674649055  |
750   | 0.0080741509413721612026  | 0.0019197451145659804456  | -0.003574160493534043765  |
751   | 0.0045213271929533428717  | 0.0067635562599021462407  | 0.00087309022509097003722 |
752   | 0.0020393925979254458151  | 0.0086994701483908924017  | -0.0099830151652704653131 |
753   | 0.0073648929146812444277  | 0.0089716897614286073709  | -0.0042469171555116263725 |
754   | 0.0059975370001536095974  | 0.0080401932580735670231  | -0.0051275658082813070637 |
755   | 0.0013801569572437426096  | 0.0081104865164629662277  | -0.0075168030165092452125 |
756   | 0.0084863388597196023205  | 0.0091180224627618287891  | -0.005587110970458883559  |
757   | 0.0063838720749438146798  | 0.0044060025053813210022  | -0.012211245890005351447  |
758   | 0.003096677556332015982   | 0.0023378581523954204517  | -0.01231483277343404896   |
759   | 0.004225523451140532176   | 0.0099605888813061784631  | -0.0074101741183790655054 |
760   | 0.0015436175790166607388  | 0.0096078699273224495159  | -0.008861599828712729901  |
761   | 0.0033681834799936761701  | 0.0088363173396783442626  | -0.013839760860932149786  |
762   | 0.0079141712157534249011  | 0.0037729811000709674758  | -0.008892328462027445507  |
763   | 0.0081512882980024417567  | 0.0040001950460536502691  | -0.0086333111211239852573 |
764   | 0.0065166613058416792206  | 0.0050488328857783149051  | -0.010359090113739484462  |
765   | 0.0019849019076969851363  | 0.0050174388180618508318  | -0.0069504083105531274181 |
766   | 0.0077202263208016857349  | 0.0068528755499698999418  | -0.017380021110747153473  |
767   | 0.0052891582986760712556  | 0.0020745925101992492706  | -0.011686319547546210329  |
768   | 0.0035999767684951619953  | 0.00052267575797373554049 | -0.013190832567601624981  |
769   | 0.0014539537911258625363  | 0.0056392352576984773951  | -0.0069886872020632354388 |
770   | 0.0010422248109011272941  | 0.0089054098565001169052  | -0.0028722190024789684935 |
771   | 0.0071744106243915349921  | 0.0062367525657041960815  | -0.0048807058397979967077 |
772   | 0.0029432497536229845422  | 0.009474081329652982511   | -0.017496337004210417432  |
773   | 0.00052004278239584111367 | 0.0018928906253815761061  | -0.0045483118671491669024 |
774   | 0.0076236358930878529369  | 0.0088959382104138763625  | -0.012401308799828201709  |
775   | 0.0085168409547504830143  | 0.0040977935167785632664  | -0.0098112803508500785049 |
776   | 0.003245967017640323006   | 0.0056530516866175875221  | -0.013236747572456667235  |
777   | 0.0086345031220412416656  | 0.0051954052738372290959  | -0.0028663004876536726621 |
778   | 0.00196689260764145845    | 0.00010350758522061286558 | -0.0016042734470984633139 |
779   | 0.0049186634586488873003  | 0.0043335907781222662849  | -0.0043906747226282547697 |
780   | 0.0077658693997808983869  | 0.0061905044094940457622  | -0.013367109105311121217  |
781   | 0.0020934454035521506653  | 0.0033331505961023120445  | -0.0029136198113050167623 |
782   | 0.0016918768220949196267  | 0.0032280292477217462088  | -0.015556253550305394057  |
783   | 0.0029898227248204727914  | 0.0056030464538655870219  | -0.0028750770244926351048 |
784   | 0.0082712703616057703382  | 0.0037284550862254585077  | -0.01287675722703790146   |
785   | 0.0014377986386540765693  | 0.00060686265339713707338 | -0.010747055006035184654  |
786   | 0.0041125468847159375729  | 0.0064930846256594865543  | -0.0070453224697521951714 |
787   | 0.0026299861472439916947  | 0.0011279415481999278698  | -0.0010368665768872315641 |
788   | 0.00083233508693615024677 | 0.0060865441141889822102  | -0.013144396459618911538  |
789   | 0.005335207872625703264   | 0.0052608307414674761529  | -0.015261664721160002681  |
790   | 0.0049142386749872922144  | 0.0042187050061437119525  | -0.010117803778497729689  |
791   | 0.0012713307267836790153  | 0.0091049668109805456662  | -0.01563608578509326219   |
792   | 0.0032646562509511130833  | 0.002268765165998940566   | -0.0047579163287044343861 |
793   | 0.0061903707187440050116  | 0.0015738945106537978371  | -0.0019284917029985220848 |
794   | 0.0094104853838483989298  | 0.0061198136126965315199  | -0.019339736775552150011  |
795   | 0.0041745038427593800581  | 0.0070116405257447181332  | -0.010884189379040397003  |
796   | 0.0046617863277194117322  | 0.0067286219527397184495  | -0.0028536805242910189516 |
797   | 0.0019601411316938080823  | 0.0066799597839716741074  | -0.010678597385988858673  |
798   | 0.0029647494182914149903  | 0.00053761100946065503749 | -0.0015149115925123448224 |
799   | 0.0069950054168390852702  | 0.0023980335471984266967  | -0.015968163142356973927  |
800   | 0.0070040968996800479288  | 0.008027083049659142211   | -0.0080713586895805444071 |
801   | 2.236216374196164713e-05  | 0.0020388329086389461731  | -0.0026533961825841510633 |
802   | 0.0031167176266170509673  | 0.0095363491372981619432  | -0.0079895160149567427676 |
803   | 0.0079249958766507196811  | 0.0083654760255995660317  | -0.0047115152194756445767 |
804   | 0.00090087454967231945548 | 0.0039815589025182463942  | -0.015726258325901232987  |
805   | 0.0028570089611728455986  | 0.0040486810460053533275  | -0.0088252198032007841272 |
806   | 0.0024057858660183782315  | 0.0039058761900308798867  | -0.0031573671048277128157 |
807   | 0.0019515758086278761282  | 0.0082077060604620055706  | -0.0019065142098851704366 |
808   | 8.6644243383504260703e-05 | 0.0021785333359815488644  | -0.016259330138643640629  |
809   | 0.0031063685349793056234  | 0.0041793108536047366905  | -0.011406167222768832936  |
810   | 0.0070262805264373591821  | 0.0035145241487312983177  | -0.0020788148050790698253 |
811   | 0.0075171897612690474419  | 0.0027120173177686535647  | -0.018593590206575204976  |
812   | 0.0083778433617843379999  | 0.0049566075730978747388  | -0.014710525731308165404  |
813   | 0.0062698578688219278043  | 0.0046655632430570590299  | -0.0049001553866992401259 |
814   | 0.0045164426560910311825  | 0.0075079129069952699541  | -0.013164282856801779939  |
815   | 0.0041944801360238462631  | 0.003601842928155251939   | -0.012672483268664269662  |
816   | 0.0032356236214944986314  | 0.0041131998243351050593  | -0.01270965717931777858   |
817   | 0.009055298365269373595   | 0.0015035685339112186704  | -0.0032348363568682992827 |
818   | 0.0076724117777976184873  | 0.0053266726226636760058  | -0.0036001007785243337167 |
819   | 0.003358129939723650953   | 0.0059311566760307608132  | -0.0065295006073846952044 |
820   | 8.4710855410034384969e-05 | 0.001533424617257564751   | -0.0080475082902246291433 |
821   | 0.0066253368267628820129  | 0.0095532299557796324097  | -0.0042848974323214843521 |
822   | 0.0023393883383316257073  | 0.006651613769857145711   | -0.0069736108790242343561 |
823   | 0.0032843418206081049886  | 0.0026177999889108790471  | -0.017767428196831240583  |
824   | 0.0058938409182560979119  | 0.0016928412250770796376  | -0.010846250623515105854  |
825   | 0.0064572373502371866946  | 0.0056284767100042761706  | -0.01328132644873356201   |
826   | 0.0076858592712394317031  | 0.0068956417881631719771  | -0.012751446885236310952  |
827   | 0.009026469397732474198   | 0.0073799421893758921503  | -0.0014861577402103377885 |
828   | 0.00013161008947263863026 | 0.005027404422342602805   | -0.012727461428328108034  |
829   | 0.0012339089293526828411  | 0.0073551487713586017128  | -0.0055051591956006631912 |
830   | 0.0028026301163223059192  | 0.0039384284699130406651  | -0.0019742129487732686458 |
831   | 0.0039130183845345308316  | 0.0076084367522583472992  | -0.00073214559563060084904 |
832   | 0.0054673213470590228263  | 0.0023231740579057712226  | -0.006686604913905344269  |
833   | 0.0090484337934670349551  | 0.0048419659836989713958  | -0.00437204295373285097   |
834   | 0.0047321020986765324062  | 0.007912955728771224953   | -0.015983119452792092507  |
835   | 0.0075033060165556062296  | 0.0094557146145758681072  | -0.011968743163211212344  |
836   | 0.0098752520146760530695  | 0.0011079184986761390647  | -0.0066550941699072482804 |
837   | 0.0081052554812965863645  | 0.0026863095242522388485  | -0.0055837390598780642023 |
838   | 0.006598105678351717622   | 0.0013460168966691950666  | -0.014573375323285439609  |
839   | 0.0067390498557203205518  | 0.0026975813571005992017  | -0.0018818767644853766872 |
840   | 0.009228768313116185798   | 0.00052114135147317915044 | -0.0058830122506121880835 |
841   | 0.0064131779445066785378  | 0.0011602160111456511805  | 0.00061144449046810942731 |
842   | 0.0028837000342382271625  | 0.0065645931553824114421  | -0.0019126252686000484986 |
843   | 0.0065896502267237602735  | 0.0073626371229628577789  | -0.012502973933738842013  |
844   | 0.0038320521467221225868  | 0.0012341204721782806416  | -0.0091718304095768400652 |
845   | 0.0096415529081540357614  | 0.0024964902006300907465  | -4.9271292311801157763e-05 |
846   | 0.0086297315699433024827  | 0.0022844613347149044479  | -0.0048027668386464109768 |
847   | 0.0092640400578405980581  | 0.0074809838238290380513  | -0.0068228579963668274655 |
848   | 0.0043705763178184114937  | 0.0015331667389807143807  | -0.00042162061329147049703 |
849   | 0.0062919454038260795234  | 0.0051438267821605756711  | -7.3631923253530105495e-05 |
850   | 0.0040836332003623678974  | 0.0035736456591122602901  | -0.0080431097632720303242 |
851   | 0.0050214922646911689524  | 0.0067500908419917161896  | -0.015920030570529701552  |
852   | 0.0051544905507484488696  | 0.008843934752414539871   | -0.010248271153257153265  |
853   | 0.0092824832644177093094  | 0.0031618595571807112284  | -0.011300534759856883243  |
854   | 0.0079786912719592515547  | 0.0093055991316334067676  | -0.0045648184278630956484 |
855   | 0.00016312170687881211596 | 0.0037246871253652624051  | -0.0012430541255225449962 |
856   | 0.0098448892529825575426  | 0.0031434420911236296732  | -0.0033501397457484992197 |
857   | 0.0082025165381833711059  | 0.0076435757719717466185  | -0.012800448167469146918  |
858   | 0.005473680276904853946   | 0.003065200059193109311   | -0.0054239508625029573749 |
859   | 0.0020328849071949172712  | 0.0053640407628102251825  | -0.010137197580718276119  |
860   | 0.0077278239554871260356  | 0.00076033335493118272413 | -0.0051540047406258959056 |
861   | 0.0011435980150218494431  | 0.0024122156030436875743  | -0.011324562587919894882  |
862   | 0.0088313585085765203969  | 0.00067999556786964168806 | -0.016700536928323864161  |
863   | 0.0011601152661369512099  | 0.0073059395418753926565  | -0.0026563575324603182735 |
864   | 0.0038652907004365797891  | 0.0045018434106053094659  | -0.0073079750644863472261 |
865   | 0.0057657436792375752962  | 0.0042540549781596237802  | -0.0023185104982906094839 |
866   | 0.0053421305411135867197  | 0.0096732605760444494852  | -0.0068382366613077881848 |
867   | 0.0049949965106382025401  | 0.0057848857975112098762  | -0.014639124312358283223  |
868   | 0.0069141360270939941288  | 0.0078551043919012474709  | -0.0066193692285842061981 |
869   | 0.0036994810576385242853  | 0.0049495093159782092493  | -0.013859024695680103104  |
870   | 0.00018544003459614280429 | 0.0037559148491286115622  | 0.00036846173340604086244 |
871   | 0.0081279618695106557041  | 0.0017758839855120283398  | -0.017208535750503819312  |
872   | 0.0039738321207231693671  | 0.0022538609078182761727  | -0.017654099196216830464  |
873   | 0.0077376976177619257932  | 0.0034396216120051543649  | -0.016599751801469591478  |
874   | 0.0058224683341217518817  | 0.0014204757677607421709  | -0.00088445427475368292546 |
875   | 0.0064588948064886386388  | 0.0064232087727596060001  | -0.010568031298393898432  |
876   | 0.0045051148748563923582  | 0.0015863790200402090331  | -0.0045976550414666660094 |
877   | 0.0011398549521699802723  | 0.0053041085746530205677  | -0.0069222592244514019599 |
878   | 0.00041879996493795069567 | 0.0034369002122767843693  | -0.019077966715520974089  |
879   | 0.0056060097566846007339  | 0.0080457630708589897295  | -0.0066226068434278749161 |
880   | 0.0061606703449509567228  | 0.0055725595535415272178  | -0.0054294520315239878233 |
881   | 0.0043122140116120567799  | 0.0044984375990159220296  | -0.0098344091794548109398 |
882   | 0.0054865298026730551645  | 0.0059353605804110054836  | -0.011193657374066318805  |
883   | 0.0074696911578585808988  | 0.0054457668292143537533  | -0.0047938756591488877745 |
884   | 0.008149811054180236547   | 0.0093259835816016430771  | -0.015988921237496088457  |
885   | 0.0095393377653865581156  | 0.0014663138413799855532  | -0.0091672473116021311462 |
886   | 0.0044283889218686214861  | 0.0050919852363250986405  | -0.0050837585924010221874 |
887   | 0.0024836491501890704814  | 0.0016658162657295374175  | -0.017020511457322692189  |
888   | 0.0078208942364449418605  | 0.003086677400171903337   | -0.011349027027834182255  |
889   | 0.0036826997870283064568  | 0.0096496107292644694303  | -0.014661792490275724413  |
890   | 0.0054567299465668973532  | 0.0070716230401576549505  | -0.018432840848144536189  |
891   | 0.0039201569931413210793  | 0.006363739245988362693   | -0.0024953952652374956737 |
892   | 0.0057632885312610101017  | 0.0090876578457786925946  | -0.0073434137477294070609 |
893   | 0.0062431208525089995978  | 0.004860083079951627201   | -0.0069796828390889442337 |
894   | 0.0066012940347416389913  | 0.0048285017811808541785  | -0.00067758776427697027262 |
895   | 0.0045461096491882816914  | 0.0075595914393882142346  | -0.008194018818149732819  |
896   | 0.0021732711324558748843  | 0.0014889412913582297793  | -0.016939892524461167     |
897   | 0.0090673075604507276382  | 0.00035755304633644036452 | -0.012269636645418051032  |
898   | 0.0023548715375665131393  | 0.004242702568430924831   | -0.018407287706900012092  |
899   | 0.0019212247878012515562  | 0.0040556571216644647995  | -0.011833664402045585007  |
900   | 0.0051649178051920768481  | 0.0084264689335275186344  | -0.014404489316047805469  |
901   | 0.0051106189932301673146  | 0.0071936733253348591338  | -0.014667990484714170385  |
902   | 0.0052372644354283107507  | 0.0010215913230746847054  | -0.0064339046510650220456 |
903   | 0.0061786726018422961221  | 0.0070152215189093975259  | -0.0058035302283138976223 |
904   | 0.0037965801286192007134  | 0.0093353914860931589553  | -0.016796745852013406086  |
905   | 0.0072780050666980304966  | 0.0065851344549215989552  | -0.011237686323908023869  |
906   | 0.0079578801435425672306  | 0.0039600511559679000759  | -0.01670595065553526562   |
907   | 0.0036826013976865362362  | 0.0085949355211327113646  | -0.00045724965184553063597 |
908   | 0.0032293011259438711771  | 0.0047850198933039869362  | 0.00086934371027098532488 |
909   | 0.0065510771293471976515  | 0.0030306971106922016637  | -0.00020091096123492585643 |
910   | 0.003192781527077162302   | 0.0067908394404364450306  | -0.0062514854884480278857 |
911   | 0.0097176145939634837184  | 0.0084161815672210149586  | -0.0022737263346830466869 |
912   | 0.008844353916999277837   | 0.0044003666881484455181  | -0.00095782353095345341195 |
913   | 0.0060154693275244362424  | 0.0050347051374181736247  | 0.00025223210086970562077 |
914   | 0.0027539726454765107132  | 0.0041381731460726706509  | -0.0089218419628724343617 |
915   | 0.00433736617911047867    | 0.0033852860502186108912  | -0.015311044739354729566  |
916   | 0.00047180149017796916937 | 0.0035315648874607039401  | -0.018736960430573518233  |
917   | 0.0029536390524472384833  | 0.00049630411403642953408 | -0.015779866134311329451  |
918   | 0.0027247902372426915756  | 0.0033563886666862783117  | -0.0019340263747086687551 |
919   | 0.0020398743111545609985  | 0.0071612858670554793705  | -0.018979043217339505029  |
920   | 0.0085301936136183992981  | 0.0092430415242146617139  | -0.0062903871291000897081 |
921   | 0.0033282587733427953548  | 0.0037399214666369428456  | -0.0020313843017386928533 |
922   | 0.0058015464559038470993  | 0.0029581232858043454703  | -0.0063752606967364148713 |
923   | 0.0056496594997600671148  | 0.007747007646594387606   | -0.0058692645090557922158 |
924   | 0.00077667694456063664493 | 0.007571017003842913165   | -0.0068977275479654423171 |
925   | 0.0038280931131047840794  | 0.0038862619731805719478  | -0.017306756866388359889  |
926   | 0.0064711608415462494592  | 0.0011813845375577647443  | -0.019226819805621107179  |
927   | 0.0014176603279890895044  | 0.0067422792221977024055  | -0.0065455810952906529412 |
928   | 0.004139188994156535982   | 0.0092069014072817430272  | -0.0078976486042231716644 |
929   | 0.0074096107669419427472  | 0.0066599013602152735969  | 0.00083679758334964573357 |
930   | 0.0062624797733796264479  | 0.0041323710624232906294  | -0.0044249549178345974274 |
931   | 0.0048822374423319481879  | 0.0018243154093084408378  | -0.016375197982828843674  |
932   | 0.0085458255745224642741  | 0.0053544182236326363922  | -0.0035654956888228912099 |
933   | 0.00056054692512635484556 | 0.0041993531912624063734  | -0.0040260308566957281329 |
934   | 0.0032925956233325272444  | 0.0073228245788995310894  | -0.011869513684034750656  |
935   | 0.0025282575252683521516  | 0.0072135574924989840848  | -0.0151971807273107197    |
936   | 0.0029392451004236898153  | 0.0024803849131307671542  | -0.016834578122731619354  |
937   | 0.0030817969911665719224  | 0.0062384197082489475927  | -0.016610061519716116246  |
938   | 0.0061985679329203870885  | 0.0026422381900138339726  | -0.013775858267623272702  |
939   | 0.005315726451347002092   | 0.0036779897099786899861  | -0.0023339724768392617824 |
940   | 7.9666848466205977645e-05 | 0.00023042637796257063034 | -0.017056849677505959983  |
941   | 0.0007098816340180026923  | 0.0038639212727494629679  | -7.0985937806802211448e-05 |
942   | 0.0017872254264227115193  | 0.0033589285745069421933  | -0.0087766696017813009695 |
943   | 0.0061368545051147848149  | 0.0082823355199402072524  | -0.0012064859212623951258 |
944   | 0.0092397756036577457367  | 0.0072803794548644317278  | -0.015458486299771487596  |
945   | 0.0009200889743720126572  | 0.0070829493214720727623  | -0.0057303611682665159602 |
946   | 0.0074618211036338935593  | 0.0046664127406926114022  | -0.018530581606619789953  |
947   | 0.0083712535111500098461  | 0.0074899014784132987577  | -0.0028491841143301797033 |
948   | 0.0080771043103418285053  | 0.0066546617018225047088  | -0.015722838891909354797  |
949   | 0.0061328894169550736415  | 0.00061709258522816960203 | -0.015018757307787625882  |
950   | 0.0056580806726699277992  | 0.0085778311150747008074  | -0.011531358974655292471  |
951   | 0.0039001686005296167838  | 0.0057786901282644706143  | -0.0034433649943366364393 |
952   | 0.0002381827632278504987  | 0.0067494049508972364659  | -0.015075049833516250899  |
953   | 0.0078076137865298713206  | 0.0064534626485684924019  | -0.018881983190893843888  |
954   | 0.0027159750248240497467  | 0.0016023244769007871126  | -0.007432987244786792673  |
955   | 0.0034965136384797297284  | 0.0003509964912135240785  | -0.0064179714807515875902 |
956   | 0.0062482947397031699671  | 0.0031426925593816138274  | -0.0097139758405623295029 |
957   | 0.0070553411654130831002  | 0.0054052710613473539669  | -0.012385316152761305722  |
958   | 0.0063971691394747809759  | 0.0087891585300282903948  | -0.009362207759696079476  |
959   | 0.0020289881722636289411  | 0.0097163977977074537928  | -0.009360141607358781965  |
960   | 0.0035622282797790824627  | 0.0047752105704250294785  | -0.0051612611574219681432 |
961   | 0.0032857691771030418833  | 0.0074299887342336966289  | -0.015160041689799780631  |
962   | 0.0071483901308023317656  | 0.004250170299042971972   | -0.0089849303587547172528 |
963   | 0.0061443442302452850115  | 4.2327998756231503016e-05 | -0.014221788050076447293  |
964   | 0.0040623648496600425761  | 0.0066392690972626238963  | -0.008123803522502495017  |
965   | 0.00038444465011583367877 | 0.0090242347530280087736  | -0.017380086003845007098  |
966   | 0.0074589950601311036035  | 0.0099925030978619180239  | -0.0065998177873976687779 |
967   | 0.0030605345238627064235  | 0.0054967377303623303139  | -0.013609598009489581524  |
968   | 0.0047320352955941445347  | 0.0017061037032927303062  | -0.0012048764311089130152 |
969   | 0.0063434123384977720086  | 0.0016834558843296350619  | -0.018297134193268720093  |
970   | 0.0031423030133593339748  | 0.003200776157345038269   | -0.0076805642962162667606 |
971   | 0.0088193854572611984216  | 0.0071252510838912463606  | -0.013498233500361816323  |
972   | 0.0071824099269218151867  | 0.0072153548710669913185  | -0.011740458688406568352  |
973   | 0.0055261222502096312911  | 7.9850656192960106443e-05 | -0.0086879137672814608223 |
974   | 0.0069508965409235791769  | 0.0025535367024391792193  | -0.01701918498338489405   |
975   | 0.0012008331781638041311  | 0.0034446167142649468385  | -0.0077948968063988851099 |
976   | 0.0021525699163160894219  | 0.0074291763902129418287  | -5.5007676411555005928e-06 |
977   | 0.0065956912370738500148  | 0.0084757453502729770967  | -0.0046983976603530101107 |
978   | 0.006393564424275743896   | 0.0049309422134167814333  | -0.0099986990664080767355 |
979   | 0.0083713711534508326167  | 0.0014056847629911801457  | -0.018871909791065576839  |
980   | 0.0042677975806453324198  | 0.0063934614422126809924  | -0.014292856237755653323  |
981   | 0.0094978796739917728531  | 0.0016758344842609687424  | -0.015692966639864538991  |
982   | 0.00045535630584345345015 | 0.0068246174755281323321  | -0.0048904987168361590752 |
983   | 0.0046903732395643400049  | 0.0070847406119866635638  | -0.013643537890764051781  |
984   | 0.0042043274411330058826  | 0.0059086157113149885556  | -0.014612122110199941144  |
985   | 0.0097208303507836883034  | 0.0015166532404224581689  | -0.014920383209044898315  |
986   | 0.001239448722067418426   | 0.0057243140544236100278  | -0.019136551113954770875  |
987   | 0.0066619047121505457418  | 0.0059972798385623925926  | -0.013991166735318399245  |
988   | 0.0038693288601844197903  | 0.0091560409855535491996  | -0.0026555979962755360199 |
989   | 0.00178404215598569095    | 0.0025683390148398817059  | -0.016329663144281643394  |
990   | 0.0051184569496983706866  | 0.0042449241893086943345  | -0.010990926752228387039  |
991   | 0.0008114337401577443069  | 0.0099651212787557601896  | -0.017573282010557991079  |
992   | 0.0022164527397338096293  | 0.0098364089072883222065  | -5.7597023934078308964e-05 |
993   | 0.0016296069476405619647  | 0.0012848980280699801807  | -0.0010837382304354368969 |
994   | 0.0087279101076720520119  | 0.0046759577450228477849  | -0.0065631841954045047616 |
995   | 0.00038127336240739777241 | 0.00094861800581620789753 | -0.011848410859438517073  |
996   | 0.0078103786193637215335  | 0.0099605943372142822373  | -0.012346775747067953444  |
997   | 0.005704508100294700991   | 0.0091422071268449176668  | -0.00096643018729805304536 |
998   | 0.0084163487795933158292  | 0.0035930406458320094353  | -0.0090848984169550027479 |
999   | 0.0034493800819001721285  | 0.0024984542963865916977  | -0.0031721381277964753528 |
