N			X			Y			Z
0     | 0.0057464177757513947367  | 0.0097620293179613987222  | -0.0076121288982938127218 |
1     | 0.0047986817464735972982  | 0.009054518711196080441   | -0.0050976380742321645081 |
2     | 0.0030479262132970183496  | 0.0067338038746874058493  | -0.0140065394272700771    |
3     | 0.0036952456170091301998  | 0.00098610701753862241986 | -0.016746900913807843958  |
4     | 0.004745892260261392985   | 0.0014717783122759665621  | 0.00090819224841495651418 |
5     | 0.0065935255470929449856  | 0.0010463100003774185309  | -0.006490421976937500205  |
6     | 0.0032240227790976652873  | 0.0079619769612051631558  | -0.020720800441433401273  |
7     | 0.0059525463762155278805  | 0.0015966460397669464226  | -0.023653264781105343834  |
8     | 0.00086114289072796736633 | 0.0071745085215652003308  | -0.007166389914603961582  |
9     | 0.0035742709101144456638  | 0.00072153614210537439511 | -0.015431726121692700832  |
10    | 0.0077865870339359948352  | 0.0030233274316830453451  | -0.0037076523248159758486 |
11    | 0.0044677251268336205109  | 0.0082123276291725302162  | -0.014102604233187852195  |
12    | 0.0030966250455750549998  | 0.0036854114758214304159  | -0.024218324969708764083  |
13    | 0.0086410827011351408478  | 0.0069966236159112850726  | -0.013874515623275818568  |
14    | 0.0058460866376655795315  | 0.0094028395117012504578  | -0.0053849922666807685176 |
15    | 0.0039990578369520843327  | 0.0064695460837811153559  | -0.012358753738048136595  |
16    | 0.0032646445372322453748  | 0.0084099667906715105253  | -0.0057067313141886460634 |
17    | 0.0014800803194163318632  | 0.0088932288709399811427  | -0.017114383332386937792  |
18    | 0.004607521542706907898   | 0.0097849628851071450419  | -0.018139412215041155613  |
19    | 0.0065247623796188926673  | 0.00078453574435045274425 | -0.015750059711191387313  |
20    | 0.0041780622123154644368  | 0.0032200601815495421762  | -0.018481040782845157416  |
21    | 0.0084383535783901821026  | 0.0047911248791712461245  | -0.011251064867746091852  |
22    | 0.0062344608223939635208  | 0.0018414339897613444565  | -0.0082071704869877918492 |
23    | 0.0059837698145897991533  | 0.0065694085773679552001  | -0.017987226817832446119  |
24    | 0.0079368506143019934562  | 0.00076995032869944855878 | -0.0019674581452382793566 |
25    | 0.0076259214250364694768  | 0.0018183607752898392571  | -0.0031108178617960122528 |
26    | 0.0029227595925878854799  | 0.0091652570974950931665  | -0.010277028141591195917  |
27    | 0.0029295134828816390971  | 0.0046562967537024414766  | -0.017313422080274309955  |
28    | 0.0052748340324660055248  | 0.0073155994198290663633  | -0.021992897816924983356  |
29    | 0.0044189576709601930543  | 0.0032607376906492293103  | -0.018969007634338421603  |
30    | 0.0053957549096164169125  | 0.0019587040013651041241  | -0.018340627173241044745  |
31    | 0.0040757823438193428039  | 0.0024222171331056562178  | -0.017805359837670862999  |
32    | 0.0027927522694904259766  | 0.0054610429877164053461  | -0.012039405671266909664  |
33    | 0.0019575327843432050769  | 0.0091419874088490213349  | -0.004476932432944386378  |
34    | 0.0036191928636960645632  | 0.0081197863228530727658  | -0.0033814760491941062669 |
35    | 0.0009395124606557779404  | 0.0055614797273041260278  | -0.01994560983029438142   |
36    | 0.0093368210912002213425  | 0.0096960275624190777471  | -0.017302493401884069812  |
37    | 0.00017006692159145836061 | 0.0054718852809347426     | -0.021154400276816281989  |
38    | 0.0060494849472201520785  | 0.0067855013062230792181  | -0.017340961407117539556  |
39    | 0.00075732911832728595693 | 0.0031979232893190484045  | -0.021255324194429579127  |
40    | 0.0060344172521215365748  | 0.0032634814235763024391  | -0.020400607983422164304  |
41    | 0.0077206387708387011828  | 0.0044045687794282677857  | -0.01424313929614186465   |
42    | 0.006690939379093857782   | 0.0093065597852928019784  | -0.0050472775555477156564 |
43    | 0.00054653523429437850592 | 0.0029952339228279493966  | -0.0063429532199196069636 |
44    | 0.0023638735829372456258  | 0.0066006082413006825563  | -0.0056976531128343074414 |
45    | 0.00059480936834090830136 | 0.0026424621095896497908  | -0.016467113509874838767  |
46    | 0.0035334052641121248446  | 0.0016475981857501877017  | -0.0090649634039901855892 |
47    | 0.0033968841882451089251  | 0.0031780467354214411019  | -0.0083169252941762833453 |
48    | 0.0049121726788392610849  | 0.0078959275884339895357  | -0.0031550068052734860438 |
49    | 0.003613976918122427124   | 0.0060564459401502733146  | -0.016551961738167322857  |
50    | 0.0044928927872112927461  | 0.0069876939142239124017  | -0.020528309796418842126  |
51    | 0.00077206862059568291071 | 0.0065754141477589872489  | -0.013054711490662552348  |
52    | 0.0036218912724431300346  | 0.0053323712803134727667  | -0.010970651801311638238  |
53    | 0.0088893333199020624358  | 0.0081223070887289569586  | -0.01764921286779193646   |
54    | 0.0016379646616999743274  | 0.005776141204144116803   | -0.0095023804576410981354 |
55    | 0.0054070778411655839521  | 0.0089072733895226314377  | -0.0067478587881959397471 |
56    | 0.0087101027822143583385  | 0.0037888299926235884281  | -0.015635417416735891     |
57    | 0.0029484499467097649572  | 0.0084357933908897949488  | -0.0045300221544858207054 |
58    | 0.001887008829762847539   | 0.0093645697656066732156  | -0.014592281055186307262  |
59    | 0.0053627429060840474048  | 0.0076758992816652752214  | -0.021610313996933354364  |
60    | 0.0052564691985252298342  | 0.0001081492638731082164  | -0.018139158975193168249  |
61    | 0.0076489110230074826291  | 0.0062129484525628216746  | 0.00045669807818020141839 |
62    | 0.0069687092408903285323  | 0.0071951475372523882382  | -0.016816486850552442994  |
63    | 0.0082999393582568661148  | 0.0099315942966978990741  | -0.0015987409849292151965 |
64    | 0.0071244222457055106715  | 0.0073098720819425658246  | -0.0088531576713253481298 |
65    | 0.0065089463556984895887  | 0.0085282474519347839514  | -0.016843667372448776348  |
66    | 0.0019688310936893473925  | 0.006462074868895134605   | -0.022812659400119748854  |
67    | 0.0057559101500326455281  | 0.0027897761190029354318  | -0.012147281253490927258  |
68    | 0.0017690939107713472399  | 0.0075212913260210385522  | -0.0059054281514513886492 |
69    | 0.0013493805596021539624  | 0.0059352546936004861242  | -0.012862588235637838555  |
70    | 0.0088430877702206419494  | 0.005131765269784092573   | -0.0049758774793097863831 |
71    | 0.0090552962396556642422  | 0.0075142153225417791795  | -0.020815653411694595015  |
72    | 0.0067962129311929311837  | 0.0082720688397668728359  | -0.0075941445956545453738 |
73    | 0.0021802135421143307124  | 0.0035392032484476295372  | -0.018848987356506790442  |
74    | 0.0041457850218284929278  | 0.0066077365169375304466  | -0.0094393489025151738891 |
75    | 0.0072998812370803547317  | 0.00051737845081167648745 | -0.022501114318654480417  |
76    | 0.0060276452981037837234  | 0.0015844019686490214919  | -0.0061980378640730674281 |
77    | 0.0044753370620305883698  | 0.004746060129076226132   | -0.0019356060954001366638 |
78    | 0.0054678096014492442653  | 0.0044581252714077880192  | -0.0085935452867151769507 |
79    | 0.0041816518700285958132  | 0.0067735612563900341951  | -0.015161072170315152002  |
80    | 0.0016857525157718987116  | 0.0040890148943973705919  | 0.00053375459945878469398 |
81    | 0.0078819170900732912766  | 0.0014208506689127689028  | -0.0046462236433310087971 |
82    | 0.0069048938938537501864  | 0.0047707751002233587945  | -0.022267132982887589271  |
83    | 0.0051620599207635601072  | 0.0069155933789256619423  | -0.0049960789353154771292 |
84    | 0.0096291240228724549882  | 0.0021416094372601742965  | -0.0049646395360678739761 |
85    | 0.0028549940334084613486  | 0.00036851276286085216365 | -0.01235786290644640649   |
86    | 0.0017506133539257244872  | 0.0048191284484478368044  | -0.012105591841586748822  |
87    | 0.0036670722598693434452  | 0.0067783621209652001119  | -0.024416934494215565554  |
88    | 0.0060104696014917505589  | 0.00072273767310202668718 | -0.0063258675189237336192 |
89    | 0.0093389314759744455896  | 0.0070601661093839486114  | -0.014327330726936326338  |
90    | 0.0040988163672331795473  | 0.0062150530754350027593  | -0.021190400603441898741  |
91    | 0.0049450895581931971282  | 0.0024634732091651776777  | -0.010952935016491568976  |
92    | 0.0082654044345254543136  | 0.007372325019699020078   | -0.0050356851316673530497 |
93    | 0.00091656877198209747975 | 0.0074755754553918109945  | -0.0068257189354507235429 |
94    | 0.0052626832678167390425  | 0.0076436023505092216823  | -0.022752146141414887615  |
95    | 0.0045420668434302665858  | 0.0096542076463964898725  | -0.009939593910969723306  |
96    | 0.0013749825587270852849  | 0.0097894680060081392531  | -0.0036734053847420045612 |
97    | 0.0056349216300860781315  | 0.0049357110201568533611  | -0.0024634956538533950461 |
98    | 0.0099541233845030965138  | 0.005073282766932453447   | -0.023497027161810204315  |
99    | 0.0044940441931708716497  | 0.0072975783584770682194  | -5.8156997905482222828e-05 |
100   | 0.0098322044273624464167  | 0.0048429409863941464895  | -0.017663984717622326776  |
101   | 0.0063406171584667100211  | 0.0069275148491407716536  | -0.014886988898577292739  |
102   | 0.0060208674690658747428  | 0.0056085040966114474079  | -0.015418758702072134226  |
103   | 0.00013323676313730620593 | 0.008420088705720757058   | -0.007507521792314533933  |
104   | 0.0031834435219392728279  | 0.0077408744313092591599  | -0.0085184513385195056306 |
105   | 0.0086213482855130654792  | 0.0066622329148124893525  | -0.011519402711262446276  |
106   | 0.0040982525085245932392  | 0.0084096880550790804182  | -0.024053619839702979066  |
107   | 0.0081145785840442078568  | 0.0066060430243346018528  | -0.020312288721960131826  |
108   | 0.0066780041502926728095  | 0.009247518374378408193   | -0.024055303475131475932  |
109   | 0.00060062518257734368206 | 0.0035253110151879500124  | -0.0073045808814225570912 |
110   | 0.0040260522625862613447  | 0.0037430914252924974393  | -0.018050693833265900323  |
111   | 0.0065466108494758043848  | 0.0036988283403044611847  | -0.012949755780977650899  |
112   | 0.0089045193157254436817  | 0.0083519348411520040465  | -0.0012613477917864264737 |
113   | 0.0069649314501102396052  | 0.0043990737122619480784  | -0.0014812053368304571675 |
114   | 0.0085664756903074141398  | 0.0078115302690022663315  | -0.0054969464491175200338 |
115   | 0.001675686016388756687   | 0.002221595868103404519   | -0.011088733102786775542  |
116   | 0.0033833330689309977155  | 4.2437337501523180716e-06 | -0.01974163061608188996   |
117   | 0.0086963922699979986225  | 0.0035292298578964895715  | -0.0053348992689481872231 |
118   | 0.0053567619431000570648  | 0.0043397406121844783744  | -0.0037290184751995890562 |
119   | 0.0064892430415667548202  | 0.0026484903627744817677  | -0.018966664842033693905  |
120   | 0.0024607974723199741753  | 0.0033206580351848504623  | -0.020804972674705986962  |
121   | 0.0048236063199446422081  | 0.0015458357576587096038  | -0.022235504140907580428  |
122   | 0.0096569687080821000474  | 0.0074726349671046573414  | -0.0063507165810993814609 |
123   | 0.0031424483999552711017  | 0.0024783597696603500669  | -0.017016532111497971458  |
124   | 0.0038253980677872179324  | 0.0065138954429599348062  | -0.011172703538861562117  |
125   | 0.0065506512042975990201  | 0.0086588767007180593438  | -0.0053507769917915158978 |
126   | 0.0081769556025974472757  | 0.0069071955217159678245  | -0.011779512214458038796  |
127   | 0.0023095681068102786281  | 0.0073414705884848633841  | -0.0074427626604661291723 |
128   | 0.004218774471330904649   | 0.0016519108895963489827  | -0.022493096098804121752  |
129   | 0.0097174776486067641901  | 0.0061208502567761859797  | -0.00022253412875934130435 |
130   | 0.0058952947628245731815  | 0.0068736291608145899668  | -0.0017898873033976405496 |
131   | 0.0036992496784752008747  | 0.0053625288953005724804  | -0.02473845498442298757   |
132   | 0.0042194961438904660458  | 0.0031129348469720917805  | -0.0083302567044158219722 |
133   | 0.0034420334832449299076  | 0.0034053438829851315379  | -0.016341159378304662836  |
134   | 0.0075944748677309404164  | 0.0079304399035687190428  | -0.02033016517714558366   |
135   | 0.0037164488958955277029  | 0.0060953753695923706957  | -0.017931703118207673042  |
136   | 0.0042294101704500033576  | 0.0062178262142539722848  | -0.018828421138478667468  |
137   | 0.0056123939828005798766  | 0.0062298707583922632511  | -0.0087599387608690432172 |
138   | 0.0072864350099240728087  | 0.0048192945138029099489  | 0.00074940577624091147223 |
139   | 0.0062088583766982110776  | 0.00083010966871062603391 | -0.0099911828300993880264 |
140   | 0.0061357389510332824636  | 0.0065545436613901036232  | -0.014318059670818884116  |
141   | 0.00054657058089413543961 | 0.0074121319858490020138  | -0.02165145310630440037   |
142   | 6.1788691780906930453e-05 | 0.0069543486721667354192  | -0.011900593404908715173  |
143   | 0.0034165787750146670021  | 0.00030138813842539954229 | -0.014774429347262347731  |
144   | 0.0096799929731727629711  | 0.0056421738291584687744  | -0.012273034486894816505  |
145   | 0.0069885749013088131754  | 0.0094483696405201697543  | -0.011869718141506759024  |
146   | 0.0052495559788309931887  | 0.0093341991453268161744  | -0.0001718201967593066743 |
147   | 0.0043653634570355419331  | 0.00044654325529103574459 | -0.017485044174253238508  |
148   | 3.6261535748121881786e-05 | 0.0081512391172618523655  | -0.0024542869666391909679 |
149   | 0.0016599194465943452065  | 0.0078086221232394736197  | -0.016505526218970362207  |
150   | 0.0041467364055964425415  | 0.00329229883539227915    | -0.020020239912577363073  |
151   | 0.0040576524981118886753  | 0.0038234738424014645328  | -0.017856399538567803431  |
152   | 0.0074203450072147462274  | 0.001314285867353273728   | -0.014041702565212959425  |
153   | 0.0075221503853973486001  | 0.0074387662457238825156  | -0.0077855357917669268733 |
154   | 0.0043069855316322904273  | 0.0082661888672272386402  | -0.0094225227025431842337 |
155   | 0.0044672104005003482677  | 0.0010505080410657522717  | -0.0022539049198724517981 |
156   | 0.00085308632118757162649 | 0.0084719698079004403246  | -0.014979136671345587295  |
157   | 0.0055551450051578446857  | 0.00033856496980727161837 | -0.0017259532329484148037 |
158   | 0.0093867347638724903114  | 0.0036006326466287868517  | -0.014504288958775422499  |
159   | 0.0042034117723185994778  | 0.0028106119217642029119  | -0.019968082273682703082  |
160   | 0.0037235094795079054508  | 0.00073844888793689398947 | -0.023188929449712607916  |
161   | 0.0053818190969762589801  | 0.0076726401161758238378  | -0.0073098461228164497705 |
162   | 0.0053589378417942170468  | 0.00027177055392124633637 | -0.005929071627324487663  |
163   | 0.0050321423856408498479  | 0.0002744820419686892039  | -0.0089271429725848155251 |
164   | 0.0040458662203555120079  | 0.00024244523472927081097 | -0.0084682969246846536565 |
165   | 0.0063326452343237674483  | 0.0075321207918270837237  | -0.009702315025176226973  |
166   | 0.0075109911986923011754  | 0.0076477730016137838304  | -0.021649332222163548273  |
167   | 0.0015579125615494998809  | 0.0098530623615903627915  | -0.0097689785491773001996 |
168   | 0.00072865748433210725688 | 0.0058961453675088421403  | -0.0067111332719868637894 |
169   | 0.003902323402824311744   | 0.00017584366915735728169 | -0.0048463019518453290257 |
170   | 0.0099429876733298054592  | 0.0069437909470632819958  | -0.0074155859913957915611 |
171   | 0.0032314852526037570087  | 0.0077651806454071973032  | -0.021103138309224878794  |
172   | 0.0037080375576857538787  | 0.0039963840342815198578  | -0.0017806101732481135168 |
173   | 0.0042505114625038496745  | 0.00076410381761965017865 | -0.0047050764382380715761 |
174   | 0.0052809490289635347554  | 0.0013692932990869693261  | -0.0093749416816150364651 |
175   | 0.0016667140601083771725  | 0.0076961170490911414571  | -0.024549400332577082928  |
176   | 0.0030303299687368615706  | 0.0078691199804036011251  | -0.013432644066392119761  |
177   | 0.0059977304588705012203  | 0.0062551467127723954162  | -0.0042260422204780925468 |
178   | 0.002391873185514150138   | 0.0075750770247715055322  | -0.011947831083603949187  |
179   | 0.0083646524104204113964  | 0.0096882696766812190919  | -0.01692845573029951034   |
180   | 0.0039254372004937096788  | 0.00058208760955293266381 | -0.0095459299024620060392 |
181   | 0.0068301283182484236883  | 0.0088801117503307224615  | -0.017634350244063071861  |
182   | 0.0083774658488086316266  | 0.0057812436178644342408  | -0.016808785928649361968  |
183   | 0.0048105878991653071644  | 0.0042228144254981801742  | -0.01742588703823591198   |
184   | 0.0030007339792953780823  | 0.0051113017163414804431  | -0.0061185871308353425441 |
185   | 0.00056186926120965416387 | 0.0028214941014111753759  | -0.02167945688586429831   |
186   | 0.004051533714018350045   | 0.0060908481466694702408  | -0.015593933724173482391  |
187   | 0.0057360003578403005731  | 0.0067041054080582071495  | -0.0062963968080231328892 |
188   | 0.0055979966957692131255  | 0.00028851222894713945012 | -0.0041457698009967061323 |
189   | 0.0024666655892347268131  | 0.00072740641550849999709 | -0.014434893947643053294  |
190   | 0.0029078711844011196144  | 0.0052004571936172892116  | -0.0013356533804067623108 |
191   | 0.0024978356058748332758  | 0.00053754219836349003293 | -0.015032673988491444816  |
192   | 0.0025343988215351838378  | 0.00012488317874739847803 | -0.0072867077084852252544 |
193   | 0.0029765709788070930999  | 0.005059676608579598972   | -0.012117802652263899577  |
194   | 0.0092968218940283359891  | 0.0029274422052244586726  | -0.0083126527355596013108 |
195   | 0.0011369496861720184561  | 0.0027361976543494449625  | -0.0040060439513282470117 |
196   | 0.0063622472919517090301  | 0.0031133923772977286325  | -0.019584901425121814533  |
197   | 0.0046132802169536876388  | 0.0063865936329385785894  | -0.011372991055592047288  |
198   | 0.0088104397619510662482  | 0.0042902383220654862969  | -0.01688727867643911168   |
199   | 0.0089109422309921366978  | 0.0038661030639255624004  | -0.019391511268055303813  |
200   | 0.0033133965477897412213  | 0.0052620986452583066312  | -0.0086486213598968488675 |
201   | 0.002853521259663293827   | 0.0040944014119215629485  | -0.021275400587102134137  |
202   | 0.0040721568734164081613  | 0.0074687747006996320701  | -0.003829054990372202788  |
203   | 0.0048882353333509253115  | 0.0087609614385949202003  | -0.018467653773065247774  |
204   | 0.0021954269638390878569  | 0.0031547319043691403676  | -0.018188607496150650811  |
205   | 0.0068987848134862278515  | 0.0019792515209317174812  | -0.024343314807052738452  |
206   | 0.0063011827674237441341  | 0.0048951441335956750317  | -0.0083852157051354809375 |
207   | 0.0067838108272463906734  | 0.0047707981426894970761  | -0.0081242393848930428979 |
208   | 0.0037394433996731997645  | 0.0091412959142749949243  | -0.013380779298026947502  |
209   | 0.0077726120685807633878  | 0.0078932942878118268065  | -0.012941182726974698181  |
210   | 0.002942402313083614801   | 0.0047210377506972534684  | -0.0019949018199410680462 |
211   | 0.0031776645538715807271  | 0.00018199807838055915166 | -0.0059054325203196081015 |
212   | 0.0053571276170646065992  | 0.0057007328386211603838  | -0.0014262026405989255799 |
213   | 0.0069383281740334401197  | 0.0006732507007969989023  | -3.5238781048775165926e-05 |
214   | 0.0045968885883942382092  | 0.0049962856354703192099  | -0.018988572932364715384  |
215   | 9.7762311171485934244e-05 | 0.0053329709372485541857  | -0.015361414343970923244  |
216   | 0.00951895364030214651    | 0.009112422782385755371   | -0.021072027728051570539  |
217   | 0.0082975462838591074882  | 0.0081966195301654224542  | -0.018769396795905727432  |
218   | 0.00091984104327376154525 | 0.0069199164059722453185  | -0.0078743765132503074772 |
219   | 0.0026884388971922567116  | 0.0045872578173556137135  | -0.023183213987478960838  |
220   | 0.0072779774344428355831  | 0.006264413289698942712   | 0.0007457655505554156147  |
221   | 0.006932722602378337852   | 0.0095427021013885591355  | -0.010852528911494858932  |
222   | 0.0052850969544266058683  | 0.0090300131469141561164  | -0.015638074272146695876  |
223   | 0.0031689466318450664611  | 0.0021127595677245471391  | -0.01349584901585699527   |
224   | 0.0012386114860793505203  | 0.0075621029102876467093  | -0.017624243279101326626  |
225   | 0.0089144476613434806694  | 0.00038311246143388926789 | -0.012115746415190552232  |
226   | 0.0021495878384552992262  | 0.0037749539107838347984  | 0.00072786022044352334005 |
227   | 0.0066181746901538213504  | 0.0041815200570280057837  | -0.0027546257962344318157 |
228   | 0.0066197756291595452605  | 0.0030288312161953329614  | -0.010788118037715520997  |
229   | 0.0044850841344983892814  | 0.0081432339479379483443  | -0.0070431350619970254159 |
230   | 0.0050919546715155568004  | 0.0010298801338987032677  | -0.017870884139293757159  |
231   | 6.0586781804862682233e-05 | 0.0061041008733375579781  | -0.01588800144785369392   |
232   | 0.0058437677245161004716  | 0.007790468766521371595   | -0.0010783454872573554253 |
233   | 0.00040027162993737521552 | 0.0058721887523126934522  | -0.021102051086418039533  |
234   | 0.0050775039581693387145  | 0.0040565870912281781768  | -0.018892132920637391691  |
235   | 0.0015756687723784495135  | 0.0040537779142233824892  | -0.01824479260335905989   |
236   | 0.0036006755941972502268  | 0.0026494514720964302407  | -0.0099830749940578236701 |
237   | 0.0035729307826303131901  | 0.0039925006536400712773  | -0.0011883223902466547722 |
238   | 0.0023634622822825308852  | 0.0058333402645146716775  | -0.0042567040948363558256 |
239   | 0.009826220218519522015   | 0.0080302211511929805915  | -0.0032306641773698452184 |
240   | 0.0067531383344248399267  | 0.0095399433320855469426  | -0.023509146669723503947  |
241   | 0.0055960554994617175972  | 0.0087856348019480015599  | -0.0025275308958752000336 |
242   | 0.00080230297845016102561 | 0.004888582335302950159   | -0.0073859587396024684383 |
243   | 0.0026282788679071814042  | 0.0059162736863402768175  | -0.014641198360914608328  |
244   | 0.0070939706526675430642  | 0.0050916733582610160247  | -0.0043532794851427062191 |
245   | 0.0050425006917457042277  | 0.0025013698564144092561  | -0.022964131952060724134  |
246   | 0.0098997858200974061388  | 0.00082915914528586666474 | -0.010202544307663253403  |
247   | 0.0057038766720547591504  | 0.0032023926427677232472  | -0.015112631870579977533  |
248   | 0.0097649273266226018636  | 0.0051073288574919415567  | -0.010288058342482867685  |
249   | 0.0066605308454887090022  | 0.0024759762142559050765  | -0.0072075395343479762428 |
250   | 0.0066532732748958061178  | 0.0054511637299412239732  | -0.0020175781913439566444 |
251   | 0.004369238793283797273   | 0.0049436427166046773354  | -0.021540082192493554408  |
252   | 0.0072049393169811484089  | 0.0057484422391863828142  | -0.024958518739517102786  |
253   | 0.0048019978472413418769  | 0.0087936422551760651256  | -0.019677724092352934931  |
254   | 0.0023123871819583558841  | 0.0013323185838788420641  | -0.011914660726350133346  |
255   | 0.0017827521388773346234  | 0.0047341508274160986475  | -0.0011014925077486774439 |
256   | 0.004719470327898022885   | 0.0075810855156458840584  | -0.014466799813941902397  |
257   | 0.0020335104502617598263  | 0.0027050151132595240053  | -0.010847313202712711988  |
258   | 0.0032918098144807976177  | 0.0067846755765152933979  | -0.0098507607853115311536 |
259   | 0.0064233046232097662509  | 0.0092735179279413455095  | -0.01123347518222728679   |
260   | 0.0042506249161384825064  | 0.00063253511889464590634 | -0.0060635508128421937435 |
261   | 0.0057187295074920445684  | 0.0068359918731740187958  | -0.024751541499193851353  |
262   | 0.0010501119724426084823  | 0.0001759923476807330044  | -0.014522154897862345896  |
263   | 0.0072724706034981651329  | 0.00071544974266026255174 | -0.019968782476911351581  |
264   | 0.0062273488121487065305  | 0.0016991478532075786172  | -0.00045434439490486729649 |
265   | 0.0065848421851108941     | 0.0064924511957165764037  | -0.01267924548140260399   |
266   | 0.0039932123319003373987  | 0.0033704925146563619043  | -0.020395691351792668428  |
267   | 0.00082664103525334291754 | 0.0031413398405624429373  | -0.012448608907510342811  |
268   | 0.0060545286422254845915  | 0.006457960978343352948   | -0.0028101334623955257636 |
269   | 0.0037972464003739429816  | 0.002452069098344250575   | -0.0036757355458747324219 |
270   | 0.009440423316607321827   | 0.0046122935046927007741  | -0.011565058660670386043  |
271   | 0.0053279027597572699293  | 0.0091256613420380716661  | -0.00015422230312972894767 |
272   | 0.005645498783178794916   | 0.0080059790550444150797  | -0.013456904443272833805  |
273   | 0.0036935445499755772264  | 0.0095516451525229570385  | -0.015711360144489934509  |
274   | 0.0061695257401158127425  | 0.0075566380360246529491  | -0.015334477408163994794  |
275   | 0.0089456109426661514078  | 0.0052657671447111720556  | -0.0046688873297618359304 |
276   | 0.008902034006883096165   | 0.0034059675765935057759  | -0.011961576581126657018  |
277   | 0.0022912346122842867056  | 0.004857240658976761695   | 0.00060857882833975900788 |
278   | 0.0086317412264263673055  | 0.0047153219344722432579  | -0.0095248923812041499243 |
279   | 0.0039844735550662235476  | 0.0042158623687113582282  | -0.004607144961704928883  |
280   | 0.0090382834695209857134  | 0.0036961693036303539493  | -0.022489434649748535344  |
281   | 0.0043854099524121212261  | 0.0078334260436045063947  | -0.011027858468652158505  |
282   | 0.003683217045526992247   | 0.0012834890482619860583  | -0.018408556063237938721  |
283   | 0.0082502427138228823927  | 0.0056965843080554181763  | -0.019067751096949209916  |
284   | 0.0027724905980955672803  | 0.0044334428956309965622  | -0.020458749287235636349  |
285   | 0.0095924768379359089815  | 0.0060415127229230258799  | -0.003960224930954423829  |
286   | 0.0013761878679054253324  | 0.0021238311846964890751  | -0.018361787449971120334  |
287   | 0.0019856866276600111665  | 0.0064257607619589247536  | -0.0097768369450156843159 |
288   | 0.0023650920239860397792  | 0.0027908104837043173907  | 0.00042798466613116082496 |
289   | 0.0098968213234938203632  | 0.00016230929266482875322 | -0.020843109217832271607  |
290   | 0.001499753010699548389   | 0.0065031532769336255692  | -0.0056450028654349967625 |
291   | 1.519075123283728319e-05  | 0.0011933182592972482391  | -0.011654205066910412053  |
292   | 0.0028514937959023623285  | 0.0045213744234215121412  | -0.00028888049701299828818 |
293   | 0.0095167604765639401965  | 0.00027838758759825342308 | -0.017653227390822579662  |
294   | 0.0077985524104063888226  | 0.0073351825376291156927  | -0.0022509282780554329753 |
295   | 0.0025954457884026240454  | 0.0026281286832002021155  | -0.015008518805441314545  |
296   | 0.007197938369478301332   | 0.0040309541110812975931  | -0.019381987368977456054  |
297   | 0.00088426955202613381594 | 0.0030136150526764811028  | -0.021061720929628477417  |
298   | 0.0022200405640879512098  | 0.0048585327341366538537  | -0.02274385564089622877   |
299   | 0.0016189022761674369804  | 0.0073034364901997904373  | -0.015398204470321277121  |
300   | 0.004411864444168190659   | 0.007239309318472436118   | -0.018266422566388589716  |
301   | 0.0014004745990358648255  | 0.0073641396960269491986  | -0.024716104684250377738  |
302   | 0.009603302723152169415   | 0.0021023769572465489386  | -0.023148776520579828625  |
303   | 0.0080178870910999899824  | 0.0051811183991465042248  | -0.019248680476156614788  |
304   | 0.001280780771427727496   | 0.0058784718507753847341  | -0.010751995071580599389  |
305   | 0.0063191721790098508496  | 0.0072988784089854452999  | -0.020310987185044433734  |
306   | 0.0044545855135683983667  | 0.0026208408002972916929  | -0.018118419090749033479  |
307   | 0.00011848168347880631325 | 0.0036467353640846755097  | -0.0056022428752556217846 |
308   | 0.0089519379284967361826  | 0.0049759413391470856333  | -0.0038336227599628340534 |
309   | 0.0061250478118130956967  | 0.0030174342461699536072  | -0.0089157040388432966249 |
310   | 0.0096594694814488065576  | 0.0055378266639179414901  | -0.009563437114418997867  |
311   | 0.0087462717680198837078  | 0.005728317346100377655   | -0.010371222853051399737  |
312   | 0.0070526045723506899238  | 0.0038225269482528192837  | -0.021369506672296416372  |
313   | 0.0069384492561713707534  | 0.0027640427444022772074  | -0.0039808498964405969467 |
314   | 0.00419058639791381176    | 0.0068945252687749669987  | 0.0006569116966192454013  |
315   | 0.0098959060780603180785  | 0.0089210575716396761647  | -0.0068405357518043332157 |
316   | 0.005424333289143852023   | 0.0050065999227781607731  | -0.0046677129396199626421 |
317   | 0.0061339137213444697855  | 0.0018549165794232592291  | -0.024328226258674919696  |
318   | 0.007384538247606295229   | 0.0052722066569242838352  | -0.0018928815564534281612 |
319   | 0.002411084031559068263   | 0.0022783318474103066154  | -0.003385806743622658127  |
320   | 0.0068234283204359315669  | 0.0044798188267815702845  | -0.024671767671717439313  |
321   | 0.0035763367005427594905  | 0.0029605868944637000161  | -0.0096288200221523092409 |
322   | 0.0087731985831528448705  | 0.00025402606754202744195 | -0.0038236300586188586362 |
323   | 0.0050949327876949257118  | 0.0019834892454211158937  | -0.0059698468032812973885 |
324   | 0.0022077505552475472361  | 0.0044519506339760839611  | -0.012087281102920670317  |
325   | 0.0053791103122902946335  | 0.0018500119042110991542  | -0.016788040049525599501  |
326   | 0.0007905287889197954625  | 0.0049551202319619083725  | -0.0091128391129991128533 |
327   | 0.0039535151590119835957  | 0.0071179711519967171426  | -0.010567134646400600309  |
328   | 0.0099268969178057612363  | 0.0078629199133344214456  | -0.01990740741975250902   |
329   | 7.6965967775218096787e-05 | 0.0064892349899085283865  | -0.0096359956027329499856 |
330   | 0.0023336994330863448412  | 0.0030471838567810065682  | -0.0032815021656107780726 |
331   | 0.0064548175105223638132  | 0.0025701434250049713139  | -0.010962148858846752081  |
332   | 0.0058193621041011736605  | 0.0058970332489589492517  | -0.0027229040452665842671 |
333   | 0.00090723810599060484595 | 0.0072854580651822301376  | -0.014548555282701210872  |
334   | 0.00056520419222058735243 | 0.0037625280690444921385  | -0.011083875307186935588  |
335   | 0.0034253406538641739849  | 0.0095977268327780314305  | 5.4832802859396579005e-05 |
336   | 0.0087458391148645224511  | 0.0048046541146889174337  | -0.012166449502830148366  |
337   | 0.0024557108318620534705  | 0.0090295119604464971208  | -0.0079395901222716908779 |
338   | 0.008625518949835280294   | 0.0020296074370419361736  | -0.011573624094151533162  |
339   | 0.0046029762900338137485  | 0.0062501031773385187784  | -0.021155392869277426376  |
340   | 0.0044490131990259753139  | 0.0058754877293425763346  | -0.0048117384835135784335 |
341   | 0.0043150304019377219017  | 0.0087094101940664216815  | -0.018812122184805213365  |
342   | 0.0013958426558257656588  | 0.00097780423284726347526 | 0.00021883319945479023233 |
343   | 0.0018030519397772199787  | 0.0036398565385948400755  | -0.0040920978095162320945 |
344   | 0.0061101594396505152021  | 0.007408063726777909877   | -0.0012622754373537597473 |
345   | 0.0051198789032767333743  | 0.00012205175145548366835 | 0.00015021843444916479853 |
346   | 0.0099373219540151089268  | 0.0078144915472647923094  | -0.013512084676294265975  |
347   | 0.0074507403042689563516  | 0.0056118821537855809525  | -0.019255427509022083471  |
348   | 0.0082671579545969767905  | 0.0023527000227589146483  | -0.012865663038891250736  |
349   | 0.0023612310605355931251  | 0.002188622606694034297   | -0.013938453699124733753  |
350   | 0.0021890551415687836863  | 0.0036027468193358547915  | -0.0085280006185601275881 |
351   | 0.0024349226523741719988  | 0.002667407705233680159   | -0.018595702191259982222  |
352   | 0.0030624445552474071838  | 0.0034525465199065786398  | -0.012850072491291258253  |
353   | 0.0037872840699240805512  | 0.0044415325127204622127  | -0.0052239686868773040074 |
354   | 0.0067230829327240265031  | 0.0036820611408033927445  | -0.0087106583346917842992 |
355   | 0.0050502647740088123934  | 0.0042402498131542789087  | -0.0030760807283942565027 |
356   | 0.00033685850322236546295 | 0.009134245706432999809   | -0.021181120145056162724  |
357   | 0.0040999155792804178877  | 0.0043502170445650556116  | -0.024826708465953965799  |
358   | 0.0046721484075844211745  | 0.0025827411265695421165  | -0.023868432287593822211  |
359   | 0.0094338781887663616249  | 0.0042389821356573495828  | -0.018665895085259676112  |
360   | 0.0065726671180713746451  | 0.00022552686868659868277 | -0.019568534429094168459  |
361   | 0.0036594703630140890116  | 0.0060725767341427254464  | -0.021514944762965282354  |
362   | 0.00072120776011940239316 | 0.0022514961384974704027  | -0.021282993888451791353  |
363   | 0.0071264819350347766505  | 0.0076893317131145680343  | -0.00061011846753247691438 |
364   | 0.0016588221834191530304  | 0.0043617469164840419818  | -0.013099551216291582811  |
365   | 0.00041023162894366157908 | 0.0074462259092675569735  | -0.0055016211580283819887 |
366   | 0.002032950670511689522   | 0.003301995453214908588   | -0.019526247322416756536  |
367   | 0.0070728104104095159549  | 0.0026384165412745201953  | -0.002799659602558798345  |
368   | 0.006400573090855430497   | 0.00011472523124276756625 | -0.0095065514718767531871 |
369   | 0.0043336562338979400452  | 0.00068911053552746378507 | -0.021820397833181515157  |
370   | 0.0021805595133586835703  | 0.0044068411102338635871  | -0.0085166858341951135608 |
371   | 0.0028668771141688934034  | 0.0054512723719045003135  | -0.00089781854334525809744 |
372   | 0.0035524413044371702837  | 0.0063178719903950733214  | -0.01316497744673757013   |
373   | 0.007612719189530468139   | 0.0010885088821045046416  | -0.017437740401389036776  |
374   | 0.0076638046644699380286  | 0.0098696024822617703376  | -0.02165603799567124288   |
375   | 0.0058186725535458987818  | 0.0017362032675196218713  | -0.023945651371445803024  |
376   | 0.0092698220402609669138  | 0.0039089708158130910196  | -0.0022476501589310947556 |
377   | 0.0099034652999237058474  | 0.0053794540345369259299  | -0.011368477371110465371  |
378   | 0.0048241541729236317795  | 0.0092354129531085626947  | -0.0091527453300515575901 |
379   | 0.0084434055212799907081  | 0.0022937932545930221455  | -0.00047947286402940861435 |
380   | 0.0043857552963921407271  | 0.00035326181760292666399 | -0.021526231362110823803  |
381   | 0.0017892441733872107863  | 0.0045471533363877604875  | -0.01365110393787490918   |
382   | 0.0021145973725943973537  | 0.0070711781710934094175  | -0.016134899230112138835  |
383   | 0.000150543317429378381   | 0.0090611620571407983787  | -0.014734724971134743193  |
384   | 0.0076942166514402362057  | 0.0054832254683668639472  | -0.0062471243775241297458 |
385   | 0.0082208610407755386418  | 0.0019508245684365967121  | -0.021074221708161151867  |
386   | 0.0078492127671927081761  | 0.008285856570702351126   | -0.023802532286203256784  |
387   | 0.005317317458428455143   | 0.0038574699300158465411  | -0.013929188671661905247  |
388   | 0.0073996795527462586387  | 0.0053055170073937063524  | -0.00032645134634503328265 |
389   | 0.0067944452933568740341  | 0.0063308055797077255125  | -0.0090818892192769135746 |
390   | 0.0045503770940316327215  | 0.0012440639955431469482  | -0.021295909457223007738  |
391   | 0.0055448334682921696787  | 0.004411927476780258886   | -0.021156220567291574713  |
392   | 0.0052646832021053672004  | 0.0038367543768057493087  | -0.024758219580336207621  |
393   | 0.0067539416593878735806  | 0.0093234715940638430987  | -0.019781629924384237784  |
394   | 0.00089966849874759959559 | 0.004045591812470003025   | -0.024322270302886854487  |
395   | 0.0066079765628494135585  | 0.0080872043650276250609  | -0.015890909461916444267  |
396   | 0.0074414085682517634029  | 0.0047534099871548510241  | -0.014466206795968454893  |
397   | 0.0038744663874200131921  | 0.0067815529654837881229  | -0.00083879439919030897473 |
398   | 0.0054118885646805836576  | 0.0068944327049431323312  | -0.0058885096207473494601 |
399   | 0.0029607788729788665598  | 0.0074945157315847400412  | -0.022125881758162577878  |
400   | 0.00082619389974903972764 | 0.008240504535310244974   | -0.0063518157572188373508 |
401   | 0.0050744054280897881587  | 0.0048360524533731857541  | -0.022020341400018628164  |
402   | 0.0021100131070153267145  | 0.0016646333671444784458  | -0.0012460548532924531004 |
403   | 0.0046331347159498988825  | 0.010014775947677270057   | -0.0071866408050539742208 |
404   | 0.0061414400899185012106  | 0.00036443641561451409596 | -0.013492624077706232011  |
405   | 0.009435690539151617498   | 0.0046520034304042452711  | -0.020746737880057757042  |
406   | 0.0099332619128045876455  | 0.0061030482486969473907  | -0.012823071455054919215  |
407   | 0.0096403633352742119228  | 0.0088019307627165040142  | -0.0025457829876284507158 |
408   | 0.0027188225936358801152  | 0.0078031278068095436332  | -0.0072491284047768132781 |
409   | 0.0038535718562522380294  | 0.0017490471624639015915  | -0.016589899960059245609  |
410   | 0.0013882658645339067752  | 0.0028921744301550417547  | -0.00022197711663528551509 |
411   | 0.0076917229811006319548  | 0.0039334514397096160751  | -0.018010799976902462649  |
412   | 0.003833954297253241647   | 0.00093635378629100594981 | -0.016305589423250332892  |
413   | 0.002579034078160192308   | 0.0063340989516799690168  | -0.024895644117371128201  |
414   | 0.0027487268936577280605  | 0.0014478464521260124391  | -0.022039127182168712776  |
415   | 0.0027534342228146238725  | 0.0094125023508058285049  | -0.0068031439777991560905 |
416   | 0.0051946902536541854009  | 0.0056462800495897195324  | -0.00098638582490655516907 |
417   | 0.0073618721632857609879  | 0.0022142888929334940927  | -0.006413902521549445096  |
418   | 0.0074117734377205368723  | 0.0081069302964102574888  | -0.012436219096616199509  |
419   | 0.0099551480238231383757  | 0.0067646702198574729104  | -0.024133492805332192738  |
420   | 0.0064232638973778241956  | 0.0087483834025809843749  | -0.021608796724921972704  |
421   | 0.0057970010992499194577  | 0.0093174721873970460517  | -0.0011167407747427007293 |
422   | 0.0024343134674700605061  | 0.00070278085551522199558 | -0.0002086531287168760481 |
423   | 0.0050962238739990246145  | 0.0077125049510521764828  | -0.014494443154003493202  |
424   | 0.00037644582185710834732 | 0.0078107294394971944762  | -0.0047503428536470456919 |
425   | 0.0064005241649930637998  | 0.0041245548528925151874  | -0.022310691640261937768  |
426   | 0.0043257249328783071302  | 0.0094069459711723594358  | -0.0018579756068844625969 |
427   | 0.0066623151066490318706  | 0.0023352500011865253565  | 0.00022160677939290110796 |
428   | 0.0082240414109061854564  | 0.0047001255561071346098  | -0.020379458819911221851  |
429   | 0.0052356394218501436238  | 0.003802386896342125136   | -0.0036478483052973039065 |
430   | 0.0019071719038775232155  | 0.0089108842504569581167  | -0.0081033789234626462522 |
431   | 0.006937711884306439758   | 0.0071574195849543687312  | -0.0051290224458641975672 |
432   | 0.0014774560118890572684  | 0.0055566093603712125859  | -0.01900990273113892931   |
433   | 0.0026437755495408309277  | 0.0058272595178106012526  | -0.018003343073798482726  |
434   | 0.0025598037135916981363  | 0.0027197951427490249521  | -0.013744837325523059229  |
435   | 0.0097688957164953800494  | 0.0012176252530069710169  | -0.0039593955921739965725 |
436   | 0.0010453285249732713336  | 0.0079792415762241775123  | -0.0055816791816989223818 |
437   | 0.0057046099302664804095  | 0.0042193956386006202172  | -0.0029037305978466044533 |
438   | 0.0085215281420927286443  | 0.0035369948177701817683  | -0.01757745046938672881   |
439   | 0.00058533296820362430181 | 0.0074589830524643000245  | -0.0090053949542184767024 |
440   | 0.0093539056593259992112  | 0.0042491247466786936579  | -0.0019769043084975589097 |
441   | 0.0018072201111865855531  | 0.0011975958552623980954  | -0.008187710040680203083  |
442   | 0.0015319243536885515829  | 0.0027531284646404312506  | -0.0018175358776491127872 |
443   | 0.0036182868648725599256  | 0.0083258952338039916158  | -0.0087730759944496840286 |
444   | 0.00048833009467065210431 | 0.00044021461275599456896 | -0.016308617459319278004  |
445   | 0.0071992072246225974341  | 0.0071040982248685479242  | -0.0074413650630173371406 |
446   | 0.0014344409255672484291  | 0.0084642940106899357267  | -0.01432645346012729505   |
447   | 0.0038648165048111296146  | 0.0084886035438799783276  | -0.023039723279948794848  |
448   | 0.00010142293443182838822 | 0.0049588279775743000083  | -0.014394015228555739894  |
449   | 0.0061998950712790542455  | 0.0070254065805434098846  | -0.0088007762602356279236 |
450   | 0.0066636286297744821289  | 0.0039252593132944333179  | -0.0038247205843288875626 |
451   | 0.00064853188872025584969 | 0.0097460078807592321476  | -0.02478973309895160862   |
452   | 0.008123965079275475426   | 0.008822698488766163305   | -0.018561167812963096091  |
453   | 0.0058453772334371174174  | 0.0036930722751551338552  | -0.019280440909950492812  |
454   | 0.0081440820979750312703  | 0.0066432565055345050437  | -0.014519185579228268204  |
455   | 0.0015704760836503625816  | 0.0062176818023585971734  | -0.0044145358616223115064 |
456   | 0.00085588937141347297931 | 0.0042895999307069436479  | 0.00077347183798708810804 |
457   | 0.0023738292860569047693  | 0.005239307096966532365   | -0.0032123361929106974966 |
458   | 0.0027569949597689995431  | 0.0092991670417664675646  | -0.006305910179458485039  |
459   | 0.0055845103427734970811  | 0.0010948048832967937835  | -0.001231860576115871575  |
460   | 0.0064111135102785914847  | 0.0087987183864559372071  | -0.007685771293369339334  |
461   | 0.0029851403756056310752  | 0.004443503843740439184   | -0.0069928042500900485304 |
462   | 0.0037176399707226810698  | 0.0034153828960703440203  | -0.010231280272757804772  |
463   | 0.0064638094451883731928  | 0.0039264296109136178139  | -0.015997026041455020967  |
464   | 0.0084685766248487545638  | 0.0011835086588527952371  | -0.021394479882883482569  |
465   | 0.0092467690519700187352  | 0.00024262919276614835075 | -0.02232236568257184306   |
466   | 5.6756385762675570501e-05 | 0.0062429102544117875961  | -0.0071079009819956318408 |
467   | 0.0070281094366541219803  | 0.0045395802677172950382  | -0.016755071654325083552  |
468   | 0.0030999362080601010165  | 0.0071148471036104376022  | -0.018269372354030723876  |
469   | 0.0054862853587691684867  | 0.0031137210487064640591  | -0.016274334498825621109  |
470   | 0.0046588492798152894916  | 0.00038817341334200364863 | -0.017847599661143704469  |
471   | 0.00088401574991032257252 | 0.0083472956555265716283  | -0.023254298069154879375  |
472   | 0.0054621129401722879823  | 0.008609624952209684115   | -0.023200204144993224337  |
473   | 0.0068001813018524074131  | 0.0015683577440091841636  | -0.016279520529904330933  |
474   | 0.0010187979769126663185  | 0.0018846816934912011265  | -0.01155114645950864119   |
475   | 0.0049484420724019203414  | 0.0047121531755139091369  | -0.018970496013855309148  |
476   | 0.0081265744207410575695  | 0.0085844557232439278049  | -0.0081564377300520993913 |
477   | 0.0080395995903515104358  | 0.0079524177012033452072  | -0.0047838017587837023889 |
478   | 3.1126839455471747745e-06 | 0.0080198764911832594315  | -0.024802329243758438476  |
479   | 0.0040801932847971235721  | 0.0025348201235588728973  | -0.015209129291116630853  |
480   | 0.00022306055338153693286 | 0.0044622752082814545055  | -0.010203388820434713957  |
481   | 0.0033386827726395655429  | 0.0079910181234836025893  | -0.020817525678850586773  |
482   | 0.0044482843602287706897  | 0.0048307384086835611706  | -0.023852619035041353751  |
483   | 0.0057955824633676095506  | 0.0037860402196219179391  | -0.022253769029686794323  |
484   | 0.0019743959212989710232  | 0.0061219282599045297608  | -0.017033395018584824437  |
485   | 0.001287735676200811195   | 0.0052959288581332459797  | -0.021933766289245853337  |
486   | 0.0010519052382509208425  | 0.0072261789130131925951  | -0.0061327524286843172058 |
487   | 0.0081407619928679855748  | 0.0050661413051928498585  | -0.010816423583106367368  |
488   | 0.0087440408297811585137  | 0.0060890900151049105055  | -0.0087289530588987428866 |
489   | 0.0042179219499872853613  | 0.0094538603278472195524  | -0.024337496551801351269  |
490   | 0.0047285680191417869475  | 0.0086208956869445810267  | -0.0096740532731771043673 |
491   | 0.0034939888607636330684  | 0.0029198355514478730073  | -0.0080964170041849786025 |
492   | 0.0073494668494258619251  | 0.0082586588981579008018  | -0.011711207991580731974  |
493   | 0.0094053547254416159512  | 0.0071268740937328782861  | -0.0098296459386431004474 |
494   | 0.0047274162091016647125  | 0.0046869752971909284592  | -0.024404503917366537902  |
495   | 0.0076281400404113715655  | 0.0081179155155498769481  | -0.0033808082174154592374 |
496   | 0.008780813445533709044   | 0.0056691028060347776335  | -0.015633118755156185514  |
497   | 0.0049768135344019394373  | 0.005039776291491736282   | -0.0015948859921940321087 |
498   | 0.0052104427835856000767  | 0.00021170084585705041362 | -0.024752668359106409779  |
499   | 0.0093772829378135341     | 0.0051136776909144242634  | -0.0080118968008570830286 |
500   | 0.00050525983239092223023 | 0.0003052770762008453413  | 0.00066213456510546848249 |
501   | 0.0045932939910681225629  | 0.0038709317415871122292  | -0.01992121199152745159   |
502   | 0.0055354762454308242131  | 0.0052948151259277686717  | -0.014105804471909523176  |
503   | 0.0012384353694152054268  | 0.0026692397658662119289  | -0.0086653079638417881969 |
504   | 0.0022101456232143474809  | 0.0033341042095283309442  | -0.018008891534969203446  |
505   | 0.0070450972389452240149  | 0.0076163442472183375334  | -0.023560358678283627176  |
506   | 0.0036484874280941800677  | 0.0022619158172031039906  | -0.013398761300595460333  |
507   | 0.008931381907203234799   | 0.0037326229324142678676  | -0.0039531987256880450274 |
508   | 0.0045770313315941536791  | 0.0017199227182554050527  | -0.017948480252119348999  |
509   | 0.0013938702971711760831  | 0.0030257694001856795009  | -0.024903829871302216731  |
510   | 0.0076807084245123459151  | 0.0084692429175739283864  | -0.0045008275636523702168 |
511   | 0.0022894311373486474041  | 0.0029265664680774676476  | -0.021175638240473151908  |
512   | 0.0073960171807204667591  | 0.0097651363990245900609  | -0.021421649174201595062  |
513   | 0.0056460040177851540319  | 0.0032273328819820332712  | -0.019501451369923428203  |
514   | 0.006946131316473621968   | 0.0016288893647067982998  | -0.0017401048556942790187 |
515   | 0.0076294244738644287004  | 0.0056335183412939181594  | -0.0096960114704022822701 |
516   | 0.0042498605725570064162  | 0.0010290922777764349976  | -0.001938796520463283591  |
517   | 0.0075150955139487770479  | 0.0055463273135713227549  | -0.017319480108850704436  |
518   | 0.0032640424098308125009  | 0.002910772488033729153   | -0.01076608091424226428   |
519   | 0.0019381112317342975068  | 0.003644867398026919135   | -0.020186469249310622781  |
520   | 0.002832652860849561513   | 0.0033549254917505095912  | -0.021937525698501488675  |
521   | 0.0042705541846211779108  | 0.0059058050183010630044  | -0.007042939669567998065  |
522   | 0.0029122925040441158262  | 0.0034855829686955101809  | -0.0053756200669311171234 |
523   | 0.0014946477935276585025  | 0.0083787402601993733048  | -0.0082174633930790497161 |
524   | 0.0087634258314269915247  | 0.00127063043577452673    | -0.011227462508551224254  |
525   | 0.0034059501410602975938  | 0.00057614060911109668105 | -0.024326733919487350533  |
526   | 0.00032382013828884066492 | 0.0055540616962650914828  | -0.0052742898611093068373 |
527   | 0.0092073373400502877412  | 0.0053251023333999386936  | -0.0069703678353308312979 |
528   | 0.0087727716338066134838  | 0.0023447026997710203669  | -0.0098522461895048773356 |
529   | 0.0066865967876164437989  | 0.0056668687690600268517  | -0.014902442503546544858  |
530   | 0.0034375100866767026656  | 0.0065837305475803433591  | -0.0022462078051290333865 |
531   | 0.0037928050380576098025  | 0.0040080919066742964896  | -0.013861632644862512814  |
532   | 0.0047587932199509418857  | 0.0037282125616676996087  | 6.1483452772020187648e-05 |
533   | 0.00027769348223764318178 | 0.0057259172409763851863  | -0.0062099331156591558098 |
534   | 0.0023090610031437056211  | 0.0040402086048253980921  | -0.0090948263784998636949 |
535   | 0.00039296214392148275975 | 0.0084849534686871307121  | -0.018421370841562544757  |
536   | 0.00018028219849599289634 | 0.00016350711346472602322 | -0.0023765438528916484236 |
537   | 0.0022618228979043239479  | 0.0041869578048283114663  | -0.0082418037221678504961 |
538   | 0.0085595403821863650512  | 0.0016476894286684849646  | -0.024735172784980722499  |
539   | 0.009256890516327673582   | 0.0060526872047648389366  | -0.0031389103050065039584 |
540   | 0.0048387457285698218593  | 0.0060462948361515644544  | -0.015379595920511499735  |
541   | 0.0017321285489624259606  | 0.00049004367295908993988 | -0.011005718302197166     |
542   | 0.0064570410288289255274  | 0.0027089337127944737929  | -0.0067617410273599111437 |
543   | 0.0078888690238473977573  | 0.0061030738300973117264  | -0.0049815744230208092516 |
544   | 0.0045184781340352458273  | 0.0035761681383389082658  | -0.018652547586197977536  |
545   | 0.0083443140243255400912  | 0.0085543627840688491598  | -0.013629798106947350542  |
546   | 8.6300913720550322897e-05 | 0.0081123441211653300048  | -0.020762178988511643257  |
547   | 0.0030941580445377806462  | 0.0035177402118502037152  | -0.0025616677856036547227 |
548   | 0.0040781834444575358611  | 0.0030637834437866550384  | -0.020685466805601716855  |
549   | 0.00076883193278553120086 | 0.0085950961354065835013  | -0.022298305156219607598  |
550   | 0.003486124421675458173   | 0.0041434267629215813453  | -0.006200773689727650563  |
551   | 0.0062832885788985989167  | 0.0023852905032903468779  | -0.020415452888472119392  |
552   | 0.0048350299238830623041  | 0.0054773043625874779511  | -0.010572378767393572629  |
553   | 0.0031165494352299134492  | 0.004960554210732408785   | -0.013912419306436458327  |
554   | 0.0017068706130135427937  | 0.0089284650850592790772  | -0.013067083921111489336  |
555   | 0.0070000318092812837886  | 0.0035257660599641491538  | -0.0028040449742817645344 |
556   | 0.0032402251129781960322  | 0.0078260851502982269751  | -0.0054073132367290265357 |
557   | 0.0054913501513827759834  | 0.0054248127113857621401  | -0.020821897529642075658  |
558   | 0.0027647157572069040038  | 0.0058026672669176816016  | 0.00056910600029539109429 |
559   | 0.0070617108830660002203  | 0.0010687678764140385451  | -0.00083914012334623767561 |
560   | 0.0054843280879254309446  | 0.0036183587967019243889  | -0.018169377551685336747  |
561   | 0.00056855802644121731203 | 0.006137520627679323923   | -1.0446217740815240849e-05 |
562   | 0.0044877059485821397394  | 0.0070693839181099407676  | -0.0029447099571460874298 |
563   | 0.0070767595182213705041  | 0.0043740019638730245552  | -0.013483325566491618369  |
564   | 0.0047508272237079427966  | 0.0072522717648671837162  | -0.018920889423186745826  |
565   | 0.0072039122806438482538  | 0.0049539045708547726002  | -0.024239870517820265999  |
566   | 0.004219548208836850639   | 0.0089647766795155087866  | -0.020796404803594271959  |
567   | 0.0088328257444620066757  | 0.0009412449743187901877  | -0.0030446371613747961159 |
568   | 0.0070964997154965318502  | 0.0011322180311882986282  | -0.024949461254872649929  |
569   | 0.0049022069009811899271  | 0.003913111477195638406   | -0.016658791988481504165  |
570   | 0.0062650271983906132348  | 0.0098033591661774530795  | -0.0028010798579065883732 |
571   | 0.0097964211971703629711  | 0.0065334654932977373129  | -0.023185910774131630874  |
572   | 0.0042092676334252333153  | 0.00026549328209670325666 | -0.0042338189155473994821 |
573   | 0.00094690449074503720353 | 0.0069252935698782590659  | -0.0069902053393529131609 |
574   | 0.0066448618836667640644  | 0.0090373876604970346943  | -0.0084746514891716941825 |
575   | 0.0050609211957062189349  | 0.00028768225943666717818 | -0.018311700183883540538  |
576   | 0.0059294112086234465261  | 0.0026977886086462987345  | -0.0062498406256151209023 |
577   | 0.0024790308517475237622  | 0.0079819751621617515691  | -0.021319138725549351132  |
578   | 0.0034930516850193815519  | 0.0074008245574989335938  | -0.0092047505591929708324 |
579   | 0.004871089482629371685   | 0.00044230263475020611301 | -0.015975466926882411767  |
580   | 0.0064381504440871491213  | 0.002499397438717823345   | -0.014351138199031422682  |
581   | 0.0080607680683501374552  | 0.0069989090899040167296  | -0.0071387663985128784611 |
582   | 0.0041764424546423626478  | 0.0073161509676439003338  | -0.00089326183997941502844 |
583   | 0.0092604368962281718991  | 0.0076967489524874801651  | -0.012074687753435685983  |
584   | 0.0053397177462821817859  | 0.0087107999331637528395  | -0.020155118671301215649  |
585   | 0.0035486140267822537803  | 0.0025512437581126498273  | -0.010376629413154985979  |
586   | 0.0076419816848631088799  | 0.0088949942508949018938  | -0.014795711323373091778  |
587   | 0.0018087668262869289158  | 0.0033773551141043165608  | -0.017718905455494943918  |
588   | 0.0082157607071357066642  | 0.0041029486519382398629  | -0.018361506371092208706  |
589   | 0.0035011514241807006366  | 0.0070350595559168262183  | -0.011388239423439205228  |
590   | 0.00034001273160338100912 | 0.0092876152740565386806  | -0.0095224313686061712314 |
591   | 0.0030050411612555414341  | 0.0033706212503737927391  | -0.0061178051017385512086 |
592   | 0.003107103756900548696   | 0.00073267790597838090404 | -0.021160405670611132783  |
593   | 0.008148663052673522228   | 0.0081374004242555624672  | -0.017489743633224821839  |
594   | 0.0093523371108889582354  | 0.0072921937590836091031  | -0.0033664347297928313811 |
595   | 0.0024995609687699384648  | 0.0080057333320863854204  | -0.0071267068562963654249 |
596   | 0.0099847073910617461373  | 0.0075430387500262504816  | -0.014674937265028900613  |
597   | 0.0028787139560108939047  | 0.0080317713281027099809  | -0.014879812364240123379  |
598   | 0.0043291884702603179724  | 0.0044673651309937324055  | -0.016080097555351873656  |
599   | 0.00015738078893694619573 | 0.0069726876110942134085  | -0.0033355509035191406413 |
600   | 0.0011924901462177599481  | 0.0014647694690366232229  | -0.017700178206574598144  |
601   | 0.0015858422861805560999  | 0.00097148302192011208329 | -0.019297722190281193372  |
602   | 0.0065887513290348352982  | 0.0062956786604305269711  | -0.014293197403961859296  |
603   | 0.0025129771566537268887  | 0.0024673539123037904926  | -0.015211489306949248917  |
604   | 0.0092529645366806363704  | 0.0077636800925148345687  | -0.021358852574151231118  |
605   | 0.0070294104111520878952  | 0.0075218208036746626519  | -0.016819749327602065425  |
606   | 0.0089096636225808878429  | 0.0023951866973898729499  | -0.020426374489946434732  |
607   | 0.0017335056104470175729  | 0.00078614556375789369606 | -0.023754712962971925166  |
608   | 0.0040266719729303524986  | 0.006954347471377657873   | -0.0048592329804119189715 |
609   | 0.00038167213295740479813 | 0.0001409624073893719486  | -0.011345432158829877115  |
610   | 0.00054952304023059967125 | 0.002002053280365789778   | -0.024506690724760929467  |
611   | 0.0047957545850721532144  | 0.005688829186032016462   | -0.015495298774688115104  |
612   | 0.0047511473681136123445  | 0.0085640740148233921586  | -0.00052118319959852080388 |
613   | 0.0065884297519122969958  | 0.0096783850414719728439  | -0.017556309254427093086  |
614   | 0.0046301986322776229194  | 0.0030375018803875260785  | -0.020860732470900492097  |
615   | 0.0011587506031159825609  | 0.008922471770741723443   | -0.0039578625985719128808 |
616   | 0.0092949149679114641265  | 0.0038785067602673892889  | -0.0023918128733714264997 |
617   | 0.0065685350504076445502  | 0.0030980676342250552079  | -0.0035559892855249173628 |
618   | 0.0021805588236212250161  | 0.0070134768711854903259  | -0.0082661144965017127606 |
619   | 0.0021070572211667588057  | 0.0085905906503300124427  | -0.0047149679712719305344 |
620   | 0.0077469737451500561218  | 0.0040109587264353149111  | -0.0056038457772953614161 |
621   | 0.0044016979093994337835  | 0.0058054408589452970862  | -0.01808475654719499115   |
622   | 0.001988096176440473737   | 0.0089981450270274349057  | -0.018750411743960717498  |
623   | 0.0031143569651911292596  | 0.0027871671846754083289  | -0.011757133199262557316  |
624   | 0.00013065887202942864215 | 0.005325155422275292677   | -0.0040079503031728216239 |
625   | 0.0067059005739682330666  | 0.0058367609085909939737  | -0.012423342225296311533  |
626   | 0.0016424739327198483851  | 0.00027884762409026371587 | -0.0044969553105456113243 |
627   | 0.0054626450920638273956  | 0.0094973962615900082984  | -0.017435511362007202751  |
628   | 0.0070508891584765923805  | 0.0082424836450973419655  | -7.2797780161056120023e-05 |
629   | 0.0075464506102315021679  | 0.0067481769456199831858  | -0.014559685975485561413  |
630   | 0.0061366221338895457146  | 0.0094356071110354312187  | -0.011182031324880921039  |
631   | 0.0088853414627504019585  | 0.0051849022618557887021  | -0.012424808839059777246  |
632   | 0.0053014931603729388912  | 0.0069754827097807661426  | -0.019918386074344051478  |
633   | 0.0049368482692933269781  | 0.0018442051934574464796  | -0.010353359527398898338  |
634   | 0.0036454336684004474099  | 0.0039051384351613317204  | -0.0046572237867577026549 |
635   | 0.001520962343844906809   | 0.0026514151252912507468  | -0.0049280835923414326172 |
636   | 0.00076047205936934710469 | 0.0071336791703425234817  | -0.0089555188166953424156 |
637   | 0.0062156123760821468949  | 0.0027227761971745129306  | -0.025010438116077574056  |
638   | 0.00011001268758230342039 | 0.0025386687703043641327  | -0.017534847542190597214  |
639   | 0.0070857598277604735143  | 0.0022876306320661881494  | -0.01214454967374451605   |
640   | 0.0031004309471251512501  | 0.00050613871492996575802 | -0.0068016070285207130136 |
641   | 0.005861355323242549431   | 0.0079015038376946625936  | -0.0061369270236587827524 |
642   | 0.00090687913864127128998 | 0.0087616807085309170861  | -0.0048236664743158009366 |
643   | 0.0089566620888392855376  | 0.0059794309504378351933  | -0.0015950822730595073506 |
644   | 0.0054188138453209857073  | 0.0093290471776167043644  | -0.019208694990887710541  |
645   | 0.0034838320705618225186  | 0.0093786885367802292485  | 0.0007134600368904524606  |
646   | 0.0023116897283444277564  | 0.0018403332148106904889  | -0.007544587449185602944  |
647   | 0.0049090974554666811508  | 0.0038010493569471332301  | -0.015892781901654641497  |
648   | 0.0040768988296434136714  | 0.006264802579994086483   | -0.017542154163063990169  |
649   | 0.0043151444299650669467  | 0.0061238893397173761735  | -0.0023942793821730042059 |
650   | 0.0033858436888508868477  | 0.0081539990562837921795  | -0.0050166091885305444734 |
651   | 0.0046767546560614022336  | 0.0065842045544001470692  | -0.0059143151106897670979 |
652   | 0.0026130666545456861412  | 0.0057586713870544856131  | -0.011100950901324388442  |
653   | 0.0064632090731796473793  | 0.0048022453796495220141  | -0.001571129890272260311  |
654   | 0.0056021898801520229189  | 0.008048988143439576165   | -0.0076157132422907149183 |
655   | 0.0051147079793162873729  | 0.0047762645809223220825  | -0.00059288376203293143441 |
656   | 0.0028026241698293412156  | 0.0028926667699618246674  | -0.0003301043582408175539 |
657   | 0.0081809787295279278591  | 0.0091862565591970639367  | -0.013060695686980049873  |
658   | 0.005618862195214085857   | 0.0083843602355450214114  | -0.0077817790113701114027 |
659   | 0.0081496928082937982601  | 0.0045159736868859356659  | -0.011843165149503620537  |
660   | 0.0063893865316234817187  | 0.0016127004672179233186  | -0.017912472116846718528  |
661   | 0.0011012727399122470683  | 0.0042235564746239519576  | -0.010932180968079546757  |
662   | 0.0043319954326102184244  | 0.0081471917230647415697  | -0.001771958923000612916  |
663   | 0.0077491234150576021253  | 0.0019718415516270229246  | -0.016345572897361489856  |
664   | 0.0044279509837513468182  | 0.0026453097062956688543  | -0.0073855935982203415116 |
665   | 0.0021962539548416575713  | 0.005698574623135776139   | -0.002642086847889900305  |
666   | 0.0062735933539927353497  | 0.00093138767972431241778 | -0.016341204491913646768  |
667   | 0.0084141143996049622827  | 0.0020792442107292158186  | -0.010359745538727800282  |
668   | 0.0055243098710945062399  | 0.0016913399058812235865  | -0.0056436631152113380175 |
669   | 0.0091424661508779959951  | 0.0024826229500894613986  | -0.017157213478731891954  |
670   | 0.0020398621940914156078  | 0.0059250243095278999281  | -0.007943596499417893142  |
671   | 0.0021795343479835932281  | 0.0079442280849461657799  | -0.017760664102244139162  |
672   | 0.0098935441833087525015  | 0.0058506698001703797904  | -0.012657413624716304032  |
673   | 0.0080588751753990130883  | 0.0049309326159712452142  | -0.023564357353940520307  |
674   | 0.0072580096401233529235  | 0.0024344695060775798853  | -0.011719733433946718376  |
675   | 0.0025551033779183515357  | 0.0040210342027932463246  | -0.020705753450401407495  |
676   | 0.0023798859191983593418  | 0.0099201588121800854392  | -0.0029821142507744547064 |
677   | 0.0062531407217183169675  | 0.0027847461764065133648  | -0.014997763817979237189  |
678   | 0.0024156398207862204812  | 0.0029110738888667065001  | -0.0022509770845507478393 |
679   | 0.0039187148887476624948  | 0.0074762209387304323638  | -0.0069100973945036203369 |
680   | 0.0015978830288346131117  | 0.0068415015708921615017  | -0.014176010196374301542  |
681   | 0.0040142041562414177563  | 0.0013936114771657202426  | -0.0062915479033754592719 |
682   | 0.0012825488007458497267  | 0.00086105394735867119005 | -0.012605024241894753623  |
683   | 0.0044688845361132191469  | 0.0053608605021492920437  | -0.0040785176736776269577 |
684   | 0.00061933587863569484599 | 0.0019888463896779329937  | -0.01839463380426356251   |
685   | 0.0059458525396997793933  | 0.001711350172309995853   | -0.021592024934460787855  |
686   | 0.0052796773100774246554  | 0.0038042124204772666783  | -0.018652960188482836656  |
687   | 0.0080120050344549310906  | 0.0048666138789948912985  | -0.0094534259339667733868 |
688   | 0.0036178181729154320484  | 0.0071707616937058552345  | -0.0069716051242220402825 |
689   | 0.0049363942487215600394  | 0.0066659866718939255262  | -0.002890108936183273438  |
690   | 0.0063023319873719042816  | 0.0067199991071212094099  | -0.011247924828133573291  |
691   | 0.0077894533262449858896  | 0.0044595105608779116863  | -0.011460518134834668871  |
692   | 0.007029281273899810889   | 0.0082468432493983962611  | -0.014881384719467413702  |
693   | 0.0075934519886455683832  | 0.0037663936440808310283  | -0.016941078055730300622  |
694   | 0.007712200141117811665   | 0.0093775520000978565549  | -0.012854490044177371497  |
695   | 0.0047791940387331569365  | 0.0082349036289133710487  | -0.021608593871557762317  |
696   | 0.0020471820272229342315  | 0.0025703953651011980305  | -0.016591625344394553276  |
697   | 0.0063379564463507944913  | 0.0045056065692383245533  | -0.016872708762289221479  |
698   | 0.0019190084459108944052  | 0.0087988861164093653405  | -0.016208674443575901009  |
699   | 0.0079571582030974110505  | 0.0010470144816565696375  | -0.012905588049429494307  |
700   | 0.0058351759678906892082  | 0.0019238710997661117794  | -0.0064113612011909727056 |
701   | 0.0050387668481633165682  | 0.0061696042512140013975  | -0.019364522056183896409  |
702   | 0.0054013229700098728397  | 0.0068076069196420013405  | -0.016579436752919778086  |
703   | 0.0040823384273124489058  | 0.0055225668609324134878  | -0.020033663479849313227  |
704   | 0.0028171911045130173037  | 0.0089133444715748973153  | -0.0089839487319511059094 |
705   | 0.0025563537966840381085  | 0.0091494885771897481452  | -0.004260018253293576182  |
706   | 0.00096491272512840237183 | 0.0082893961906933648354  | -0.021727807761920882312  |
707   | 0.0015577643012294592386  | 0.0082150089653449838434  | -0.022213624340754772879  |
708   | 0.0070526265384441202272  | 0.0044690008334149948846  | -0.0084521968534662563627 |
709   | 0.0046231035746015329557  | 0.0019938579466148549993  | -0.01521201724027517084   |
710   | 0.0057810521736655403474  | 0.0091916813960083738194  | -0.012804032832739540432  |
711   | 0.00063861024128215578086 | 0.0070934186823388718085  | -0.014833890090269991752  |
712   | 0.0045423260089496693068  | 0.0051315631398147027939  | -0.02177974507955422398   |
713   | 0.00085153983205857720993 | 0.006039711556865579381   | -0.018371950433090328964  |
714   | 0.0011160364720339845373  | 0.005418362481372495168   | -0.022296954488647973552  |
715   | 0.0046570427967660456281  | 0.0090813005030595857908  | -0.018417738961251862301  |
716   | 0.00013621676175060441934 | 0.0075346376439426928501  | -0.014378834166796835084  |
717   | 0.0028835197988498011655  | 0.0089573314650225749345  | -0.0076098590635290622869 |
718   | 0.0043902590361082367149  | 0.0069273990804772532168  | -0.012685491801225270286  |
719   | 0.0092779819214806307642  | 0.0041972653689848178973  | -0.021446946655829041833  |
720   | 0.0066434459466834889715  | 0.0078623628694799389122  | -0.024585561484274570665  |
721   | 0.0069385260860808772171  | 0.0048906739251453690623  | -0.013420320518267168236  |
722   | 0.0021441018339236643173  | 0.0067138007880128197299  | -0.005795129140331499451  |
723   | 0.0042078168229585611801  | 0.0049183551486493889277  | -0.0090093166615578292034 |
724   | 0.0073129913765488212263  | 0.0054361956431977099397  | -0.013831101073098936785  |
725   | 0.0087697771223407723629  | 0.0063491792443463000717  | -0.0099964340927151239952 |
726   | 0.0030576006540667323604  | 0.0071161044630918771775  | -0.010084687321692450621  |
727   | 0.0033315062240688499834  | 0.0030438901035499408079  | -0.0090471262072265908744 |
728   | 0.0049466205845909907296  | 0.00058686290329077372887 | -0.0029623857082024269288 |
729   | 0.0099440598094339294893  | 0.0063054581849188032563  | -0.014304785947678717167  |
730   | 0.0084460152788243206962  | 0.0028538466129758325793  | -0.0033431984836756762497 |
731   | 0.0058232676820515359359  | 0.001846191798001751332   | -0.011945181102356504377  |
732   | 0.0043358479269315691393  | 0.0098831813217794706877  | -0.024628129774822860726  |
733   | 0.0080460072319061236301  | 0.0084570976725082645797  | -0.01323092944513157114   |
734   | 0.0050787593115412333136  | 0.0043938821341910610369  | -0.013866935083095360826  |
735   | 0.0045836958885679289152  | 0.00030557342824562972296 | -0.0060710750618485024438 |
736   | 0.0093349495250225310305  | 0.00027977911630420592305 | -0.001427133943172802363  |
737   | 0.0061218803898475705749  | 0.0080176366953146130379  | -0.0096505913551317244053 |
738   | 0.0022901787205898463916  | 0.0072817658712854118133  | -0.017189529112051210591  |
739   | 0.0071396761123133350296  | 0.00081889456738905470889 | -0.023086346002779176839  |
740   | 0.0066068610002470795975  | 0.0033466128120265780342  | -0.01958229382672301358   |
741   | 0.001756009685227221534   | 0.0068642128490742455524  | -0.0030652195207550316479 |
742   | 0.00083506536226924017469 | 0.0046507979933699218275  | -0.0021246418247141711164 |
743   | 0.0035989589944173641829  | 0.0047416137046359550442  | -0.021878345577214981105  |
744   | 0.0089138456732754684647  | 0.0049808235396798768505  | -0.014071406129731137136  |
745   | 0.001671481358344357928   | 0.0064369046608199987844  | -0.015740205710251628513  |
746   | 0.0068212126052302375634  | 0.003644675609211990748   | -0.0039999269006293636242 |
747   | 0.0045980514345622079675  | 0.00060454612029035923858 | -0.0094014366787919575325 |
748   | 0.0086037428361355264284  | 0.0031668059614676203305  | -0.015161287241304655798  |
749   | 0.0099633008263798547577  | 0.0041510753509393242058  | -0.017602217580466091723  |
750   | 0.0080730481685458901214  | 0.0019007024029999626015  | -0.0048435949424013233222 |
751   | 0.0045053828526372260641  | 0.0067719806866015849756  | 0.00083786985177663759593 |
752   | 0.0020267418034306825328  | 0.00870010590100892163    | -0.013031053777727733684  |
753   | 0.0073594101433237480922  | 0.0089673956732837720174  | -0.0057030570083036738124 |
754   | 0.005986399656304998082   | 0.00804227620369043876    | -0.0068281058606091300789 |
755   | 0.0013711569557113773357  | 0.0081237635966110409436  | -0.0098804111931068885205 |
756   | 0.008481306030394849052   | 0.0091017342102067411158  | -0.0074151853453155768328 |
757   | 0.0063831370361086261708  | 0.0043939741487864607261  | -0.015877669634773182439  |
758   | 0.0031049260453186464451  | 0.0023379452075286111766  | -0.016010004254119344913  |
759   | 0.0042112405902825994844  | 0.0099663422013355918577  | -0.0097441903302171537643 |
760   | 0.0015387213058214825601  | 0.0095911810778828779367  | -0.011598419964642095806  |
761   | 0.0033788131941145608389  | 0.0088259565620159297072  | -0.017958134861374746433  |
762   | 0.0079248234284822992313  | 0.0037810230178956078483  | -0.011637676498528284202  |
763   | 0.0081442948864182008323  | 0.0040077124701559602507  | -0.011306775904717453543  |
764   | 0.0065194544982109282893  | 0.0050688639636820099002  | -0.013511498149828098103  |
765   | 0.0019800792856986509753  | 0.0050099794407101371288  | -0.0091568289655778456471 |
766   | 0.007721707403745976285   | 0.0068490611434298296831  | -0.022480898529240119638  |
767   | 0.005298042773626037566   | 0.0020638121603846551477  | -0.015207064192627829657  |
768   | 0.0036047161801998849583  | 0.00052375792548523686116 | -0.017129114082941016006  |
769   | 0.0014637219172683516282  | 0.0056461241303526754631  | -0.0092057311273655035438 |
770   | 0.0010492467157968881145  | 0.0089132300749644437915  | -0.0039468485880323304904 |
771   | 0.007176986772790949938   | 0.0062305501062263684772  | -0.0065127365889205380764 |
772   | 0.0029455048358978876306  | 0.0094805781211460757318  | -0.022629494750752855714  |
773   | 0.00051126322458498036066 | 0.0019010704388004709322  | -0.0060880956651757035455 |
774   | 0.0076328536778535790303  | 0.008896641173633909605   | -0.016120479361220792919  |
775   | 0.0084991194861235661723  | 0.0040952558766635688975  | -0.012811658613290076783  |
776   | 0.0032542302140504126944  | 0.0056525759643765655441  | -0.017187771554722792999  |
777   | 0.0086307966293649417133  | 0.0051959139664134934219  | -0.0039392875495761672106 |
778   | 0.0019718237890822237594  | 0.00011783897977843203048 | -0.0023270190597129572843 |
779   | 0.0049126529564690653989  | 0.0043160374454300244607  | -0.0058867105974488662806 |
780   | 0.0077753660770941979141  | 0.006190922193838122381   | -0.017354311402800248754  |
781   | 0.0020920692352101072538  | 0.0033246602737365084021  | -0.0039997390708776886861 |
782   | 0.0016917628601899189437  | 0.003239824465254785308   | -0.020150993640946739116  |
783   | 0.0029987693877263437402  | 0.005600397761258608248   | -0.0039504997767014302795 |
784   | 0.0082596074052897414108  | 0.0037370138096342146727  | -0.016727875631747313873  |
785   | 0.0014494575472229272606  | 0.00060812502075473283489 | -0.014007132198155657077  |
786   | 0.004104836590554238919   | 0.0064981107603613022169  | -0.0092780839808507473143 |
787   | 0.0026318482689786904492  | 0.0011439896953844700452  | -0.0016021437690959851319 |
788   | 0.00084033538278847008055 | 0.0060952504825386756571  | -0.017069790889907798109  |
789   | 0.0053315710816203972996  | 0.0052508142010264493085  | -0.01977464965537962388   |
790   | 0.0049067692695587607904  | 0.0042254927713382146176  | -0.013203249322536785709  |
791   | 0.001280974500148156876   | 0.0091001057174014670509  | -0.020252981152101917628  |
792   | 0.003260229661513897384   | 0.0022733396878798608001  | -0.006355870172265744647  |
793   | 0.006204750520666456326   | 0.0015653675092788545652  | -0.0027412153177978153783 |
794   | 0.0094026713245127183788  | 0.0061177207593125348256  | -0.024984480238630538823  |
795   | 0.0041719855002789740794  | 0.0070201326428255333631  | -0.014182324504814351404  |
796   | 0.004670048250477662477   | 0.0067370473681119865533  | -0.0039231652569501843791 |
797   | 0.0019623199486219202944  | 0.0066647190119386873902  | -0.013919676018354415828  |
798   | 0.0029549290221045857591  | 0.00052281274013529690364 | -0.0022128572408853380837 |
799   | 0.0069995686836940998812  | 0.0024113837284780222786  | -0.020677217592213366359  |
800   | 0.0070143354855039244042  | 0.0080236280405377915365  | -0.010588868784621894778  |
801   | 2.9087157099631885166e-05 | 0.0020538332190925428535  | -0.0036672974167576070752 |
802   | 0.0031045068269836520632  | 0.0095478329766012608182  | -0.010484312890564364412  |
803   | 0.0079285913854878070639  | 0.008378739237875316298   | -0.0062965916909455540637 |
804   | 0.00089778262892535468445 | 0.0039739085351963941012  | -0.020368178641131180068  |
805   | 0.0028670512792442048172  | 0.0040482993156951575103  | -0.01155194364774041714   |
806   | 0.0023865064693335434273  | 0.0039087612524763455657  | -0.0043111318288692468403 |
807   | 0.0019452204706768649965  | 0.0081910028527422042849  | -0.0027131385662752219474 |
808   | 7.3655683830313567581e-05 | 0.0021748152620838993691  | -0.021049190108351767403  |
809   | 0.0031144083087559304782  | 0.0041896397261654578364  | -0.014849163172261183041  |
810   | 0.0070401437412771590216  | 0.0035239822211547422448  | -0.0029332565284897423909 |
811   | 0.0075310599665472264738  | 0.0027166835057612823655  | -0.024031260883124721389  |
812   | 0.0083816492069195142056  | 0.0049703065180785460653  | -0.019070556954851141523  |
813   | 0.006263972418611226875   | 0.0046548075235827816865  | -0.0065375838311819024079 |
814   | 0.0045073818764278317586  | 0.0075140766370800464446  | -0.017095196218510615854  |
815   | 0.0042031170100699137906  | 0.0036038514184860599709  | -0.016466910964735209655  |
816   | 0.0032367995404367706953  | 0.0041041737623154000633  | -0.016514401488251322786  |
817   | 0.0090697478795745082453  | 0.001505666893761238535   | -0.0044101005751916956196 |
818   | 0.0076621300753121433097  | 0.0053206456082699939841  | -0.0048767342514760871064 |
819   | 0.003358180784731285267   | 0.0059386009576631107465  | -0.0086191097209116773747 |
820   | 6.9542911186356543376e-05 | 0.0015339625378071688501  | -0.010558399352393830692  |
821   | 0.0066341562903769191184  | 0.0095618262204710761237  | -0.0057515776830343286544 |
822   | 0.0023211621524270309447  | 0.0066566604327104907102  | -0.0091864707789460348097 |
823   | 0.0033046597213678245708  | 0.0026120851443495163823  | -0.022975819966870862643  |
824   | 0.0058888628263776970906  | 0.0016924543110908023442  | -0.014133856874543038878  |
825   | 0.006448469002054530233   | 0.0056308739953643749052  | -0.017244722091612322418  |
826   | 0.0076945314786126470241  | 0.0069041869660410081291  | -0.016567788796095359732  |
827   | 0.0090362693284786153869  | 0.0073717045085865580412  | -0.0021761235350931055349 |
828   | 0.0001258103776301823767  | 0.0050249689681735624711  | -0.016537146824724499594  |
829   | 0.0012298787164737327773  | 0.0073506082241370038904  | -0.007310490073251151022  |
830   | 0.0028213032693635842207  | 0.0039337441048670519772  | -0.0027996252579495237503 |
831   | 0.0038983210389017834349  | 0.007616349742257550251   | -0.0012128557265306679717 |
832   | 0.0054490177225117036874  | 0.0023245642855624581123  | -0.0088198140757524395167 |
833   | 0.0090606037428520476429  | 0.004836032069134122563   | -0.0058629080853509294574 |
834   | 0.0047391755761473650446  | 0.0079076004781134159177  | -0.020696324622072902188  |
835   | 0.0075137838800990036647  | 0.009453684291765645023   | -0.015567866839258009959  |
836   | 0.0098753884668792094731  | 0.0010924665082641669186  | -0.0087795583776116917218 |
837   | 0.0081011566319406716485  | 0.0026916836595127294207  | -0.0074108776522112387516 |
838   | 0.0065997336245257201895  | 0.0013559496718192154494  | -0.018895344163052371633  |
839   | 0.0067439632608109218587  | 0.0027058927262460044129  | -0.0026816636647209990928 |
840   | 0.0092152442896661756339  | 0.00051853508473470350144 | -0.0077932060174020602664 |
841   | 0.0064171253808121483941  | 0.0011651951707947309517  | 0.00050361142475018798401 |
842   | 0.0028950485673306654115  | 0.0065574117430580542917  | -0.0027209455839915788408 |
843   | 0.006572774625023563265   | 0.0073654907331353542191  | -0.016250358901642007053  |
844   | 0.003831059312745834812   | 0.0012410829438878989532  | -0.011994746647122290356  |
845   | 0.009656028838560313729   | 0.002493109802696741404   | -0.00034046814178062681034 |
846   | 0.0086330975942093841208  | 0.0022902658088387027081  | -0.0064131677273843949033 |
847   | 0.0092506136020584807389  | 0.0074875623052223366782  | -0.0089938805136973061505 |
848   | 0.0043811277202840557751  | 0.0015208776890084257406  | -0.00081615293945695526444 |
849   | 0.0062846831994960482629  | 0.00514692362439998774    | -0.00037158940653964875637 |
850   | 0.0040917453884185498586  | 0.0035624774961736096687  | -0.010552780133376441288  |
851   | 0.0050238082242264753274  | 0.0067526039849689660152  | -0.020615727128149317904  |
852   | 0.0051476067600313146766  | 0.0088271912306893459549  | -0.013369924386231836488  |
853   | 0.0092892769262980564443  | 0.0031656001110293052921  | -0.014714215278133015857  |
854   | 0.0079783066171627992774  | 0.0093216655505149147165  | -0.0061091831750443633536 |
855   | 0.00014957736884098861625 | 0.0037333170804746502666  | -0.0018655530915484127771 |
856   | 0.009842281899641709686   | 0.0031412174516324991615  | -0.0045574032990279914057 |
857   | 0.0081962907892588685033  | 0.0076374725203639179383  | -0.016630389058020302734  |
858   | 0.0054923457744863466226  | 0.0030640184216304835151  | -0.0072067445651418119909 |
859   | 0.002027148246894871185   | 0.0053664080621380417027  | -0.013228025349744206712  |
860   | 0.0077273025872681240164  | 0.00074788818052214740741 | -0.0068618822030386186078 |
861   | 0.0011609468412457257976  | 0.0024130638888683253115  | -0.014744911379450780994  |
862   | 0.0088443880905329664427  | 0.00068041634883064306717 | -0.02161284190173425046   |
863   | 0.0011642439290101929111  | 0.0073077965226532584295  | -0.003671080609143618969  |
864   | 0.0038614684049331094579  | 0.0045187058871173045593  | -0.0096136286948260794155 |
865   | 0.0057581340378230648144  | 0.0042356672560000122388  | -0.0032394732741762750916 |
866   | 0.0053349257090102315121  | 0.0096629469487035622721  | -0.0090135271108611799556 |
867   | 0.004986836644458230404   | 0.0057983371175828919697  | -0.018979340004668922293  |
868   | 0.0069011351334349654157  | 0.0078461153690885729328  | -0.0087339189456608623541 |
869   | 0.0037029651148985918453  | 0.0049632712715003647272  | -0.01798274485216865351   |
870   | 0.00018368501528782029959 | 0.003757617970324110112   | 0.00019319537960746363666 |
871   | 0.0081300527882712646938  | 0.0017631775046640680172  | -0.02226182204828583075   |
872   | 0.0039782251680494339074  | 0.002257174738245873967   | -0.022831039569616604773  |
873   | 0.0077456613530964089215  | 0.0034451473076817741223  | -0.021484086590253231169  |
874   | 0.0058195158556607279668  | 0.001411875574472968263   | -0.0014074335574261931294 |
875   | 0.0064683377402439939247  | 0.006433666666206282192   | -0.013778425305496902475  |
876   | 0.004515923430771271764   | 0.0015881300368458658653  | -0.0061511327020249660646 |
877   | 0.0011277377540839809891  | 0.005309734782074968136   | -0.0091208678624231515064 |
878   | 0.00041286471902705153183 | 0.0034407035040477248165  | -0.024650062982947858886  |
879   | 0.0055956043018037995157  | 0.0080511179496998742933  | -0.0087380550729564201995 |
880   | 0.006144402261327182313   | 0.0055703062223768379929  | -0.0072137724347569130018 |
881   | 0.004305999523450790116   | 0.0044987467956539616346  | -0.012841206222400185916  |
882   | 0.0054913014305513103974  | 0.0059561006289219880355  | -0.01457767696633894064   |
883   | 0.0074809915191752923702  | 0.0054413731614480027529  | -0.0064018090416155144784 |
884   | 0.0081562723235809649752  | 0.0093233813014984411732  | -0.020703736535047194411  |
885   | 0.0095378390758551357537  | 0.0014630569180177483129  | -0.011988891634390036814  |
886   | 0.0044453931716250793399  | 0.0050890639600708834772  | -0.0067721411375273642477 |
887   | 0.0024758875419584880362  | 0.0016672455293946044676  | -0.022021616701033277369  |
888   | 0.0078122839328061801159  | 0.0030718792049392916813  | -0.014776165262692061639  |
889   | 0.0036811758560167267586  | 0.0096546874425422566507  | -0.019008299121603129678  |
890   | 0.0054524749001078030852  | 0.0070819790692863236053  | -0.023825899890862537595  |
891   | 0.0039315128242301492639  | 0.0063691326757905125308  | -0.0034654476209630305332 |
892   | 0.0057601787914700174759  | 0.00909478853099998652    | -0.0096589024253947112358 |
893   | 0.0062480784471175398326  | 0.0048734714075767474051  | -0.0091942278472203955303 |
894   | 0.0066095694731530818533  | 0.0048206969692827549359  | -0.0011431568456475964257 |
895   | 0.004550697200555072798   | 0.0075626263277256836406  | -0.010745569912155174264  |
896   | 0.002180374541163914142   | 0.0014806743802960457054  | -0.021918624165232672429  |
897   | 0.0090554235708149351941  | 0.0003622313460805821287  | -0.015952265164003828074  |
898   | 0.0023542190728192235842  | 0.0042496031857144301799  | -0.023793255166876838003  |
899   | 0.0019013156135880776923  | 0.0040579036414334773708  | -0.01539530062366178953   |
900   | 0.0051529713384142880259  | 0.0084145045220731327223  | -0.018679588415122946876  |
901   | 0.0050997531020458052378  | 0.0071975070585903874396  | -0.019016217201653397295  |
902   | 0.0052475795027636835954  | 0.0010201116811350274816  | -0.0084969836941392561103 |
903   | 0.0061674567597855053241  | 0.0070053571733565637297  | -0.0076916659109129712282 |
904   | 0.0038012681795064002035  | 0.0093517078351694656047  | -0.021735751008335635337  |
905   | 0.0072741380680736581268  | 0.0065905750847352895239  | -0.014633924959692028514  |
906   | 0.0079528385279402855068  | 0.0039636742618231312479  | -0.021619758062192909881  |
907   | 0.0036884550279996106484  | 0.0085805503418311945829  | -0.00086166985338633655164 |
908   | 0.0032357389081556159685  | 0.0048035327273646529975  | 0.00083308359316493761117 |
909   | 0.0065536431749496845689  | 0.0030347532126141509544  | -0.0005341912968045835642 |
910   | 0.0031999390396331493618  | 0.0068084159332437391848  | -0.0082639390299797613887 |
911   | 0.0097104894078914490152  | 0.00841950267911210741    | -0.003182260478007654849  |
912   | 0.0088528212091654821109  | 0.0043985998603551850969  | -0.001501164465011747785  |
913   | 0.0060033630340143974771  | 0.0050337096479222114692  | 4.4709358224312472285e-05 |
914   | 0.0027522895058431032927  | 0.0041308940007973148772  | -0.011675380672759333445  |
915   | 0.0043459327676618067851  | 0.0034005667015115014981  | -0.019837733761056759035  |
916   | 0.00048048372815382171721 | 0.0035282042429724139523  | -0.024214419632590467035  |
917   | 0.002974242797852098396   | 0.00049312154312891945396 | -0.020436663845897803937  |
918   | 0.0027166032620042968905  | 0.0033387793912995856679  | -0.0027482859878480195813 |
919   | 0.0020576384347757653917  | 0.007156761219756209956   | -0.024523685945074810005  |
920   | 0.0085468969329675070767  | 0.0092456324712305824887  | -0.0083136367681719593181 |
921   | 0.0033384673527346929271  | 0.0037413165029872887113  | -0.002872662972653284956  |
922   | 0.0058030418139490350105  | 0.0029437320347439396157  | -0.0084220646974638591759 |
923   | 0.0056534141462699725317  | 0.0077404128517596692063  | -0.0077756429622909918262 |
924   | 0.000769805127424963518   | 0.0075508896705748377101  | -0.0090895280830367471137 |
925   | 0.0038205757189571473882  | 0.0038715723506055703916  | -0.022387301776697263872  |
926   | 0.0064584343097253069099  | 0.0011831010289678263892  | -0.024840226219702114113  |
927   | 0.001407705814156147428   | 0.0067280641559630139509  | -0.0086396529130060278207 |
928   | 0.0041316976032328561752  | 0.0092158391296768577688  | -0.010366950166395709487  |
929   | 0.00742632610985256153    | 0.0066533479322480656298  | 0.0007915051695544786034  |
930   | 0.0062815620627033590812  | 0.0041262305770940329794  | -0.0059305043331383837032 |
931   | 0.0048675706157285929948  | 0.0018273435677837938755  | -0.021197213936593007483  |
932   | 0.0085577669809278247154  | 0.0053582781479103013672  | -0.0048325254556708403114 |
933   | 0.000577859471613756631   | 0.0041962165315131850357  | -0.0054208696953297469401 |
934   | 0.0033068524267705953074  | 0.0073240390984462720378  | -0.015441098903672213771  |
935   | 0.0025389954502661100412  | 0.0072038579997710941796  | -0.019692269874300154936  |
936   | 0.0029438819898531891871  | 0.0024980713283423209257  | -0.021784082601552068326  |
937   | 0.0030842248217993165245  | 0.0062221335069781264979  | -0.021497257491932295764  |
938   | 0.0062041714603153367072  | 0.002644448454467381894   | -0.017876497832667474774  |
939   | 0.0053259854062751091353  | 0.0036831203699520483931  | -0.0032592263064421421112 |
940   | 9.8844078365904183619e-05 | 0.00022969174845642741675 | -0.022068039610928326388  |
941   | 0.00069682703873879679908 | 0.0038546770253708672292  | -0.00036820909944269923078 |
942   | 0.001792242404167058642   | 0.0033438600189908051705  | -0.011489919651910882395  |
943   | 0.0061560479834184798908  | 0.008278537813935320927   | -0.0018188363718967142692 |
944   | 0.0092395163174283923002  | 0.0072753421066603009976  | -0.020026093736026734371  |
945   | 0.00093247757752765083467 | 0.0070919527369991842286  | -0.0075981907585805094976 |
946   | 0.007465001477671538363   | 0.0046848576563955374868  | -0.023950765951717040841  |
947   | 0.0083765226429174007017  | 0.0074889960527171417839  | -0.0039174209900965945713 |
948   | 0.0080813486738334164988  | 0.0066734459841249378631  | -0.02036381023555743075   |
949   | 0.0061368084929328938285  | 0.00062113541316408354791 | -0.019464329863566078721  |
950   | 0.0056649703872686044126  | 0.0085884450786951477275  | -0.01500909850659791489   |
951   | 0.0038867315748238118536  | 0.0057871958329156984041  | -0.004676500692334654985  |
952   | 0.00024733942041875846621 | 0.0067649609970142909887  | -0.019536244855992448283  |
953   | 0.0078126659562364995926  | 0.0064506236917301132405  | -0.024399689535192888717  |
954   | 0.0027099044523991619275  | 0.0016149890670238691449  | -0.009773334622356190729  |
955   | 0.0034982057838550710202  | 0.00034105049724811109047 | -0.0084766287036189269521 |
956   | 0.0062506302046573076689  | 0.0031353701150648735987  | -0.012687349869732677046  |
957   | 0.0070562165716027691609  | 0.0054246428256035069196  | -0.016100048387820496687  |
958   | 0.0063971900656705589158  | 0.0087866262530630050848  | -0.012237958078304812456  |
959   | 0.0020390548274021934143  | 0.0097130226378786144875  | -0.012235318521346854811  |
960   | 0.0035661263406469791322  | 0.004789161936412475451   | -0.006871152441977588371  |
961   | 0.0032686962952528197772  | 0.0074353804644255597558  | -0.019644823902065060295  |
962   | 0.0071472134971750627547  | 0.0042448422339456930857  | -0.011755977545546020605  |
963   | 0.0061511712104653148633  | 3.6402323918732468514e-05 | -0.018446183357644630602  |
964   | 0.0040785943781098963137  | 0.0066293581312488218324  | -0.010655868261525199697  |
965   | 0.00038380587817185281112 | 0.0090185247070824221122  | -0.022480981431470353077  |
966   | 0.0074657211528913105386  | 0.010001096968327570155   | -0.0087089415311786544382 |
967   | 0.0030804774418207569314  | 0.0054918602844699921511  | -0.017664096539630226579  |
968   | 0.004728962880859222985   | 0.0017161640129527786641  | -0.0018167802112910875351 |
969   | 0.0063613881950443382576  | 0.0016745079422723649441  | -0.023652531526544666451  |
970   | 0.0031502665699087821494  | 0.0031991684558212128697  | -0.010089619983906929213  |
971   | 0.0088082261292273065362  | 0.0071249858523086389422  | -0.017521825824987496273  |
972   | 0.0071848186859684391031  | 0.0072143623122230765912  | -0.015276228186726489508  |
973   | 0.0055347884025839840655  | 7.3536860797323010683e-05 | -0.011376532037654549581  |
974   | 0.0069562115202390310126  | 0.0025593942153870744873  | -0.022019922100514177643  |
975   | 0.0012105240092226308372  | 0.0034337078068160070514  | -0.010235682388092696288  |
976   | 0.0021359443912075705418  | 0.0074306873993437265458  | -0.00028455029260587822544 |
977   | 0.0066023088327811811291  | 0.0084940217688266681645  | -0.0062798337083368200445 |
978   | 0.0064019465526195772076  | 0.0049387164673376920954  | -0.01305109032105299452   |
979   | 0.0083801507803803396146  | 0.0014067526937489775816  | -0.024386820535668440185  |
980   | 0.0042646837286431614478  | 0.0064073056039325440233  | -0.0185369745973178561    |
981   | 0.0094850883536987846967  | 0.0016860919915193570921  | -0.020325647748788214231  |
982   | 0.00046316077787966471136 | 0.0068203901494941652703  | -0.0065252472139081313038 |
983   | 0.0046823540325812602891  | 0.0070766540924100352836  | -0.017707455516507139559  |
984   | 0.00419290630348315152    | 0.0059192774526863585829  | -0.018944844071974279581  |
985   | 0.0097172243449927583198  | 0.0015117848220102512741  | -0.019338654695960268842  |
986   | 0.0012477302147179479119  | 0.0057355814383126292599  | -0.024724905895451433635  |
987   | 0.006655405308109717949   | 0.0059884902713613448119  | -0.01815155933839913277   |
988   | 0.0038665264129243105337  | 0.009169785671561212631   | -0.0036701102842169068194 |
989   | 0.0018018801617868068863  | 0.0025638312384990203686  | -0.021139042136159170993  |
990   | 0.0051146739406960914712  | 0.0042558272498828420699  | -0.014318683947242559149  |
991   | 0.0008236507922543368854  | 0.0099750308008135068344  | -0.022727793761207062267  |
992   | 0.0022185206922754503733  | 0.0098524096463843101323  | -0.00035110445488794743722 |
993   | 0.0016240847344737797866  | 0.0012966397444605171421  | -0.0016620233815419335668 |
994   | 0.0087165496263977380181  | 0.0046767716774870288568  | -0.0086621412771922985663 |
995   | 0.00039403857272179466931 | 0.00094084818901195310398 | -0.015414139561197685857  |
996   | 0.0078041459787658237768  | 0.0099712778328558213797  | -0.016050812135533318314  |
997   | 0.005701222996561955067   | 0.0091556552988416931016  | -0.001512159665895578594  |
998   | 0.00843394654287411491    | 0.0035883615524656404909  | -0.011883689032578356043  |
999   | 0.0034535648357409513831  | 0.0024909584072949179923  | -0.0043300021495156814158 |
