N			X			Y			Z
0     | 0.0057472940812559030616  | 0.0097619004506226316614  | -0.0098231422419179526689 |
1     | 0.0047973037205733277261  | 0.0090573420645821429292  | -0.0066630999137530311574 |
2     | 0.0030443417263107206555  | 0.0067333032972102082117  | -0.017859205743499941693  |
3     | 0.00369492160500394266    | 0.00098940950269706139965 | -0.021303107073004506899  |
4     | 0.0047441381357236061395  | 0.001472748415641420873   | 0.0008846222152432128491  |
5     | 0.0065971204963661527615  | 0.0010452804806096926624  | -0.008413456703482953894  |
6     | 0.0032253096051898847395  | 0.0079595643251995605583  | -0.026297235743283714493  |
7     | 0.0059550911110620918451  | 0.0015933824410027854629  | -0.029982558970857126762  |
8     | 0.00085889613286367172233 | 0.0071708289441389109001  | -0.0092629675766905724549 |
9     | 0.0035704206530648048556  | 0.00072005884945701469427 | -0.019650284174242551444  |
10    | 0.0077858999984976844794  | 0.0030224676610907503203  | -0.0049162596541624499838 |
11    | 0.004470820183183923241   | 0.0082149169076123247646  | -0.017979933506605021848  |
12    | 0.0030932351981258765505  | 0.003685854086620395445   | -0.030692688471815020301  |
13    | 0.0086373557812969917191  | 0.0069937995615392154966  | -0.017693287138824363713  |
14    | 0.0058492448146198671929  | 0.009406147231069590664   | -0.0070242272651427585181 |
15    | 0.0039954392452648899298  | 0.006468442357543139655   | -0.015788379922211250028  |
16    | 0.0032620397393819115968  | 0.00840789390886994073    | -0.0074285671811646419513 |
17    | 0.0014778663762757763677  | 0.0088933001683492510225  | -0.021764934169910241796  |
18    | 0.0046082709406539785688  | 0.0097822229856553751665  | -0.023053121275423232167  |
19    | 0.0065217100790347492384  | 0.00078161326636539004385 | -0.020050344341044544494  |
20    | 0.0041820861450145791274  | 0.0032169786978903480539  | -0.023482456998397769482  |
21    | 0.0084393528043992770138  | 0.004795062575525307208   | -0.014396311323852887393  |
22    | 0.006233389358226633023   | 0.0018373668133653292978  | -0.010570950342704272043  |
23    | 0.0059848079300792089361  | 0.0065660556460195602241  | -0.022861864941617359576  |
24    | 0.0079355747124291147604  | 0.00076945029454973917337 | -0.0027293010801994247415 |
25    | 0.007624333299870326118   | 0.0018174898173257620151  | -0.0041661983900636648248 |
26    | 0.0029251122148158227934  | 0.0091652861459936649929  | -0.013172207718261724416  |
27    | 0.0029316333548325022515  | 0.0046548203535048508772  | -0.022015072632253968044  |
28    | 0.0052764603157185547763  | 0.0073129301446633217243  | -0.027895921852651328621  |
29    | 0.0044177200613493587331  | 0.0032601696183361594458  | -0.024095700797359589224  |
30    | 0.0053985282376051357475  | 0.0019594815496766092473  | -0.023305994652016756574  |
31    | 0.0040732438615015027772  | 0.002426007989081925293   | -0.022633306797836309776  |
32    | 0.0027891525587770229534  | 0.0054643226691301416756  | -0.015387044829242486205  |
33    | 0.001956187203324055799   | 0.009142891074338176452   | -0.00588303896420716739   |
34    | 0.0036180386242362491331  | 0.0081231053616918295207  | -0.0045063433293228132709 |
35    | 0.00094070930394262895421 | 0.0055652291497577405927  | -0.025323028511842999438  |
36    | 0.0093411116616789503786  | 0.0096997629077081072568  | -0.022001338207030943228  |
37    | 0.000168103305828643944   | 0.0054754224313005150221  | -0.026842154746630042528  |
38    | 0.0060524784863928444284  | 0.0067883940516032499971  | -0.022049682199202381289  |
39    | 0.00075523786791957645166 | 0.0031955183515309459018  | -0.026968989113140887787  |
40    | 0.0060344226456555570201  | 0.0032617292832712121466  | -0.025894839476654718524  |
41    | 0.0077201510760247817056  | 0.0044079348139342252114  | -0.018156548487074222753  |
42    | 0.0066874873906218679567  | 0.0093109854427328685167  | -0.006599810213399719995  |
43    | 0.00054232852641530697718 | 0.0029972720476765090519  | -0.0082281279245281068596 |
44    | 0.0023634179270871362617  | 0.0065973845045250792407  | -0.0074171583105763069441 |
45    | 0.0005978936020636688338  | 0.0026458946690380742706  | -0.020951489150663190481  |
46    | 0.0035356862892810757802  | 0.0016493108758372282321  | -0.011648966575958001959  |
47    | 0.0033940034783262601481  | 0.0031764523841807516293  | -0.010708882775422506883  |
48    | 0.0049113740844213991596  | 0.0078992169581970170938  | -0.0042217320712776380473 |
49    | 0.0036166219349069417786  | 0.0060532028887867505088  | -0.021058120676517258496  |
50    | 0.0044957577988203835037  | 0.0069868525328974952215  | -0.026055326494639735602  |
51    | 0.0007694544251349197091  | 0.0065751585044592783871  | -0.016663012645290020686  |
52    | 0.0036208247727773481064  | 0.0053327442305873525366  | -0.014043907111169233112  |
53    | 0.0088851734443288043347  | 0.0081205035026059840114  | -0.022437071826459171336  |
54    | 0.0016373575146333527348  | 0.005773389404737264835   | -0.012198682801246059706  |
55    | 0.0054071463096480934518  | 0.0089048620333886698008  | -0.0087369859097583321    |
56    | 0.0087096954519683723872  | 0.0037895505395791045239  | -0.019906269644209172859  |
57    | 0.0029510771937121598948  | 0.0084391641471636760774  | -0.0059497585424406742791 |
58    | 0.0018906154243260536816  | 0.0093621204776203718889  | -0.018595326281319050216  |
59    | 0.0053618473728073287252  | 0.0076759470476225940411  | -0.027415116333847154573  |
60    | 0.0052536196471555367954  | 0.00011052532435358515843 | -0.023052803021091864549  |
61    | 0.0076468595142599356251  | 0.0062124321947045375858  | 0.00031721481996781707678 |
62    | 0.0069691714509803629959  | 0.0071935662795634715272  | -0.021390557980949399114  |
63    | 0.008299066630131548411   | 0.0099301477650125900137  | -0.0022659222431813145701 |
64    | 0.0071241984272952616625  | 0.0073072318873248385748  | -0.011382783429037734643  |
65    | 0.0065079733810526167737  | 0.0085302313770991219921  | -0.021424716625827958799  |
66    | 0.0019649726807659936498  | 0.0064581719990377123297  | -0.028926142872637276848  |
67    | 0.0057557437881626313109  | 0.0027899995841016763526  | -0.015522615578953980267  |
68    | 0.0017704470101236901604  | 0.0075182448519688829108  | -0.0076782759533093308119 |
69    | 0.0013511691605181555629  | 0.0059316195894880147793  | -0.016421565107588204785  |
70    | 0.0088443445771071455691  | 0.0051280290487263511731  | -0.0065100794174843858164 |
71    | 0.0090567651595174769596  | 0.0075109149594110771048  | -0.026416440553284053355  |
72    | 0.0068002470703018309123  | 0.0082686234890879967835  | -0.0098005407844822065716 |
73    | 0.002178138959613933924   | 0.0035390943361454253041  | -0.023944867414085784646  |
74    | 0.0041425756346766913138  | 0.0066037297069834527061  | -0.012119468997676116628  |
75    | 0.0072981941373439591578  | 0.00052093386455502490966 | -0.02853461404485838071   |
76    | 0.0060250932003255907796  | 0.0015852397358320916617  | -0.0080460080877463036053 |
77    | 0.0044733531896887562471  | 0.0047444538936307180735  | -0.0026892715740895441548 |
78    | 0.0054702792070086461024  | 0.0044589157901526619773  | -0.011056520108948478948  |
79    | 0.0041829888489958904144  | 0.0067756863636219931413  | -0.019310144558586025965  |
80    | 0.0016869184199758890594  | 0.0040910308021606745302  | 0.00041405425425700050773 |
81    | 0.0078834924366238574855  | 0.0014214285482092377418  | -0.0060957927294518392605 |
82    | 0.0069064588495392886108  | 0.0047726651752065122128  | -0.028240562096843158796  |
83    | 0.0051640464036524467983  | 0.006913999103971764891   | -0.0065354672436142412922 |
84    | 0.0096261873827669861003  | 0.0021448253290727590029  | -0.0064959563289748133152 |
85    | 0.0028527028376564185497  | 0.00036565831827051924804 | -0.015787260385173067928  |
86    | 0.0017497113606363713916  | 0.0048211368455558772234  | -0.015470223140296729056  |
87    | 0.0036678082727182900573  | 0.0067801292737984493811  | -0.030942287515140838583  |
88    | 0.0060111195374633798888  | 0.00072439304897290010456 | -0.0082066557688778678237 |
89    | 0.0093365995074518176589  | 0.0070620769187670854455  | -0.018262354593928092211  |
90    | 0.0040972488353583349716  | 0.0062129664859534557489  | -0.02688739752681509193   |
91    | 0.0049470751263373750201  | 0.0024602897558945345177  | -0.014021641851958629998  |
92    | 0.008263106664522653147   | 0.007372624507580757304   | -0.0065852416375937585305 |
93    | 0.00091389431554737441885 | 0.0074764495628726265752  | -0.0088348352868938256205 |
94    | 0.0052653755331106043627  | 0.0076420645059416059466  | -0.028850093894023966234  |
95    | 0.0045453377299956082211  | 0.0096567115777704288365  | -0.012748143155595175607  |
96    | 0.0013760337779753291539  | 0.0097933569212470625992  | -0.0048732204116545144515 |
97    | 0.0056356019271828535627  | 0.0049333253756027031431  | -0.003352687536254000001  |
98    | 0.0099561573328546086603  | 0.005075919699242563074   | -0.029786210077554855363  |
99    | 0.0044916198460766502271  | 0.0072955334332530669822  | -0.0003298202846210257326 |
100   | 0.0098308905461994208763  | 0.0048405602968297611194  | -0.022455636090578417335  |
101   | 0.0063427688443760035092  | 0.0069269209210526929213  | -0.018965695204525939016  |
102   | 0.006022214883330222028   | 0.0056127370546618093883  | -0.019633987597093255362  |
103   | 0.00013159038539712779097 | 0.0084171374931689777604  | -0.0096916790927464840227 |
104   | 0.0031853616334623067498  | 0.007744466638921285867   | -0.010962147104073593704  |
105   | 0.0086181238767636288156  | 0.0066666800585847086139  | -0.014733540211570108486  |
106   | 0.0040984979591404280957  | 0.0084118608461589521041  | -0.030485698182882804697  |
107   | 0.008111420783800102341   | 0.0066040618665859241593  | -0.025783845790601295916  |
108   | 0.0066809846524157031136  | 0.0092454345233550158656  | -0.030487814061951487576  |
109   | 0.00060235754389704988191 | 0.0035230451926086749255  | -0.0094366366553151805746 |
110   | 0.0040276002864952946056  | 0.0037410547731989048093  | -0.022941626002146629781  |
111   | 0.0065484527813187585685  | 0.0036998732958634832427  | -0.016531111394402227266  |
112   | 0.0089015312302609221617  | 0.0083540884081375523657  | -0.0018419092535814768612 |
113   | 0.0069630277974438584479  | 0.0044005383160935617609  | -0.0021182113748312325109 |
114   | 0.0085645581720193049435  | 0.0078153954554245480546  | -0.0071649237241678022381 |
115   | 0.0016772926818355202681  | 0.0022241958534891231175  | -0.014192303719924477534  |
116   | 0.0033813880847808862329  | 4.1452381984430545603e-06 | -0.025066681205143076516  |
117   | 0.0086972848744577783281  | 0.0035273633896849066784  | -0.0069612737671282814977 |
118   | 0.0053552366403377136064  | 0.0043412804919734059028  | -0.0049431111896713550435 |
119   | 0.006488255234186159244   | 0.002651930265626025341   | -0.02409275653413665147   |
120   | 0.002465305759185075149   | 0.0033240131590388270408  | -0.026403017724051205256  |
121   | 0.0048270309700889071566  | 0.0015489965217848208293  | -0.02820081310350974757   |
122   | 0.0096594909574743946512  | 0.0074755814239851180875  | -0.0082378843927733529096 |
123   | 0.0031395502746089471932  | 0.0024754058292179343011  | -0.021641961361176596801  |
124   | 0.003827155485327778453   | 0.0065161484872511138411  | -0.014297832095519592138  |
125   | 0.0065489344284098572474  | 0.0086602669016036127464  | -0.0069812278172846327709 |
126   | 0.0081808310853534686041  | 0.0069102491771056298933  | -0.01506042827669759436   |
127   | 0.0023084424158307729862  | 0.0073419341652135325718  | -0.0096102941873103357728 |
128   | 0.0042148736006145538086  | 0.0016548577922014318705  | -0.02852453728754947293   |
129   | 0.009719539544853116747   | 0.0061184421929508445159  | -0.00053639836648184291597 |
130   | 0.0058945567284475891556  | 0.0068726745228944252988  | -0.0025061420329870569279 |
131   | 0.0036960210954304567946  | 0.0053670709065751255606  | -0.031346352763075541192  |
132   | 0.0042158966760124632484  | 0.0031108127693925190053  | -0.01072563679190560379   |
133   | 0.00344305398251490858    | 0.003408176468618654472   | -0.020793198500515617383  |
134   | 0.0075956276296003056789  | 0.0079290074525365517033  | -0.025806311712745996084  |
135   | 0.0037136779322581407736  | 0.006095306322306611943   | -0.022792086503824957044  |
136   | 0.0042316276814490507915  | 0.0062183394674894098414  | -0.023919021179362964097  |
137   | 0.0056087528061211306199  | 0.0062264947600232977212  | -0.011265632194988065007  |
138   | 0.0072828832877777039886  | 0.0048202581560510670416  | 0.00068507009581298089311 |
139   | 0.0062100092230898901527  | 0.00082812658851542421141 | -0.012812976626598479926  |
140   | 0.0061321253903363140414  | 0.0065511863972175041898  | -0.018250703356613506151  |
141   | 0.00054793835267703306941 | 0.007408214434612141186   | -0.027466817189251511305  |
142   | 6.4780791583589339617e-05 | 0.0069517442760938788146  | -0.015212594943252926577  |
143   | 0.0034170508721238571082  | 0.0003033396872064331065  | -0.018824237958855724595  |
144   | 0.0096837096929432431303  | 0.0056440320442752590219  | -0.015680653753661566441  |
145   | 0.0069863336778468090177  | 0.0094512538724152751757  | -0.015173792996483990991  |
146   | 0.0052534602022534723775  | 0.0093321457866799486375  | -0.00047266452016444051882 |
147   | 0.0043656345029425549717  | 0.00045032865246446261449 | -0.022230755694974495967  |
148   | 3.5026404449072004704e-05 | 0.008148781198878064097   | -0.0033411146798061502373 |
149   | 0.0016625369121863302086  | 0.0078048988083026680715  | -0.02099976365040670534   |
150   | 0.0041475966406563152464  | 0.0032960400630976014434  | -0.025416818561773156515  |
151   | 0.0040575187697377635213  | 0.0038248299687087170505  | -0.022697450048464636041  |
152   | 0.0074236930282910651088  | 0.0013105481541883067919  | -0.017903396401666271665  |
153   | 0.0075243177227796781067  | 0.0074424483069859799847  | -0.010041068319966902148  |
154   | 0.004304604435308044888   | 0.0082643019202930639161  | -0.012098322965493435097  |
155   | 0.0044657115121963832094  | 0.0010503743640921322806  | -0.0030892880501085673989 |
156   | 0.00085646272916834321857 | 0.0084732726670656115242  | -0.019081500305151564978  |
157   | 0.005558125557556480717   | 0.0003343029916873625166  | -0.0024257940091017226279 |
158   | 0.0093823807115542678242  | 0.0035982466661013939174  | -0.018484743754352269546  |
159   | 0.0042035102387227869097  | 0.0028092227573824233786  | -0.025351270361909417766  |
160   | 0.0037250274589547952876  | 0.00073663908540731162702 | -0.029399013671050393953  |
161   | 0.0053833598080471585859  | 0.0076741941073077205027  | -0.0094432536552457764512 |
162   | 0.0053601705313780050044  | 0.00026804411379297932248 | -0.0077079894777989542073 |
163   | 0.00502924788612021164    | 0.00027208606387436358584 | -0.011475763161136158172  |
164   | 0.0040485214399038505634  | 0.00024370015533810158157 | -0.01089911642229623133   |
165   | 0.0063288877051911242994  | 0.0075345281390016500059  | -0.01244994706943603098   |
166   | 0.007507286738891978152   | 0.0076448555533039875762  | -0.027464151805401449541  |
167   | 0.0015618000788028836134  | 0.0098531070719901480554  | -0.012533725286197327023  |
168   | 0.00073173191566349045627 | 0.0058973176735142313759  | -0.0086908317601665282387 |
169   | 0.003903412398499525246   | 0.00017791682694494028111 | -0.0063472376414585585103 |
170   | 0.0099438767233830018671  | 0.0069430771418510115953  | -0.0095761403840694710177 |
171   | 0.0032324966325979801428  | 0.0077619947254918787369  | -0.026777732165817903082  |
172   | 0.0037055546098911217728  | 0.0040001637572300297041  | -0.0024944831620732819087 |
173   | 0.0042531225645296572013  | 0.00076617493391197791664 | -0.0061697549493608585397 |
174   | 0.005278084471960477371   | 0.0013656153573677869834  | -0.012038526350346839128  |
175   | 0.0016660222464808941475  | 0.0076945060458608474999  | -0.031108761638777050751  |
176   | 0.0030269327636183581895  | 0.0078724780944414828737  | -0.017137972794414712413  |
177   | 0.0059946007533599118822  | 0.0062541005399745245794  | -0.0055677370814369844462 |
178   | 0.0023919492827792891189  | 0.0075786426184717503932  | -0.015271960069083226341  |
179   | 0.0083672396954271779229  | 0.0096844978906320371148  | -0.021531272910608426074  |
180   | 0.0039209466057347980641  | 0.00058034180744265977722 | -0.012253412803786199042  |
181   | 0.0068283598717697770175  | 0.0088772293929611049979  | -0.022418393484676283484  |
182   | 0.0083777116739870687717  | 0.0057821589925584268577  | -0.021380879982314821702  |
183   | 0.0048118824454009192365  | 0.0042259336915740309745  | -0.022156410999413841262  |
184   | 0.0029971784826234204764  | 0.0051103787008476547066  | -0.0079461597694431337219 |
185   | 0.00056160833194301171354 | 0.0028225381708461552352  | -0.027502010449020494742  |
186   | 0.0040527835519786050908  | 0.0060898432403801092128  | -0.019854135739517893289  |
187   | 0.0057398211141321498971  | 0.0067080540024394312223  | -0.008169618968760315042  |
188   | 0.0055947335840308646399  | 0.00028933075975909084169 | -0.005466856123389824372  |
189   | 0.0024630836095449145685  | 0.00072904844279479837608 | -0.018397532788761664785  |
190   | 0.002907882670056567611   | 0.0052001651329093507084  | -0.0019352915014063784473 |
191   | 0.0025013263205576567044  | 0.00053836497273783206693 | -0.019148782391431768551  |
192   | 0.0025368579212112335984  | 0.00012549555268888688874 | -0.00941417485809695892   |
193   | 0.0029758019174619290519  | 0.0050558787037807027473  | -0.015485568862807476409  |
194   | 0.0092942322883047025217  | 0.0029280196942404320901  | -0.010703513312285485234  |
195   | 0.0011345226062130433099  | 0.0027380995598949102975  | -0.0052912581075801818145 |
196   | 0.0063647897389032450505  | 0.0031147064249736735111  | -0.02486971453786684938   |
197   | 0.0046131206786021033972  | 0.0063855865728199828063  | -0.014549539926255076333  |
198   | 0.008810876277229661574   | 0.0042877760100665700607  | -0.021479524369184217758  |
199   | 0.0089124562320472694443  | 0.0038701104259059055518  | -0.024626674843114319119  |
200   | 0.0033116603435415321519  | 0.0052600523425408440836  | -0.011125735999757682335  |
201   | 0.0028495300743465318272  | 0.0040911220153253460147  | -0.026994219768205336002  |
202   | 0.0040761946880244481761  | 0.0074716007986756855994  | -0.0050688303290575276172 |
203   | 0.0048875443551558653971  | 0.0087622591417970858985  | -0.023465633108191771145  |
204   | 0.0021970722873116146044  | 0.0031528229664123099893  | -0.023114946584035740706  |
205   | 0.0068990365202498474262  | 0.0019810716117477930945  | -0.030849767261883157682  |
206   | 0.0063032451491705360214  | 0.0048941539408850895029  | -0.010794705554145885354  |
207   | 0.0067812880922689961621  | 0.0047702129788620480783  | -0.010466728131705824861  |
208   | 0.0037356363431279879066  | 0.0091392656015270284237  | -0.01707279265470874538   |
209   | 0.0077766166778967978079  | 0.0078889009205685665937  | -0.016520337358794677518  |
210   | 0.0029411633618309797854  | 0.0047194290224041807527  | -0.0027637904380155404148 |
211   | 0.0031782532341336176829  | 0.00018034103514957006294 | -0.0076782814438055143821 |
212   | 0.0053584783327207674564  | 0.0056985633193199118976  | -0.0020490876991249950927 |
213   | 0.0069349242294263827024  | 0.00067449300884372389783 | -0.00030101821676103811135 |
214   | 0.0045968723489692520437  | 0.0049983592030032036185  | -0.024120289143058130932  |
215   | 9.6298094487625289528e-05 | 0.0053355997879508017256  | -0.019561921078537769514  |
216   | 0.0095175469919041213313  | 0.009110184276805370629   | -0.026738634487664267314  |
217   | 0.0082948320675002504276  | 0.0081927236531269004988  | -0.023844843369874722111  |
218   | 0.00091806180066342126921 | 0.006921261903188637328   | -0.010152717341511409768  |
219   | 0.002690554768827581409   | 0.0045840591877913264632  | -0.029391830863932259799  |
220   | 0.0072738829893879098851  | 0.0062632990746540086191  | 0.0006804953059059013409  |
221   | 0.0069336667955127821716  | 0.0095435621617874239614  | -0.013895458237087009168  |
222   | 0.0052807080002212226227  | 0.0090290300936399572884  | -0.019909608600742090267  |
223   | 0.0031670035011882903542  | 0.0021156348297546602975  | -0.01721740450831277941   |
224   | 0.0012370317565779901259  | 0.0075579035852510745297  | -0.022405691733203881438  |
225   | 0.0089162535027656805026  | 0.00038272086543318965205 | -0.01548298472284432431   |
226   | 0.0021480208292942405343  | 0.0037789538612047813594  | 0.0006579930957086581756  |
227   | 0.0066147939213961415642  | 0.004181811924153623107   | -0.0037185602466222522286 |
228   | 0.0066182375162073528094  | 0.0030284382625939423005  | -0.013814510998943037995  |
229   | 0.0044873213017095521515  | 0.0081464171523522622975  | -0.0091080691981903095372 |
230   | 0.0050889938084723394113  | 0.0010265006346636537313  | -0.022715653317091976521  |
231   | 5.7740530546234968804e-05 | 0.0061057430256357351356  | -0.020223700204005001096  |
232   | 0.0058407342583955482174  | 0.0077890560722882248162  | -0.0016119243107224690611 |
233   | 0.00040426482891082717508 | 0.0058719837596617431227  | -0.026776365817774250982  |
234   | 0.0050763426964136751721  | 0.0040576508803638906137  | -0.023999089846559087946  |
235   | 0.0015773661900004474178  | 0.0040567164845047281457  | -0.02318555623418618733   |
236   | 0.0036028012887587110465  | 0.0026498204487340340854  | -0.012802787245771420077  |
237   | 0.0035743643072454118516  | 0.0039942427259881153889  | -0.0017501358584821862657 |
238   | 0.0023625083977912970067  | 0.0058307624506577270321  | -0.0056062708552703944404 |
239   | 0.0098288303322141678392  | 0.0080301316540590580301  | -0.004316813149297490243  |
240   | 0.0067525339764492294317  | 0.0095432054235913520157  | -0.029801441057100582638  |
241   | 0.0055997457647150635646  | 0.008783015028927400325   | -0.0034331627057676279528 |
242   | 0.00080068791215313298709 | 0.0048855641909892602234  | -0.0095389068541752008307 |
243   | 0.0026284165049400144525  | 0.0059145836393337935383  | -0.018656802248723791671  |
244   | 0.0070894210363640483216  | 0.0050882349143341193409  | -0.0057276402865515880017 |
245   | 0.0050416178470777204407  | 0.0024988027689001953043  | -0.029116503350884465756  |
246   | 0.0098973056238489676151  | 0.00083047088904428332384 | -0.013078601463874187788  |
247   | 0.0057017910213528061325  | 0.0032000895518188602826  | -0.019249268059776357409  |
248   | 0.0097664876203743394845  | 0.0051048515885014893873  | -0.013186069730223754642  |
249   | 0.0066627109138347132694  | 0.0024728346429590854216  | -0.0093146816409595493275 |
250   | 0.0066524994672897451789  | 0.0054551715395017314619  | -0.0027922885708073700954 |
251   | 0.0043688704299462881656  | 0.0049462962986207090893  | -0.027326853742821333865  |
252   | 0.0072028023413950202289  | 0.0057511994197638601975  | -0.031622914035285422385  |
253   | 0.0048042423345934686177  | 0.0087909202591577046554  | -0.024986367800272243217  |
254   | 0.0023148103959921371292  | 0.0013305777395132640985  | -0.015230273803295509005  |
255   | 0.0017794307761524225282  | 0.0047333310213527393651  | -0.0016410139235504101699 |
256   | 0.0047191741864035310905  | 0.007581443824432483429   | -0.018437629927772716809  |
257   | 0.002036648773846661941   | 0.0027078234702939806694  | -0.013888903486347685401  |
258   | 0.0032948713559659515912  | 0.0067852806126065144318  | -0.012636503679918413556  |
259   | 0.0064278939136370102925  | 0.0092772758311191732411  | -0.014374205794473770767  |
260   | 0.0042527029109815095431  | 0.00063453562005724262023 | -0.0078769938402276189204 |
261   | 0.0057154119443030663994  | 0.0068375097548226777475  | -0.0313627990113965055    |
262   | 0.0010530677863551116472  | 0.00017407154243652178715 | -0.018507196460454008319  |
263   | 0.007269062085598457755   | 0.00071269983645957523007 | -0.025352150330236706416  |
264   | 0.0062277948980357066     | 0.0017008541703587166244  | -0.00082772186074553367151 |
265   | 0.0065837974023987772335  | 0.0064922936753542895283  | -0.016191152310526084335  |
266   | 0.0039905823225306422813  | 0.0033692454305495125877  | -0.025888660585776709228  |
267   | 0.00082449320772929018519 | 0.0031380357850463711823  | -0.015901303833437185897  |
268   | 0.0060567228026905733582  | 0.0064564118914679797384  | -0.0037883185344287483715 |
269   | 0.0037947724158150573752  | 0.0024496707120785637946  | -0.0048761488009698532309 |
270   | 0.0094398752460491137245  | 0.0046143339780163970115  | -0.014790917526944422772  |
271   | 0.005327197228537268632   | 0.0091252840085742758375  | -0.00045054867538385750658 |
272   | 0.0056448499602195266814  | 0.008004172554077095339   | -0.017168461598442048832  |
273   | 0.0036908860554846385782  | 0.0095494863979473966487  | -0.020001709338022206908  |
274   | 0.0061683934423399791949  | 0.0075534594273373141873  | -0.019528068556058077176  |
275   | 0.0089456073025273169508  | 0.0052700222456467556154  | -0.006124274920668287131  |
276   | 0.0089047691831298427662  | 0.0034035420605406044997  | -0.015289234482541444807  |
277   | 0.0022905023750788375964  | 0.0048584027406725063467  | 0.00050808829414332370294 |
278   | 0.0086326073794780692344  | 0.0047158521902135354387  | -0.012226974267193718368  |
279   | 0.0039862360847336001171  | 0.0042190359283309853203  | -0.0060466812804181079358 |
280   | 0.0090398071014413192842  | 0.0036942080346036316324  | -0.028519935825700587495  |
281   | 0.0043854622062983288078  | 0.0078298043566153857631  | -0.014115800588904338017  |
282   | 0.0036824677359288656223  | 0.0012858085993049297308  | -0.023391363095839005221  |
283   | 0.0082471187506872080386  | 0.005695942854770517233   | -0.024219794915427157039  |
284   | 0.0027720855340514090857  | 0.0044318861533606170727  | -0.025967907542346804761  |
285   | 0.0095928599450320201081  | 0.0060389273339584150987  | -0.0052336758557289262198 |
286   | 0.0013791718158906152679  | 0.002121402220809182667   | -0.023332587459557449505  |
287   | 0.0019870580945263848632  | 0.0064247615233361523787  | -0.012543601187731203556  |
288   | 0.00236276543183822638    | 0.0027870556842721342684  | 0.0002811297419960728447  |
289   | 0.009897031296384655244   | 0.00016291074944112130061 | -0.026450945157244935835  |
290   | 0.0014969761877703647007  | 0.0064998654102296892637  | -0.0073509910337246622478 |
291   | 1.3055382718987521584e-05 | 0.0011954866841990020865  | -0.014902950712473900935  |
292   | 0.0028481757718911253352  | 0.004522792946243997525   | -0.00061977800342690489259 |
293   | 0.0095165661643988735952  | 0.00027564174684025844527 | -0.022442117008377910486  |
294   | 0.0078008587039641724692  | 0.007336718775411111941   | -0.0030855472076118150085 |
295   | 0.0025972996574785420579  | 0.0026265118223738610596  | -0.019118425787807667715  |
296   | 0.007201793607501161959   | 0.0040296154485753446842  | -0.024614705849649094749  |
297   | 0.00088307411141471574625 | 0.0030100387224174852442  | -0.026725681599321080006  |
298   | 0.0022186799453306014357  | 0.0048558894863478824916  | -0.02883967495268935019   |
299   | 0.0016167168544985446518  | 0.0073013051475500799145  | -0.019608156425677130547  |
300   | 0.0044147783162649945066  | 0.0072411938519979434856  | -0.023212739311652751811  |
301   | 0.0014033599844418755305  | 0.0073635380399785579919  | -0.031318264414668159357  |
302   | 0.0096051469868684534459  | 0.0020999665229291951569  | -0.029348552180420140606  |
303   | 0.0080164678716438866196  | 0.0051775246065228182693  | -0.024447174745457111306  |
304   | 0.0012773511131210868539  | 0.0058789404756703919977  | -0.013769114093540545801  |
305   | 0.0063230226983872249782  | 0.0072971799919217426519  | -0.025782210107034277125  |
306   | 0.0044517600738744264599  | 0.0026227257507008823294  | -0.023026738534156172139  |
307   | 0.00012171003501446742536 | 0.0036440664624520324559  | -0.0072972531646069323241 |
308   | 0.008949131900411591567   | 0.0049742698317028228444  | -0.0050745707934951624074 |
309   | 0.006122962345795373261   | 0.0030155200517152347915  | -0.01146138748141109151   |
310   | 0.0096620684780300992306  | 0.0055382996155045978101  | -0.012275414685976414678  |
311   | 0.0087466103648033456663  | 0.0057294150307105901759  | -0.013290585273131989841  |
312   | 0.0070508960976898432671  | 0.0038245917509252902802  | -0.027112485943501761498  |
313   | 0.006937169960290474717   | 0.0027610307976464569524  | -0.0052595959201655537174 |
314   | 0.0041912811468457255096  | 0.0068901041020149097344  | 0.00056882978031143945769 |
315   | 0.0098959279323192570615  | 0.0089196713732081229359  | -0.0088534560615104018061 |
316   | 0.005423285423587942411   | 0.0050075519931084980577  | -0.0061227990264364900996 |
317   | 0.0061344268921220369492  | 0.0018519486774885894967  | -0.030830804992786144808  |
318   | 0.0073808924640228644118  | 0.0052749042465551863879  | -0.002635578257663362834  |
319   | 0.0024125818934877443084  | 0.0022799689370277724867  | -0.0045117858537500922511 |
320   | 0.0068245462042661525146  | 0.0044805543595801697668  | -0.031262544650231927079  |
321   | 0.0035773592825246395416  | 0.0029629517112568265653  | -0.012357583510683839076  |
322   | 0.0087695668672364886914  | 0.0002529258742523566336  | -0.0050620126409932535497 |
323   | 0.0050928831857173957609  | 0.0019836827978950638887  | -0.00775923296643080216   |
324   | 0.0022041578288601571499  | 0.0044479505547898616144  | -0.015447211439915266296  |
325   | 0.0053831142591555958959  | 0.0018520890260472215767  | -0.021354807961701405966  |
326   | 0.00079226447653857139629 | 0.0049523588644336050124  | -0.011709133535180734839  |
327   | 0.0039526424363859309977  | 0.0071208303181724040901  | -0.013536793990016999026  |
328   | 0.0099233312015631295472  | 0.0078602167813721819656  | -0.025275018301107603919  |
329   | 7.6930990663776432459e-05 | 0.0064860349883883849226  | -0.012366601296047297423  |
330   | 0.0023367438932944111646  | 0.003050118146050345095   | -0.0043807029011249916731 |
331   | 0.0064519630556545059727  | 0.0025699469681668440403  | -0.014033221186976672229  |
332   | 0.0058185492548892495807  | 0.0058950448646923727172  | -0.0036786944913809291498 |
333   | 0.0009064778624959970825  | 0.0072865276844258294875  | -0.018540374682142694851  |
334   | 0.00056660900799235496949 | 0.0037593554254382946511  | -0.014186198770277935743  |
335   | 0.003428539482192109137   | 0.0096009772822825464184  | -0.00018782233033710329841 |
336   | 0.0087482026865884007782  | 0.0048072255213000058063  | -0.015546704940659766825  |
337   | 0.0024582057257731839382  | 0.0090263496173068683004  | -0.010234673403213977519  |
338   | 0.0086231407163599727017  | 0.0020265868895402655916  | -0.014801681985538614819  |
339   | 0.0046068370585899149489  | 0.0062518695915824568088  | -0.026843402169789396666  |
340   | 0.0044458628745818410538  | 0.0058736586906033378883  | -0.0063038006076619251469 |
341   | 0.0043173490664271960485  | 0.0087061145930999485343  | -0.023898537754860643689  |
342   | 0.0013989487120312749883  | 0.00097358414006016213895 | 1.8282297339951812665e-05 |
343   | 0.0018016161555929105422  | 0.0036364663570674980557  | -0.0053994047874999341954 |
344   | 0.0061093956425597737217  | 0.0074050698594601629954  | -0.0018430750559102660087 |
345   | 0.0051206211728576367381  | 0.00011910511360983922044 | -6.7948107513182459845e-05 |
346   | 0.0099405398271360974338  | 0.0078112596386948800545  | -0.017237808390299220324  |
347   | 0.0074493499273947764994  | 0.005609161468516245426   | -0.024455653960865814806  |
348   | 0.0082678167193912105448  | 0.0023569141300424241957  | -0.016425429312788484421  |
349   | 0.0023640851514477746048  | 0.0021902217368509877861  | -0.017773640196253683715  |
350   | 0.0021872048371285764123  | 0.0036065258449217555727  | -0.010974147994685018448  |
351   | 0.0024338049228939408718  | 0.0026651517727539634009  | -0.023626555715927210349  |
352   | 0.0030618936855325092246  | 0.0034497227096642788489  | -0.016405836165036560836  |
353   | 0.0037831863308252877513  | 0.0044433825243315617365  | -0.0068218636998358984924 |
354   | 0.006724012228696590876   | 0.0036789570010214533817  | -0.011203699882027781665  |
355   | 0.0050507324034106699379  | 0.0042402302807586257638  | -0.0041225431056949729536 |
356   | 0.00033822026167016369744 | 0.0091310676700853236898  | -0.02687573447314162492   |
357   | 0.004103556445437505848   | 0.0043527676536657851358  | -0.031457263781374977807  |
358   | 0.0046742171591779655554  | 0.0025863311150761277533  | -0.030252966968381218155  |
359   | 0.0094327813019381336751  | 0.0042380847245476090113  | -0.023714769406916968997  |
360   | 0.0065720669660129880235  | 0.00022820044030306559069 | -0.024849145602240850506  |
361   | 0.003662839854655782542   | 0.006068248449001415086   | -0.027295262718270096869  |
362   | 0.00071835729004686118323 | 0.0022484536016705003979  | -0.02700376251675588174   |
363   | 0.0071243058315554079127  | 0.0076907917649859953296  | -0.001023488199774667427  |
364   | 0.0016615572895025743951  | 0.0043629462617832785731  | -0.016719364185646456988  |
365   | 0.00041434671713870590204 | 0.0074441283892091132321  | -0.0071707985828143323143 |
366   | 0.0020318295728727667725  | 0.0033006364453137516067  | -0.02479600202097606565   |
367   | 0.0070740829824583861124  | 0.0026392545357340354249  | -0.0037751556944024657406 |
368   | 0.0063991312568319989873  | 0.00011605787140562924477 | -0.012203924650555105988  |
369   | 0.0043325886073893012454  | 0.00068543677849936131795 | -0.027679135517318459447  |
370   | 0.0021843496821160220123  | 0.0044038023542851030545  | -0.010959928337522838529  |
371   | 0.0028634190332970789299  | 0.0054495709577876538104  | -0.0013850502340103623862 |
372   | 0.0035491541803925603753  | 0.0063217023929229782322  | -0.016801587455577454006  |
373   | 0.0076110769790236516841  | 0.0010886208684019896362  | -0.022171307506057637976  |
374   | 0.0076660532849235933292  | 0.0098658114026886761794  | -0.027472579168561231389  |
375   | 0.0058176330625084411372  | 0.0017335732019800710949  | -0.0303500107003576991    |
376   | 0.0092667885938082193709  | 0.0039063478359450077779  | -0.0030814274887804517407 |
377   | 0.0099026843091033437544  | 0.0053771781050454556597  | -0.014543867432270278853  |
378   | 0.0048232993456613949823  | 0.0092376488702297279015  | -0.011759284974929435849  |
379   | 0.0084474919462875323883  | 0.0022916409843739119802  | -0.0008593016244585485958 |
380   | 0.0043843360488753681248  | 0.00035534372269954554203 | -0.027309446954143421632  |
381   | 0.0017920875184304751321  | 0.0045491008721478100665  | -0.017412518413829899261  |
382   | 0.0021150528319668761117  | 0.0070749258694732903782  | -0.020533984669571882231  |
383   | 0.00015307121448828136905 | 0.0090593655619165287113  | -0.018774340179169384663  |
384   | 0.0076965973670124103803  | 0.0054803625704450105796  | -0.0081076967042199438174 |
385   | 0.0082249777166092889052  | 0.0019542473547454774531  | -0.026741391733634885253  |
386   | 0.0078496720111881530813  | 0.008281887423609666371   | -0.03017014829505847151   |
387   | 0.0053205420528779617112  | 0.0038572735081488385839  | -0.017761996535385758678  |
388   | 0.00739772669624876901    | 0.0053030470748585047808  | -0.0006669945106682743409 |
389   | 0.0067969101932327975757  | 0.006328257517548764588   | -0.011670237798011783362  |
390   | 0.0045533555020311113765  | 0.0012411354393223241604  | -0.027019993931839899476  |
391   | 0.0055450878947463679014  | 0.0044083537393933515044  | -0.026844442364643113924  |
392   | 0.0052632327814804077959  | 0.0038410588627382832166  | -0.031371191573131076979  |
393   | 0.0067510649798284260575  | 0.0093248363444406873191  | -0.025116949635512010597  |
394   | 0.00089845775816004046568 | 0.0040428483690638852832  | -0.030823319949613590951  |
395   | 0.0066057185763099008496  | 0.0080908364232919281062  | -0.020227354799340249714  |
396   | 0.0074402550321161168428  | 0.0047555151529848696534  | -0.018436884662674176555  |
397   | 0.0038769340225108376609  | 0.0067791813735936174226  | -0.0013108726740370709851 |
398   | 0.0054118804878436656269  | 0.0068954504648036660588  | -0.0076570138860037190165 |
399   | 0.0029632006073297928288  | 0.007498344006376359179   | -0.028063047092853957848  |
400   | 0.00082695545620842345492 | 0.0082437014876178844186  | -0.0082392657630993831192 |
401   | 0.0050732549843185521452  | 0.0048353106613682056425  | -0.027930411095044016534  |
402   | 0.0021095062048311677937  | 0.0016618114033506497726  | -0.0018226901208341110203 |
403   | 0.0046371936973932216877  | 0.010011646274424900252   | -0.0092884175288767620304 |
404   | 0.0061412915454369335772  | 0.00036611880009890229986 | -0.017213351623773565785  |
405   | 0.0094375717724506768408  | 0.0046512322651935692971  | -0.026329832165206866479  |
406   | 0.009929202147798785183   | 0.0061003571414872939313  | -0.01637190308535835595   |
407   | 0.0096435111834344174053  | 0.008802466543243072164   | -0.003456100702593264528  |
408   | 0.0027166974707500879047  | 0.0078048151880679957418  | -0.0093669477259027793259 |
409   | 0.0038551252577365981676  | 0.001746622688658336928   | -0.021105798872545433742  |
410   | 0.0013893320267973890275  | 0.0028906566314068344974  | -0.00053569835124832603131 |
411   | 0.0076875444296838086472  | 0.0039331168160332231551  | -0.022891490096588328063  |
412   | 0.003834590106301583555   | 0.00093870689057553246236 | -0.020748496582240955055  |
413   | 0.0025786566162287272511  | 0.0063345045650185904246  | -0.031543897454488878385  |
414   | 0.0027521555896431182386  | 0.0014449763282600113466  | -0.02795401979805886214   |
415   | 0.0027516515762511695349  | 0.0094153668239152204372  | -0.0088064646040594933563 |
416   | 0.0051912141770222800657  | 0.0056481978791193144379  | -0.0014963556147828799801 |
417   | 0.0073601446211230591235  | 0.0022163171328802829321  | -0.0083172922173789520794 |
418   | 0.0074149633367101642004  | 0.0081065988492556792511  | -0.015885733155591261201  |
419   | 0.0099582875671001738066  | 0.0067674985133579675101  | -0.030586077134213154188  |
420   | 0.0064213014418932215857  | 0.008750908606479044019   | -0.027413209528617591554  |
421   | 0.0057999236595446838557  | 0.0093169360088545035564  | -0.0016601769162046067264 |
422   | 0.0024330534228290691921  | 0.00069914904094031725488 | -0.00051895366265691442436 |
423   | 0.0051000396544789898881  | 0.0077161124986862353325  | -0.018472370211619310726  |
424   | 0.00037488839353994854627 | 0.0078138205101347911474  | -0.0062266427245115515618 |
425   | 0.0063990699595247984427  | 0.0041258353965838634111  | -0.02829530367699280638   |
426   | 0.0043221150145567226522  | 0.0094093383184245919792  | -0.0025917108165684336375 |
427   | 0.0066646884059349065579  | 0.0023380100111129739973  | 2.1767945378744116389e-05 |
428   | 0.0082249211591615984523  | 0.0046998028432494211304  | -0.025868260635582045887  |
429   | 0.0052401242516354673215  | 0.0038040367273509591989  | -0.0048411019994940573952 |
430   | 0.0019079845824393614363  | 0.0089092758031688434189  | -0.010440512112191614388  |
431   | 0.0069347409925303400355  | 0.0071541605756455985826  | -0.0067025416734491092066 |
432   | 0.0014759892895881770395  | 0.0055578772327069987658  | -0.024147094994239011456  |
433   | 0.002641541715054023659   | 0.0058298143945688316037  | -0.022882118764195640698  |
434   | 0.0025611080568736762156  | 0.0027162399282991450851  | -0.017530316207895298847  |
435   | 0.0097687590493177895584  | 0.0012195130945679020975  | -0.0052326335987697512181 |
436   | 0.001045054092184653045   | 0.0079798804433405118308  | -0.0072714101026746073841 |
437   | 0.0057019899344363201774  | 0.0042161538753194803542  | -0.0039059450960296560919 |
438   | 0.0085178003776690061621  | 0.0035343612088929929338  | -0.02234688568841937048   |
439   | 0.00058152063248005213952 | 0.007457341809584954774   | -0.01157410496939500523   |
440   | 0.0093506929512837885787  | 0.0042499441016979394234  | -0.0027411723805459455028 |
441   | 0.0018093605972027196598  | 0.0011936928787296473102  | -0.010546493767547508724  |
442   | 0.0015298801903870405065  | 0.0027529096050862172408  | -0.0025408888947347704756 |
443   | 0.003616216165363258031   | 0.0083267315983174949173  | -0.011282142183329946922  |
444   | 0.00048441735037460525873 | 0.00044396727903352672592 | -0.020752302013281213183  |
445   | 0.0071993882994767673111  | 0.0071053509312944147097  | -0.009608537781265438088  |
446   | 0.0014325659991178271106  | 0.0084619114410898928214  | -0.018261252104439677779  |
447   | 0.0038619627112781436222  | 0.0084882054530348582944  | -0.029211501428882232639  |
448   | 0.00010265770994528974761 | 0.0049567956569839671799  | -0.018346159174227667787  |
449   | 0.0062014524719606872044  | 0.0070268982214478810377  | -0.01131695400749973407   |
450   | 0.006659901319129272676   | 0.0039233784237404367712  | -0.0050633831400758930186 |
451   | 0.00065183371403459435499 | 0.0097474236857891596864  | -0.031410795636003498166  |
452   | 0.008122653339752077678   | 0.0088252343767163069638  | -0.023583155240548124565  |
453   | 0.005846754196205817232   | 0.0036960777680043266705  | -0.024487089114638989351  |
454   | 0.0081459393549677006768  | 0.0066427804476198856407  | -0.018503464821290314252  |
455   | 0.0015734513142461161242  | 0.0062187656283536150298  | -0.0058046231653694274275 |
456   | 0.00085804743344605955476 | 0.0042923771498586662729  | 0.00071531469764984142307 |
457   | 0.0023776355560166610031  | 0.0052357601963500107964  | -0.0042937797756506801417 |
458   | 0.0027600978556327044298  | 0.0092976666552538628913  | -0.0081815747318102621799 |
459   | 0.0055832669776475574511  | 0.0010956647021816386719  | -0.0018048517114568878722 |
460   | 0.006411224585081062681   | 0.0087966836236321611225  | -0.0099156910328704484653 |
461   | 0.0029891895211880134889  | 0.0044474360303975541894  | -0.0090448168313124605033 |
462   | 0.003715117145910531906   | 0.0034175461841133491711  | -0.013114714884995028188  |
463   | 0.0064602886000386262194  | 0.0039257854566297403082  | -0.020360714953372400365  |
464   | 0.0084639676716090246622  | 0.0011803487013964690175  | -0.027143870588898971752  |
465   | 0.0092500629549711419625  | 0.00024378882021577641956 | -0.028309974825317468783  |
466   | 5.6966162858617789319e-05 | 0.0062396820941375448488  | -0.0091894626344538130752 |
467   | 0.0070311908668021453478  | 0.0045389910024241737416  | -0.021313375508112693268  |
468   | 0.0031013672858502907594  | 0.0071107605457122087522  | -0.023216446405429354977  |
469   | 0.005484940237061032911   | 0.0031145854656963734008  | -0.02070921750283341578   |
470   | 0.0046582046871660696963  | 0.00038741893857258824377 | -0.022686390956565317262  |
471   | 0.00088452152093875348934 | 0.0083451896537089596123  | -0.02948116453932286482   |
472   | 0.0054626041264043377621  | 0.0086094875641046595544  | -0.029413182946892362651  |
473   | 0.0068047656224758078236  | 0.0015719693418782517205  | -0.020715734956786854143  |
474   | 0.0010164414126943304047  | 0.0018889380452520219099  | -0.014773433611609990829  |
475   | 0.0049457379579326164395  | 0.0047138221153494551385  | -0.024097571291945230065  |
476   | 0.0081229266141446231086  | 0.0085833725760982478026  | -0.010507192838494808576  |
477   | 0.0080395394512352853084  | 0.0079551247358723795738  | -0.0062686916178455202517 |
478   | 7.332705907521133258e-06  | 0.0080196257257590611994  | -0.031426625620626792712  |
479   | 0.0040842526853644509771  | 0.002531124178403077081   | -0.019370539504111199819  |
480   | 0.00022487916095024305528 | 0.004458888920314185364   | -0.013079662790568366559  |
481   | 0.0033380014766096464431  | 0.0079933220853648928594  | -0.026418793492411021123  |
482   | 0.0044479308478488355227  | 0.0048303761008663265164  | -0.030233093940063186095  |
483   | 0.005795225561568784732   | 0.0037825448132087500022  | -0.02822376718255421163   |
484   | 0.0019747070022262686734  | 0.0061238397718393830504  | -0.021663153524480855544  |
485   | 0.0012859969436831506905  | 0.0052933090612346730963  | -0.027821609340155744466  |
486   | 0.0010507501902399271447  | 0.0072222158053541415934  | -0.0079639617595963271141 |
487   | 0.0081409253238977543482  | 0.0050629229084269535346  | -0.013850083497617800277  |
488   | 0.0087399361391956482958  | 0.0060920692726676873435  | -0.011226691456513239117  |
489   | 0.0042173487090293067248  | 0.0094576282581589916215  | -0.030842455271551699053  |
490   | 0.0047297948113929578692  | 0.0086168980637030632291  | -0.012414429607223703006  |
491   | 0.003494762124070546587   | 0.0029221314433179076779  | -0.010431762841853388021  |
492   | 0.0073530394690540356456  | 0.0082554614240239569678  | -0.014974588140208463377  |
493   | 0.0094092939996094204086  | 0.0071237819300071633308  | -0.012609967965981025775  |
494   | 0.0047281995984484442158  | 0.0046891608484266799825  | -0.030926665605458397712  |
495   | 0.0076324979711850579611  | 0.0081199502674111894568  | -0.0045055040434115066136 |
496   | 0.0087794338195944406078  | 0.005672066694398681698   | -0.019903380841356812375  |
497   | 0.0049794293134098879458  | 0.0050367137027858130058  | -0.0022610775485293571445 |
498   | 0.0052077063206896877928  | 0.00021362436678820293217 | -0.031364215173183183916  |
499   | 0.0093780003128159528797  | 0.0051156920673382901346  | -0.010325543555713665583  |
500   | 0.00050366924543137172373 | 0.00030239380267427429976 | 0.00057539352885785984698 |
501   | 0.0045916139699337232133  | 0.0038698783274194550365  | -0.025292366955292036601  |
502   | 0.0055382423603672157469  | 0.0052904346314282752264  | -0.017983955350825319569  |
503   | 0.0012366356437840248222  | 0.0026727896534688906117  | -0.011146706597400600491  |
504   | 0.0022093129976354071789  | 0.0033377556643133959348  | -0.022889091695609511262  |
505   | 0.0070465124000441848456  | 0.0076169277128554577216  | -0.02986580085240891913   |
506   | 0.0036468299048055489303  | 0.0022602063899090809977  | -0.017095391221569430917  |
507   | 0.0089277755484593289415  | 0.0037355072283489572545  | -0.0052248457953590647304 |
508   | 0.0045752213647157818563  | 0.0017189735096386244296  | -0.022813170873183415133  |
509   | 0.0013916212832083005649  | 0.0030246277672444691308  | -0.031554184757452745369  |
510   | 0.0076814300539090277914  | 0.0084679835009261270745  | -0.005913068751435771736  |
511   | 0.0022901981894446897699  | 0.002930650035623341438   | -0.026868845185560277788  |
512   | 0.0073975268556445254731  | 0.0097670955172500482921  | -0.02717801512018256857   |
513   | 0.0056457362947495443734  | 0.0032250510634774390631  | -0.024764840141776822691  |
514   | 0.0069503733502147028653  | 0.0016271873754543611686  | -0.0024435788132490896679 |
515   | 0.0076272145552402671742  | 0.0056361690249854415682  | -0.012442025187217811352  |
516   | 0.0042490062871343896658  | 0.0010334046158265012584  | -0.0026932810849348317976 |
517   | 0.0075157052975513716914  | 0.0055449435595535407489  | -0.022022685953849735485  |
518   | 0.0032612743572324452181  | 0.0029096440440511401986  | -0.013786816229722055963  |
519   | 0.001934848945553167528   | 0.0036484300075930839631  | -0.025625724370768748067  |
520   | 0.0028359935485987564606  | 0.0033552378978577226953  | -0.027826333912072977878  |
521   | 0.0042685023390759647618  | 0.0059072225081514837322  | -0.0091078236422126191557 |
522   | 0.0029129251567672292088  | 0.0034862459523834336307  | -0.0070124489171584569389 |
523   | 0.0014909985685526310796  | 0.008382689302085693725   | -0.010583885772278547877  |
524   | 0.0087638957036170438142  | 0.0012737068760404618439  | -0.014366649472218955344  |
525   | 0.0034044452699647309926  | 0.0005774468286509506056  | -0.030828929521957579296  |
526   | 0.00032315417433172443371 | 0.00555349365291293081    | -0.0068851039547594174162 |
527   | 0.0092037662694180854411  | 0.0053250262055817834325  | -0.0090166202598873836788 |
528   | 0.0087708216456366845659  | 0.0023413557487465385537  | -0.01263837043563503619   |
529   | 0.0066831622737766284079  | 0.0056701492699552553944  | -0.018985116252275963805  |
530   | 0.0034356038720248960501  | 0.0065803151752176856221  | -0.0030796148358875207081 |
531   | 0.0037949485999686674402  | 0.0040035669329903768657  | -0.01767709668123147726   |
532   | 0.0047621121621990473646  | 0.0037315895907637517195  | -0.00017946424247878794522 |
533   | 0.00027705255380023360683 | 0.0057272835557507818793  | -0.0080609572369567585731 |
534   | 0.0023046381251430707315  | 0.0040380649782527878663  | -0.011686496346322107487  |
535   | 0.00039024131606296507237 | 0.0084876133102990344859  | -0.023407467843776324362  |
536   | 0.00018220875591415670977 | 0.00016350601151979266392 | -0.0032434123824242049212 |
537   | 0.0022587935786575015149  | 0.0041886138304550023931  | -0.010614475054791508088  |
538   | 0.0085578706710205277447  | 0.0016502663655123348679  | -0.031342227916524634246  |
539   | 0.009259419727324417343   | 0.0060511214015665521632  | -0.0042015030763091730515 |
540   | 0.0048379168387000705959  | 0.006043719715637590334   | -0.019584770456643755404  |
541   | 0.001734671202669571359   | 0.0004928268022401272215  | -0.014087976322257082448  |
542   | 0.0064531209185403146794  | 0.00271186722665296134    | -0.0087544321708332324683 |
543   | 0.0078878142289951127392  | 0.006104537716033924151   | -0.006517238951781378388  |
544   | 0.0045212493175169369761  | 0.0035767852967013590883  | -0.023697995171321852015  |
545   | 0.0083427686762104109885  | 0.0085560827681366510844  | -0.017385742683875625436  |
546   | 8.4844353118957945882e-05 | 0.0081154669163767140933  | -0.02634923750800778966   |
547   | 0.0030954023367087538966  | 0.0035159065137631752979  | -0.0034760636444028168539 |
548   | 0.0040787206209312891134  | 0.0030656745223757368539  | -0.026252830815088924743  |
549   | 0.00077074447732224863998 | 0.0085969227933661660629  | -0.028279737180336130681  |
550   | 0.003489511549658009474   | 0.004146856744582294238   | -0.0080494462886647414473 |
551   | 0.0062839565511000738257  | 0.0023884839363070855221  | -0.025913495551230476127  |
552   | 0.0048346383184137134079  | 0.0054804314379562624193  | -0.013543384447331913156  |
553   | 0.0031166760473377310391  | 0.0049591574427599099603  | -0.01774092192915859359   |
554   | 0.0017109264844335449109  | 0.0089287648545050730953  | -0.016678561480808724166  |
555   | 0.0069973530351061926855  | 0.0035270330269904538734  | -0.0037806669335902274957 |
556   | 0.0032424034252229011997  | 0.0078266765594724937993  | -0.0070522787535156382724 |
557   | 0.0054940047909337024618  | 0.0054259201020347954184  | -0.026424287739177283046  |
558   | 0.0027644529503382080093  | 0.0058011876158460921882  | 0.00045848150845022219574 |
559   | 0.0070585001672653253924  | 0.0010683466585319342443  | -0.0013113071567977790249 |
560   | 0.0054812883252743985207  | 0.0036219513328537580009  | -0.023090779687976362156  |
561   | 0.00056581411727438821278 | 0.0061419601540113593491  | -0.00026986059680279340413 |
562   | 0.0044898749266560761262  | 0.007069375166548087959   | -0.0039574451885112495522 |
563   | 0.0070788227943576163825  | 0.0043774344092550919808  | -0.017201665882558388881  |
564   | 0.0047530193979445460595  | 0.007249599092484576221   | -0.024035229077766021022  |
565   | 0.0072077963120153673571  | 0.0049496055630727630453  | -0.030719765462372965875  |
566   | 0.0042163582671256851983  | 0.008963413739085379639   | -0.026392250201957297151  |
567   | 0.0088325371111890038645  | 0.00094438679160567138779 | -0.004083026953253339128  |
568   | 0.0070934182476546994711  | 0.0011298170067144204434  | -0.031611531199929536473  |
569   | 0.004899602433865903571   | 0.0039120599173379268232  | -0.021192377723463863559  |
570   | 0.0062635051430191294661  | 0.0098026554950696731527  | -0.0037769405754600896344 |
571   | 0.00980010118751310777    | 0.0065292468928025444025  | -0.029395220003260121022  |
572   | 0.0042102239908953890957  | 0.00026621033339810763838 | -0.0055775103067789962366 |
573   | 0.00094998525027710761098 | 0.0069254044279375964049  | -0.009041550695839407556  |
574   | 0.0066422466903699028257  | 0.0090346350875137610564  | -0.01090710241009915614   |
575   | 0.0050569257216582213371  | 0.00028754775201710877164 | -0.02326964116483629802   |
576   | 0.0059263930414991160614  | 0.0026979464310195161968  | -0.0081111103015205614913 |
577   | 0.0024771718262567880495  | 0.0079820502448562438702  | -0.027049186908082632763  |
578   | 0.0034898169768589571912  | 0.0074025870258337365948  | -0.011824641636435057751  |
579   | 0.0048723411008801016664  | 0.00044151631494045493311 | -0.020333620913514330319  |
580   | 0.0064394781745351946725  | 0.0024952175351379227847  | -0.018292274217797478697  |
581   | 0.0080598312862384391408  | 0.0069969836956038349712  | -0.0092282522063429576337 |
582   | 0.0041799704116004697194  | 0.0073118642406497080105  | -0.0013793236768046897734 |
583   | 0.0092568881314531361454  | 0.0076973340330000568008  | -0.015431384968489971626  |
584   | 0.0053355369126773660726  | 0.0087130091522554745792  | -0.025586325080784656782  |
585   | 0.003552006056615195518   | 0.0025473836207422352433  | -0.013297379872833766865  |
586   | 0.0076440919064103829417  | 0.0088980334901272856163  | -0.01885098370967212833   |
587   | 0.0018088108598703440868  | 0.0033795947032240788825  | -0.022524656766331491858  |
588   | 0.0082157242652874419575  | 0.0041046357306855178748  | -0.023332234218437077761  |
589   | 0.0034987406274513822672  | 0.0070389404909729086368  | -0.014568703045592223261  |
590   | 0.00033890123123208709373 | 0.0092869945621478506431  | -0.012223881432620792298  |
591   | 0.0030069436460109012256  | 0.003373614823472906657   | -0.0079451769680725370382 |
592   | 0.0031085716175556295411  | 0.0007292266512669042574  | -0.026849701919830427227  |
593   | 0.008150398624318270363   | 0.0081346214695917021947  | -0.022236661657506331946  |
594   | 0.0093535921600179979668  | 0.0072916515919851081912  | -0.0044874404144879887282 |
595   | 0.0025012749235793691784  | 0.008003692452147069536   | -0.0092130965878516515172 |
596   | 0.0099823489106421001843  | 0.0075460209064081035929  | -0.018699203026002933492  |
597   | 0.0028815341945885369554  | 0.0080297068780325695642  | -0.018956676220971250407  |
598   | 0.0043272079760244674257  | 0.0044695144239002533929  | -0.02046511362454904101   |
599   | 0.00015384397628420378628 | 0.0069689772585407212813  | -0.0044486277063970694479 |
600   | 0.0011894775441387461963  | 0.0014612299591391614099  | -0.022501121623855643156  |
601   | 0.0015878395611577432803  | 0.00096785124254929264919 | -0.024508807061545481026  |
602   | 0.0065906013667391735028  | 0.0062917556021282704248  | -0.018219458137904556705  |
603   | 0.0025115719944946222723  | 0.0024699115365270966037  | -0.019373505412852220359  |
604   | 0.0092565016672005069609  | 0.0077657914017860655426  | -0.027099096592276987472  |
605   | 0.0070285243224938150422  | 0.0075247389414877154795  | -0.021394658042084443994  |
606   | 0.0089094767623639336412  | 0.0023992492610115335669  | -0.025927221082706168598  |
607   | 0.001736358966371078557   | 0.00078916207522600179645 | -0.030110052197473081287  |
608   | 0.0040263347090359561525  | 0.0069582091191837435254  | -0.006363488485261230114  |
609   | 0.00038507323578049147596 | 0.0001411067911971192418  | -0.014514905765069955126  |
610   | 0.00054910966707778341    | 0.0019997122042887966603  | -0.031055087086775637339  |
611   | 0.0047952213568775436947  | 0.0056892871011920906343  | -0.019730177993318838425  |
612   | 0.0047520350028803582179  | 0.0085657191141900491937  | -0.00091172035856086565582 |
613   | 0.0065859176133751390347  | 0.0096799741730389035621  | -0.022320316836980585301  |
614   | 0.0046305053392907561186  | 0.0030404924969641812862  | -0.026473092871719380859  |
615   | 0.0011620648288176364631  | 0.0089251116252170390603  | -0.0052307070359244997246 |
616   | 0.0092977830251858208793  | 0.0038754405491002088396  | -0.0032626014566690840144 |
617   | 0.0065725147697953418408  | 0.003095675926070744384   | -0.0047256597843208089302 |
618   | 0.0021789756492613721918  | 0.0070160718039571140156  | -0.010645027194971394546  |
619   | 0.0021041703010268057381  | 0.0085888556592637905346  | -0.0061821859603550998949 |
620   | 0.0077460526382129640463  | 0.0040072751949160869897  | -0.0072992675836737238443 |
621   | 0.0044035180282505706484  | 0.0058071635544775495469  | -0.022984433721989577792  |
622   | 0.0019878342130557058454  | 0.0090014516406349120298  | -0.023820984238525740734  |
623   | 0.0031178574757401190942  | 0.0027883796785753019697  | -0.015032303841017256169  |
624   | 0.00013340923242359899918 | 0.0053276834836174184057  | -0.0052936538819047303933 |
625   | 0.0067064539332148077541  | 0.0058406596253558849124  | -0.01586955037298012558   |
626   | 0.0016400242337496894352  | 0.00027716886513291008045 | -0.0059082023650949460139 |
627   | 0.0054603844462265092863  | 0.009499171335610538322   | -0.022168506200007723206  |
628   | 0.0070495954041017100736  | 0.008239441574730029319   | -0.00034821983144027804369 |
629   | 0.0075438046493568559209  | 0.0067460411525826456669  | -0.018554362985367962163  |
630   | 0.0061339882836247746484  | 0.0094365323817401838141  | -0.014309554627320834538  |
631   | 0.0088848073000160013996  | 0.0051846107603124372276  | -0.015871393514120191864  |
632   | 0.0052999231667495549231  | 0.0069735899862318744685  | -0.025288815533469632263  |
633   | 0.0049364838750758114824  | 0.0018457267307205025599  | -0.013268135851233670702  |
634   | 0.0036465579845524607495  | 0.0039011563346011200563  | -0.0061096169672526859373 |
635   | 0.0015199108705011797876  | 0.00265088157784257707    | -0.0064500152866091634007 |
636   | 0.00075634142602676117904 | 0.007132618556581365489   | -0.011511424006532929715  |
637   | 0.0062133703561388902575  | 0.0027205334041388953316  | -0.031688162802822286701  |
638   | 0.0001060308201446259318  | 0.0025381002925911806158  | -0.022293345205448962532  |
639   | 0.0070816664466003594741  | 0.0022913575232395241334  | -0.015519182713943334428  |
640   | 0.0031042143145530603533  | 0.00050706815248137459065 | -0.0088045330699579021222 |
641   | 0.0058586929438319418351  | 0.0079045732921708515561  | -0.0079692081087263527683 |
642   | 0.00090903135497290602721 | 0.0087632380775958459984  | -0.0063187909012903959588 |
643   | 0.0089534612704578863535  | 0.0059798236514654974291  | -0.0022613242210850347143 |
644   | 0.0054208214534229434353  | 0.0093275584528476861157  | -0.02439692368694604957   |
645   | 0.003482898669198432242   | 0.0093744711426837663837  | 0.00063989591709751655196 |
646   | 0.0023088666793184354012  | 0.0018385211647477875396  | -0.0097382607080272048927 |
647   | 0.0049108127292142511253  | 0.003805303869204982193   | -0.02022970795520507431   |
648   | 0.0040787458898693161949  | 0.0062665707896320619469  | -0.022302527673494394744  |
649   | 0.0043178667962348255341  | 0.0061279882228230664332  | -0.0032657011984419288819 |
650   | 0.0033899225262307213988  | 0.0081558900201196288943  | -0.0065612682800315633505 |
651   | 0.0046748132275656615123  | 0.0065814784822914420073  | -0.007689444483798214304  |
652   | 0.0026129136883137546454  | 0.0057544799652644706284  | -0.014207658224305072525  |
653   | 0.00646528689442469294    | 0.0048054542787553493344  | -0.002231222483295336196  |
654   | 0.0056043294992681970054  | 0.0080508172365434012285  | -0.0098276468035695709047 |
655   | 0.0051190840685962652606  | 0.004778300344622305601   | -0.0010018287853233926506 |
656   | 0.0028040586280655595275  | 0.0028885089282063547943  | -0.00067158536942401540065 |
657   | 0.008178427881484286871   | 0.0091847403207296288846  | -0.016670533179272483543  |
658   | 0.0056196057788983483361  | 0.0083858906835429444793  | -0.010036347051896286897  |
659   | 0.008152661623262143567   | 0.004518095443702363663   | -0.01514042298860197866   |
660   | 0.0063854594886531956116  | 0.0016169529848887968793  | -0.022767918279486328015  |
661   | 0.0011018291796472583569  | 0.0042205171801676186899  | -0.013995559564911580486  |
662   | 0.004336156919313757796   | 0.0081451459556885451307  | -0.0024836108547712735378 |
663   | 0.0077509310458315711437  | 0.0019687448067473470141  | -0.020798745113618118813  |
664   | 0.0044248772648891503481  | 0.0026480497621297282261  | -0.0095384479691048920658 |
665   | 0.0021956114670511795058  | 0.0057000259772116250445  | -0.0035771288932190093389 |
666   | 0.0062693442981182380402  | 0.00093016348077652971724 | -0.020793255196300791665  |
667   | 0.008416190758206225711   | 0.0020753856427774422869  | -0.013276161359168757101  |
668   | 0.0055239501508386633019  | 0.0016925023043330570446  | -0.0073493073261089213524 |
669   | 0.0091435166607040166409  | 0.0024850719403610313854  | -0.021818760206606224727  |
670   | 0.0020418139495914883023  | 0.005925885275635821986   | -0.010239708347560341761  |
671   | 0.0021821164371066971953  | 0.0079437490892679540888  | -0.02257713621471602039   |
672   | 0.0098960757049030480953  | 0.0058487012383825606396  | -0.016163715506829701846  |
673   | 0.0080618002486874344031  | 0.0049291090116712248451  | -0.029870826118184281434  |
674   | 0.0072556432180096910173  | 0.0024384622264982439531  | -0.014985302340754357714  |
675   | 0.0025527287291965900309  | 0.0040228980492501772992  | -0.026278325700827834949  |
676   | 0.0023825306913627967639  | 0.0099233681696922065862  | -0.0040044523797785657251 |
677   | 0.0062516853493731518177  | 0.0027849794614295958484  | -0.019104909645721483008  |
678   | 0.0024120434222546149536  | 0.0029076003652844652041  | -0.0030856085443274807595 |
679   | 0.0039181312497714492274  | 0.0074729365624174081198  | -0.0089408764383001951281 |
680   | 0.0015964856907484084765  | 0.0068387611030963236375  | -0.018072185166098219539  |
681   | 0.0040111043007644391067  | 0.001396798177655700357   | -0.0081635251927642746295 |
682   | 0.0012805702752198635814  | 0.00086125096878888378685 | -0.01609787606701985202   |
683   | 0.0044693926427764431655  | 0.0053636482057574401058  | -0.0053823381895241077452 |
684   | 0.0006204357126150954237  | 0.0019903091250140633392  | -0.023373866540578599332  |
685   | 0.0059484665795825749854  | 0.0017094761718519438376  | -0.027392131874511602141  |
686   | 0.0052828966302841630018  | 0.0038049420833115503264  | -0.023698513702022055982  |
687   | 0.0080094173693841391737  | 0.00486639574395311518    | -0.012137160060538658424  |
688   | 0.0036149931034873735575  | 0.0071730459789635762913  | -0.0090181752010616254844 |
689   | 0.0049386552154387719851  | 0.0066686230542134213375  | -0.0038888263111819718586 |
690   | 0.0063020922285014846845  | 0.0067189905267992823534  | -0.014392365134017403791  |
691   | 0.0077877479437520177527  | 0.0044578879998820163805  | -0.014659538050895393538  |
692   | 0.0070325280614127860107  | 0.0082457142178431613866  | -0.018958652250681509721  |
693   | 0.0075936679420260085396  | 0.0037644357448571637986  | -0.021547135796966453147  |
694   | 0.0077104684823147643519  | 0.0093816990097712309876  | -0.016411387847284249208  |
695   | 0.0047776719633508555121  | 0.0082338830849535225159  | -0.027412954596391325007  |
696   | 0.0020441701169979994979  | 0.0025734699627608802371  | -0.021107967218933196274  |
697   | 0.0063356614321588861777  | 0.0045082111809997341134  | -0.021461213884441474736  |
698   | 0.0019162084472668821419  | 0.0087989519820466446931  | -0.020626700377746467335  |
699   | 0.007961280813402461104   | 0.0010490897735227809953  | -0.016475604370840345875  |
700   | 0.0058371183276991183558  | 0.0019279877405077975889  | -0.0083140984575156076652 |
701   | 0.005034774639927110107   | 0.0061664041746938725447  | -0.024592756623732791449  |
702   | 0.0053979638525786799441  | 0.0068093503044577112504  | -0.021092649420138075145  |
703   | 0.004083897584131099788   | 0.0055243131211430420921  | -0.02543368839477969795   |
704   | 0.0028141744903201772708  | 0.0089141490146255643323  | -0.011547152805065980657  |
705   | 0.0025548349240025634496  | 0.0091538567790132550905  | -0.0056104358658420738076 |
706   | 0.0009605002114453561066  | 0.0082870313908246003715  | -0.027562774566192639603  |
707   | 0.0015566537600901276302  | 0.0082119620573221745186  | -0.028173316047626933978  |
708   | 0.0070569991731259150772  | 0.0044703541883935778156  | -0.010878882939810060812  |
709   | 0.0046245541778660815765  | 0.0019924703870414493291  | -0.019374168883711087585  |
710   | 0.0057840818651036908851  | 0.009190791595730487748   | -0.01634797663000061782   |
711   | 0.00063586615611320516754 | 0.0070928618835595725126  | -0.018898964206997943827  |
712   | 0.0045387206556816760486  | 0.0051340564632736344214  | -0.027628045880909540138  |
713   | 0.00085461463928125441184 | 0.00603770009645018986    | -0.023345359610534122813  |
714   | 0.0011181160128536067958  | 0.0054216144587808023578  | -0.028278039752480815111  |
715   | 0.0046560375952731831994  | 0.0090808555018188023139  | -0.023402903541971459972  |
716   | 0.00013439612622711914888 | 0.0075360446134462586235  | -0.018327080640551579593  |
717   | 0.0028862981446753891053  | 0.0089552433012796105183  | -0.0098202896669022186199 |
718   | 0.0043890117383761570458  | 0.0069287823400222877529  | -0.016199002263595687484  |
719   | 0.0092765849763004303019  | 0.0041958139850975387578  | -0.027209807287387550306  |
720   | 0.0066462268058782450822  | 0.0078664221862200754687  | -0.031154206533040906812  |
721   | 0.0069400521116539755015  | 0.004887873513054456602   | -0.017122485390969263697  |
722   | 0.0021418487421516899452  | 0.0067112733357667566508  | -0.0075396596018531339412 |
723   | 0.0042120860407154920441  | 0.004919824123873141504   | -0.011579033506454648045  |
724   | 0.0073148093006609989433  | 0.0054392828015976772693  | -0.017638726662850580384  |
725   | 0.0087694050134433827737  | 0.0063535449011919336096  | -0.01281957605898795087   |
726   | 0.0030598712000265071084  | 0.0071174501096294270561  | -0.012930486759763331825  |
727   | 0.0033352404652637075017  | 0.0030408519424082128962  | -0.011626549991134679449  |
728   | 0.0049485717400602671073  | 0.00058942189895548461644 | -0.0039796588792459352407 |
729   | 0.0099426145616878115058  | 0.0063014400097838344991  | -0.018234021837316139597  |
730   | 0.0084505782627836284471  | 0.0028572827636236608831  | -0.0044582386688628598478 |
731   | 0.0058251633330569322494  | 0.0018477195460221602658  | -0.015268629751699396013  |
732   | 0.0043364764052855851728  | 0.0098804160761424997955  | -0.031207703487209099286  |
733   | 0.008049577659380862879   | 0.0084553213693831057174  | -0.016884471474964565796  |
734   | 0.0050819515883294003045  | 0.0043973098050485255259  | -0.017683760427509707946  |
735   | 0.0045821177369732828816  | 0.00030801542731756406234 | -0.0078864498084369270142 |
736   | 0.0093319403124657602372  | 0.00028251879633564271283 | -0.0020502580973570743404 |
737   | 0.0061243699014618593196  | 0.008019191461280628444   | -0.012384944252309246573  |
738   | 0.0022908154823948921261  | 0.0072856021816971950136  | -0.02185937231322904184   |
739   | 0.0071414070345600551282  | 0.00081548821504763297635 | -0.029270093719820120676  |
740   | 0.0066040104813911131715  | 0.0033488751795104358851  | -0.024866437484226806137  |
741   | 0.0017530510761056914554  | 0.0068651592685186613174  | -0.0041088934731376989054 |
742   | 0.00083307618677309674873 | 0.0046470217964487067763  | -0.0029268389179823604482 |
743   | 0.0036014321572633519776  | 0.0047372665544887955502  | -0.027751960330262049476  |
744   | 0.0089141992770574145916  | 0.0049847034003243292921  | -0.017940725836301477103  |
745   | 0.0016681756979067174831  | 0.0064405318485448934118  | -0.020037960497626919332  |
746   | 0.0068241334584942170069  | 0.0036457196470316205125  | -0.0052835706111555788556 |
747   | 0.0046021277087533209171  | 0.00060053616144835450692 | -0.01207182347426583556   |
748   | 0.0086017252434213639645  | 0.0031702415230462884302  | -0.019310414845445617732  |
749   | 0.0099646585993931804243  | 0.004150191910532098627   | -0.022378011321946885553  |
750   | 0.0080690515823166331089  | 0.0019036721854413692079  | -0.0063438356546827931459 |
751   | 0.0045095059775190843646  | 0.0067742519538199685511  | 0.00079624577422333561987 |
752   | 0.0020286936097476280724  | 0.0087027748666597872645  | -0.016633281228744162261  |
753   | 0.0073592590688523005366  | 0.0089692072994875925857  | -0.0074239495616033662415 |
754   | 0.0059884502967980273239  | 0.0080444075624628817722  | -0.0088378350133601936423 |
755   | 0.0013753435491681703651  | 0.0081238243077226008487  | -0.012673766310904102314  |
756   | 0.0084784736493852003864  | 0.0091051666641292355875  | -0.009575636879135901447  |
757   | 0.0063806181001734053881  | 0.0043958584095481730361  | -0.020210715878589712025  |
758   | 0.00310376287198896577    | 0.0023361331206248254523  | -0.02037702509492923808   |
759   | 0.0042145428258671254959  | 0.0099686337968224736361  | -0.012502573126047184307  |
760   | 0.0015357819536633023592  | 0.0095946411519452108607  | -0.014832843761649528239  |
761   | 0.0033750292945462323328  | 0.0088251223270880210792  | -0.022825304134625089975  |
762   | 0.0079250513039315715474  | 0.0037775464154186132529  | -0.014882178723483820842  |
763   | 0.0081469372868123064724  | 0.0040081608635293888149  | -0.014466325194418825154  |
764   | 0.0065234244512893425905  | 0.0050653837229089190494  | -0.01723707128349470652   |
765   | 0.0019791430136776419664  | 0.0050121006857369952009  | -0.011764417012473701862  |
766   | 0.0077206629298105407255  | 0.0068492846864048025426  | -0.028509208205640897832  |
767   | 0.0052944174603176399549  | 0.0020634188249280837647  | -0.019367944227724288864  |
768   | 0.0036042730330700227005  | 0.00052256881120590729928 | -0.02178344678304089399   |
769   | 0.0014638249341755648833  | 0.0056430056665235407698  | -0.011825873948131187044  |
770   | 0.0010499465147736700404  | 0.0089105772869712933371  | -0.0052168653708993574514 |
771   | 0.0071752643426552372916  | 0.0062308769875561286627  | -0.0084415002014794557339 |
772   | 0.0029465990738441077447  | 0.0094791550049002481354  | -0.028695953905757555502  |
773   | 0.00051430613044233094641 | 0.0019018135907104029292  | -0.0079078401537525187109 |
774   | 0.0076316859613231027501  | 0.0088945293396443109168  | -0.020515862752172511069  |
775   | 0.008501105663737462681   | 0.004099485942269122038   | -0.016357560196224960047  |
776   | 0.0032529421491741716994  | 0.0056508413254700122497  | -0.021857163533764580043  |
777   | 0.0086314388245608015399  | 0.0051966497233285465981  | -0.0052073631682719497688 |
778   | 0.0019742438016013092936  | 0.00011470915808758141226 | -0.0031811729655300867783 |
779   | 0.0049096846864468517146  | 0.0043198645128979138927  | -0.0076547529949641344299 |
780   | 0.0077740961711486511118  | 0.0061887903841947944708  | -0.022066459572419649948  |
781   | 0.0020904140943864891501  | 0.0033261773445225797756  | -0.0052833345594635741996 |
782   | 0.0016943526091949827513  | 0.0032381588481287817104  | -0.025581141020791890728  |
783   | 0.0029969092822081148074  | 0.005598825435663805361   | -0.0052214539384027331553 |
784   | 0.0082631462259191174741  | 0.0037383317406044710984  | -0.021279197382590504112  |
785   | 0.0014480620186071674164  | 0.00060540042238536385163 | -0.017859950697790498431  |
786   | 0.0041070381980575386069  | 0.0064990726087698381941  | -0.011916802130330854392  |
787   | 0.0026350826882709892096  | 0.0011412834208120116366  | -0.0022701986326301381268 |
788   | 0.00084108829492944971271 | 0.0060922572322949491291  | -0.021708893398431027694  |
789   | 0.0053299069494299102651  | 0.0052530432184052008177  | -0.025108177304931873774  |
790   | 0.0049093206960009435139  | 0.0042261495885509469186  | -0.016849684965492033734  |
791   | 0.0012785317957926375845  | 0.0090986983795146216675  | -0.025709312040384874054  |
792   | 0.0032618621207860572925  | 0.0022736498403143831637  | -0.0082443610782643832191 |
793   | 0.0062008292449366921723  | 0.0015634522854111236687  | -0.003701706862559676816  |
794   | 0.0094033346216506868281  | 0.0061197255340577731697  | -0.031655540694965747517  |
795   | 0.0041741991906976043739  | 0.0070194649979035805137  | -0.01808012056254720834   |
796   | 0.0046707023696845378566  | 0.0067340373034859429824  | -0.0051871017592447794115 |
797   | 0.0019586825340770957007  | 0.0066664279442729618488  | -0.017750041674786436185  |
798   | 0.0029531078675691753085  | 0.00052707617607265539079 | -0.0030377020980339522471 |
799   | 0.0070018273496748684517  | 0.0024084748030465236678  | -0.026242463760225466507  |
800   | 0.0070121143049445772491  | 0.0080218894108720004144  | -0.01356410798785258158   |
801   | 3.139602240843426844e-05  | 0.0020502161648572542543  | -0.0048655443298716910192 |
802   | 0.0031087623498544190298  | 0.0095488512078680566619  | -0.013432709198100644538  |
803   | 0.0079309697753163748563  | 0.008376053916922754361   | -0.008169863884500900772  |
804   | 0.00089655664510094115749 | 0.0039756795578083517842  | -0.025854084468221117526  |
805   | 0.0028655287387851923094  | 0.0040461630469057372969  | -0.014774435464014528882  |
806   | 0.0023898990234939442197  | 0.0039125540411132494686  | -0.0056746719572417156363 |
807   | 0.0019424870978480693936  | 0.0081947833153938574868  | -0.0036664218965525821776 |
808   | 7.4706004284804078223e-05 | 0.0021781819062436356439  | -0.026709933708915917228  |
809   | 0.0031155095520527210581  | 0.0041864053268975244884  | -0.018918158385297596802  |
810   | 0.0070402203874578173776  | 0.0035196020976982337648  | -0.0039430512925227971521 |
811   | 0.007530090143715171408   | 0.0027129886260378942124  | -0.030457598955410513514  |
812   | 0.0083840925173055379227  | 0.0049675128582554895634  | -0.024223321128129204211  |
813   | 0.0062624692923365973124  | 0.0046576330796548309071  | -0.0084727265382554591694 |
814   | 0.0045100252287254586833  | 0.0075151700878137257453  | -0.021740821100685436135  |
815   | 0.0042023173819460751463  | 0.0036016792173677856549  | -0.020951234605546320555  |
816   | 0.0032346617518490259659  | 0.0041052108144085048061  | -0.021010917489718238665  |
817   | 0.0090681347959504551154  | 0.0015022136425429941445  | -0.0057990491968466185632 |
818   | 0.0076622886992604669759  | 0.0053237526005729517847  | -0.0063854829013281592942 |
819   | 0.0033597976503381087564  | 0.005937522956360045609   | -0.011088647764246992167  |
820   | 7.183412883117812407e-05  | 0.0015371947026356338941  | -0.013525816062230159795  |
821   | 0.006634767778265118765   | 0.0095586700286475687061  | -0.0074849270702404173752 |
822   | 0.0023248753674594735581  | 0.0066599136388142705228  | -0.011801668842489981825  |
823   | 0.0033005009432794780132  | 0.0026084713425769756948  | -0.029131192058735870531  |
824   | 0.0058894918675637970146  | 0.0016935958561519108643  | -0.018019209716514099362  |
825   | 0.0064502487009968105178  | 0.0056324434487038960856  | -0.02192873512410540085   |
826   | 0.0076951529253005222092  | 0.0069010702234984233616  | -0.021078011054570109511  |
827   | 0.0090330675584393681915  | 0.0073707470307907653126  | -0.002991537656318194946  |
828   | 0.00012611023340406148324 | 0.0050265833648524341215  | -0.021039502293004289091  |
829   | 0.0012294656914418995112  | 0.0073521382613810620094  | -0.0094440629286562730038 |
830   | 0.002817605039529975583   | 0.0039303414576981670833  | -0.0037751125324305525102 |
831   | 0.0039021538630852727406  | 0.0076184222456727951692  | -0.0017809676994204484777 |
832   | 0.0054519442949432107143  | 0.0023283584240402313038  | -0.011340879448778996494  |
833   | 0.0090575649268443778755  | 0.0048342273397794736228  | -0.0076248396045359313061 |
834   | 0.004736993431959483046   | 0.0079068247355130964055  | -0.026266476185768404539  |
835   | 0.0075118392367278293692  | 0.0094516892729442792548  | -0.019821376637977672353  |
836   | 0.00987199767986711961    | 0.001094651304210554621   | -0.011290288804898761243  |
837   | 0.0081029165750546878338  | 0.0026918077074872320473  | -0.0095702232613322623517 |
838   | 0.0066016673872240994383  | 0.0013541709383955997503  | -0.024003125519140564026  |
839   | 0.0067450724047867600605  | 0.0027036295679091484553  | -0.0036268663649994619357 |
840   | 0.0092166139203664048524  | 0.00052185921020798118133 | -0.010050707741790091895  |
841   | 0.006417645963374978349   | 0.0011636203317246878418  | 0.00037617234708355355103 |
842   | 0.0028918553037773479276  | 0.0065559650161552893155  | -0.0036762332294558502585 |
843   | 0.0065758158072123963633  | 0.0073687635826367959765  | -0.020679086590982113242  |
844   | 0.0038327206388966130954  | 0.0012403016993551446191  | -0.015330920382403277064  |
845   | 0.0096532166435801952664  | 0.0024904359991410611637  | -0.00068460987297503414321 |
846   | 0.0086338815668597392039  | 0.0022886995356888638689  | -0.0083163687777111031801 |
847   | 0.0092539731275791698578  | 0.0074895487934948422673  | -0.011559634397815144596  |
848   | 0.0043769343443656972756  | 0.0015203368980637988438  | -0.0012824184158343463532 |
849   | 0.0062863996646570514254  | 0.0051480642156005729237  | -0.00072372097769893577093 |
850   | 0.0040881461476745158123  | 0.0035623082351021436234  | -0.013518754207136199699  |
851   | 0.0050240246066390707724  | 0.0067517385200288222713  | -0.026165186696245228137  |
852   | 0.0051449403291216038586  | 0.0088310927660460621091  | -0.017059150934196392474  |
853   | 0.0092891193579495850985  | 0.0031635818139703502684  | -0.018748564981358201847  |
854   | 0.007981867029007216896   | 0.0093194468466792669548  | -0.0079343415126222251871 |
855   | 0.00015340136846853354787 | 0.0037350352721561451072  | -0.002601233687788119097  |
856   | 0.009842170223659145803   | 0.0031421051432019317211  | -0.0059841693165401180221 |
857   | 0.0081958514843166793001  | 0.0076397055331456622737  | -0.021156682837945525039  |
858   | 0.005489412847760690578   | 0.00306011543671455815    | -0.0093136825773513683135 |
859   | 0.0020284869046770029333  | 0.0053673203759617539935  | -0.016880821803962293287  |
860   | 0.0077246620892070906941  | 0.0007497855617773699485  | -0.0088802828405010886259 |
861   | 0.0011586454963453660973  | 0.0024091572411891306119  | -0.018787141769441829953  |
862   | 0.0088426125054345550147  | 0.00067751331989306313227 | -0.027418293233946525178  |
863   | 0.001164057358414872026   | 0.0073066296126258582777  | -0.004870298790678428448  |
864   | 0.0038656951760705922892  | 0.0045171230986245708081  | -0.012338492076163812619  |
865   | 0.0057552129125658995842  | 0.0042399627989249694809  | -0.0043278838274956980825 |
866   | 0.0053337081286897441296  | 0.0096659970000292048942  | -0.011584324914878823751  |
867   | 0.0049909408451331077269  | 0.0057981895606359903569  | -0.024108685822910570773  |
868   | 0.0069010372347838430315  | 0.0078502401322261203265  | -0.011232932247660545877  |
869   | 0.0037054682909490590723  | 0.0049605387869787647206  | -0.022856232309943175923  |
870   | 0.00018430812085918173702 | 0.0037577567809372229915  | -1.3937583975325691126e-05 |
871   | 0.0081269808890144686064  | 0.0017645424016471007982  | -0.028233887672937298813  |
872   | 0.0039783185535878524269  | 0.0022557413517906845998  | -0.02894924182908906532   |
873   | 0.0077457255632842770404  | 0.0034426178853592926364  | -0.02725648224972480535   |
874   | 0.0058180626592477108217  | 0.0014137523025921779844  | -0.0020254999824027958809 |
875   | 0.0064692660328976546447  | 0.0064301076419993885569  | -0.017572527314018693972  |
876   | 0.004514756384852160534   | 0.0015855209309396933737  | -0.0079870608463211388572 |
877   | 0.0011307018759573912725  | 0.0053115721027700004905  | -0.011719223525480673698  |
878   | 0.00041454513491390236569 | 0.0034414533389585783528  | -0.031235267662634177283  |
879   | 0.0055982639010862976156  | 0.0080526206982050319017  | -0.011238130253378102175  |
880   | 0.0061462421699906280223  | 0.0055741784494667085889  | -0.0093225147294867336673 |
881   | 0.0043069576375285786862  | 0.0045000583249046165885  | -0.016394693636790174524  |
882   | 0.0054951425152386127945  | 0.0059520871348307030288  | -0.018576972848298779067  |
883   | 0.0074784133744284784009  | 0.0054395374071812109887  | -0.0083020939481989377423 |
884   | 0.0081547785486076277556  | 0.0093223445736702638398  | -0.026275790977607592358  |
885   | 0.0095373432890509604598  | 0.0014638506734390493644  | -0.015323562197684834421  |
886   | 0.0044423187886886757875  | 0.0050857727406860937444  | -0.0087675023272814952419 |
887   | 0.0024773117580914796182  | 0.0016687340737746908428  | -0.027932013807236696218  |
888   | 0.0078102893649841234266  | 0.0030758786188809115678  | -0.018826419540251371904  |
889   | 0.0036825018740847151148  | 0.0096542923351782463509  | -0.024145079685844179906  |
890   | 0.0054553441516293895916  | 0.0070814231946282110014  | -0.030199515123165630165  |
891   | 0.0039310620250461976791  | 0.0063658821407946040646  | -0.0046118731322368549871 |
892   | 0.0057621802106962048337  | 0.0090944450331857350223  | -0.012395389044453706054  |
893   | 0.0062502889209358307443  | 0.0048704709827693164551  | -0.011811417402331483503  |
894   | 0.0066066806330481904486  | 0.0048200100584831154921  | -0.0016933748509037910984 |
895   | 0.0045507018518766151338  | 0.007561190483189039746   | -0.013761039386888877789  |
896   | 0.0021775528571064068153  | 0.0014803094041956719063  | -0.027802579740689906118  |
897   | 0.0090581474601330851798  | 0.00036415363996630215494 | -0.020304462504150657537  |
898   | 0.0023558181224762461334  | 0.00424875654620861503    | -0.030158489437758541352  |
899   | 0.0019046591131867791295  | 0.0040619253468911053345  | -0.019604507067390031239  |
900   | 0.0051520731661560984979  | 0.0084188256663296004434  | -0.023731978259413658017  |
901   | 0.0051021468154460597466  | 0.0071993282718844295309  | -0.024155030594345157369  |
902   | 0.0052457783357508936534  | 0.0010180732571787108175  | -0.010935168017772441823  |
903   | 0.0061669120559013088437  | 0.0070092179342167125478  | -0.0099230989903482409026 |
904   | 0.0038041561038186979399  | 0.0093483465763522996528  | -0.027572757102170997179  |
905   | 0.0072758792899524369138  | 0.006590639018841016987   | -0.018647661529254941359  |
906   | 0.0079543515575005059592  | 0.0039642549534530356625  | -0.02742698499733376219   |
907   | 0.0036844776108188102663  | 0.0085813349006355812282  | -0.0013396210006612397671 |
908   | 0.0032388552795241899382  | 0.0047994749233414950307  | 0.00079023072749415394951 |
909   | 0.0065541603495838166027  | 0.0030336120496774702376  | -0.00092806805702945146565 |
910   | 0.0032027479740348234298  | 0.0068043352980338769886  | -0.010642293215522563923  |
911   | 0.0097122351656366828071  | 0.0084205812342792139835  | -0.0042559826474114822309 |
912   | 0.0088512222071048390903  | 0.0043970057331201833212  | -0.0021432946598084483443 |
913   | 0.0060048809074186070348  | 0.0050364936055804039247  | -0.00020054479217464346499 |
914   | 0.0027509426078845609746  | 0.0041323044600139122173  | -0.014929562784443850543  |
915   | 0.0043480388603195649702  | 0.0033965076798896298368  | -0.025187457150340975681  |
916   | 0.00047850619002603366143 | 0.003526791644511540532   | -0.030687780507701406529  |
917   | 0.0029705955303708959925  | 0.00048908245399211403449 | -0.025940152050500001057  |
918   | 0.0027139347170091880114  | 0.0033430893274214875353  | -0.0037105928033756160021 |
919   | 0.0020541053326232276525  | 0.0071535340090427548473  | -0.031076445532398352251  |
920   | 0.0085450683058644616441  | 0.0092416168999681271717  | -0.010704749977984168857  |
921   | 0.0033373086290791210279  | 0.003738889315500090911   | -0.0038669014019159847137 |
922   | 0.0057996876960013550584  | 0.0029454683277657617117  | -0.010841014880141748924  |
923   | 0.0056514372171874638004  | 0.007740538843989645465   | -0.010028635679750772317  |
924   | 0.00076639871896755579553 | 0.0075552735586412161223  | -0.01167983780625106785   |
925   | 0.0038184482040497795714  | 0.0038753177589865624858  | -0.028391582125244150397  |
926   | 0.0064606327603337629709  | 0.0011856316279948019184  | -0.031474251981781081744  |
927   | 0.0014060311213116892873  | 0.0067322732687760920844  | -0.011114465061140067423  |
928   | 0.0041347212465263792278  | 0.0092161926134968537999  | -0.013285215648963254187  |
929   | 0.0074225006897990645008  | 0.0066506403019251794997  | 0.00073797777143291744956 |
930   | 0.0062774875074366768765  | 0.0041229473567486506561  | -0.0077097900057701311202 |
931   | 0.0048703333201123655619  | 0.001830109502692634383   | -0.026895960063768837439  |
932   | 0.0085568976857273541803  | 0.0053551196360220850237  | -0.0063299242710365983405 |
933   | 0.00057469391265428052679 | 0.0041928889182152873083  | -0.0070693155955335873486 |
934   | 0.003305074130861170717   | 0.0073207545630845438991  | -0.019662063254152851999  |
935   | 0.0025353403175375072154  | 0.007202905381181710226   | -0.025004647957129460395  |
936   | 0.0029470761601224242966  | 0.0024945248749197257779  | -0.027633496985612598928  |
937   | 0.0030803236327825818039  | 0.0062239379409076240821  | -0.027273034550005962467  |
938   | 0.0062038505908710373307  | 0.0026429091342403216933  | -0.022722708227607850417  |
939   | 0.0053256344807801822561  | 0.0036801468053525737169  | -0.0043527081050637279544 |
940   | 9.593533636650590599e-05  | 0.00022561305175996068011 | -0.027990354986791123049  |
941   | 0.00069668115305828619884 | 0.0038588500834056036447  | -0.00071947283592625570475 |
942   | 0.0017882358000460055712  | 0.0033449250549865256442  | -0.014696487892973114989  |
943   | 0.0061524686274259526853  | 0.0082748945698126966791  | -0.0025425232681009096204 |
944   | 0.0092384544570205031494  | 0.0072761206248438846031  | -0.02542417525159207381   |
945   | 0.0009326663692654681018  | 0.0070879594973045443457  | -0.0098056257289515919018 |
946   | 0.0074685698799993038843  | 0.0046815202698828415478  | -0.030356438359559246437  |
947   | 0.0083755699345310127141  | 0.0074879762272064389131  | -0.0051798827524273619721 |
948   | 0.0080848386272316524748  | 0.0066698278244722540575  | -0.025848594550777884149  |
949   | 0.006137128856339651474   | 0.00061970095587331674395 | -0.024718188338610804639  |
950   | 0.0056662986556938726296  | 0.0085854207340391591741  | -0.019119154317286453371  |
951   | 0.0038905130862520015921  | 0.0057889084192510121066  | -0.0061338428809010470122 |
952   | 0.0002494210290697938771  | 0.0067607337680867119617  | -0.024808566246161008889  |
953   | 0.0078113224954165314667  | 0.0064499283138821292272  | -0.030920615214819032607  |
954   | 0.002713537572801049888   | 0.0016144984328653644474  | -0.012539199704938207638  |
955   | 0.0034957933044037900125  | 0.00034210676575710009806 | -0.010909587239650853085  |
956   | 0.0062486979169021662772  | 0.0031359100226836284127  | -0.016201337358711494219  |
957   | 0.0070603175347452524005  | 0.0054216754892156644383  | -0.020490186483799542605  |
958   | 0.006396634588200661789   | 0.0087869846113168212365  | -0.015636572091206044077  |
959   | 0.0020368757088868715693  | 0.009711310075175888859   | -0.015633254874241248045  |
960   | 0.003568611506586524644   | 0.0047863119806973424691  | -0.008891933050997866822  |
961   | 0.003272319504618306004   | 0.0074383325941933088957  | -0.024945021062040655113  |
962   | 0.007146219683206582983   | 0.0042458625592715652439  | -0.015030851493572106384  |
963   | 0.0061488999420281917688  | 3.5762113457145717815e-05 | -0.02343865053939852075   |
964   | 0.0040741060552822293966  | 0.0066272376928137371674  | -0.013648308407642941592  |
965   | 0.00038265163982341643617 | 0.0090194824298621030512  | -0.028509312391391216507  |
966   | 0.0074666321385805263511  | 0.0099983978398515849922  | -0.011201542319283455673  |
967   | 0.0030765551050176385972  | 0.0054882082791183704057  | -0.02245577662070553232   |
968   | 0.0047315981201339991566  | 0.0017153925004373302924  | -0.0025399392242588191525 |
969   | 0.0063568596972364641712  | 0.0016718684797318733321  | -0.029981637465870784875  |
970   | 0.0031487744801151434058  | 0.0031976614250255699402  | -0.01293668579663225654   |
971   | 0.0088097676080106848001  | 0.0071274585462627803797  | -0.022276980390454208941  |
972   | 0.0071842569135738840527  | 0.0072139790350455807247  | -0.019454864866786485134  |
973   | 0.0055321688675102611774  | 7.2551014923103365598e-05 | -0.014553989993550018114  |
974   | 0.0069567277420024926579  | 0.0025573951283988957499  | -0.027929884148030603708  |
975   | 0.0012067550816292551153  | 0.0034331569697643167342  | -0.013120247166459004379  |
976   | 0.0021386568112727460944  | 0.0074340981089598143564  | -0.00061433609483675633532 |
977   | 0.0066053478535871151811  | 0.0084899586169506682104  | -0.0081488035832044582868 |
978   | 0.0064024413772167526604  | 0.004935773500828626037   | -0.016658461803886238234  |
979   | 0.0083791254868862633659  | 0.001404684147798298784   | -0.030904442324744551412  |
980   | 0.0042681504468295508592  | 0.0064060008334610122477  | -0.023552750840436825069  |
981   | 0.0094891595218834761533  | 0.0016874126344931100752  | -0.025800634513879830423  |
982   | 0.00046111995259046805514 | 0.0068192932692816331589  | -0.008457222710447735714  |
983   | 0.0046817390659845900536  | 0.0070795626323730100407  | -0.022510267256142649228  |
984   | 0.004196869291826243499   | 0.0059202412222065558048  | -0.024065333663162134098  |
985   | 0.0097166789898117666979  | 0.0015132692982956462424  | -0.024560248271405706738  |
986   | 0.0012490015743390351158  | 0.0057321597954836413236  | -0.031329325182674762351  |
987   | 0.0066544191375391146051  | 0.0059911679892243477688  | -0.023068386960124399876  |
988   | 0.0038699267977764240101  | 0.0091684272172813420509  | -0.0048690793518337835769 |
989   | 0.001798340151715491133   | 0.002560585490643774078   | -0.026822853672014430881  |
990   | 0.0051175948885342813569  | 0.0042550899885839153433  | -0.018251487904820912905  |
991   | 0.00082406185991596250275 | 0.0099709451267613394276  | -0.028819489466519600945  |
992   | 0.0022217152688309973682  | 0.0098496652592594321346  | -0.00069797687328797459495 |
993   | 0.001627437916939512624   | 0.0012961617377682803798  | -0.0023454512873950662116 |
994   | 0.0087183553804077718041  | 0.0046791335930668727719  | -0.01114272691937897089   |
995   | 0.00039051389730122349668 | 0.00093917670885532579094 | -0.019628182572367612602  |
996   | 0.0078073701022786101689  | 0.0099711064866494329706  | -0.020428309685537840434  |
997   | 0.0057046278635300221027  | 0.0091544446440523560143  | -0.0021571126860467711335 |
998   | 0.0084304035871479617026  | 0.0035851927724230400925  | -0.01519135066922413721   |
999   | 0.0034513296682165055078  | 0.0024911197051340891115  | -0.0056983869024958807084 |
