N			X			Y			Z
0     | 0.0057467638606779362573  | 0.009758457216831897818   | -0.006406121619891849521  |
1     | 0.0048084452216587639933  | 0.0090626868226049619309  | -0.0042437497981298736086 |
2     | 0.0030424684243377363851  | 0.0067474150832140394884  | -0.01190508507304134482   |
3     | 0.0037079195192597728253  | 0.00099059585849484241976 | -0.014261697554246026073  |
4     | 0.0047480004931644160387  | 0.0014796218448379322256  | 0.00092104863014499851331 |
5     | 0.0065929753679745874834  | 0.0010311683361018805435  | -0.0054414939442763441205 |
6     | 0.0032157859617876816995  | 0.0079545673231443490142  | -0.017679108458605957699  |
7     | 0.0059421869407965746679  | 0.001583460540676532918   | -0.020200922495786189509  |
8     | 0.00084448358131889724679 | 0.0071797639480439198745  | -0.0060228020989203561245 |
9     | 0.0035647128375274621422  | 0.00073524199628402530683 | -0.013130694456536400744  |
10    | 0.007782536679996180512   | 0.0030251928177617236869  | -0.003048411963354262684  |
11    | 0.0044809217748345781321  | 0.0082026744578826502746  | -0.011987697356696306455  |
12    | 0.003095066438626840194   | 0.0036991751749390240633  | -0.020686853968559897055  |
13    | 0.0086263476182420351784  | 0.0070085335045763025655  | -0.01179154934206752027   |
14    | 0.0058621704826735555188  | 0.0093936373632434247427  | -0.0044908640857015012446 |
15    | 0.0039911945584571104084  | 0.0064827043631787472158  | -0.010488048546679992756  |
16    | 0.0032539561598335380206  | 0.0084181943156715430959  | -0.0047675481140199210336 |
17    | 0.0014782058245312354027  | 0.0089020061096370152465  | -0.0145777192391924066    |
18    | 0.0045974744379953099913  | 0.0097793485111531235077  | -0.01545920727300619836   |
19    | 0.006510296812974254374   | 0.00079369643279279659433 | -0.013404449913217760665  |
20    | 0.0041698588320347963407  | 0.0032012339876168259371  | -0.015752995574361914471  |
21    | 0.0084548138432843436552  | 0.0047910274605546280743  | -0.009535475891687839739  |
22    | 0.0062174209765592861054  | 0.0018416895060520094111  | -0.0069178360202333481072 |
23    | 0.0059715925641417554048  | 0.0065620619358844551119  | -0.015328333295767947869  |
24    | 0.0079336420018118556513  | 0.00077448197989430343519 | -0.0015519074534412909648 |
25    | 0.007620950001967484802   | 0.0018237594224420356631  | -0.0025351557554765336358 |
26    | 0.0029251637482015447125  | 0.0091560320794014070367  | -0.0086978392815890894635 |
27    | 0.0029257698890077133043  | 0.0046465218706504005444  | -0.014748885415558131082  |
28    | 0.0052659182139584937918  | 0.0073066048375668010348  | -0.018773066524710613212  |
29    | 0.0044155187233788969342  | 0.0032650525070932767159  | -0.016172629545417784719  |
30    | 0.0054015125414369480339  | 0.0019485528160132579295  | -0.015632244912090656475  |
31    | 0.0040882216638273476475  | 0.0024358912406761807322  | -0.015171934223035164757  |
32    | 0.002802148110130804181   | 0.0054783935531391124429  | -0.010213420676007504279  |
33    | 0.001959777356931769951   | 0.0091481593985843923794  | -0.003709965234073778987  |
34    | 0.0036311237805564883577  | 0.0081275567121310825919  | -0.002767912078214811774  |
35    | 0.00095542455887768649916 | 0.0055604217892846466084  | -0.017012472367631498865  |
36    | 0.0093556890714413133009  | 0.0096827877294014697701  | -0.014739487144531228033  |
37    | 0.00018206791209469369423 | 0.0054830513915755515683  | -0.018051988747826958059  |
38    | 0.0060637763752458551103  | 0.0067765427971756189013  | -0.014772568247798534974  |
39    | 0.00074583456073044581466 | 0.003203807735041809459   | -0.018138779693314319857  |
40    | 0.0060275310145802944717  | 0.0032617547806459731667  | -0.017403754441658952912  |
41    | 0.0077334033051482753765  | 0.0044097632698705639676  | -0.012108552464724213829  |
42    | 0.0067049863364353409767  | 0.009324444757121661681   | -0.0042004415603557132899 |
43    | 0.00055045699164687751734 | 0.0030137634614484654083  | -0.0053146761083149706567 |
44    | 0.0023507505301089809922  | 0.0065992626251689555025  | -0.0047597411867932168036 |
45    | 0.00061131226020218437482 | 0.0026336723052527602311  | -0.014021090433081192378  |
46    | 0.0035423618007509771917  | 0.0016402935285439363983  | -0.00765550712837137666   |
47    | 0.0033878094023914989003  | 0.0031878252460848443758  | -0.0070122212134965241845 |
48    | 0.0049243330655502487447  | 0.0079022702828023538846  | -0.0025731566601903165317 |
49    | 0.0036037959078521033043  | 0.0060428860135315334498  | -0.014094056862788001405  |
50    | 0.0044923721129716187236  | 0.0069756063506413428649  | -0.017513573415571082048  |
51    | 0.00076851862648511274582 | 0.0065854474271654830225  | -0.01108654722446318977   |
52    | 0.0036223200865178012235  | 0.0053369290255714553484  | -0.0092943307232074955787 |
53    | 0.0088781905113267927526  | 0.0081369131343486215957  | -0.015037653435761194273  |
54    | 0.0016265503720496426576  | 0.0057758507863579335376  | -0.0080316700884020281875 |
55    | 0.0053976601809790653724  | 0.0089046570198333986623  | -0.0056628803582528166455 |
56    | 0.0087125403537287021     | 0.0037911334343067272165  | -0.013305861656430622089  |
57    | 0.0029642649517209948562  | 0.0084287408431114093504  | -0.0037556204883286274133 |
58    | 0.0018808857782087217477  | 0.0093480003803285589836  | -0.012408801841032485527  |
59    | 0.0053620591194672058422  | 0.0076794680698674270061  | -0.018444058176798554249  |
60    | 0.0052630410937732578086  | 0.00012166978494002265152 | -0.015458989495620443361  |
61    | 0.0076448836701050182363  | 0.0062205149158180983449  | 0.00053277985538448344865 |
62    | 0.0069629397539053066932  | 0.0071917904784924878078  | -0.014321538961245014118  |
63    | 0.0082934004237348400018  | 0.0099336189276173145202  | -0.0012348239349735245108 |
64    | 0.0071138200273583706429  | 0.0073081825921233051213  | -0.0074733618034988572726 |
65    | 0.0065158024594374544525  | 0.0085340053733946978631  | -0.014344913234172633476  |
66    | 0.0019497248452427396338  | 0.006473451888999849288   | -0.019478032051473824493  |
67    | 0.0057566271522592072502  | 0.0027906479582084382091  | -0.010306189803238352889  |
68    | 0.0017584285993062053876  | 0.0075130040828823426921  | -0.0049384202595288747423 |
69    | 0.0013368239501089541899  | 0.0059246816059104756569  | -0.010921328123634626087  |
70    | 0.0088296158326623477852  | 0.0051231854037530246554  | -0.0041390400584872776013 |
71    | 0.0090437450689497614342  | 0.0075052254156919781525  | -0.017760678607191254103  |
72    | 0.0067865883298931549764  | 0.0082528483356447464997  | -0.0063906557653849119932 |
73    | 0.0021777658949362370053  | 0.0035472569509207886596  | -0.016069416416009157239  |
74    | 0.0041269016811204903977  | 0.0066164596312378006274  | -0.0079774652142455687587 |
75    | 0.0073122232050336138584  | 0.00052747474998933268058 | -0.01921011446799780753   |
76    | 0.0060284563289738661226  | 0.0015952552672898025546  | -0.0051900541057058472219 |
77    | 0.0044670884617984572482  | 0.004752299646650921805   | -0.0015245158342803032028 |
78    | 0.0054733226229981791697  | 0.0044491813063977387471  | -0.007250104474587921316  |
79    | 0.0041913116400611946655  | 0.0067703711273459791023  | -0.012897941776592678625  |
80    | 0.00169481627038339344    | 0.0040863913453203842482  | 0.00059904569684157606829 |
81    | 0.0078857233433614615237  | 0.0014152170170386847801  | -0.0038555495963538410908 |
82    | 0.0069138511381789027194  | 0.0047664595307650653791  | -0.019008898920730005894  |
83    | 0.0051577228709996317951  | 0.0069062284070974212444  | -0.0041564125853343330402 |
84    | 0.0096389143608793508705  | 0.0021562899360793663997  | -0.0041293758308459070638 |
85    | 0.0028415368686921524746  | 0.00037474610688834639281 | -0.01048728246349819003   |
86    | 0.0017576347993127482573  | 0.004824631006825358219   | -0.010270338405926759603  |
87    | 0.0036747391853049634312  | 0.006777187289713448165   | -0.02085765102825632572   |
88    | 0.0060176131056403694974  | 0.00072179260085437023636 | -0.0052999830189487508528 |
89    | 0.0093441772381916022444  | 0.0070711980349924107719  | -0.012180954072213544953  |
90    | 0.0040890836880458861918  | 0.0062191875019888456094  | -0.018082947736147429729  |
91    | 0.004934501089997115654   | 0.0024525650235253911371  | -0.0092790949244186265998 |
92    | 0.0082643458622916540768  | 0.0073816540717657657192  | -0.0041904724920711318784 |
93    | 0.00091740363922887405504 | 0.0074869453844224002209  | -0.0057298372892090315006 |
94    | 0.0052592551356725365796  | 0.0076315163337788705089  | -0.01942599282180993564   |
95    | 0.0045550989485373385643  | 0.0096437798310534256219  | -0.0084076579593558402326 |
96    | 0.0013913015657285668098  | 0.0097891186078658595088  | -0.0030189608245806457375 |
97    | 0.0056262006158187367541  | 0.0049307132430961254574  | -0.0019784818998167014344 |
98    | 0.0099664746444406704384  | 0.0050678495103163778354  | -0.020066563753222212835  |
99    | 0.0044836414141235913372  | 0.0073051233490218081545  | 9.0022976667415195587e-05 |
100   | 0.0098215618874460779153  | 0.0048457914989177477277  | -0.01505035669603966425   |
101   | 0.0063403754541144947965  | 0.006918473781862445951   | -0.012662240004312659558  |
102   | 0.0060388279577882272853  | 0.0056073245802795643189  | -0.013119542941280211423  |
103   | 0.00012002661989270351265 | 0.0084236916747595265431  | -0.0063161632648644052204 |
104   | 0.0031994393051339082602  | 0.0077368265902309895504  | -0.0071855263754900030454 |
105   | 0.0086357012650846113472  | 0.0066792436876160158482  | -0.0097662368020037214345 |
106   | 0.0041070373990367862668  | 0.0084108375186799609613  | -0.02054521347069580145   |
107   | 0.008103712714423757027   | 0.0066165348873165746868  | -0.017327803048155860505  |
108   | 0.0066727090277935155113  | 0.0092337672194308627327  | -0.020546661336866015035  |
109   | 0.00059339946673669507083 | 0.0035162919053012492779  | -0.0061416413683902165363 |
110   | 0.0040195484929764985563  | 0.0037350204089749957162  | -0.015382912650227767784  |
111   | 0.0065525136771369223154  | 0.0036926007841273258796  | -0.01099628908271182981   |
112   | 0.0089100812626400453798  | 0.008365783680136917172   | -0.00094467790353372927542 |
113   | 0.0069688391017204403405  | 0.0044079866835641931186  | -0.001133747497920943462  |
114   | 0.0085798117749709655599  | 0.0078228343606588854331  | -0.0045871406627264570133 |
115   | 0.0016874760655658871747  | 0.0022178072311187383217  | -0.0093958764025298471823 |
116   | 0.0033810525360590953925  | 1.179784132762572148e-05  | -0.016837057567503060929  |
117   | 0.0086899199183103400385  | 0.0035239023726446570828  | -0.004447785906304499437  |
118   | 0.0053613339320728965395  | 0.0043472387334693492894  | -0.0030667860854877164629 |
119   | 0.0065018113337153571329  | 0.0026557237861823076476  | -0.016170614828159353416  |
120   | 0.0024783818845131454396  | 0.0033061917989896929745  | -0.017751493556881322439  |
121   | 0.0048393715323480183954  | 0.0015354424840645466196  | -0.01898169925221548926   |
122   | 0.0096710126677859321181  | 0.0074655824062730006055  | -0.0053213523201710560134 |
123   | 0.003128009150737140389   | 0.0024868834350975188401  | -0.014493570702643036527  |
124   | 0.0038359702675058332012  | 0.0065091761786742509399  | -0.0094680879625026366508 |
125   | 0.0065544481102972774328  | 0.0086669822321725330933  | -0.0044614401778861794215 |
126   | 0.008192738350465796765   | 0.0068949247879854106205  | -0.0099899216350546448523 |
127   | 0.0023102957579508561284  | 0.0073463493543740434125  | -0.0062604727367329250989 |
128   | 0.0042265683010034357098  | 0.0016701220651180845485  | -0.019203219086761202927  |
129   | 0.0097100132217113385019  | 0.0061103965767686724622  | -5.1335453638218212402e-05 |
130   | 0.0058908216390522877282  | 0.0068756027968027927724  | -0.0013992029054397771889 |
131   | 0.0037139717262206482264  | 0.0053796484247537858583  | -0.021134147105161905922  |
132   | 0.0042076461178715846706  | 0.0031250267063036712978  | -0.0070236857476032137082 |
133   | 0.0034541678523079166925  | 0.0034040871436979958618  | -0.013912774402553233083  |
134   | 0.007589962806495142815   | 0.0079245116183035927554  | -0.017343176157727176884  |
135   | 0.0037134802291089266148  | 0.0061062068682842503622  | -0.015280584907853394724  |
136   | 0.0042335872823431241682  | 0.006209603909354603074   | -0.016051730207087232943  |
137   | 0.0055955714608230816554  | 0.0062409061741154937819  | -0.0073931968877132131501 |
138   | 0.0072867681554607587405  | 0.0048342020366475349502  | 0.00078449796556523724265 |
139   | 0.0062021787261561786217  | 0.00082365296768654441481 | -0.0084520225774635197175 |
140   | 0.0061190169938215447157  | 0.006565488693171690586   | -0.012172981296839430893  |
141   | 0.00053249344531004143104 | 0.0074029391786347518295  | -0.018479436333787794405  |
142   | 5.4457459183797360196e-05 | 0.0069400452338345876985  | -0.010094047111266418043  |
143   | 0.0034247140834468888654  | 0.00030143081594746968426 | -0.012565442831847779478  |
144   | 0.0096909193060351634524  | 0.0056293639687243872405  | -0.010414333068658408396  |
145   | 0.0069977376375951645671  | 0.0094599921208464478328  | -0.010067495493337359769  |
146   | 0.0052452798837913840874  | 0.0093168445055524292536  | -7.7232930848201821399e-06 |
147   | 0.0043805159342754701121  | 0.00044916166281945882864 | -0.014896474253897905998  |
148   | 2.5391891236609199557e-05 | 0.0081537047222731678237  | -0.0019705627594572131846 |
149   | 0.0016478226554313393695  | 0.0077947031004820628228  | -0.01405412398364144777   |
150   | 0.004162288637948650602   | 0.0032925568626221758152  | -0.01707665155847056665   |
151   | 0.0040628562268931424015  | 0.0038253197931818979684  | -0.015215826533169529364  |
152   | 0.0074089026644592326232  | 0.0012974794222951587311  | -0.011935324109045530178  |
153   | 0.0075387421610098575425  | 0.0074338256120998098819  | -0.0065552453218396681059 |
154   | 0.0042972462077303392319  | 0.0082737175112809532157  | -0.0079629952863885019448 |
155   | 0.0044652256958500483389  | 0.0010562733288400048565  | -0.001798241394289115799  |
156   | 0.00086149709857607972147 | 0.0084599579053274160528  | -0.012741483780178690377  |
157   | 0.0055412829605871087926  | 0.00032269355772856432281 | -0.0013442219005125792628 |
158   | 0.0093731122918215732664  | 0.0036154355567116860416  | -0.012333131797551686801  |
159   | 0.0041980437768615553804  | 0.002808872505444013918   | -0.01703179786192267689   |
160   | 0.0037178687071019607922  | 0.00073071684384196880935 | -0.019801610783528360987  |
161   | 0.0053894308639709726308  | 0.0076680927811727285504  | -0.0061461692869459079447 |
162   | 0.0053454809000656770476  | 0.00026329506581452367725 | -0.004958752799792960457  |
163   | 0.0050199012332336392234  | 0.00028353453374217697444 | -0.0075369865060888573127 |
164   | 0.0040533864847280606097  | 0.00023322323721449377508 | -0.0071423953804986926169 |
165   | 0.006338456414284911189   | 0.0075492430075939772824  | -0.00820360663739815206   |
166   | 0.0074959106416789041821  | 0.0076595036467492017343  | -0.018477612449488329399  |
167   | 0.0015618722938168963336  | 0.0098378155658682495815  | -0.0082609348744391037506 |
168   | 0.00073626084622636337081 | 0.0058851941214746851874  | -0.0056312977329797736167 |
169   | 0.0039115374740308541529  | 0.00017357833911611005463 | -0.004027609757510840216  |
170   | 0.0099410454957346138655  | 0.0069395993755597068856  | -0.0062371017771549229838 |
171   | 0.0032199388658328193837  | 0.0077581017184988445082  | -0.018007905296537774636  |
172   | 0.0037204871434690905269  | 0.0040098288782196359059  | -0.0013912249066162034848 |
173   | 0.0042611990319434637359  | 0.00075584977870589908563 | -0.0039061608867165548836 |
174   | 0.0052636948241461993872  | 0.0013769802343222771641  | -0.0079220773168522350127 |
175   | 0.0016597043204256787391  | 0.007697270023484008121   | -0.020971566892831645934  |
176   | 0.0030402314060932657952  | 0.007885750396051081218   | -0.011411555669344137717  |
177   | 0.005990569401280520373   | 0.0062664381327947544023  | -0.0034942086599741065643 |
178   | 0.002405971384202120443   | 0.0075782482572239072069  | -0.010134669818797070739  |
179   | 0.0083523355975475208068  | 0.0096744221807689278342  | -0.014417828177403736387  |
180   | 0.0039141997645888004093  | 0.00059805067755220762613 | -0.0080691210471942644011 |
181   | 0.006817070180538066862   | 0.0088842618575140433479  | -0.015024872112850621089  |
182   | 0.0083813054559901348922  | 0.0057811677139108551618  | -0.014314916444902918771  |
183   | 0.0048241165756978485885  | 0.0042207588472230319829  | -0.01484560124118889865   |
184   | 0.0029936428820410720432  | 0.0051243877246317445784  | -0.005121729327958365538  |
185   | 0.00056572180363097961976 | 0.0028235366188918285986  | -0.018503518578688191165  |
186   | 0.0040487977523045283815  | 0.0060849541900670671771  | -0.013270187170349258265  |
187   | 0.0057552497964507114137  | 0.0066929210038829929988  | -0.005274639265802852188  |
188   | 0.005598040007777827301   | 0.00030214335159185713373 | -0.0034251772615321342264 |
189   | 0.0024696374959230554466  | 0.00074309324644180252059 | -0.012273454579760175245  |
190   | 0.0029067336358392292447  | 0.00520012774391518523    | -0.0010085780416796989636 |
191   | 0.0025044693815933025821  | 0.00052461342070345162204 | -0.01278752395063983277   |
192   | 0.0025392009412890208242  | 0.00011580713973334282767 | -0.0061262710814242796187 |
193   | 0.0029608845681842721996  | 0.0050590048123934456756  | -0.01028083926469467585   |
194   | 0.0092965726954070907612  | 0.0029381896901635581529  | -0.0070085469664780989871 |
195   | 0.0011420678521559398614  | 0.002747595004112632789   | -0.0033050180479181003219 |
196   | 0.0063698903477203009174  | 0.0031046714857392455206  | -0.016702276090897250072  |
197   | 0.0046091639807460671463  | 0.0063862409139323426249  | -0.0096403280352303950818 |
198   | 0.0088011799179208479588  | 0.004286124759812643889   | -0.014382417389554359027  |
199   | 0.0089281775549141413617  | 0.0038640487495731038088  | -0.016535967499841295464  |
200   | 0.0033036581481331846535  | 0.0052669357037509944783  | -0.0072974679199469694862 |
201   | 0.0028367380124787533804  | 0.0041069075018536176092  | -0.018156044670136751301  |
202   | 0.0040872026006574498427  | 0.0074556439953427705233  | -0.0031528138965755646284 |
203   | 0.0048926668795704298873  | 0.0087649422889477298509  | -0.015741483226632598663  |
204   | 0.002189520222824058171   | 0.0031464025004730254015  | -0.015501513448213329049  |
205   | 0.0069061885589177763808  | 0.0019800330804998337621  | -0.02079434074078160069   |
206   | 0.0062992955586985508593  | 0.0048860686154521843633  | -0.0070709485148043428951 |
207   | 0.0067790537910144658962  | 0.0047801509556531255815  | -0.006846518250216740778  |
208   | 0.0037277522470033626172  | 0.0091542935761141485534  | -0.011366953830799027617  |
209   | 0.0077592300027356500211  | 0.0078732671868016329553  | -0.010988916564129952436  |
210   | 0.0029348689699163275739  | 0.0047243449314176193601  | -0.0015755080282793118215 |
211   | 0.0031717200870760085644  | 0.00017806982423559854787 | -0.0049384240166000228575 |
212   | 0.005349909208381836874   | 0.0056933085465983588117  | -0.0010864471541301603912 |
213   | 0.0069399012008340742533  | 0.00068784822435194079796 | 0.00010973182024838819694 |
214   | 0.0046050285010828945209  | 0.0049983677954166440965  | -0.016189454999259215995  |
215   | 0.00010667687885363413413 | 0.0053412887353784270147  | -0.013070228852389008042  |
216   | 0.0095087800418086274035  | 0.0091157765587949867586  | -0.017981151313717372298  |
217   | 0.008279581232336991059   | 0.0082035030229544794733  | -0.016000971391922639425  |
218   | 0.00092340132019937495346 | 0.0069282241185440697137  | -0.0066316451523163290685 |
219   | 0.0026779175675357889085  | 0.0045758223526248713656  | -0.01979669569123170686   |
220   | 0.0072696097341867129543  | 0.0062794329779729991803  | 0.0007813675021824234004  |
221   | 0.0069370243981899462615  | 0.009539825549283231787   | -0.009192749279353686076  |
222   | 0.0052769584796370930593  | 0.009046318858442639263   | -0.013308146456683758382  |
223   | 0.0031783642338262594988  | 0.0021232008639634515623  | -0.011465909656335657521  |
224   | 0.0012205571602958104147  | 0.0075642289011804758267  | -0.015016180485954478546  |
225   | 0.0089146651415249102829  | 0.00037562860160295042863 | -0.010279070974652131099  |
226   | 0.0021637951392382932456  | 0.0037850105573991742365  | 0.00076596956120799524793 |
227   | 0.0066160320175118157715  | 0.0041951013230686158215  | -0.0022288433687501661359 |
228   | 0.0066167329633187305094  | 0.0030344984172117990193  | -0.0091373582406823299074 |
229   | 0.0044997817833767536633  | 0.0081375331032740843423  | -0.0059168073513461436411 |
230   | 0.0050757805568306980926  | 0.0010382363445149349161  | -0.015228282769605949384  |
231   | 6.4275294490393839321e-05 | 0.0061168940718854449695  | -0.013523074853709604257  |
232   | 0.0058352587449921498527  | 0.0078010249093059640113  | -0.000787302492634521533  |
233   | 0.00040335209888049515124 | 0.0058562832450164189341  | -0.018006970323860106015  |
234   | 0.0050805577316645348165  | 0.0040621899745290840703  | -0.016106520051952830097  |
235   | 0.0015888788704549060195  | 0.0040499618907894304257  | -0.015549830622911672492  |
236   | 0.0036041958712646482432  | 0.0026414498677265786653  | -0.0084450501294867710844 |
237   | 0.0035811779784184405093  | 0.0039885579695825984503  | -0.00088187868030000123032 |
238   | 0.0023523948159325262439  | 0.0058345829754272741582  | -0.0035205767709632442876 |
239   | 0.0098284087394277259292  | 0.0080198679869419812333  | -0.002638219283591129987  |
240   | 0.0067653804889772585149  | 0.0095454955080793331412  | -0.020076986094790551934  |
241   | 0.0055893433392564797688  | 0.0087685703845952530505  | -0.0020335499086611484414 |
242   | 0.00078886005707810142023 | 0.0048919970033298185511  | -0.0062116234044352286806 |
243   | 0.0026217655725886764191  | 0.0059140873435415868345  | -0.012450868967461985876  |
244   | 0.0070760182998187383038  | 0.0051062210518689025995  | -0.0036036281389196802259 |
245   | 0.0050315445599976634655  | 0.0025023435951333820003  | -0.019608293007247774159  |
246   | 0.0099025310719315171731  | 0.0008401909827128231081  | -0.0086337858588209255573 |
247   | 0.0056927881470670779751  | 0.0032083541954838782836  | -0.012856284858172493946  |
248   | 0.0097567024731545857336  | 0.0050987807113602734432  | -0.0087073248582605657087 |
249   | 0.0066502964216625676946  | 0.0024643437892809569138  | -0.0060581892943297969284 |
250   | 0.0066682835423309107584  | 0.0054581082198354082674  | -0.0015950088934548220347 |
251   | 0.0043793172722125595434  | 0.0049476743957076966401  | -0.018383661346860220159  |
252   | 0.0072137038059525895178  | 0.0057595310294120752315  | -0.021323394032749524302  |
253   | 0.004793476391114409596   | 0.0087821648481299224853  | -0.016782100251669675867  |
254   | 0.0023078987360993898428  | 0.0013210932068791563475  | -0.010106144502561746623  |
255   | 0.0017762948751919335581  | 0.0047464164021250717859  | -0.00080720809912468373566 |
256   | 0.0047205913751659995051  | 0.0075825990506043156394  | -0.012300892479125094536  |
257   | 0.0020476108880739655495  | 0.0026954050021226901544  | -0.0091882639570936355811 |
258   | 0.0032971694541620972206  | 0.0067732228817961896358  | -0.0083312646609805043885 |
259   | 0.0064425520839718830937  | 0.0092591251314080944695  | -0.0095203493937292046206 |
260   | 0.0042605158485681474817  | 0.00062630915516454139548 | -0.0050744000706319618288 |
261   | 0.0057214704940494161625  | 0.0068505178698177677035  | -0.02114540103799240553   |
262   | 0.0010454341086854348174  | 0.00016249699503162793159 | -0.01234849586372143912   |
263   | 0.0072583370723945366682  | 0.00072617946986711903647 | -0.017032400011461158035  |
264   | 0.0062344942620906696265  | 0.0016990541437237407802  | -0.00025068395899562062471 |
265   | 0.0065832056994441744135  | 0.0064964071956652913106  | -0.010763659938266154081  |
266   | 0.0039857474280073669493  | 0.0033796229835264734662  | -0.017399526315074100719  |
267   | 0.00081155501489584404382 | 0.0031465716666712107742  | -0.010565320766095702074  |
268   | 0.0060505714664162314059  | 0.0064478231561302511848  | -0.0022765779685592225229 |
269   | 0.0037854050804465629726  | 0.002459465284129783158   | -0.0030209646794865431009 |
270   | 0.0094479154109390200977  | 0.004616435241518735029   | -0.0098054992790663660085 |
271   | 0.0053257319163128808218  | 0.0091280690510110625013  | 7.4102635558013931724e-06 |
272   | 0.0056377619598106352983  | 0.0080067726534283172046  | -0.011432418722271443789  |
273   | 0.003682466154181985446   | 0.0095600002927491625065  | -0.013371169675420827364  |
274   | 0.0061559215812741294865  | 0.0075579977009562560389  | -0.013047064054767222585  |
275   | 0.0089623434873808451029  | 0.0052699231242516204193  | -0.0038750395529024415399 |
276   | 0.008895156267908235076   | 0.003392848776626564665   | -0.010146490453082227315  |
277   | 0.0022950925753236726956  | 0.0048612517826304487562  | 0.0006633918469923600833  |
278   | 0.0086346698808104551531  | 0.0047124313160004822898  | -0.0080510295343007489549 |
279   | 0.003998671285248282109   | 0.0042120189723786269353  | -0.0038219433333159216933 |
280   | 0.0090320524535461438331  | 0.0036882675988458139306  | -0.019200070371956506898  |
281   | 0.0043712160579688959933  | 0.0078296953847999742337  | -0.0093435264030600605895 |
282   | 0.0036916109292980665672  | 0.0012886939325797493617  | -0.01569066131818281154   |
283   | 0.0082446790811553025136  | 0.0057082470721767216912  | -0.016257545377779420576  |
284   | 0.002765973381653261641   | 0.0044335208460213387446  | -0.017453753875356817216  |
285   | 0.0095826809254108084174  | 0.0060374894289900961006  | -0.0032656153355916785024 |
286   | 0.0013695387075858430053  | 0.0021097305642057443895  | -0.015650441990196758968  |
287   | 0.0019830913442560912756  | 0.0064193939332620932742  | -0.0082676928126254010942 |
288   | 0.0023480591467688869713  | 0.0027963066963492900011  | 0.00050808735202302699602 |
289   | 0.0098993913377841448453  | 0.00016206885325777790354 | -0.017784289614516272937  |
290   | 0.0014841184371696064873  | 0.0065108748138822461482  | -0.0047144638645497246796 |
291   | 2.1641121012717348584e-05 | 0.0012038276688512978933  | -0.0098821619875121453902 |
292   | 0.0028538435375436246345  | 0.0045358055225906109345  | -0.00010839094805987821316 |
293   | 0.0095057714523092643605  | 0.00027647921466654652202 | -0.015041105781277191306  |
294   | 0.0078068395227042413145  | 0.0073276067470616108868  | -0.0017956815892064973209 |
295   | 0.0025908908258853707157  | 0.0026192633219317825941  | -0.012766751360514213762  |
296   | 0.0071964256251953974061  | 0.0040144877825377626307  | -0.016527777288611107676  |
297   | 0.00086903962224597647735 | 0.0030148359513664634707  | -0.017972287837068876004  |
298   | 0.0022083198432071081234  | 0.0048613115155800397035  | -0.019418863289009071632  |
299   | 0.0016083921574285445309  | 0.0073099576299007987951  | -0.013101867039999156445  |
300   | 0.0044221128479482807797  | 0.0072296828210965183303  | -0.015568431614429157489  |
301   | 0.0014009166386651050566  | 0.0073522053329156998938  | -0.021114926649477044202  |
302   | 0.009595617142116246584   | 0.0020927769583645909959  | -0.019767080706121476635  |
303   | 0.0080023706656355796107  | 0.0051832024640061239232  | -0.016413138147447253051  |
304   | 0.0012792857331416938524  | 0.005892417453827921911   | -0.0091062937868751740733 |
305   | 0.0063162398616078922059  | 0.0072820804760421057114  | -0.017326683773049973702  |
306   | 0.0044592492522111306513  | 0.0026337884684039958999  | -0.015441153939799685119  |
307   | 0.00011112669214132016196 | 0.0036314399187352013922  | -0.0046776918083367251266 |
308   | 0.0089426323640827368872  | 0.004985351013281752279   | -0.0031567420143997458604 |
309   | 0.00611548906740436507    | 0.0030237736012095639028  | -0.007527149433792413788  |
310   | 0.009663859394988842319   | 0.0055280646794382921547  | -0.0080841766208422250611 |
311   | 0.0087509187317054877575  | 0.0057280540041379900823  | -0.0087788433511892596806 |
312   | 0.0070590628900996984368  | 0.0038312564467322123181  | -0.018236972524366228121  |
313   | 0.0069253575298803540447  | 0.0027661427984952539384  | -0.0032833520653481025955 |
314   | 0.004173873370232806905   | 0.0068874893937441164157  | 0.0007049563782416850069  |
315   | 0.0098904751785196948211  | 0.0089196223717343554177  | -0.005742579219237387185  |
316   | 0.0054270580253253288688  | 0.0050116480577082371181  | -0.0038740296195382199589 |
317   | 0.0061227399118175670698  | 0.0018500094059386133511  | -0.020781365130977887817  |
318   | 0.0073915997705397105955  | 0.0052891718618193793791  | -0.0014877742648843727668 |
319   | 0.0024189809332418100475  | 0.0022740339290205648613  | -0.0027716363199167849685 |
320   | 0.0068274093866847861828  | 0.0044761379097401250704  | -0.021076798410710053527  |
321   | 0.003586633276656465627   | 0.0029588666651192748608  | -0.0081404035738623838764 |
322   | 0.0087653364260429009192  | 0.00026723940568768321567 | -0.0031481486500510068652 |
323   | 0.0050936991041852369699  | 0.0019917390961690598777  | -0.0049938179870179311495 |
324   | 0.0021885205682608088566  | 0.0044621880427117635581  | -0.010254591828196345238  |
325   | 0.0053911772149660454334  | 0.0018362853980269850697  | -0.014297075733793341429  |
326   | 0.0007813572420636468981  | 0.0049456057051499155083  | -0.0076966785190818644974 |
327   | 0.0039639113245851396658  | 0.007124186671536192339   | -0.0089473204589734737363 |
328   | 0.0099127943507909821452  | 0.0078743134575486612575  | -0.016979619666286093621  |
329   | 6.4345733701291665373e-05 | 0.0064862578700814188526  | -0.0081465743154705786561 |
330   | 0.0023482038243100764562  | 0.0030380655023679575127  | -0.0026819381280575706542 |
331   | 0.0064512664533367550593  | 0.0025811792970478878752  | -0.0092870184980486138182 |
332   | 0.0058107502471554219395  | 0.0058982949581149824239  | -0.0022015638019314870584 |
333   | 0.00091070513769061676394 | 0.0072894893452252786104  | -0.012371199246741040184  |
334   | 0.00055409297058249074117 | 0.00375391460985778809    | -0.0093916988727736627762 |
335   | 0.0034412388136845699187  | 0.0095883090519750906189  | 0.00018719014823948606357 |
336   | 0.0087582534860699313983  | 0.0047978606104303028052  | -0.010322673809468538297  |
337   | 0.00244570114107353501    | 0.0090166210510456666627  | -0.0066877265144849890738 |
338   | 0.0086113237547389195198  | 0.002036021441609107193   | -0.0098128652443040340764 |
339   | 0.0046136817618470001012  | 0.0062366373932570707411  | -0.018052842341725442582  |
340   | 0.0044387529177051590623  | 0.0058860982522387934185  | -0.003997886415796298408  |
341   | 0.0043043250525802894194  | 0.0086970827218689223531  | -0.016037713692047705916  |
342   | 0.0013822675118480669265  | 0.00096147996010490443478 | 0.00032822460060833846124 |
343   | 0.0017883202307581468928  | 0.0036422039384843281178  | -0.0033790212760455655937 |
344   | 0.0060976405789521940029  | 0.0074081538275893379919  | -0.00094547564541301750123 |
345   | 0.0051090117204400644843  | 0.0001162641878063117723  | 0.00026921836642815181496 |
346   | 0.0099277423546745326155  | 0.0077986893179573697765  | -0.011479871741382473641  |
347   | 0.0074386860428766110251  | 0.0056147026062898473808  | -0.016418940353470957288  |
348   | 0.0082843740093741444208  | 0.0023542107421385405353  | -0.010923972344068638707  |
349   | 0.0023702987333796394186  | 0.0021789534449502354768  | -0.011846533791524047063  |
350   | 0.0022021177619162743931  | 0.0036137026828405435439  | -0.0071937384134324704188 |
351   | 0.0024249617272013839625  | 0.0026696081485534351417  | -0.015851600268714221426  |
352   | 0.0030508018108791929053  | 0.0034519646619704746036  | -0.010910565032914442546  |
353   | 0.0037905720073457302259  | 0.0044594503590206112029  | -0.0043523895888998888337 |
354   | 0.0067117783064224393469  | 0.0036753846652372505581  | -0.0073508174906903311907 |
355   | 0.00505064311218680808    | 0.0042383915297819606954  | -0.0025052830680484111658 |
356   | 0.00032568416151003664856 | 0.009125796350578146629   | -0.018074966875191365162  |
357   | 0.0041134913925288223158  | 0.0043383794653527882682  | -0.021210041930261318288  |
358   | 0.0046882820867190141273  | 0.0025780986306837938397  | -0.020385958825346151696  |
359   | 0.0094292808628370326784  | 0.0042424229049414013612  | -0.015911963637082970902  |
360   | 0.0065825986103856442069  | 0.00023048967177840697204 | -0.016688201061923250978  |
361   | 0.0036457260911686760821  | 0.0060551110137943096184  | -0.018362044060071747165  |
362   | 0.00070646642997650632625 | 0.0022597461326019784196  | -0.018162574636649560234  |
363   | 0.0071301064955361682929  | 0.0076993118525330011409  | -0.00038464406812862921535 |
364   | 0.00166620161676827791    | 0.0043521566169597352899  | -0.011125107778461651442  |
365   | 0.00040598708224875740703 | 0.0074279989158039256419  | -0.0045911607445087727203 |
366   | 0.0020265142348764066116  | 0.0033050821571637364372  | -0.016651835668657133382  |
367   | 0.0070773450413654627814  | 0.002634226937352758275   | -0.0022675708251895252202 |
368   | 0.0064044112120992795906  | 0.00012169334003201717992 | -0.0080352570107794698412 |
369   | 0.0043181675135180600314  | 0.00068973388862334286935 | -0.018624722732743181908  |
370   | 0.0021722966570341339064  | 0.0043889759411187270408  | -0.0071840081051391686123 |
371   | 0.0028568192519522125905  | 0.0054632175791604767681  | -0.0006320558029824738808 |
372   | 0.003564307484907161365   | 0.006334529134638279893   | -0.011181371987370359797  |
373   | 0.0076115612220078792891  | 0.0010950769962534529466  | -0.014855794707893126352  |
374   | 0.0076510823307125250953  | 0.0098570682366171842592  | -0.018483379174094885511  |
375   | 0.0058073162474804353173  | 0.0017377318259071616261  | -0.020452364464766586982  |
376   | 0.0092565528058073734408  | 0.0039183488611773155397  | -0.0017928625244678091273 |
377   | 0.0098937534842440718469  | 0.0053803105594070451193  | -0.0096364464286596580173 |
378   | 0.0048321164046122412963  | 0.0092409514533522123941  | -0.0077309964328454413088 |
379   | 0.0084389177331790077297  | 0.002275625708121292376   | -0.00027229354016309893207 |
380   | 0.0043925623975960307807  | 0.00036087037947217010967 | -0.018371750130093043168  |
381   | 0.0017996717296030534036  | 0.0045378655574008575427  | -0.011599423314626733719  |
382   | 0.0021297810707066530678  | 0.0070730345530747931737  | -0.013735398081209361509  |
383   | 0.00014593787882668542415 | 0.0090494707754795906951  | -0.012531298494024938756  |
384   | 0.0076852735988859575966  | 0.0054710751053586885104  | -0.005232266744780958434  |
385   | 0.0082383304108509369107  | 0.0019379644684410655877  | -0.017983038057902751838  |
386   | 0.0078340483887808735203  | 0.008280186948589941115   | -0.020329287190464048751  |
387   | 0.0053196835238905467932  | 0.0038445958267429732567  | -0.011838566200615244922  |
388   | 0.0073880640633608059276  | 0.0053107938626123750436  | -0.00014070052944366626775 |
389   | 0.0067868224872563043953  | 0.0063186305468934085908  | -0.0076700627217851655507 |
390   | 0.0045417575536815515611  | 0.0012294988913586406363  | -0.018173681561977430426  |
391   | 0.0055310249511321442351  | 0.00440744830769438517    | -0.018053554132372553326  |
392   | 0.0052802017769294738725  | 0.0038466488762081045907  | -0.021151143947902642517  |
393   | 0.0067565094826392739849  | 0.0093361144661332079453  | -0.016871455536496361705  |
394   | 0.00088769957273244202468 | 0.004047683571288531075   | -0.020776243222854089143  |
395   | 0.0066200643204127876049  | 0.0080996206673100250295  | -0.013525575641383362838  |
396   | 0.0074485657858182072535  | 0.0047599960983297530392  | -0.012300382504942241127  |
397   | 0.0038675403333587230446  | 0.0067695389402353776942  | -0.00058129715837079124104 |
398   | 0.0054158837382674235653  | 0.0068954550995404201644  | -0.0049238709306075115202 |
399   | 0.0029781933479438318056  | 0.0074887168238531821515  | -0.018887427939240006985  |
400   | 0.00083950934984398353691 | 0.0082406209181628744392  | -0.0053222975721930855866 |
401   | 0.0050703680513304516184  | 0.0048398553422593750331  | -0.018796667020913870871  |
402   | 0.0020984204204453080558  | 0.0016638803741156845718  | -0.00093152652554245776294 |
403   | 0.0046247759115768680496  | 0.0099957649957585562039  | -0.006040217137561780178  |
404   | 0.0061479126304792141439  | 0.00036665820115401218755 | -0.011463136325363630641  |
405   | 0.009434488486393865711   | 0.0046438535904772277468  | -0.017701413724521879167  |
406   | 0.0099187257636482555057  | 0.0061163966809551469431  | -0.010887345111224567412  |
407   | 0.0096455345859777948114  | 0.0087900711988615591597  | -0.0020492460521930977273 |
408   | 0.0027233909035433582005  | 0.0078131286991648864898  | -0.0060939542296171954339 |
409   | 0.0038455479473499909297  | 0.0017405775125702120654  | -0.014126682371430413984  |
410   | 0.0013833338242632854925  | 0.0028865036845383807394  | -5.0856443211924093437e-05 |
411   | 0.0076863396917086664051  | 0.0039495607415174476679  | -0.015348605366164716143  |
412   | 0.0038438283441621051532  | 0.00093614340515442982012 | -0.013882185518346358902  |
413   | 0.0025802620303791118199  | 0.0063359783781818772297  | -0.021269324115318864743  |
414   | 0.0027407754619607595584  | 0.0014315671577710402818  | -0.018812822118955904033  |
415   | 0.0027629655956772402117  | 0.009422301932550568998   | -0.0057104236362026080179 |
416   | 0.0051988500205906356191  | 0.005661818793990513847   | -0.00070822048497401425462 |
417   | 0.0073681681139956016133  | 0.002223057799390860869   | -0.0053756899602058379195 |
418   | 0.0074135746536101807674  | 0.0080940612311222910613  | -0.010554665973538893131  |
419   | 0.0099693280625668314471  | 0.0067550747164197653266  | -0.020613901353215304674  |
420   | 0.0064312858472606758073  | 0.0087585599811222415723  | -0.018442753377451635149  |
421   | 0.0057977368576741404246  | 0.0093054553405803111521  | -0.00082032106122248231971 |
422   | 0.0024188024260384599975  | 0.00070420184849897876286 | -3.9398292020922794597e-05 |
423   | 0.0051141270704098797453  | 0.0077010081630304750427  | -0.012324664759037172457  |
424   | 0.00038708765815959972562 | 0.0078198637533737416772  | -0.0039450883786300424902 |
425   | 0.006404145339687577522   | 0.0041315209132218953109  | -0.019046357802045100344  |
426   | 0.0043316207909952809951  | 0.0094234730066734082726  | -0.0014577564016170169257 |
427   | 0.0066754807573117273464  | 0.0023286018119041823615  | 0.00033060977976302063789 |
428   | 0.0082236284170319907255  | 0.0046963512363111560577  | -0.01738556692045440874   |
429   | 0.0052464937746317290637  | 0.0037863530904732240791  | -0.0029969826539172563125 |
430   | 0.0019016366004100989772  | 0.008906122270557832038   | -0.0068285790023899714529 |
431   | 0.0069220019170987681298  | 0.0071659325181343564576  | -0.0042707392308178821275 |
432   | 0.0014810151646906654244  | 0.005563612318141578951   | -0.016207797860357066322  |
433   | 0.0026516500640112287968  | 0.005838532361244789734   | -0.015342192697218213007  |
434   | 0.0025470899771247073121  | 0.0027112044884751579366  | -0.011680030662342823916  |
435   | 0.0097761879178597851231  | 0.0012200003026458313034  | -0.0032649021340308572413 |
436   | 0.0010475741892693908597  | 0.0079809428056776925142  | -0.0046600077702576396532 |
437   | 0.0056893093360767055602  | 0.0042265452203047136626  | -0.0023570681442922126504 |
438   | 0.0085075412939847171873  | 0.0035490933966634817011  | -0.014975940349880621089  |
439   | 0.0005751669598295755222  | 0.0074723801757480435431  | -0.0076042804004858256459 |
440   | 0.0093540012730529715351  | 0.0042625584246297225019  | -0.0015600308146689330184 |
441   | 0.001793952414654726487   | 0.0011853780082307541384  | -0.0069011007351641425259 |
442   | 0.0015290738721607543583  | 0.0027609555067412867857  | -0.0014229796865252244704 |
443   | 0.0036195609432371272582  | 0.0083348537400048695878  | -0.0074044944368786315414 |
444   | 0.00049928158274500163312 | 0.0004592567716736098947  | -0.013884789520697441573  |
445   | 0.0072043105948963025859  | 0.0071046053343908925279  | -0.0062592708531198958458 |
446   | 0.001423244903009246963   | 0.0084693493867065740288  | -0.012180199654229376463  |
447   | 0.0038604730280172240738  | 0.0084994405562205492533  | -0.019673298835076010599  |
448   | 9.4631304054291275432e-05 | 0.0049519932403383169761  | -0.012238300349191488792  |
449   | 0.0062072778481350125018  | 0.0070207329142552496459  | -0.0074283156708188427531 |
450   | 0.0066526028056892545434  | 0.0039380887596208039372  | -0.0031490864630123391321 |
451   | 0.00065731430845550776077 | 0.0097343992602001421649  | -0.02117824444238442308   |
452   | 0.0081326624197066103156  | 0.0088303260820066526576  | -0.015821901943371262378  |
453   | 0.0058585386384769006299  | 0.0036905817975359561829  | -0.01644045098012040379   |
454   | 0.0081440174189081979833  | 0.0066354882086851023348  | -0.012345942356285334943  |
455   | 0.0015776348814341015561  | 0.0062070346097246598127  | -0.0036563064232036429288 |
456   | 0.0008689132099539743654  | 0.0042838150592226396582  | 0.00080519391453467720893 |
457   | 0.002363583476056786703   | 0.0052208840010847783891  | -0.0026224578750525251447 |
458   | 0.002754113840362460916   | 0.0092855023995783107088  | -0.0052828204236435557031 |
459   | 0.0055866819495441477628  | 0.0011005321616106441239  | -0.00091931995683895370314 |
460   | 0.0064032185307023011325  | 0.0087963009918744661936  | -0.0064694514353958341643 |
461   | 0.0030045475801988370985  | 0.004431405172540830821   | -0.0058735246602917403139 |
462   | 0.0037236930093808946404  | 0.0034274112419771835154  | -0.0086584977569920465457 |
463   | 0.0064578488876494482759  | 0.0039396507553674069146  | -0.013616832089500088485  |
464   | 0.0084516618550191015963  | 0.0011985607976196268037  | -0.018258448588693215742  |
465   | 0.0092545361674646747785  | 0.00023080238408660375279 | -0.019056397059256047211  |
466   | 4.4263627365861964527e-05 | 0.0062389430636046643366  | -0.0059725037170184425497 |
467   | 0.0070287910296775212363  | 0.0045268868853155855292  | -0.014268724097713658336  |
468   | 0.0030852559567646660466  | 0.0071052408012933577011  | -0.015570968325995108647  |
469   | 0.0054883760069198957512  | 0.0031198530297330941477  | -0.013855307405631471854  |
470   | 0.0046552543848317976677  | 0.00038997435288609633803 | -0.015208258954550097491  |
471   | 0.00087622474821703790621 | 0.0083432565089239432016  | -0.01985782544906325095   |
472   | 0.0054620506591731383603  | 0.0086075593017897120141  | -0.019811306616684603438  |
473   | 0.006818848479848824487   | 0.0015538420897339918787  | -0.01385976720615022563   |
474   | 0.001033245244975017612   | 0.0018980933699223054636  | -0.0097935352856351777506 |
475   | 0.0049523742928537133404  | 0.0047244133975499974856  | -0.016173909498533534101  |
476   | 0.0081187636475122011703  | 0.0085977489406703650615  | -0.0068742076709015316124 |
477   | 0.0080501883154381059793  | 0.0079552891058789747952  | -0.0039738618356590744637 |
478   | 6.2338962340404985911e-06 | 0.0080030342952211331459  | -0.021189076674550302165  |
479   | 0.0040696076377294467669  | 0.0025152563477529297532  | -0.012939269174937774107  |
480   | 0.00021151178984571319518 | 0.0044518262817948624915  | -0.0086345121094527216288 |
481   | 0.0033470815417580941295  | 0.0079959403244738696398  | -0.017762288689635804401  |
482   | 0.0044465152495959392454  | 0.0048317761884463100719  | -0.020372359995938536109  |
483   | 0.0057814870056423113553  | 0.0037840417587304523046  | -0.018997406400850021246  |
484   | 0.0019822170339388657002  | 0.0061225652739428223711  | -0.014508072197246833779  |
485   | 0.0012757391584981158002  | 0.0053002176556391838655  | -0.018722215534204094539  |
486   | 0.0010351933581908021129  | 0.0072268644741203518639  | -0.005133910975453988626  |
487   | 0.0081282624282906310725  | 0.0050623662984504323378  | -0.0091616999933728585082 |
488   | 0.008751763531261601628   | 0.006108134343727342902   | -0.0073665502965857077369 |
489   | 0.0042321839482486892439  | 0.0094597824683505613713  | -0.020789337250119343387  |
490   | 0.0047140387246718288769  | 0.0086121794406061723953  | -0.0081793025455153232917 |
491   | 0.0035037716706161807848  | 0.0029190288504883513468  | -0.0068225920018203907794 |
492   | 0.0073403679761539688403  | 0.0082414949025899023743  | -0.0099311824559656057543 |
493   | 0.0093970269369322793201  | 0.0071083704818975194245  | -0.0083131066510042320866 |
494   | 0.0047367748852058062445  | 0.0046860213696589825272  | -0.020846961178407341642  |
495   | 0.007640384841138728178   | 0.0081027554856990362253  | -0.0027673377668541369705 |
496   | 0.0087911281130270135797  | 0.0056774139990777338152  | -0.01330388488995584359   |
497   | 0.0049673138583534986318  | 0.0050265070139980981903  | -0.0012315087796474911801 |
498   | 0.0052153448318700652495  | 0.00022433609425116316362 | -0.021146370096882714795  |
499   | 0.0093859040977355007174  | 0.0051128167984526634235  | -0.006749907661787437653  |
500   | 0.00049237120914713593603 | 0.00030872673773385441841 | 0.00070944785760416410186 |
501   | 0.0045875154884128218138  | 0.0038765142403193093325  | -0.016991491102201314312  |
502   | 0.0055209393336561321183  | 0.0052796717786897833305  | -0.011990449447128665936  |
503   | 0.0012506459787013451089  | 0.0026797736644060352745  | -0.0073118178001074628919 |
504   | 0.0022236970324273352961  | 0.0033409331866874466752  | -0.015346964174619944637  |
505   | 0.0070487695493362430288  | 0.0076113460713447683714  | -0.020121026583306195201  |
506   | 0.0036401506042671488879  | 0.0022667713036398592398  | -0.011382417707336930923  |
507   | 0.0089392161538659874881  | 0.0037496148010404640669  | -0.0032595730513535719867 |
508   | 0.0045715362069107985665  | 0.0017261177447775149368  | -0.015295012640613029828  |
509   | 0.0013871909902118352217  | 0.0030335039845481872288  | -0.021276363569777943102  |
510   | 0.0076764573003496577169  | 0.0084651787763125214969  | -0.0037305141884977875699 |
511   | 0.002306239155956866637   | 0.0029275242141375678456  | -0.018070252634061992336  |
512   | 0.0074051921777019431153  | 0.0097611054614674327978  | -0.018281813203666518602  |
513   | 0.0056367686238816957708  | 0.0032261648990561417154  | -0.016630512039821576664  |
514   | 0.0069435660258017201096  | 0.0016105480574303617392  | -0.0013563917879253176331 |
515   | 0.0076376990927505420195  | 0.0056447903720514887999  | -0.0081981858066847209526 |
516   | 0.0042659902737459017008  | 0.0010366497115188947481  | -0.0015272594852803922545 |
517   | 0.007510246484193716307   | 0.0055425820596087700676  | -0.014754095102533530334  |
518   | 0.0032569097761086288588  | 0.0029205613833332188037  | -0.0091184071057987415437 |
519   | 0.001948948309357817401   | 0.003661166196680384205   | -0.017219602819424372625  |
520   | 0.0028371332378229721823  | 0.0033420900352540442932  | -0.0187254484910988582    |
521   | 0.0042741322862173483643  | 0.005915255001267164664   | -0.0059166393208527501973 |
522   | 0.0029155159263081851378  | 0.0034837399390800615623  | -0.004482804330443477224  |
523   | 0.001506628156711793589   | 0.0083969370899194331614  | -0.0069266875498793243141 |
524   | 0.0087759833775661842681  | 0.0012717767667857495482  | -0.0095151787101870072966 |
525   | 0.0034096229886393211901  | 0.00058333093793462966262 | -0.020780081772685407571  |
526   | 0.0003209377105011641221  | 0.005556128154314195558   | -0.0043956639918456101579 |
527   | 0.0092035620476695577385  | 0.0053390739070176768469  | -0.0058542301492488868844 |
528   | 0.0087577094626565977348  | 0.0023491146356906626724  | -0.0083325420552520634149 |
529   | 0.0066961566442394482301  | 0.005683570382693611811   | -0.012675529549694133577  |
530   | 0.0034222214084674482636  | 0.006587903717010660902   | -0.0017916221519880400851 |
531   | 0.0037770939072150830351  | 0.0039952565465489666557  | -0.011780470443279487253  |
532   | 0.0047753061521324273106  | 0.0037184455559635658933  | 0.00019290946836331569324 |
533   | 0.00028244360573822667373 | 0.0057297680189310690527  | -0.0052002835949513720112 |
534   | 0.0022963247625589792641  | 0.0040555181117929517756  | -0.0076811882142269012272 |
535   | 0.00040077549391104831536 | 0.0084982439123924956997  | -0.015701681567627755881  |
536   | 0.00018215306076895771228 | 0.00015592853930330655013 | -0.0019037064731448499234 |
537   | 0.0022653877894275756093  | 0.0042004845466253413339  | -0.0069476193589185835861 |
538   | 0.0085680507470896009187  | 0.001656764944200330358   | -0.021131324531411314199  |
539   | 0.009253193710435392641   | 0.006041215297045731715   | -0.0025593142479229213752 |
540   | 0.0048278105179612338868  | 0.0060470485419680652245  | -0.013085864355348451188  |
541   | 0.0017455499717844197467  | 0.00048275188486484753216 | -0.0093244866548917570287 |
542   | 0.006464763471464379796   | 0.0027272075292521769617  | -0.0056748185854653722393 |
543   | 0.0078936000795619912923  | 0.0061086473900883713622  | -0.0041439392255150442682 |
544   | 0.0045236028356064311023  | 0.0035658692736864716459  | -0.015900485267039500548  |
545   | 0.0083495748853091682207  | 0.0085621150501771041419  | -0.011581101065049904594  |
546   | 9.716570719156637022e-05  | 0.0081211125827391292958  | -0.017714692523331927038  |
547   | 0.0030881568956283448127  | 0.0035110613711982368614  | -0.0020629064080768390148 |
548   | 0.0040861442569825427718  | 0.0030635112942138348173  | -0.017648722800426876189  |
549   | 0.00077787806871077347544 | 0.0085893517092613183572  | -0.019035705870337867734  |
550   | 0.0035029119938885032275  | 0.0041334431111697553587  | -0.0051924068175801469174 |
551   | 0.0062964990976283755422  | 0.0023857715446243248775  | -0.017416520526967561172  |
552   | 0.0048469481159905489914  | 0.0054818883275049102091  | -0.0089518302146999323421 |
553   | 0.0031111789288185533534  | 0.0049586966913451185901  | -0.011824145148662802002  |
554   | 0.0017119974049487076372  | 0.0089128043810114826462  | -0.011097187070367543066  |
555   | 0.0070024076621191142997  | 0.0035375353575741179564  | -0.0022713420873862392828 |
556   | 0.0032446714726922457755  | 0.0078180930935900696394  | -0.0045100593184817837702 |
557   | 0.005498289588989595765   | 0.0054154493982166637678  | -0.017766048324441053446  |
558   | 0.0027586402191809066345  | 0.0058022607298877882862  | 0.00062944663221093776623 |
559   | 0.0070569290365080751884  | 0.0010809862186284483875  | -0.00058159446873031058964 |
560   | 0.0054954994634382773808  | 0.0036338114984979202719  | -0.015484976386435688259  |
561   | 0.00058334873495219038714 | 0.0061526340936521560498  | 0.00013105253447460104318 |
562   | 0.004489782681366709903   | 0.007060844413626928863   | -0.0023923089218542891929 |
563   | 0.0070922682220377142662  | 0.004369227660849030713   | -0.011455139939546107181  |
564   | 0.0047424488479592295451  | 0.0072410481235365455055  | -0.016131249611598050264  |
565   | 0.0071907839843646176661  | 0.0049344435687736576748  | -0.020705382366246066067  |
566   | 0.0042110826160567426182  | 0.0089759966967215554234  | -0.017744125495396258219  |
567   | 0.0088449021462331592347  | 0.00094543827971965146376 | -0.0024782427294410456185 |
568   | 0.0070840567309133264245  | 0.0011420009916125214815  | -0.021315604921219942491  |
569   | 0.0048955358909215478114  | 0.0039223317953994106533  | -0.01418592704212748995   |
570   | 0.0062607780534376872641  | 0.0098086607758579129335  | -0.0022687921937864967761 |
571   | 0.0097834105560081936759  | 0.0065148852854566927789  | -0.019799014830970636247  |
572   | 0.0042130187884224642655  | 0.00026242968889016892635 | -0.0035008963385119830705 |
573   | 0.00095033914382789991693 | 0.0069132842835677808108  | -0.0058712896904008146648 |
574   | 0.0066314900386133957683  | 0.0090449945017063732716  | -0.0071478600777567158006 |
575   | 0.0050565031966627628501  | 0.00030326626583734460265 | -0.015607368739728373977  |
576   | 0.0059270942483972462872  | 0.0027098132251599294819  | -0.0052346026205757891989 |
577   | 0.0024775167008130420665  | 0.0079893601294015736958  | -0.018193657898713015697  |
578   | 0.0034968353217661929042  | 0.0074152627363438814237  | -0.0077757190625172105392 |
579   | 0.0048692149942230972606  | 0.0004366144350209352808  | -0.0135982920250831852    |
580   | 0.0064230024550491239543  | 0.0024901067632051724146  | -0.012201427643340846674  |
581   | 0.0080522833335117446202  | 0.0070007195604405922373  | -0.0059990468669233586868 |
582   | 0.0041630158792820013205  | 0.0072981024245426266359  | -0.00062813720170407593389 |
583   | 0.0092592839679659488111  | 0.0077112763739693428872  | -0.010243761999769711996  |
584   | 0.0053443376329688468268  | 0.0087293942365080576251  | -0.017192642447946611395  |
585   | 0.0035367330028115515766  | 0.0025341450581490895105  | -0.008783492798784741859  |
586   | 0.0076559895310704013938  | 0.0088896525795270700532  | -0.012583744567102341655  |
587   | 0.001817618398309083427   | 0.0033793618048584351046  | -0.015097586558675010412  |
588   | 0.0082223608251250426826  | 0.0041047340864981971334  | -0.015650200272540461949  |
589   | 0.0035140693231926782222  | 0.0070483191304064373231  | -0.0096534410840830135736 |
590   | 0.0003364894901301889135  | 0.009291382843616776202   | -0.008048913151870923377  |
591   | 0.0030186671955955463216  | 0.0033660521969862567532  | -0.0051210568110109230475 |
592   | 0.0030949580711266667064  | 0.00072354529628898967952 | -0.018057153171036972178  |
593   | 0.0081394222195254901236  | 0.0081278692353186614977  | -0.014900515619980361781  |
594   | 0.009351426259025468965   | 0.0072867297088145786821  | -0.0027549770836130106459 |
595   | 0.0024932020775431038007  | 0.0079970055641499712684  | -0.0059886760936752620604 |
596   | 0.0099941411512587414318  | 0.0075552177372173717068  | -0.012479883213588519042  |
597   | 0.0028733391499948918689  | 0.0080186694026337188707  | -0.012656068442497357684  |
598   | 0.0043357143358269279593  | 0.0044772467698277820802  | -0.013688270608626616764  |
599   | 0.00013934477272718387496 | 0.0069829871035923720551  | -0.0027284181019493615288 |
600   | 0.0011756363207225113514  | 0.001473173433851054405   | -0.015081481797120490154  |
601   | 0.0015735018644246804263  | 0.00096009241720606218733 | -0.016455312260500672833  |
602   | 0.0065751219421274842772  | 0.0062845836531664209593  | -0.012151600639993114308  |
603   | 0.0025216690577705065147  | 0.0024753701106012692031  | -0.012941298703851310953  |
604   | 0.0092647115335024680244  | 0.0077518229361477584971  | -0.018227810382446273108  |
605   | 0.0070400255132269332764  | 0.0075281462937397429155  | -0.014324344574318567669  |
606   | 0.0089254605474066890658  | 0.0023998759105325695798  | -0.017425912712077488986  |
607   | 0.001748147387024427072   | 0.00077785888753641022932 | -0.020288164289607658192  |
608   | 0.0040415322652258946559  | 0.0069594326900983913969  | -0.0040387299777668401665 |
609   | 0.00038555045203162460841 | 0.00012772578447732774393 | -0.0096166283736080163808 |
610   | 0.00053991280832801447163 | 0.0020014004881104829892  | -0.020934838163661997901  |
611   | 0.0047970366362731402601  | 0.0056913721771307598102  | -0.013185364655434994238  |
612   | 0.0047584818147691438153  | 0.0085621840273372492452  | -0.00030816293107360543009 |
613   | 0.0065922349298488868916  | 0.0096898125065410668083  | -0.014957759663978114836  |
614   | 0.0046422598029185330182  | 0.0030392064341149731613  | -0.017799444979544734591  |
615   | 0.001172359502300154583   | 0.0089120057941369651422  | -0.0032635838145614109659 |
616   | 0.0092856465967254275817  | 0.0038642417004652205789  | -0.0019168372824817953449 |
617   | 0.0065630016483461820279  | 0.0030800867257645054599  | -0.002917987195272613108  |
618   | 0.0021892241995703962641  | 0.0070222295378476184968  | -0.0069685257519258893277 |
619   | 0.0020974232285764812626  | 0.0086002566964825805096  | -0.0039146672499538381559 |
620   | 0.007731589193351617352   | 0.0040109962774330914365  | -0.0046790702465435273644 |
621   | 0.0044102451804778671635  | 0.0057999587690291364017  | -0.015412205360954171068  |
622   | 0.0020008467110702947943  | 0.0090023938378326669868  | -0.015984644928743432096  |
623   | 0.0031225331135745311092  | 0.0027745792078984338191  | -0.0099706764855781761236 |
624   | 0.00014327923547836652349 | 0.0053167984179462914746  | -0.0033066574420463259315 |
625   | 0.0067217735448388922156  | 0.0058383792248318426912  | -0.010543592326559684744  |
626   | 0.0016334866763533528473  | 0.0002868487326546523622  | -0.0037271841898744687178 |
627   | 0.0054674264036109381307  | 0.0095080155453425643786  | -0.014853877814006918867  |
628   | 0.0070376648774908680609  | 0.0082446112465519270918  | 7.7432429627573412501e-05 |
629   | 0.0075354747258308150612  | 0.0067565051382446608338  | -0.012380771242822432784  |
630   | 0.0061376977590556890813  | 0.0094468671278350787451  | -0.0094761095235500591299 |
631   | 0.0088836750117904719759  | 0.005186719491016900975   | -0.010544853561744423412  |
632   | 0.0052925205951265151191  | 0.0069798155164104529191  | -0.016989060914821007414  |
633   | 0.0049424780731082149435  | 0.0018471193962450382312  | -0.0087634815325799315933 |
634   | 0.0036308656833252167702  | 0.0038968403548595236495  | -0.0038650093246712906997 |
635   | 0.0015178403628233255382  | 0.0026550314383087351977  | -0.0040979390318317612807 |
636   | 0.00075227995920878944908 | 0.007148893366052006329   | -0.0075613887131353810928 |
637   | 0.0062046088132603656462  | 0.0027294114690302397237  | -0.021368042832398639885  |
638   | 0.00010390104811411874806 | 0.002553776858548241404   | -0.014939303362195743147  |
639   | 0.0070964341164694022535  | 0.0023073581807512241228  | -0.010303840742726978752  |
640   | 0.003107769099345509059   | 0.00049216270025835616529 | -0.0057091019150095189544 |
641   | 0.0058708366455564363687  | 0.0079149630858009190071  | -0.0051375009772525034521 |
642   | 0.0009150993945185136166  | 0.0087547314997211429094  | -0.00400814405960238547   |
643   | 0.0089550911673146240538  | 0.0059924025845632710244  | -0.0012316775741443165403 |
644   | 0.005414912505704869497   | 0.0093197018527464460524  | -0.016378752065764980161  |
645   | 0.0034663357732454156898  | 0.009378254813913111318   | 0.00075358592041387204713 |
646   | 0.0023018148170147871047  | 0.0018496730395817610748  | -0.0063480383988489741051 |
647   | 0.0049275007733624656692  | 0.003798443961780107684   | -0.013527185872325323684  |
648   | 0.0040856513391296757701  | 0.0062592588254626680203  | -0.014945586793738314946  |
649   | 0.0043339158740015922694  | 0.0061171713858763640884  | -0.0019189583914820792978 |
650   | 0.003397251292143384574   | 0.0081397967969239724828  | -0.0041740678658936250858 |
651   | 0.0046641428463688712827  | 0.0065891871501762965674  | -0.0049460627253578868037 |
652   | 0.0025964321401915459522  | 0.0057551933504177777215  | -0.0094063832706076516699 |
653   | 0.0064778526860765940631  | 0.0047971962814092276167  | -0.0012110793849869460736 |
654   | 0.0056114666148381056252  | 0.0080423529617960586025  | -0.0064092040270477025621 |
655   | 0.0051269744341980762192  | 0.0047610341152183504113  | -0.00036982284023985741161 |
656   | 0.0027876668364518173739  | 0.0028829777882664812776  | -0.00014384198850566628581 |
657   | 0.0081725322433886839202  | 0.009194813693288821782   | -0.011091693418456904235  |
658   | 0.0056256054863740041078  | 0.0083829252324068848079  | -0.0065520146255618290018 |
659   | 0.0081609277326533911923  | 0.0045063619882220748783  | -0.010044660873631788833  |
660   | 0.0064022901088864932889  | 0.0016322853910499515642  | -0.015264046937206673243  |
661   | 0.0010898602460104286124  | 0.0042184096272063400374  | -0.009261247187989346541  |
662   | 0.0043279996002005063915  | 0.0081288326087903331474  | -0.0013837851420474059621 |
663   | 0.0077387027931180574214  | 0.0019617176228984914421  | -0.01391656987040758818   |
664   | 0.0044357363477851496567  | 0.0026600662104146592137  | -0.0062113093959739159103 |
665   | 0.0022013370356383219796  | 0.0057025143065091528013  | -0.0021320639140740226501 |
666   | 0.0062646425780159649063  | 0.00094690842875108486871 | -0.013912813198611565998  |
667   | 0.008400958952306018801   | 0.0020673218131845717653  | -0.0087689732730327329263 |
668   | 0.0055285316658394128425  | 0.0016938861607635703407  | -0.0047133117274490198348 |
669   | 0.0091531209799321482795  | 0.0024808748049006037334  | -0.014614551627164072342  |
670   | 0.0020451482535115950677  | 0.0059181857124939764303  | -0.0066911718549765575315 |
671   | 0.0021801636226477997919  | 0.0079336060317255988755  | -0.01513349749544129659   |
672   | 0.0098882655034477247302  | 0.0058387967831903166832  | -0.01074488532538172246   |
673   | 0.0080545496995823931408  | 0.0049176527814199589086  | -0.020124465300716650601  |
674   | 0.0072714104029676721042  | 0.0024476633523390417188  | -0.0099385140302334605555 |
675   | 0.0025601228840162076374  | 0.0040321882864873927546  | -0.017666168586532447066  |
676   | 0.0023950831713998466804  | 0.0099128802387868815427  | -0.0024244752713209164093 |
677   | 0.0062526417013552913066  | 0.0027906974869663023209  | -0.012757502457507202687  |
678   | 0.0023984772987498677137  | 0.0029218382587273459237  | -0.0017957235610361664633 |
679   | 0.0039052287583980602355  | 0.0074753196806490573162  | -0.0058023997342509436512 |
680   | 0.0015857441835290060541  | 0.0068443301479775035465  | -0.012050823849337151394  |
681   | 0.0040237208153172171129  | 0.0014089055187029660057  | -0.0052704693818906508951 |
682   | 0.0012813979428646907113  | 0.00086902761793953143925 | -0.010699832337281063588  |
683   | 0.0044803436434938765862  | 0.0053615754109147054085  | -0.0033673428468522733671 |
684   | 0.00062615959640356720455 | 0.0019859442816958310617  | -0.015678688675364451516  |
685   | 0.0059410261051844751382  | 0.0016992446362310868399  | -0.018428330239887616426  |
686   | 0.0052856807018882654564  | 0.0037922604575390903708  | -0.015900840090188717024  |
687   | 0.0080086283902654435002  | 0.0048765793178480688549  | -0.0079895709558366542757 |
688   | 0.0036240529287441809562  | 0.007184096594288439698   | -0.0058552941732584870213 |
689   | 0.0049489643116228153666  | 0.0066596599753249718923  | -0.0023453540043658015722 |
690   | 0.0062981316900454775709  | 0.0067199604303654928913  | -0.0095327755703787566549 |
691   | 0.0077814115801039069817  | 0.0044646388367802266467  | -0.0097155981806197281442 |
692   | 0.0070280008168239942526  | 0.0082329741099493591872  | -0.012657420611532452237  |
693   | 0.0075859614101945636519  | 0.0037636385573875793739  | -0.014428682924082517069  |
694   | 0.0077268255925822988683  | 0.0093883993825065042982  | -0.010914363969725523681  |
695   | 0.0047736985555991992905  | 0.0082398968921096691492  | -0.018442578930739455395  |
696   | 0.002056343366105912486   | 0.0025852343876990083703  | -0.014128166140018534255  |
697   | 0.0063459670289696549009  | 0.0045171684527031217421  | -0.014369887786569810612  |
698   | 0.0019165421553017636652  | 0.0088099631312931244581  | -0.013798842115743966893  |
699   | 0.0079693334081034437194  | 0.0010328194693439882949  | -0.010958306419569029816  |
700   | 0.005853258044042888332   | 0.0019202383377810961721  | -0.0053735045159051548352 |
701   | 0.0050222945856508195706  | 0.0061821915699196202526  | -0.016512757746611771842  |
702   | 0.0054049104552112208974  | 0.0068225158480702489255  | -0.014117684388982525145  |
703   | 0.0040907243776431168741  | 0.0055181341187274931745  | -0.017088195344432739742  |
704   | 0.0028174193261574051635  | 0.0089259924595741207271  | -0.0075858374193539610669 |
705   | 0.0025720563505626167777  | 0.0091597143282700112243  | -0.0035234268282495423766 |
706   | 0.0009513166576550861073  | 0.0083044496559764192228  | -0.018545098595954469245  |
707   | 0.0015446993217298121345  | 0.0082164112470528259669  | -0.018962883409733594098  |
708   | 0.0070622055929007868449  | 0.0044531197392071938945  | -0.0071285498973136848105 |
709   | 0.0046190579807603299178  | 0.0019868018915147494553  | -0.012941752707491942578  |
710   | 0.0057805013484131841095  | 0.009178898988503714218   | -0.010870972579715646594  |
711   | 0.00063374932084245272357 | 0.0071036697148155235684  | -0.01261657693580008413   |
712   | 0.0045486234682502822008  | 0.0051481705043627638829  | -0.018589762824269506075  |
713   | 0.00084662122599536552593 | 0.0060256599434789295811  | -0.015659181790848259591  |
714   | 0.0011308511934803764602  | 0.0054133485495895979078  | -0.019034544344739150884  |
715   | 0.0046543141223917734728  | 0.0090848210060638437402  | -0.01569855828085935448   |
716   | 0.00013997853099048207341 | 0.0075431679958578171444  | -0.012225245181112428042  |
717   | 0.0028780109467202172682  | 0.0089443712299071692629  | -0.0064041696435073406507 |
718   | 0.0043944856026690466699  | 0.0069336513124590151355  | -0.010769031549023224542  |
719   | 0.0092709136606563529587  | 0.0042013471183168088485  | -0.018303568129524400848  |
720   | 0.0066621187025252591798  | 0.0078553763407506610461  | -0.021002664184947478221  |
721   | 0.0069289968972731826036  | 0.0048819460337312433479  | -0.01140095786037493078   |
722   | 0.0021319678778662794726  | 0.0067202025370420338801  | -0.004843567070410607911  |
723   | 0.0042177499730361367111  | 0.0049029933499340197164  | -0.0076076529279777470663 |
724   | 0.0073269031926397843943  | 0.0054320502726038256969  | -0.011754214387779857512  |
725   | 0.0087865858580300909564  | 0.0063548920872461261283  | -0.0084565384747481275179 |
726   | 0.0030651033416630828199  | 0.0071084837641619217502  | -0.0085324330827446972364 |
727   | 0.0033231912706656579343  | 0.0030262454866851144081  | -0.0076401677796403607429 |
728   | 0.0049585847198237416669  | 0.00058167942728074744415 | -0.0024075094330902272605 |
729   | 0.0099268488757859006666  | 0.0063072315550895211717  | -0.012161566371512850387  |
730   | 0.0084639716230703269245  | 0.0028392441097989306806  | -0.0027349947462841032314 |
731   | 0.0058311217075287073708  | 0.0018402228760357852277  | -0.010132390929987654393  |
732   | 0.0043255834351121564066  | 0.0098780178761626487305  | -0.021039271386248548784  |
733   | 0.0080424959496214528526  | 0.0084413255824265075872  | -0.011238088337903294131  |
734   | 0.0050953481383786518311  | 0.0043846626185146952981  | -0.011785030349705460928  |
735   | 0.0045917646372527730347  | 0.0003141574828878218725  | -0.0050808706546184526781 |
736   | 0.009342796197557774393   | 0.00029428153957897760541 | -0.0010872480408904720752 |
737   | 0.0061304187104312991841  | 0.008009358308957255021   | -0.0081591261384894395864 |
738   | 0.00230588741498634342    | 0.0072829954074250342552  | -0.014642341911408758917  |
739   | 0.0071279630842575134736  | 0.00080877099379244156516 | -0.019713392702575025656  |
740   | 0.0066129847785158591203  | 0.0033600264763926964567  | -0.016700033649902763094  |
741   | 0.0017568523912838860876  | 0.006876770786596424212   | -0.0024959428194553947254 |
742   | 0.00081827674612944538857 | 0.004654946257759221169   | -0.0016870797738508971735 |
743   | 0.0035842680899165917964  | 0.0047276550467933095567  | -0.018674555711916580175  |
744   | 0.0089294500494956352554  | 0.0049832091771586399173  | -0.011960868107965497154  |
745   | 0.0016825302157180070488  | 0.0064534369148718257608  | -0.013395975826228742611  |
746   | 0.0068281619812051259563  | 0.0036342035650943431933  | -0.0032997576039493991228 |
747   | 0.0045862471381949926688  | 0.00058461033519735538817 | -0.0079448620630789331537 |
748   | 0.0086152917214612385888  | 0.0031780854928157836053  | -0.012898126729955040198  |
749   | 0.0099611476696888426319  | 0.004144875093758863642   | -0.014997239176022020626  |
750   | 0.0080808388249982380375  | 0.0019193123149570342524  | -0.0040252818266114306911 |
751   | 0.004518329365293718633   | 0.0067579744011181152111  | 0.00086057389407843867379 |
752   | 0.0020391391041665904264  | 0.0086950269033409730013  | -0.011066202440771808618  |
753   | 0.0073663885525878918664  | 0.0089697532059390544523  | -0.0047643883428674779421 |
754   | 0.0059967786504758801083  | 0.0080362851986212398975  | -0.0057318899591085499534 |
755   | 0.001375470724687382967   | 0.0081073560537921075114  | -0.0083567629470356809968 |
756   | 0.0084920496262673519916  | 0.0091162154276719017942  | -0.0062367572359038241439 |
757   | 0.0063880963947963147892  | 0.0044057156104683080008  | -0.01351418986541871349   |
758   | 0.0030966666133813787638  | 0.0023407564026829809703  | -0.013627992886404855996  |
759   | 0.0042234680528997880361  | 0.0099555844094587914866  | -0.0082396178961280461955 |
760   | 0.001549469417388138091   | 0.0096061099161819357012  | -0.0098341888026380417515 |
761   | 0.0033718489732161164088  | 0.0088400273342646041447  | -0.01530331525778365169   |
762   | 0.0079113711174641412199  | 0.0037767428241000451823  | -0.0098679480121889005806 |
763   | 0.008148630454717965127   | 0.0039977558670636981555  | -0.0095833853830621599373 |
764   | 0.0065096301929435732014  | 0.0050498619549780628807  | -0.011479367349704859558  |
765   | 0.0019875112176471173078  | 0.0050157266630425200588  | -0.0077345082127292701449 |
766   | 0.0077215700102082297437  | 0.0068533868332945283713  | -0.019192729614839695168  |
767   | 0.0052929670491723944392  | 0.00207768832928483492    | -0.012937493264393397363  |
768   | 0.0035996078438654682818  | 0.00052434349081975542128 | -0.014590387155668953223  |
769   | 0.0014515567009718479546  | 0.0056426836188294476546  | -0.0077765623160370661929 |
770   | 0.0010394939596482120816  | 0.008907895571916754282   | -0.0032541121609821073955 |
771   | 0.007176595945596736352   | 0.0062376429048476914052  | -0.0054606837093208833098 |
772   | 0.0029409725263723979563  | 0.0094748891070672528608  | -0.019320517029841201284  |
773   | 0.00051714796015292529337 | 0.0018898254751280761307  | -0.0050955077623156220731 |
774   | 0.0076234108638923315376  | 0.0088991784820375858384  | -0.01372299751171811126   |
775   | 0.0085176903325916899362  | 0.0040915611722779927223  | -0.010877530477171730786  |
776   | 0.0032461538372031578138  | 0.0056559537640300224307  | -0.014640830475245456346  |
777   | 0.0086343155700761634042  | 0.0051941042376453180895  | -0.0032476099394106792799 |
778   | 0.0019618691259874554769  | 0.00010527424699019847121 | -0.0018611169292672505044 |
779   | 0.0049248163730837325736  | 0.0043314372325175716505  | -0.0049223238351678109265 |
780   | 0.0077657452301464731728  | 0.0061938419887292992319  | -0.014784048764781758042  |
781   | 0.0020964251355675904247  | 0.0033326468708638032519  | -0.0032995960771035697488 |
782   | 0.0016877323920175503133  | 0.0032280172975700082566  | -0.017189095070122110964  |
783   | 0.0029907746283855183959  | 0.0056061834871818996828  | -0.0032572520521370828227 |
784   | 0.0082682355456496162832  | 0.0037243777784988843504  | -0.014245336494848558767  |
785   | 0.0014373828804957844256  | 0.000610961927218705062   | -0.011905594834639980639  |
786   | 0.0041107626295375249842  | 0.0064903876426752257767  | -0.0078387831720434161809 |
787   | 0.0026243521890479148441  | 0.0011286340078443936417  | -0.0012377502071762927494 |
788   | 0.00082929522372664112983 | 0.0060893756900241863966  | -0.014539371339804218336  |
789   | 0.0053387184460731733002  | 0.005259529129314559695   | -0.016865452755623851211  |
790   | 0.0049118360581850446095  | 0.0042160968527571122261  | -0.011214284426379377696  |
791   | 0.0012730616004821596835  | 0.0091083435000006915394  | -0.017276800667583941395  |
792   | 0.0032630384863660635321  | 0.0022672208118528717341  | -0.0053257842235237429912 |
793   | 0.0061934008593860362391  | 0.0015789264366685839148  | -0.0022173108388368000486 |
794   | 0.0094112020831043398383  | 0.0061170632192472729552  | -0.021345719989703974134  |
795   | 0.0041715142056799135034  | 0.0070107759489242372705  | -0.012056253927869157658  |
796   | 0.0046588457982172830699  | 0.006731544780100216091   | -0.0032337453466406754742 |
797   | 0.0019655010480713478241  | 0.0066806889996595337014  | -0.011830385660300585596  |
798   | 0.0029699252894707659292  | 0.00053412544797871704203 | -0.0017629418642516718214 |
799   | 0.0069903258007379311806  | 0.0023996686083259904758  | -0.01764162877329767537   |
800   | 0.0070053351729558541866  | 0.0080306720699395359175  | -0.0089660110374051565224 |
801   | 1.7107935485846892344e-05 | 0.002041231405363414398   | -0.0030137081914226519601 |
802   | 0.0031126537891067876732  | 0.0095320863150070364589  | -0.0088760967228173025256 |
803   | 0.0079203445117904686806  | 0.0083667708653025925358  | -0.0052748068580971826588 |
804   | 0.00090355508401881469687 | 0.0039804543612028155108  | -0.017375866371809395999  |
805   | 0.002857166994249555475   | 0.0040522084279234439272  | -0.0097942208388636289168 |
806   | 0.0024047263090523690252  | 0.0038991093933123002584  | -0.0035673826679233971645 |
807   | 0.0019574292170097722446  | 0.0082054333839822694158  | -0.0021931658406693890946 |
808   | 8.7919628619208061663e-05 | 0.0021739610514512216176  | -0.017961511780771322044  |
809   | 0.0031027587114462163408  | 0.0041821601635842657954  | -0.012629711237877684626  |
810   | 0.0070229905199315802167  | 0.0035194174060534494895  | -0.0023824593844729451998 |
811   | 0.0075155833630379800456  | 0.0027169016195902036606  | -0.020525985570968834776  |
812   | 0.0083730394065006982091  | 0.0049579773505035408185  | -0.016259958314881289149  |
813   | 0.006273622792095953464   | 0.0046634698215366953908  | -0.0054820514454823349865 |
814   | 0.0045142554994642199867  | 0.007504744150452254646   | -0.014561219010108426494  |
815   | 0.0041937950365513376391  | 0.0036048822103005233146  | -0.0140209162515655128    |
816   | 0.0032387976591214066163  | 0.0041135914794491329483  | -0.014061756396542095943  |
817   | 0.0090545955332302710539  | 0.001508650256387437591   | -0.0036524922361071921958 |
818   | 0.0076745048376546266128  | 0.0053230458729018005279  | -0.004053780442465865913  |
819   | 0.0033555145698854161804  | 0.0059311922680672308009  | -0.0072720889700286471535 |
820   | 8.4485739777939307502e-05 | 0.0015280967580889978814  | -0.0089398084197558329994 |
821   | 0.0066223375984151748933  | 0.0095563490776844339791  | -0.0048061143809219166248 |
822   | 0.0023375718278857756521  | 0.0066452221583210178621  | -0.0077599991079220645776 |
823   | 0.0032863980728147380167  | 0.0026249249170967148097  | -0.019618344280399040158  |
824   | 0.0058939650025230400782  | 0.0016910912894909184683  | -0.012014573506111809326  |
825   | 0.0064563742013127589647  | 0.0056254017274816560043  | -0.014689805892070641538  |
826   | 0.0076828776411689541498  | 0.0068987090510638296448  | -0.014107667564283495748  |
827   | 0.0090293869811762204891  | 0.0073833657019812615543  | -0.0017313521962430569821 |
828   | 0.00013245195589884777064 | 0.0050253609384654819581  | -0.014081316569214106377  |
829   | 0.0012354946179208702462  | 0.0073537219741597490905  | -0.0061467230612119935773 |
830   | 0.0028043204006494098189  | 0.0039449779826912310249  | -0.0022675412900507807903 |
831   | 0.0039102032158443815468  | 0.0076032917974854586154  | -0.00090297646859279585493 |
832   | 0.0054667893124970452778  | 0.0023167465313555868703  | -0.0074446875086289481666 |
833   | 0.0090505476104539069743  | 0.0048462276703274036541  | -0.0049018545294318375399 |
834   | 0.0047340004696728062161  | 0.0079154281873575326606  | -0.017658060132784446361  |
835   | 0.0075040443071101312414  | 0.009459391096028149995   | -0.013247770585277429678  |
836   | 0.0098806812772530266259  | 0.0011079296422720945683  | -0.0074100690536369265282 |
837   | 0.0081033575592094134188  | 0.0026848822232786724411  | -0.0062330527745088617694 |
838   | 0.0065946197512697143223  | 0.0013466125172068607423  | -0.016109281605186084874  |
839   | 0.006736141421219910691   | 0.0026993274370178134934  | -0.0021660985554782011785 |
840   | 0.0092296517983137364716  | 0.00051638358352454219544 | -0.0065618414404631343964 |
841   | 0.0064114379557191954889  | 0.0011616147699587498019  | 0.00057312364893198858382 |
842   | 0.0028862501937935956808  | 0.0065685632729048301637  | -0.0021998795955565217039 |
843   | 0.0065886074447406217311  | 0.0073567148061664394687  | -0.013834689252911041776  |
844   | 0.0038296035716349286285  | 0.0012337882282587352492  | -0.010175015518787206698  |
845   | 0.009642775058304050087   | 0.0025015681569217447164  | -0.000152754470222453187  |
846   | 0.0086277002286900827954  | 0.0022856577843217706913  | -0.0053750580635698267523 |
847   | 0.0092616967849889382525  | 0.0074762822083620332492  | -0.0075943783950875760891 |
848   | 0.0043749191081472824788  | 0.0015368446273255817729  | -0.00056182631597837830693 |
849   | 0.0062908400577651448979  | 0.0051412826376069234793  | -0.00017951764045488072122 |
850   | 0.0040875763668609269366  | 0.0035764692176058093288  | -0.0089349760931438457906 |
851   | 0.005020614806589349631   | 0.0067509105213817638749  | -0.017588749181915185049  |
852   | 0.0051603568646718779925  | 0.0088414763121274133478  | -0.011357618996380387799  |
853   | 0.0092811852283097608096  | 0.0031642553657391121053  | -0.012513660894450880784  |
854   | 0.0079730455436025481769  | 0.0093055022471896231551  | -0.005113642263638256899  |
855   | 0.00016005738383518787948 | 0.0037199489783181793369  | -0.0014642727663416550341 |
856   | 0.0098456646536762646577  | 0.0031425207198187495201  | -0.0037791672894759219085 |
857   | 0.0082046460423668126499  | 0.0076413738686498160549  | -0.014161501541777662613  |
858   | 0.0054741398867218220986  | 0.003071755223784802119   | -0.0060575056493911453789 |
859   | 0.0020320395133840581624  | 0.0053620308690272150409  | -0.011235590920124185338  |
860   | 0.0077321952299045969628  | 0.00076012053891840163783 | -0.0057609364008221527337 |
861   | 0.0011433412913560785616  | 0.0024183129994318512332  | -0.012540058439455664327  |
862   | 0.0088312416994687018001  | 0.00068457441303279120519 | -0.018446232084163918796  |
863   | 0.0011594726623879037918  | 0.0073073945379946141782  | -0.0030169616010337226529 |
864   | 0.0038593570968719977284  | 0.0045005406333743338057  | -0.0081273395777327703954 |
865   | 0.0057721859417368117859  | 0.0042513376002813402579  | -0.0026457947905474989148 |
866   | 0.0053457369967115798276  | 0.009670704652686200678   | -0.0076112737632151915637 |
867   | 0.0049902510609523935414  | 0.0057820509248554339404  | -0.016181515012900750394  |
868   | 0.0069172632901952088927  | 0.0078505152214823729906  | -0.0073708207809337613833 |
869   | 0.0036946541977719337194  | 0.0049507661857517044901  | -0.015324478966125121629  |
870   | 0.00018483747664737215817 | 0.0037553022924976626681  | 0.00030617699610605882002 |
871   | 0.008132431172907921349   | 0.0017765883540938145514  | -0.01900433170756684817   |
872   | 0.0039726782937018071187  | 0.002255412262760884707   | -0.019493838337177080838  |
873   | 0.0077357751722922259152  | 0.0034424327680353601806  | -0.018335507139632372525  |
874   | 0.0058254829145657589448  | 0.0014194179564726583116  | -0.0010703064165298642376 |
875   | 0.0064552429939896214389  | 0.0064265513794271728054  | -0.011708915119099924662  |
876   | 0.0045045254084288806687  | 0.0015901806927012818171  | -0.005149717350590689996  |
877   | 0.0011378493713375757278  | 0.0052998646890035916446  | -0.0077035829553008666748 |
878   | 0.00041744957334260323267 | 0.003434823966686895505   | -0.021058133157664412488  |
879   | 0.0056041035814525380632  | 0.0080421199468293930179  | -0.0073743777018390561581 |
880   | 0.0061614232941703582849  | 0.005566838521711373923   | -0.0060635493649042835479 |
881   | 0.004312090578390324544   | 0.004496254922872713021   | -0.010902940360005646675  |
882   | 0.0054792543099270738308  | 0.0059370864460277271782  | -0.012396242849006176151  |
883   | 0.0074712617501518953367  | 0.0054497266607735038446  | -0.0053652900016783501569 |
884   | 0.0081507407322793899718  | 0.0093282475016118349825  | -0.017664434111832431895  |
885   | 0.0095404784912598069452  | 0.0014657795322400423571  | -0.010169980418047419937  |
886   | 0.0044294557841740179321  | 0.0050979525914816121654  | -0.0056837623067847635808 |
887   | 0.0024831285057001560405  | 0.0016630926882465870212  | -0.018797763734013230724  |
888   | 0.0078260729633431204422  | 0.0030836169955478047455  | -0.01256693565675061873   |
889   | 0.0036809124938478364822  | 0.0096490873976970877035  | -0.016206418813835284098  |
890   | 0.0054530813025297896618  | 0.0070701527245681907233  | -0.020349382491424487102  |
891   | 0.0039182890963047681265  | 0.006367741873711313047   | -0.002840124614792851037  |
892   | 0.0057607758143911622431  | 0.0090865822439208394218  | -0.0081662733604534413351 |
893   | 0.0062384287730475164804  | 0.0048618567759361889027  | -0.0077666699080710657407 |
894   | 0.0066040559025681453906  | 0.0048313907060122335616  | -0.00084303793368967216721 |
895   | 0.0045450542895161529997  | 0.007561210467543953706   | -0.0091007683804822450679 |
896   | 0.0021761925641521689609  | 0.0014914173321383121691  | -0.018709193851346908599  |
897   | 0.0090656355750377039249  | 0.00035338883930107996886 | -0.013578339342105559193  |
898   | 0.0023524455051201656301  | 0.004242489763312099621   | -0.020321309200941363449  |
899   | 0.0019203880781073830609  | 0.0040486675368250017032  | -0.013099369836173657689  |
900   | 0.005169092959182119279   | 0.0084222431421792399997  | -0.015923739409146195345  |
901   | 0.0051092461642676199191  | 0.007189864808060271277   | -0.01621322807836698271   |
902   | 0.0052378088608193550807  | 0.0010252119187429318235  | -0.0071670649721575184488 |
903   | 0.006182111653810819403   | 0.0070112574280802291565  | -0.0064745205948573700608 |
904   | 0.0037908586695097478032  | 0.0093370774528483968524  | -0.018551929502607256151  |
905   | 0.0072760843343988319126  | 0.0065837887712660234096  | -0.012444614103566802379  |
906   | 0.0079565951869962955184  | 0.0039582884513930001458  | -0.018452179733934263167  |
907   | 0.0036876694594691317684  | 0.0085969578916880312613  | -0.00060096922760002576599 |
908   | 0.0032228121156428744289  | 0.004787325845437068704   | 0.00085645788353081960843 |
909   | 0.0065496581600859669209  | 0.0030316083303413123365  | -0.00031934942759434412291 |
910   | 0.0031866232070393478784  | 0.0067933960344423527725  | -0.0069666549288187069183 |
911   | 0.0097164307787900028313  | 0.0084136860970577421331  | -0.0025965938401620396701 |
912   | 0.0088449948425773829846  | 0.0044033373983527425086  | -0.0011509116314862746343 |
913   | 0.0060157902547889980857  | 0.005030449313899960917   | 0.00017848434935101241384 |
914   | 0.0027565261087342603392  | 0.0041375644531724707284  | -0.0099003722482041423003 |
915   | 0.0043320178408931342764  | 0.0033883322448193570371  | -0.016919702821447186319  |
916   | 0.00047300290283462133583 | 0.0035346073216542348711  | -0.020683495518893590948  |
917   | 0.0029548062905600104393  | 0.000503535501965473903   | -0.017434761188842060053  |
918   | 0.0027309576235935370536  | 0.0033534703008393710981  | -0.0022233913611966033518 |
919   | 0.0020415063150936267611  | 0.0071675163797163847154  | -0.020949453442898332417  |
920   | 0.0085293230821575326261  | 0.0092489162767679291427  | -0.0070093931991834813877 |
921   | 0.0033277929491000802012  | 0.0037435114944327483634  | -0.0023303511021463578154 |
922   | 0.0058066062720318707344  | 0.0029586143965609477437  | -0.0071026373250941019985 |
923   | 0.0056519854714769052553  | 0.0077483111076381179505  | -0.006546737843676565631  |
924   | 0.00078373216307927174966 | 0.0075685547120709914873  | -0.007676631870367884268  |
925   | 0.0038332362965245946572  | 0.0038835858124329713202  | -0.019112239768398962131  |
926   | 0.0064705274581871499023  | 0.0011769172564863724859  | -0.021221666713104440222  |
927   | 0.0014226309758699473822  | 0.0067387479283727812207  | -0.0072897553776339893764 |
928   | 0.0041360309541209850856  | 0.0092042906494335836876  | -0.0087751689940861396511 |
929   | 0.0074119530697195753696  | 0.006665758560465387568   | 0.00082070193216623923277 |
930   | 0.0062646826286643789508  | 0.0041390608544296944929  | -0.0049599848753392487485 |
931   | 0.0048811385941923282963  | 0.0018191695442770490325  | -0.01808880695813346387   |
932   | 0.0085444978575281577138  | 0.0053586229367895117995  | -0.0040157624654713359319 |
933   | 0.00056169019494805379113 | 0.0042054283511762163492  | -0.0045217173861276521718 |
934   | 0.0032922028628382081494  | 0.0073278364890955694985  | -0.013138754712500956556  |
935   | 0.0025316909388270626008  | 0.0072173070809458004723  | -0.016794609101847806504  |
936   | 0.0029330421573097562211  | 0.0024820561674192827099  | -0.018593492937519051633  |
937   | 0.0030875248040504992691  | 0.0062392339233643435981  | -0.018346833642073932108  |
938   | 0.0061978047179638588379  | 0.0026442122097252501386  | -0.015233110344498118627  |
939   | 0.0053139482645289826818  | 0.0036816063329565534151  | -0.0026627816890121861967 |
940   | 7.9970624105674741554e-05 | 0.00023716240027486765771 | -0.018837685769548619119  |
941   | 0.00071309844041471447205 | 0.0038593126268811378705  | -0.00017661069772717869126 |
942   | 0.0017925315947368712817  | 0.0033606553662240009304  | -0.0097408824295133009802 |
943   | 0.006138234507746238508   | 0.0082890699565015962813  | -0.0014240980648762440776 |
944   | 0.0092415448196160963207  | 0.00728027636055609325    | -0.017081685636627458313  |
945   | 0.00091695519637483219929 | 0.0070873234026214235876  | -0.0063941353201962822586 |
946   | 0.0074553481986345234225  | 0.0046675740658503979061  | -0.02045676282016674688   |
947   | 0.008371584173551752453   | 0.007491750591002783316   | -0.0032288054834039999451 |
948   | 0.0080705147053220498837  | 0.0066561976596445924029  | -0.017372109699982637987  |
949   | 0.0061314783335533525749  | 0.00061847915005056053068 | -0.016598588877178046402  |
950   | 0.0056543679458067926807  | 0.0085802770395587684565  | -0.012767249882701017794  |
951   | 0.0038971481874827376864  | 0.0057739893886836202164  | -0.0038815867712994906596 |
952   | 0.00023273907237072313857 | 0.0067526591173957097383  | -0.016660433188627778861  |
953   | 0.0078086232635018945625  | 0.0064552309286426776819  | -0.020842820982669537505  |
954   | 0.0027115109621432369191  | 0.0016002217879455770365  | -0.0082646809409478178693 |
955   | 0.0035000121164560134973  | 0.00035156732774894316898 | -0.0071495604112040787165 |
956   | 0.0062508729857704593835  | 0.0031434956690878554895  | -0.010770629421176585241  |
957   | 0.0070485371302052655246  | 0.0054056247610585672278  | -0.013705427608195564285  |
958   | 0.0063980588852854229642  | 0.0087891598518455814337  | -0.010384168616722323428  |
959   | 0.0020301979816656802458  | 0.0097199266016237649557  | -0.010381898692495039258  |
960   | 0.0035573358579272865154  | 0.004776613348240099817   | -0.0057689084734210728522 |
961   | 0.0032838341764227178127  | 0.0074240031489335601284  | -0.016753807269351099485  |
962   | 0.0071502593032999484796  | 0.0042497442094814458224  | -0.0099696826648045192704 |
963   | 0.0061464424283606136981  | 4.4712494009673976335e-05 | -0.015723019440324326884  |
964   | 0.0040658856405952339616  | 0.0066449476146079712938  | -0.0090236281818246132091 |
965   | 0.00038644930951764380062 | 0.0090239967273589051511  | -0.019192800907877154842  |
966   | 0.0074559916877600116228  | 0.00999488672436493579    | -0.0073493411013033083101 |
967   | 0.0030622956695119099221  | 0.0055037329054398531972  | -0.01505045285904369444   |
968   | 0.0047284933666656000714  | 0.0017050481920008848328  | -0.0014223298405951403239 |
969   | 0.0063465989371533724356  | 0.0016897502539538070479  | -0.020200291923275874584  |
970   | 0.0031428868315391501539  | 0.0032035702628745339748  | -0.0085366749951476597613 |
971   | 0.0088194520691734692303  | 0.0071213297084456684757  | -0.014928105152914743908  |
972   | 0.0071827643911055406509  | 0.0072161988062661424487  | -0.012996971815908689094  |
973   | 0.0055283611913485453809  | 8.2880406112506436241e-05 | -0.009643373152620657654  |
974   | 0.0069488512061885113896  | 0.002555418028675708348   | -0.018796306438232490699  |
975   | 0.0012046890166738115271  | 0.0034479955341977556148  | -0.0086622834180747100563 |
976   | 0.0021519994423912329473  | 0.0074233387385873681602  | -0.0001046671277526719997 |
977   | 0.0065892857177505866767  | 0.0084781139154836409472  | -0.0052603955947604797566 |
978   | 0.0063908529615872662275  | 0.0049339057233870131994  | -0.011083433148637262394  |
979   | 0.0083710168522842642175  | 0.0014087719603840826582  | -0.020831754105263288607  |
980   | 0.0042629261258064158474  | 0.0063924003832352875934  | -0.015801096646525691208  |
981   | 0.0094942453163153976009  | 0.0016713647800908361645  | -0.01733929133146551449   |
982   | 0.00045686013003701708354 | 0.0068273494494890483303  | -0.0054714423976138020986 |
983   | 0.004693195278653752682   | 0.0070819038679979838882  | -0.015087740022188248293  |
984   | 0.0042005543219136021182  | 0.0059046283729012084829  | -0.016151849749508177118  |
985   | 0.0097225322445847906644  | 0.001515374704309177924   | -0.016490512745717302717  |
986   | 0.0012355097354558410624  | 0.0057272505254637173788  | -0.02112249537514779979   |
987   | 0.0066649773809033278568  | 0.0059949753913541457481  | -0.015469653362904785959  |
988   | 0.0038644930969582969547  | 0.0091550890993356559555  | -0.0030161271564530479569 |
989   | 0.0017856684083889194908  | 0.0025745955256117726909  | -0.018038781298419938326  |
990   | 0.0051146172345071464621  | 0.0042436210231551812697  | -0.012173518152109456467  |
991   | 0.00080798120008429238394 | 0.0099694372445930760918  | -0.019405050649218404807  |
992   | 0.0022108359281755398697  | 0.0098371735711000364566  | -0.00016190131757884171728 |
993   | 0.0016254684354052549577  | 0.0012829858031505950167  | -0.0012892445238038613333 |
994   | 0.008727597084589509141   | 0.0046719682658916024398  | -0.0073090945632974663182 |
995   | 0.0003840336270550013891  | 0.00095308446070743334157 | -0.013115570646014089451  |
996   | 0.0078066102129917330429  | 0.0099584299890189739018  | -0.01366308619916721534   |
997   | 0.0056997753655661639524  | 0.0091410849568714872687  | -0.0011603671094441241583 |
998   | 0.0084180346507911826825  | 0.0035992123412681232067  | -0.010079509958044293588  |
999   | 0.0034520236704030631686  | 0.0024999067264300624605  | -0.0035836104660865583313 |
