N			X			Y			Z
0     | 0.0057483593780065789236  | 0.009759877100711971884   | -0.0087408280177717779386 |
1     | 0.0048010929019042759489  | 0.0090645133529660571609  | -0.0058967899223791803501 |
2     | 0.0030378413256976137362  | 0.0067400152469869346189  | -0.015973285169070674389  |
3     | 0.0037013143406427937397  | 0.00099511245808655093316 | -0.019072796365705441124  |
4     | 0.0047434905908312098577  | 0.0014778827075972685631  | 0.00089615999371889156627 |
5     | 0.0066004464336012376446  | 0.0010362174544933540603  | -0.007472111033146018079  |
6     | 0.0032222379733195215257  | 0.0079532084301929678594  | -0.023567512168951393337  |
7     | 0.005952160055439383729   | 0.00158310827580034519    | -0.02688430307377583442   |
8     | 0.00084780365227638974836 | 0.0071699122284474290159  | -0.0082366708190257983263 |
9     | 0.003561479132848948629   | 0.0007258381036758807317  | -0.01758525575691602047   |
10    | 0.0077830614280733128804  | 0.0030225913659594769514  | -0.0043246336887480920155 |
11    | 0.0044809306542651144642  | 0.0082124050866010170346  | -0.016081940156028911443  |
12    | 0.0030889977287853601952  | 0.003693596007613846998   | -0.027523419624630139635  |
13    | 0.0086257938978105339056  | 0.0069972714760749166879  | -0.015823958424919480625  |
14    | 0.0058609493877845525792  | 0.0094045974779755001083  | -0.0062218045386229032731 |
15    | 0.0039876293078902873973  | 0.0064743072474927505777  | -0.014109541929969604546  |
16    | 0.0032537523203885637159  | 0.008410169605654438385   | -0.0065857104630645041041 |
17    | 0.0014746447600927994632  | 0.00889802497428556112    | -0.019488440752940792283  |
18    | 0.004603698810193844991   | 0.0097764894845973528831  | -0.020647809147963474413  |
19    | 0.006510969943946566009   | 0.00078352870929713493934 | -0.017945309906850691328  |
20    | 0.0041817865933013046234  | 0.0032038975055785194092  | -0.021034211298476910429  |
21    | 0.0084490843728606563473  | 0.0047989734406140675815  | -0.012856680191492917548  |
22    | 0.0062232778443687044451  | 0.001833409464317285395   | -0.0094138553084374635566 |
23    | 0.0059793970867726611157  | 0.0065587869267218256233  | -0.020475678447456912429  |
24    | 0.0079325897955174976689  | 0.00077134946427750842365 | -0.0023563709721764864412 |
25    | 0.0076200996771191272308  | 0.0018194753446533192074  | -0.00364957855104372942   |
26    | 0.002928754171898667602   | 0.0091604249379287575744  | -0.011754986946464962214  |
27    | 0.002931782001362447012   | 0.0046481527115212360399  | -0.019713565369047142406  |
28    | 0.0052733703225799092792  | 0.0073054757701407129974  | -0.02500632966733074003   |
29    | 0.0044146515709335212851  | 0.0032618853710093802939  | -0.021586130717559017661  |
30    | 0.005404371322841442643   | 0.0019548825709153460489  | -0.020875395186881792742  |
31    | 0.0040772838139338492616  | 0.0024370717589583443773  | -0.020269976118035042123  |
32    | 0.0027905111621997959886  | 0.0054768210362574430011  | -0.013748340346317378807  |
33    | 0.0019560230538262757781  | 0.0091470723782512992212  | -0.0051947350677848270345 |
34    | 0.0036232020235157998307  | 0.0081305646154439491224  | -0.0039557089963926771875 |
35    | 0.0009503491364950269419  | 0.0055684413564053049372  | -0.022690725660735284325  |
36    | 0.0093554317118582416141  | 0.0096965029858860334738  | -0.019701204386329676521  |
37    | 0.00017248937658273025817 | 0.0054849013376781514256  | -0.024057939271896033873  |
38    | 0.0060630671740468863873  | 0.0067865558696503644129  | -0.01974471397930071051   |
39    | 0.00074703985381717062566 | 0.0031962177681729192665  | -0.024172090201883603827  |
40    | 0.0060307774864245848254  | 0.0032590507603840108454  | -0.023205355528918503172  |
41    | 0.0077264271440061925086  | 0.0044140758036132366621  | -0.016240893638366074581  |
42    | 0.0066914603339457267434  | 0.0093249203109119667421  | -0.0058398291920735640251 |
43    | 0.00054017434336926242137 | 0.0030091460412776465348  | -0.0073053151320624076098 |
44    | 0.0023560025033219976313  | 0.006593427104968282125   | -0.006575442479513789705  |
45    | 0.00060974591448474885561 | 0.0026446891378227839822  | -0.018756340235591969362  |
46    | 0.0035427297982350888089  | 0.0016471619556005141511  | -0.010384069918351378561  |
47    | 0.0033862938185495725964  | 0.0031800318477419923201  | -0.0095379944978893904661 |
48    | 0.0049170170181844028573  | 0.0079058894949900690441  | -0.003699558864133375459  |
49    | 0.0036138863812925992383  | 0.0060427509059780048009  | -0.018852308608793513778  |
50    | 0.0044983648401103809231  | 0.0069795978947945064297  | -0.023349793845160976558  |
51    | 0.00076494180556386658261 | 0.0065802201717401372083  | -0.014896711380823494247  |
52    | 0.0036199788789649414537  | 0.0053355357189680862121  | -0.012539516400050130726  |
53    | 0.0088750802417685067253  | 0.0081264316238510193868  | -0.020093364643894790628  |
54    | 0.0016306955081037239567  | 0.0057704663065220023616  | -0.010878814521159714881  |
55    | 0.0054022226450176355841  | 0.0089010484716876767108  | -0.0077632873187837344447 |
56    | 0.0087105777796704260407  | 0.003791496745738191787   | -0.017815642679711762159  |
57    | 0.0029621049717276641718  | 0.008438817391524836356   | -0.0052547826881970396626 |
58    | 0.0018909987449865007288  | 0.0093508718619769830294  | -0.016635793653110856477  |
59    | 0.0053605837020290897366  | 0.0076778870288228837429  | -0.024573604700392846778  |
60    | 0.0052542360847045123037  | 0.00012008396302632744722 | -0.020647522718903691535  |
61    | 0.0076426600659042064762  | 0.0062159238770822392364  | 0.0003854933379738793419  |
62    | 0.0069665780075410365518  | 0.0071901953871502059107  | -0.019151502182852987027  |
63    | 0.008294721930857062997   | 0.0099297654314977612522  | -0.0019393300188621051972 |
64    | 0.0071183526666025826943  | 0.0073036794100267031157  | -0.010144505086101601385  |
65    | 0.0065106288872708341364  | 0.008535280238700978378   | -0.019182244963334652704  |
66    | 0.0019509611987197663079  | 0.0064602758115238729728  | -0.025933528585390934473  |
67    | 0.0057559564808728966301  | 0.0027906866436474358183  | -0.01387035402103500327   |
68    | 0.001766154656585164958   | 0.0075107858818875767107  | -0.0068104483579942542287 |
69    | 0.0013463124229390859964  | 0.0059223564901368539945  | -0.014679408596871614326  |
70    | 0.0088384674534838728738  | 0.0051197208576931833163  | -0.005759071475720595884  |
71    | 0.0090521197376089799352  | 0.0075028279987426537909  | -0.02367479649796054228   |
72    | 0.0067992043603772901739  | 0.0082549671020403832949  | -0.0087204867060350996916 |
73    | 0.0021747537382103346304  | 0.0035432542300438147481  | -0.021450380672613549721  |
74    | 0.004129335437798027468   | 0.0066043220148518265097  | -0.010807522097946983819  |
75    | 0.0073030392282315255773  | 0.00052986401247460349767 | -0.025581152640422905042  |
76    | 0.0060229549708216987072  | 0.0015918364187170500838  | -0.0071414072789552094159 |
77    | 0.0044669840028970838469  | 0.0047461452790718769434  | -0.0023203444166894878278 |
78    | 0.0054756869812005786943  | 0.0044549698447600436305  | -0.0098508680980650444037 |
79    | 0.0041894551665733002072  | 0.0067761336855790615594  | -0.017279130102802672808  |
80    | 0.0016928966203641070305  | 0.0040916685963947674667  | 0.00047264882883130045904 |
81    | 0.0078870955112093805994  | 0.0014190235128402014543  | -0.0053862134565255586141 |
82    | 0.0069127821519224313604  | 0.0047722793564982830816  | -0.025316505887214558329  |
83    | 0.0051637462130463733859  | 0.0069074301498362215487  | -0.0057819205192721889047 |
84    | 0.0096284223691482252044  | 0.0021558440277917958507  | -0.0057463606960833045478 |
85    | 0.0028432631854501521501  | 0.00036609035631179507805 | -0.014108534346641532151  |
86    | 0.0017525259477173004731  | 0.0048260749582109624747  | -0.013823200826242892578  |
87    | 0.003672613374688118125   | 0.0067812847513546549785  | -0.027748058763638956681  |
88    | 0.0060155605399142509856  | 0.00072555784687537033285 | -0.0072859901919772431314 |
89    | 0.0093370337692134184465  | 0.0070698481006794197667  | -0.016336119134561493532  |
90    | 0.0040905118608854365223  | 0.0062130585229332692052  | -0.024098657774114927432  |
91    | 0.004943459963801477737   | 0.0024513035086477577562  | -0.012519477666764963764  |
92    | 0.0082602332366236517341  | 0.0073778714735839205988  | -0.0058267174738535600434 |
93    | 0.0009116455926830287302  | 0.0074833566952420419241  | -0.0078513517582153840441 |
94    | 0.0052662674149412166263  | 0.007634109835922265469   | -0.02586508450463490677   |
95    | 0.0045555379104901460793  | 0.0096537032114493541435  | -0.0113733288400442549    |
96    | 0.0013857427825544384875  | 0.0097970851164504470232  | -0.0042858983705144218859 |
97    | 0.0056316632580020488386  | 0.0049282752369751775187  | -0.0029174187826313262469 |
98    | 0.0099647518456427112282  | 0.0050756929269573560631  | -0.026707589069847683522  |
99    | 0.0044836654185934155317  | 0.0072974754322128083939  | -0.00019683825615909476478 |
100   | 0.0098239264782258757525  | 0.0048396757418119129915  | -0.020110072481439072306  |
101   | 0.0063448059547289905463  | 0.0069215303282284560901  | -0.016969125684153468087  |
102   | 0.0060330921446560981797  | 0.005616371391807815569   | -0.017570588837286765793  |
103   | 0.00012293056744708608162 | 0.00841607771826477849    | -0.0086225111834356531898 |
104   | 0.0031957716430022530332  | 0.0077459356089757437636  | -0.0097659323936625016399 |
105   | 0.0086224880648116258852  | 0.0066801731111834159599  | -0.013160186190440483628  |
106   | 0.0041034020721360782782  | 0.0084146566916410651255  | -0.027337128364543029913  |
107   | 0.0081024827841334277206  | 0.0066076302541877053598  | -0.023105461211546180628  |
108   | 0.0066811768436708437319  | 0.009236047670014213215   | -0.027339032655815817541  |
109   | 0.00060027026787117388883 | 0.0035159838102169303081  | -0.0083929729897733364868 |
110   | 0.0040257102353221897381  | 0.0037347266162586255714  | -0.020547463401995223753  |
111   | 0.0065534355736631142234  | 0.0036976234347488368993  | -0.014778000254995662943  |
112   | 0.0089014728589492213284  | 0.0083635972017846466758  | -0.0015577183282272563918 |
113   | 0.0069631837042718148709  | 0.0044067371638987218319  | -0.0018063902373483353789 |
114   | 0.008569698401411932065   | 0.0078252776125379633343  | -0.006348431351765566194  |
115   | 0.0016851597057409442929  | 0.0022248037602379320925  | -0.012673073347899029006  |
116   | 0.0033782218703393858926  | 8.0507652871127934838e-06 | -0.022460013084623614565  |
117   | 0.0086947519292827086385  | 0.0035226609114303942052  | -0.0061651463903967668179 |
118   | 0.0053561254649912961104  | 0.0043468050385906962033  | -0.0043488000706991616906 |
119   | 0.0064939240047355260843  | 0.0026592264844080217186  | -0.021583480880659679235  |
120   | 0.0024791644424186892043  | 0.0033197204692878585358  | -0.023662715951644455042  |
121   | 0.004838834779563796519   | 0.0015466674387373112887  | -0.025280731793145050368  |
122   | 0.0096694741956897221902  | 0.0074748076883451811808  | -0.0073140959535066604053 |
123   | 0.0031289792378830227904  | 0.0024769519077566734544  | -0.019377765224970276703  |
124   | 0.0038345285952840956964  | 0.0065159139151744543614  | -0.01276804888596671031   |
125   | 0.0065492196802654041241  | 0.0086659628312151931739  | -0.0061831050355747154204 |
126   | 0.0081930978643632145636  | 0.0069068170163568091274  | -0.013454385449027881846  |
127   | 0.0023076953795861743571  | 0.0073449870331221958283  | -0.0085492647685754090403 |
128   | 0.0042150798755652106597  | 0.0016674775169798676609  | -0.025572083558793007318  |
129   | 0.0097176573328965551446  | 0.0061104771673241896693  | -0.00038275852983385785528 |
130   | 0.0058914427156287769299  | 0.0068727601489355751377  | -0.0021555278296915385272 |
131   | 0.0037005767362206644193  | 0.0053807170794120317767  | -0.028111717486808358857  |
132   | 0.004205992496800621018   | 0.0031150875518985454184  | -0.0095530731127148015014 |
133   | 0.0034505136801499321393  | 0.0034103606709742135573  | -0.018613878650482282989  |
134   | 0.0075943956858852378067  | 0.0079244232255258739012  | -0.023125680541473066926  |
135   | 0.0037093157344914051178  | 0.0061009789197459798546  | -0.02041287785352279005   |
136   | 0.0042360735695273496818  | 0.0062144970815920944421  | -0.021427119061447574139  |
137   | 0.0055961705963670435593  | 0.006228947670015482635   | -0.010039068975489243152  |
138   | 0.0072794857945011519698  | 0.004829130764617339984   | 0.00071656308623224761016 |
139   | 0.0062076262522265833119  | 0.00082270813465343110328 | -0.011431678963976546828  |
140   | 0.0061196242827741588466  | 0.0065536102444076769005  | -0.016325633020869489281  |
141   | 0.0005418520608187186614  | 0.0073993988335310130477  | -0.024620135470326352106  |
142   | 6.390525479880901057e-05  | 0.0069415408166937173778  | -0.013591335448958557358  |
143   | 0.0034218386982126486849  | 0.00030532615805403391478 | -0.016841814162970855651  |
144   | 0.009693242187373215385   | 0.0056391111041715217059  | -0.014012588378321198454  |
145   | 0.0069889357537888593952  | 0.0094603176803212379181  | -0.013556413696844786532  |
146   | 0.0052551221504633554085  | 0.0093208793099623845485  | -0.00032539806814748533943 |
147   | 0.0043739400079931337051  | 0.00045552599392472488578 | -0.019907680125390663645  |
148   | 2.8021188089162847801e-05 | 0.0081476148781719961306  | -0.0029070032118223240215 |
149   | 0.0016587580248371537953  | 0.0077937731686925004401  | -0.018799787285367935974  |
150   | 0.0041567069689301214958  | 0.0032999416532725539195  | -0.022775136705523467417  |
151   | 0.0040601428405758243148  | 0.0038271732305709266209  | -0.020327705043620032666  |
152   | 0.0074209962413300887413  | 0.0012978773224558493634  | -0.016013056761394584004  |
153   | 0.0075352944808726096335  | 0.0074435344026442772092  | -0.0089369614879809006897 |
154   | 0.0042970452472288322293  | 0.0082663942272984160253  | -0.010788490668944361248  |
155   | 0.0044631510314349113686  | 0.0010532961847530201809  | -0.0026803592450978814404 |
156   | 0.00086431920118330146652 | 0.0084682158912187700806  | -0.017073350274617170308  |
157   | 0.0055537762348658384348  | 0.00032160027847243018466 | -0.0020832146081825888249 |
158   | 0.0093707775698314878243  | 0.003603693086380335437   | -0.016536269378895070842  |
159   | 0.0042007636013638776848  | 0.0028069027261502011751  | -0.022716143325714522466  |
160   | 0.0037235646729056291748  | 0.00073071890614217550105 | -0.026359112303961967222  |
161   | 0.0053889454379480112092  | 0.0076733472215591630103  | -0.0083989282897209312229 |
162   | 0.0053542770881869579044  | 0.00025980109897418126935 | -0.0068371905300142503045 |
163   | 0.0050198457705475799454  | 0.00027447396631722151142 | -0.010228186845062074359  |
164   | 0.0040551800931694203384  | 0.00024007414540656675712 | -0.0097092047801087457554 |
165   | 0.0063281871670226620685  | 0.0075460276204217914889  | -0.01110495236245570734   |
166   | 0.0074955643114985523456  | 0.0076481384633891816988  | -0.024617736624795483885  |
167   | 0.0015678112575317451789  | 0.0098450693120978368528  | -0.011180352757586125081  |
168   | 0.00073885647465587816173 | 0.0058926918054776535744  | -0.0077217485841345251049 |
169   | 0.0039093928927493911546  | 0.00017880213387004936397 | -0.005612513877312222399  |
170   | 0.0099437417731505304413  | 0.0069401367695921803089  | -0.0085185263457088940264 |
171   | 0.0032273933237703766701  | 0.0077550359930057361987  | -0.023999958949303835248  |
172   | 0.0037096558889669339898  | 0.0040110947848738080779  | -0.0021450348458651575211 |
173   | 0.004261415899102255489   | 0.00076388340472775470569 | -0.0054527794544056481379 |
174   | 0.0052660549285621143997  | 0.0013659892983588989637  | -0.010734673715303299363  |
175   | 0.0016616100147632925817  | 0.007693496114940214653   | -0.027897885474902940628  |
176   | 0.0030287631796411290837  | 0.0078846736169308467151  | -0.015324175514911385007  |
177   | 0.00598765504974162633    | 0.0062590336717638023548  | -0.0049109633732752891108 |
178   | 0.0023994997082445778183  | 0.0075839118393100507509  | -0.013644764062205258504  |
179   | 0.0083633137976621037268  | 0.0096733613928497788614  | -0.019278145619548117673  |
180   | 0.0039104704354006401129  | 0.00058704747226686932078 | -0.010928071523417712957  |
181   | 0.0068196577982523685219  | 0.008876528960328165796   | -0.02007655413612436171   |
182   | 0.0083799945311619963156  | 0.0057830398966047750348  | -0.01914279198401704421   |
183   | 0.004820357078197554275   | 0.0042279828940174520036  | -0.019840769899536533222  |
184   | 0.0029898413926832483577  | 0.0051163871273432774342  | -0.0070515437925022569216 |
185   | 0.00056338809873484230369 | 0.0028246716149310621864  | -0.024651809404118860125  |
186   | 0.0040525908560082053028  | 0.0060857074508320167794  | -0.017768722165573076766  |
187   | 0.0057538706113599768707  | 0.0067060983136876485197  | -0.0072526570718959596992 |
188   | 0.0055914728709726300646  | 0.00029738068710473950819 | -0.0048201705110295567022 |
189   | 0.0024610545490080571775  | 0.00073901684415815082491 | -0.016457779509892415254  |
190   | 0.0029072911818402570432  | 0.0051996965813215518387  | -0.0016417623512667062127 |
191   | 0.0025083557813780094775  | 0.00053233902580778608409 | -0.017133904152212737354  |
192   | 0.0025418782544315661129  | 0.00012130032381185323388 | -0.0083727573722730333494 |
193   | 0.0029667122057795928397  | 0.0050517007288920249761  | -0.013837011976527403834  |
194   | 0.0092914942572523400582  | 0.0029342983640402000092  | -0.0095331619810210665306 |
195   | 0.0011347935148765888897  | 0.0027460555034080763592  | -0.0046621322968274864565 |
196   | 0.0063714000040915848636  | 0.0031114055649494247284  | -0.022282743084075573581  |
197   | 0.0046107780032132684653  | 0.006384386180604959514   | -0.012994585933622824353  |
198   | 0.008806406641361175236   | 0.0042831174678337677331  | -0.019231571932176123874  |
199   | 0.0089231166997925485951  | 0.0038730539905563747712  | -0.022064007358819696242  |
200   | 0.0033047506012399588231  | 0.0052605574049534144579  | -0.0099131623998258058122 |
201   | 0.0028366164710691530067  | 0.0040944517812710893093  | -0.024194797791441530893  |
202   | 0.0040882341065982281264  | 0.0074674837516138289212  | -0.0044619472961327510951 |
203   | 0.0048891983091785065629  | 0.0087656753822657456493  | -0.021019069797290675788  |
204   | 0.0021955966503514976612  | 0.0031464863499202182229  | -0.020703451925630451946  |
205   | 0.0069032147452538199922  | 0.0019833174982578929101  | -0.027664790535742393024  |
206   | 0.0063043200648156428462  | 0.0048883463230445581282  | -0.0096152349986862468284 |
207   | 0.0067762276227884147076  | 0.0047745823149124609966  | -0.0093200553185806868373 |
208   | 0.0037256074903435913888  | 0.0091441129183077052983  | -0.015265513389150513548  |
209   | 0.0077735523152533706967  | 0.0078738629435824228353  | -0.014768303622970421762  |
210   | 0.0029359229679226791707  | 0.0047195633856655771349  | -0.0023874113942028616329 |
211   | 0.003175694296125005766   | 0.00017659107301925283879 | -0.006810453299441784035  |
212   | 0.0053560108798516243081  | 0.0056924443045225916679  | -0.0017441789292171288976 |
213   | 0.0069323327405665258888  | 0.00068348169992069973764 | -0.00017091639508344270157 |
214   | 0.0046011712021569832476  | 0.0050015496480595496992  | -0.021608260228732682762  |
215   | 9.9550512346214804727e-05 | 0.0053426547011174042173  | -0.017505728970707845615  |
216   | 0.0095107381710690299531  | 0.0091097095959662092307  | -0.023964771038902807354  |
217   | 0.0082825769724238461345  | 0.0081924523582281704587  | -0.021360359032966822618  |
218   | 0.00091815874848956012706 | 0.0069270200292890051277  | -0.0090374456073975834719 |
219   | 0.0026871063228936374785  | 0.0045747781432533725365  | -0.026352647777556519049  |
220   | 0.0072653267920387018877  | 0.0062701401945093378915  | 0.00071244577531475448192 |
221   | 0.0069368974404464241526  | 0.0095429027012139972658  | -0.012405912413370571989  |
222   | 0.0052719769567155950335  | 0.0090366849585981554038  | -0.017818647740590498607  |
223   | 0.0031700406597619384952  | 0.0021240634326149913924  | -0.015395664057460298549  |
224   | 0.0012258709704544516056  | 0.007554804845640258372   | -0.020065122559866966495  |
225   | 0.0089181860158608593225  | 0.00037835939881277619312 | -0.013834686250566254062  |
226   | 0.0021539756325022461382  | 0.0037883103260823781412  | 0.00069219378613831245191 |
227   | 0.0066102559584272722187  | 0.0041893054387082424156  | -0.0032467042219568855929 |
228   | 0.0066150767088664986018  | 0.0030310471742889034431  | -0.012333059899041456248  |
229   | 0.0044973642002017130692  | 0.0081465982385653060854  | -0.0080972622783754156367 |
230   | 0.0050774399381000754825  | 0.0010275297003114964092  | -0.020344087985302638372  |
231   | 5.6831727414757082859e-05 | 0.0061141775574945610855  | -0.018101330183511354227  |
232   | 0.0058331708295670013989  | 0.0077932305820486262593  | -0.0013507318796556302184 |
233   | 0.00040991623327119123274 | 0.0058633455218425880803  | -0.023998729235991490133  |
234   | 0.0050767930076413766982  | 0.0040616916177213645972  | -0.021499180861842173695  |
235   | 0.0015860773455109026305  | 0.0040576505913922202365  | -0.020767000610704376695  |
236   | 0.0036068065753488303717  | 0.00264594987660351404    | -0.011422508521156372885  |
237   | 0.0035801789338054243114  | 0.0039939056489788713616  | -0.0014751222726326253948 |
238   | 0.002355681329613565269   | 0.0058288271886683135775  | -0.0049456437697432426709 |
239   | 0.0098326170893483152979  | 0.0080245530915855709658  | -0.003785131834367873576  |
240   | 0.0067584157180338661278  | 0.0095494314343772725845  | -0.026721296951391523139  |
241   | 0.0055999009803686305639  | 0.0087713324236303527592  | -0.0029898464351909149854 |
242   | 0.00079193620076923037111 | 0.0048843372389349611062  | -0.0084850161687079882905 |
243   | 0.0026251021296123662301  | 0.0059117239012882643115  | -0.01669112202395184319   |
244   | 0.0070753257076452986257  | 0.0050924869418262162096  | -0.0050548762578898976186 |
245   | 0.0050349212879553873271  | 0.0024967357111767589026  | -0.026104853015795920906  |
246   | 0.0098962651334834998706  | 0.00083763918362268058575 | -0.0116707413174772269    |
247   | 0.005693813891462642246   | 0.0032009323336491743439  | -0.017224341253891072012  |
248   | 0.0097636975217637398533  | 0.0050978270983199546959  | -0.011767462757203740048  |
249   | 0.0066594791659316228752  | 0.0024635066021129708828  | -0.0082832134769013857772 |
250   | 0.0066596781453830203312  | 0.0054628860718876626201  | -0.002413059713727377497  |
251   | 0.0043738426284215979264  | 0.0049511039075992762173  | -0.024494168368535008257  |
252   | 0.0072052982001034847348  | 0.0057598524517285280486  | -0.028360622631748298034  |
253   | 0.0048019835036223887034  | 0.0087820966168392633477  | -0.022387731020171882518  |
254   | 0.0023148694292595877256  | 0.0013228750396560577836  | -0.013607246422972597844  |
255   | 0.0017726653084032453073  | 0.0047390083729003827304  | -0.0013769125311999116327 |
256   | 0.0047194704772492782063  | 0.0075826067582041439818  | -0.016493866934988402062  |
257   | 0.002047281909016100427   | 0.0027055549357719622938  | -0.012400013137715180933  |
258   | 0.0033007934841085650839  | 0.0067798180681057614375  | -0.011272853311929030562  |
259   | 0.0064427157393408722788  | 0.0092734273911866966361  | -0.012836785215052414974  |
260   | 0.0042600374595235020875  | 0.00063324817003708162941 | -0.0069892944561927954072 |
261   | 0.0057135265492576532698  | 0.006846737837593105426   | -0.028126519110318281419  |
262   | 0.0010535623599192977824  | 0.00016498437023355672125 | -0.016556476814430117622  |
263   | 0.0072581395098300100638  | 0.00071562072987156144597 | -0.022716935297140378874  |
264   | 0.006232031797377001088   | 0.001702521561710741314   | -0.00064494967466933810461 |
265   | 0.0065818784893410193018  | 0.0064942323483963481853  | -0.014472037079466204545  |
266   | 0.0039839783864394021778  | 0.0033728308044744274505  | -0.023199794527183122822  |
267   | 0.00081433432532849710575 | 0.0031374844463699417228  | -0.014211173450116352732  |
268   | 0.0060568329801113677743  | 0.0064494787005965840271  | -0.0033094866809859121298 |
269   | 0.0037860054274029123801  | 0.0024511781371347293908  | -0.0042885339208475307948 |
270   | 0.0094432954902194474883  | 0.0046185829595207124332  | -0.013211825774222866331  |
271   | 0.0053253364267620102376  | 0.0091261806911140542359  | -0.00030549380784744724609 |
272   | 0.0056400955427141664933  | 0.0080027753782521728054  | -0.015351615438569006511  |
273   | 0.0036823378418473291969  | 0.0095517433332311923316  | -0.017901538404125290349  |
274   | 0.0061600420651187516585  | 0.0075509815852497835439  | -0.017475261700445589297  |
275   | 0.0089544740284972518946  | 0.0052765073605132682688  | -0.0054118474286161781517 |
276   | 0.0089038755134349806264  | 0.0033941466182245499071  | -0.013660311034296443791  |
277   | 0.0022918107376454798819  | 0.0048616985537488091942  | 0.00055727946472899133473 |
278   | 0.0086350315519635300471  | 0.0047148533897724735978  | -0.010904276840485538011  |
279   | 0.0039955363339366795766  | 0.0042201919941844976206  | -0.0053420131523766916162 |
280   | 0.0090380370988917130282  | 0.0036880454925202550871  | -0.025567942243066715813  |
281   | 0.0043779902097871841588  | 0.0078241821214952121666  | -0.012604220530039634759  |
282   | 0.0036861635367239410123  | 0.0012909020212765857667  | -0.020952226786174147494  |
283   | 0.0082410256651726902788  | 0.0057014801162515388669  | -0.02169781542386452558   |
284   | 0.0027682229591641329715  | 0.0044303609250872242123  | -0.023271116788096582462  |
285   | 0.009588052379560625671   | 0.0060341927929569846509  | -0.0046103082701749740005 |
286   | 0.0013786496614748761959  | 0.0021114828184649824493  | -0.020899328713606099561  |
287   | 0.0019870623713954620702  | 0.0064203807544710913419  | -0.011189241068919410921  |
288   | 0.0023513945751749581493  | 0.0027861909200381351076  | 0.00035301676779646556231 |
289   | 0.0098986050287208013354  | 0.00016338853260517983675 | -0.023705850641448526772  |
290   | 0.0014858935430529906629  | 0.0065006502275951720538  | -0.0065158919303660847375 |
291   | 1.43260794439327366e-05   | 0.0012032401046258689014  | -0.013312655641219046238  |
292   | 0.0028460825032678928499  | 0.0045318707362865754545  | -0.0004578002030844331282 |
293   | 0.0095105450392726914588  | 0.00027186692163344529025 | -0.020097905307476699593  |
294   | 0.0078075727600033749398  | 0.00733424855560642526    | -0.0026769924868499496776 |
295   | 0.0025967504957714855965  | 0.0026201849975475578064  | -0.017106583209026936243  |
296   | 0.00720487119100964718    | 0.0040195390901771486589  | -0.022053235264704935947  |
297   | 0.00087379732691051585202 | 0.0030070870886909758721  | -0.023953113439331694123  |
298   | 0.0022110972714222349236  | 0.0048547026919686601248  | -0.025855707457406004041  |
299   | 0.0016089459542420446198  | 0.0073026174126185304514  | -0.017547340783201786224  |
300   | 0.0044231435148130056334  | 0.0072379869857678823253  | -0.020791465380404560576  |
301   | 0.0014064978894089313118  | 0.0073566058536086564174  | -0.028086437973204907842  |
302   | 0.0096029285310056042291  | 0.0020924516720683579429  | -0.026313696962316491385  |
303   | 0.0080068140188118940015  | 0.0051750129888757960203  | -0.021902457270974350773  |
304   | 0.0012731072815808021793  | 0.0058868050070393475662  | -0.012292202684189523082  |
305   | 0.0063253429781778081412  | 0.0072865658192531584242  | -0.023103989096270018122  |
306   | 0.0044513892079535476512  | 0.0026314864992621855681  | -0.020624064680740090277  |
307   | 0.00012105964351161714273 | 0.0036332722004035681966  | -0.0064675278481412558362 |
308   | 0.0089413750509127597893  | 0.0049775761223272889724  | -0.0044671137141436730034 |
309   | 0.0061157963811427351608  | 0.003016954464196224938   | -0.010215248733300982126  |
310   | 0.0096670110676837922581  | 0.0055336004468748726734  | -0.01094787321738187498   |
311   | 0.0087494145803969879116  | 0.0057303800273626479336  | -0.011861526745819812867  |
312   | 0.0070526005917437668488  | 0.0038312973156088489524  | -0.024301237349205438709  |
313   | 0.0069289423134682812805  | 0.0027591131686593162176  | -0.0046336363281323580954 |
314   | 0.004183120231157140545   | 0.0068819251618814211366  | 0.000611946802280295514   |
315   | 0.0098930708528396776869  | 0.0089175156002293688023  | -0.0078681104553605784452 |
316   | 0.005423675413706761754   | 0.0050111862200765090389  | -0.0054105191237990291064 |
317   | 0.0061290197482523345318  | 0.0018463606439197771062  | -0.027647724493570859788  |
318   | 0.0073809672172717522357  | 0.0052866125635237159672  | -0.0022720204318962618391 |
319   | 0.0024182755620938568147  | 0.00227933789611219767    | -0.003960607268373026596  |
320   | 0.0068277816066985479518  | 0.0044793431703995653312  | -0.028036290185224351651  |
321   | 0.0035838468106505279483  | 0.0029644194881482252221  | -0.011021825159654418877  |
322   | 0.008761744317408752189   | 0.00025882350759208569858 | -0.0044558113768938993962 |
323   | 0.0050901666582782341408  | 0.0019882510462020854675  | -0.0068833096697841914327 |
324   | 0.0021903481102972252939  | 0.0044493524055912257037  | -0.013802490295931897635  |
325   | 0.0053935404385150719636  | 0.0018469024325847517489  | -0.019119327165531430773  |
326   | 0.000789149008432389284   | 0.0049445361801160577289  | -0.010438220181665255545  |
327   | 0.0039572755119536015891  | 0.0071270025215594001722  | -0.012083114591043936717  |
328   | 0.0099122668518073150934  | 0.0078635366516927908409  | -0.022647516471073641381  |
329   | 7.0205454767083443459e-05 | 0.0064812365679996685949  | -0.011029941166452861614  |
330   | 0.0023474967205946604618  | 0.0030482370312814475663  | -0.0038426326110131388616 |
331   | 0.0064472080991361301397  | 0.0025755996972117519046  | -0.012529899068311676352  |
332   | 0.0058131658978069463209  | 0.005893712818034046487   | -0.0032108250422340470394 |
333   | 0.00090755079867819304917 | 0.0072897411378702627049  | -0.016586337213851880257  |
334   | 0.00056213230732954475206 | 0.0037515965545227973089  | -0.01266757889324038322   |
335   | 0.0034401865259904946745  | 0.0095992555857175101974  | -6.9040097303631260575e-05 |
336   | 0.0087571623568877248606  | 0.0048062117051639796292  | -0.013892034446617296251  |
337   | 0.0024554099245385394533  | 0.0090163335160009655533  | -0.0091112060628925784639 |
338   | 0.0086132222274624310743  | 0.0020269475511818400501  | -0.013221513786957525896  |
339   | 0.0046163974249090709845  | 0.0062465085486947766885  | -0.024059061952755565056  |
340   | 0.0044372534370855460858  | 0.0058774430607131614851  | -0.0055734205468900071753 |
341   | 0.0043140071372491668039  | 0.0086962630880441788017  | -0.02140868397930903444   |
342   | 0.0013948777780126953799  | 0.0009606835020353878072  | 0.00011645406760595663348 |
343   | 0.0017923616337444231699  | 0.0036342992348057752069  | -0.0047594643087666534467 |
344   | 0.0061019904349421706657  | 0.0074021048914940969221  | -0.0015587675503231650416 |
345   | 0.0051156071228060304157  | 0.00011307175872136693143 | 3.8846703237739241277e-05 |
346   | 0.0099386995643871781092  | 0.0077996301616448581936  | -0.015414027551275815212  |
347   | 0.0074415604887152139724  | 0.0056079188396833184668  | -0.021910088564858393873  |
348   | 0.0082776063465648253015  | 0.0023619556666844214281  | -0.014682886381481644045  |
349   | 0.0023717642536753838142  | 0.002186705051234610897   | -0.015896276176733472457  |
350   | 0.0021922677328430578529  | 0.0036161366927997726749  | -0.0097767331951833236214 |
351   | 0.0024273995856391372347  | 0.0026640481411350424787  | -0.021163900144411783993  |
352   | 0.0030551672007582434884  | 0.0034465726462842233638  | -0.014665252548490072954  |
353   | 0.0037808057975787156754  | 0.0044547429441407814313  | -0.0060396773298561669263 |
354   | 0.0067189544825753122481  | 0.0036722939146900937177  | -0.0099833298938213493878 |
355   | 0.0050514035471694229348  | 0.0042392254973911257937  | -0.0036102887951281886769 |
356   | 0.00033366677064791520641 | 0.0091233903682034697691  | -0.024088161025827063005  |
357   | 0.0041144171717824576037  | 0.0043490589040259307677  | -0.02821153740320477693   |
358   | 0.0046848518605208345697  | 0.0025874826089283429684  | -0.027127670271492283077  |
359   | 0.0094292403323584170205  | 0.0042390057063246121966  | -0.021243292466245566885  |
360   | 0.0065767279934630133373  | 0.00023352177966356679685 | -0.022264231041959257895  |
361   | 0.0036589443566856913112  | 0.0060546338236179223641  | -0.024465736446442565288  |
362   | 0.00070767406735943512875 | 0.0022497654447288014529  | -0.024203386265138494837  |
363   | 0.0071240374962449450405  | 0.0076975517677558523422  | -0.00082113937979687127988 |
364   | 0.0016682216742446153313  | 0.0043590690791624996103  | -0.014947427767081133965  |
365   | 0.00041623758352579898938 | 0.0074323550137573779137  | -0.0063537187245275034836 |
366   | 0.0020272892765260523175  | 0.0033009052216678037156  | -0.022216401818884096153  |
367   | 0.0070777675079682668413  | 0.0026378767847523741305  | -0.0032976401249685026798 |
368   | 0.0063997150324258417903  | 0.00012109289807444091646 | -0.010883532185467800421  |
369   | 0.0043233032502766263749  | 0.00068207032847703529237 | -0.024811221965643032172  |
370   | 0.0021837833635058733102  | 0.0043912736250117821377  | -0.009763935503726050083  |
371   | 0.002854607208089951411   | 0.0054541913101727327109  | -0.0011465452106078637302 |
372   | 0.0035521369363266455665  | 0.0063343873495631261919  | -0.015021428709991497749  |
373   | 0.0076088105493565946422  | 0.001092215501032835559   | -0.019854176755520560466  |
374   | 0.0076615716105980303033  | 0.0098553516804325853179  | -0.024625321251761936314  |
375   | 0.005810566726345694176   | 0.0017317368947747161217  | -0.027215009630260966755  |
376   | 0.0092567016407489946528  | 0.003908679891227582158   | -0.0026732847399031441256 |
377   | 0.0098967498923351326923  | 0.0053753419017192240886  | -0.01298948068904519533   |
378   | 0.0048266601330631446823  | 0.009242834990383006627   | -0.01048335647743676817   |
379   | 0.0084492250198092457014  | 0.0022798440282679886988  | -0.00067337146201062981436 |
380   | 0.0043865164924599010093  | 0.00036147225778831190788 | -0.024478502258742849268  |
381   | 0.0018004767192118878178  | 0.0045461369692291518987  | -0.015571266572453329805  |
382   | 0.002123560463604693728   | 0.0070796813035697344491  | -0.018380586202703476373  |
383   | 0.00015317356931285157351 | 0.0090513598714542353035  | -0.016796906161250329398  |
384   | 0.0076942521226573447335  | 0.0054710403856010111218  | -0.0071969270338094054607 |
385   | 0.0082383813340687998827  | 0.0019508742114539815056  | -0.023967252560326064714  |
386   | 0.0078420950887569482873  | 0.0082748876403189487727  | -0.02705313346554892584   |
387   | 0.005325041284189484421   | 0.0038502509270168928761  | -0.015885796881760914923  |
388   | 0.0073896038388173027403  | 0.0053033589865071053757  | -0.00050029505959915026095 |
389   | 0.0067953495631615816117  | 0.0063192390742256385888  | -0.010403214018211497452  |
390   | 0.004551783219261975981   | 0.0012304670607333051662  | -0.024217994538670791632  |
391   | 0.0055380236440326054484  | 0.0044023829498305508401  | -0.024059998128177325499  |
392   | 0.0052700000508711045827  | 0.0038506358233685814701  | -0.028134072415818903168  |
393   | 0.0067495314479011350381  | 0.0093329120340905936948  | -0.022505254672022891038  |
394   | 0.00089089432639585721275 | 0.0040411965378210580255  | -0.027640987954712391284  |
395   | 0.0066098544189752157091  | 0.0081010735971107465658  | -0.018104619319482442852  |
396   | 0.0074428884678971393707  | 0.0047611250657275177786  | -0.016493196196490030742  |
397   | 0.0038757455125965449561  | 0.0067704258671575177214  | -0.0010797854066273502704 |
398   | 0.005413990313155893179   | 0.0068970166379092798237  | -0.0067913124974166849679 |
399   | 0.0029748695013452190229  | 0.0074991222418533285896  | -0.025156742383564471149  |
400   | 0.00083478070335168518944 | 0.00824698028305135937    | -0.0073153391867942204121 |
401   | 0.005069956964998114865   | 0.0048365802125802633341  | -0.02503736998559102922   |
402   | 0.0021028505016818131376  | 0.0016585724745643228191  | -0.0015404211087507819686 |
403   | 0.0046368470206309530396  | 0.0099984186434910957142  | -0.0082595757759384366703 |
404   | 0.0061445733393490180319  | 0.00036898961652410863484 | -0.015392016461308923037  |
405   | 0.0094388276184612807801  | 0.0046461357829000243455  | -0.023596848948700309412  |
406   | 0.0099174107820762923832  | 0.0061047254530567180916  | -0.014634712776844863852  |
407   | 0.0096494202918498868382  | 0.0087967186140827883373  | -0.0030104906323307682563 |
408   | 0.0027169807451883202544  | 0.007811814954432997303   | -0.0083302529533236351067 |
409   | 0.0038524347497512620095  | 0.0017396929393934093457  | -0.018895218985314432558  |
410   | 0.0013877902951660219064  | 0.0028861230478254441129  | -0.00038212851612292740751 |
411   | 0.0076804857154935098421  | 0.0039413200743378777602  | -0.020502341086951890448  |
412   | 0.0038404644297504080333  | 0.00094096329383576426952 | -0.018573646923993797353  |
413   | 0.0025789277475024565897  | 0.0063359090707491337938  | -0.028289507709035426053  |
414   | 0.0027513906153594142913  | 0.0014334580101708026528  | -0.025058617818252495318  |
415   | 0.0027549105433156027486  | 0.0094234443791027279469  | -0.0078258181436523348296 |
416   | 0.0051899214047591030879  | 0.0056583653158658823307  | -0.001246720053304958744  |
417   | 0.0073617438522231067738  | 0.0022230067957101492734  | -0.0073855629956274364278 |
418   | 0.007419128211404738861   | 0.0080994430627621110536  | -0.01419715984000906317   |
419   | 0.0099689641283229098873  | 0.0067652577848789112111  | -0.02742746942077492131   |
420   | 0.006423579279727890598   | 0.0087588446111040042102  | -0.024571888575759596313  |
421   | 0.0058032546821874687187  | 0.0093100259856767775962  | -0.0013941592245798974971 |
422   | 0.0024235626020648096644  | 0.00069624764883894523556 | -0.00036705829639238580836 |
423   | 0.0051133704639692786897  | 0.0077136480107123572489  | -0.016525133190374258901  |
424   | 0.00037896268571280402422 | 0.0078217734136668253669  | -0.0055039784520603948423 |
425   | 0.0063995262762945618815  | 0.0041308169125539931366  | -0.025365773309362311255  |
426   | 0.0043216079076102108247  | 0.0094205071837280413005  | -0.0022325397349029830509 |
427   | 0.006674056139306140667   | 0.002337263022285707148   | 0.00011959115083983342233 |
428   | 0.0082255875114947609589  | 0.0046974772245586418964  | -0.023181434571966957198  |
429   | 0.0052503915376106288435  | 0.0037971969865520770887  | -0.0042569917995376044262 |
430   | 0.0019058679631393537525  | 0.0089051327619088065102  | -0.0092964609009256859301 |
431   | 0.006923423087764420461   | 0.0071553939734830228347  | -0.0059322875060998517607 |
432   | 0.0014764001311147233533  | 0.0055628655578373780236  | -0.021632385494819390825  |
433   | 0.0026434683041869876108  | 0.0058383614196573386385  | -0.020493906887777451481  |
434   | 0.0025556807127567094003  | 0.0027081081653228750508  | -0.015677284587213954209  |
435   | 0.0097724873204504333901  | 0.0012226719123175943445  | -0.0046093702388977034895 |
436   | 0.0010459684194126176848  | 0.0079814252054479350312  | -0.0064442690924067895508 |
437   | 0.0056912421568221906523  | 0.0042166818771832243959  | -0.0034153505864295608842 |
438   | 0.0085066343044216605196  | 0.0035381247989570456178  | -0.020012197119662133299  |
439   | 0.00057229498881702510656 | 0.0074627924135887450593  | -0.010316694472455445811  |
440   | 0.0093475106861374817474  | 0.0042578901875007972924  | -0.002367055142480301716  |
441   | 0.0018044809950087466362  | 0.0011832882861420269613  | -0.0093918443907593171516 |
442   | 0.0015263120261322898463  | 0.0027568386999185989436  | -0.0021868000052494354635 |
443   | 0.0036148078420222343188  | 0.0083323223873288387864  | -0.0100539279649969511    |
444   | 0.00048628563979097197498 | 0.0004578383724318586985  | -0.018577071812041105053  |
445   | 0.007202275954403235432   | 0.0071068803644586458698  | -0.0085476840030916344249 |
446   | 0.0014247439338787063704  | 0.0084621938538765473919  | -0.016335126893897038147  |
447   | 0.0038567883365071111215  | 0.0084935498564138976751  | -0.026190351286047682672  |
448   | 0.00010029983343958234581 | 0.0049511272448938010299  | -0.016411543256728063078  |
449   | 0.0062069335025754226662  | 0.0070259216208361117625  | -0.010085258606741080711  |
450   | 0.0066503054240123326418  | 0.0039282869295542977017  | -0.0044570448260738623758 |
451   | 0.00065981215138919996777 | 0.0097426943585790480584  | -0.028169716072405513035  |
452   | 0.0081259440373641651095  | 0.0088318298444551666254  | -0.021124839716555453284  |
453   | 0.0058551170640053626024  | 0.0036977819280059383983  | -0.021938380203253012024  |
454   | 0.0081477740271306380027  | 0.0066381831988523865712  | -0.016553118339162040812  |
455   | 0.0015802403715525540316  | 0.0062142119099523832754  | -0.0051241608488498601934 |
456   | 0.00086712339469970382746 | 0.0042921051475634901251  | 0.00074378322788485728284 |
457   | 0.0023760342209712152425  | 0.005222424347824171191   | -0.003764401798085653672  |
458   | 0.0027616929423094176144  | 0.0092889128059054672237  | -0.0072634172586186112122 |
459   | 0.005583167006930706      | 0.0010995661292557555762  | -0.0015243665403109358386 |
460   | 0.0064071510107483221896  | 0.0087933545105711666962  | -0.0088241219296216078655 |
461   | 0.0030035524830338178499  | 0.0044449791520579642543  | -0.0080403351482208479384 |
462   | 0.0037157873084947157932  | 0.0034260996658741476456  | -0.011703243396487296446  |
463   | 0.0064535857106368926112  | 0.0039321461410088565797  | -0.018224643458028228632  |
464   | 0.0084503626837702447427  | 0.0011851483906785713254  | -0.024329483530010270753  |
465   | 0.0092574951789704384292  | 0.00023868603353073707704 | -0.025378977342854575072  |
466   | 5.0554501882347005742e-05 | 0.0062343304732903337406  | -0.0081705163710127457627 |
467   | 0.0070346530458120799106  | 0.0045316689075750515511  | -0.019082037957307569631  |
468   | 0.0030950249704419507957  | 0.0071015556676915607415  | -0.020794801764884570522  |
469   | 0.005484694950127141054   | 0.0031187060640556641539  | -0.018538295752619809997  |
470   | 0.0046556502784868966302  | 0.00038761443786981754529 | -0.020317751860904387923  |
471   | 0.00088090025155528441439 | 0.0083409291167296367719  | -0.026433048085394480337  |
472   | 0.005463065390908899456   | 0.00860825425130889825    | -0.026371864652256420819  |
473   | 0.006819274822966086072   | 0.0015679085443882955289  | -0.01854416146111009453   |
474   | 0.0010217288988837991675  | 0.0019003311221228518738  | -0.013196090250441497999  |
475   | 0.0049451013835433797056  | 0.0047220010578177748495  | -0.021587814162810303742  |
476   | 0.0081151151122728689552  | 0.0085893297092333627252  | -0.00935647355464173415   |
477   | 0.008045092311913047689   | 0.0079593710404679950815  | -0.0055418224560670080112 |
478   | 1.3233961747166689404e-05 | 0.0080104448619235796292  | -0.028183963058530155793  |
479   | 0.0040827259188918850474  | 0.0025170336398761374366  | -0.017333485553694277098  |
480   | 0.00022058690638455835556 | 0.0044499420263224287453  | -0.011671696511481963188  |
481   | 0.0033417683094137174728  | 0.0079982499616180601637  | -0.023676914143115703609  |
482   | 0.0044466372529085420109  | 0.0048305616660190139541  | -0.027109784545996554878  |
483   | 0.0057873940151645982682  | 0.0037779679408793645674  | -0.025301390464367363997  |
484   | 0.0019791662335428218851  | 0.0061261010279303421827  | -0.019396838171944336821  |
485   | 0.0012778875657681663773  | 0.0052929463671868431929  | -0.024939448406143909648  |
486   | 0.0010407284296543033338  | 0.0072185911595855868292  | -0.0070675655836306503638 |
487   | 0.0081344633160331178412  | 0.0050576829947494216996  | -0.012365075147856958993  |
488   | 0.0087398996028829473159  | 0.0061051632340023993112  | -0.010004022310827821382  |
489   | 0.0042243325392473428728  | 0.0094645594237665019166  | -0.027658209744401179159  |
490   | 0.0047233269495845211713  | 0.0086082545242739238328  | -0.011072986646501591784  |
491   | 0.0035007264006239849526  | 0.0029240141478598575576  | -0.0092885865576800407534 |
492   | 0.0073518110345258853855  | 0.0082431446880866978549  | -0.013377129326194888564  |
493   | 0.0094088433036215776001  | 0.007110861000104055224   | -0.011248971169382041349  |
494   | 0.0047339492197102468404  | 0.0046908544681161000803  | -0.027733999044853990812  |
495   | 0.007643374673775925332   | 0.0081139610860707089834  | -0.0039549536390919596759 |
496   | 0.0087835135932335904607  | 0.0056794552548975491685  | -0.017813042757202659366  |
497   | 0.0049770255320701868931  | 0.0050265974010192220056  | -0.0019349697936798973368 |
498   | 0.0052075513268405185588  | 0.00022225830651516220878 | -0.028127793655802944828  |
499   | 0.0093832925258333973323  | 0.0051172627540601459475  | -0.0091929892001894643327 |
500   | 0.0004952360165506289498  | 0.00030132112231860127627 | 0.00061785417597207386436 |
501   | 0.004586860016721115707   | 0.0038717777136658654107  | -0.022663130259742939043  |
502   | 0.0055333194830109950005  | 0.0052779986225088056789  | -0.016085559815644145248  |
503   | 0.0012412977621780666836  | 0.002681946224062929391   | -0.0099320359376165665011 |
504   | 0.0022156591056513895779  | 0.0033450503598590570695  | -0.020500182526065304639  |
505   | 0.0070498832729136533259  | 0.0076148651825960851289  | -0.02677922076717276223   |
506   | 0.003640742353737625326   | 0.0022610602197047063172  | -0.015285852099414340421  |
507   | 0.0089282996173998922795  | 0.0037474175633237763634  | -0.0046023612157998243163 |
508   | 0.0045704868734905796865  | 0.0017213024761587340447  | -0.020431853785949256885  |
509   | 0.0013858172101989332543  | 0.0030275792594828001246  | -0.028298766281703139486  |
510   | 0.0076799025910025287694  | 0.0084645616334359640581  | -0.0052217618762970437196 |
511   | 0.002299880474919705365   | 0.0029352670633495205922  | -0.024081960666986160224  |
512   | 0.0074039099656806979174  | 0.0097669300681712811762  | -0.024360213608163910209  |
513   | 0.0056405709445630615798  | 0.0032221356859315490768  | -0.022188356127582853361  |
514   | 0.0069532821825791599896  | 0.0016157514222697108575  | -0.0020992209319331493061 |
515   | 0.0076293773174593761816  | 0.0056448120299041693385  | -0.01109782266849692299   |
516   | 0.0042566974233691620352  | 0.0010417505343074250513  | -0.002323952976452544044  |
517   | 0.0075137483176188259865  | 0.0055415656222505271788  | -0.019720417358395664342  |
518   | 0.00325470765373768239    | 0.0029136978559314891286  | -0.012308134606759920174  |
519   | 0.0019373111397178201503  | 0.0036606555147959568032  | -0.022963151933691344081  |
520   | 0.0028417304603158693999  | 0.0033487478387717009749  | -0.024943700520814206939  |
521   | 0.0042683344155383280694  | 0.0059136586299643016662  | -0.008097041277980986454  |
522   | 0.0029152706222232453379  | 0.003485936072359426853   | -0.0062112040254387801061 |
523   | 0.0014936774732519485925  | 0.0083963098759316113356  | -0.0094254971950480243015 |
524   | 0.0087710256424233801198  | 0.0012774104043056242266  | -0.012829984524969017048  |
525   | 0.0034048779950805125108  | 0.00058257307325293742825 | -0.027646036569699425356  |
526   | 0.00032095595842464920725 | 0.0055540175171809756313  | -0.0060965935592663562936 |
527   | 0.0091981713081042987962  | 0.0053323563192454884532  | -0.0080149582338556926014 |
528   | 0.0087608744923889161904  | 0.0023403265975828133061  | -0.011274533392074818569  |
529   | 0.0066847740644979270624  | 0.0056823044342687286171  | -0.016986604627023799835  |
530   | 0.0034255806904151574546  | 0.0065790905947831759479  | -0.0026716533522994499912 |
531   | 0.0037887767603148000441  | 0.0039922090628597252729  | -0.015809387013022715984  |
532   | 0.0047742059847955924112  | 0.0037298101375526026245  | -6.1517818230139703888e-05 |
533   | 0.0002789257596747671741  | 0.0057306998851322857313  | -0.0071548615132446457751 |
534   | 0.0022934355400785104775  | 0.004044023840809907698   | -0.01041784671172380633   |
535   | 0.00039164541807746683323 | 0.008497335547893865651   | -0.020966721059475872807  |
536   | 0.00018513924968866030877 | 0.00015948728891008117454 | -0.0028190711441914849573 |
537   | 0.0022576350189212933753  | 0.0041974511948174196216  | -0.00945302754931139598   |
538   | 0.0085607020203145676313  | 0.0016576707248363116085  | -0.028108005124859784113  |
539   | 0.0092600050959313132126  | 0.0060434641530675821744  | -0.0036813527686872927862 |
540   | 0.0048312856652472481803  | 0.0060415279287111840062  | -0.017526293410984609272  |
541   | 0.0017443449495962029885  | 0.00049176188875560888566 | -0.012579178690059920551  |
542   | 0.0064532699884210838887  | 0.0027245066860255946414  | -0.0077789889537483898618 |
543   | 0.0078892608521448272935  | 0.0061089655262634625504  | -0.0057655150565838969925 |
544   | 0.004526754710739093468   | 0.0035719466283874088362  | -0.021228195654128347025  |
545   | 0.0083440025194792318691  | 0.008561923283209831384   | -0.015547168415389832005  |
546   | 8.9138344435750563885e-05 | 0.0081232577958736083834  | -0.023614313757205480232  |
547   | 0.003093473093121667291   | 0.0035105206209102104466  | -0.0030284572799556745519 |
548   | 0.0040834814313250901441  | 0.003067433243352038659   | -0.023527547733521760043  |
549   | 0.00077746468277713664998 | 0.00859571568120038286    | -0.025351763462237133367  |
550   | 0.003501819582002886188   | 0.0041450157274946081154  | -0.0071445016598144167955 |
551   | 0.0062916319972261391252  | 0.0023919525059133118182  | -0.023222145996034077725  |
552   | 0.0048405624116108708979  | 0.0054860083060933239815  | -0.01208904600260685136   |
553   | 0.0031139564019132706489  | 0.0049567671502908335415  | -0.015866829736163368808  |
554   | 0.0017177257691074556984  | 0.0089207643365343466946  | -0.014910705332705182641  |
555   | 0.0069959168867726245419  | 0.0035345472109093835703  | -0.0033026002402224484238 |
556   | 0.0032469526033249954296  | 0.0078230348830005888572  | -0.0062470508781655486111 |
557   | 0.0055003549480645858721  | 0.0054220707171225733176  | -0.023681858965278929779  |
558   | 0.0027609676751061758455  | 0.0057994831242494165532  | 0.00051263335760519997825 |
559   | 0.0070527342290616903617  | 0.0010744000706669496002  | -0.0010801764411244082348 |
560   | 0.0054841516658256468306  | 0.0036337584156591151534  | -0.020681701719162573494  |
561   | 0.00057089388506273203074 | 0.006154439725854720343   | -0.00014287453712190863772 |
562   | 0.0044931585063847810299  | 0.0070648393301299440561  | -0.0034617006696627703952 |
563   | 0.0070891206688781030487  | 0.0043783574925943579206  | -0.015381499294273955764  |
564   | 0.0047507837751139996366  | 0.007240959612901029345   | -0.021531706169930012185  |
565   | 0.0072047451419468494863  | 0.0049349626449914970466  | -0.027547788916088427474  |
566   | 0.0042086603772126356116  | 0.0089679902545309903711  | -0.023653025181779592512  |
567   | 0.0088386486968123467028  | 0.0009497713950406746217  | -0.0035747242579281779916 |
568   | 0.0070837209887251850055  | 0.0011325870728013933894  | -0.028350378079957876121  |
569   | 0.0048934450662640790325  | 0.0039158896792315283156  | -0.018973139951094876443  |
570   | 0.0062597209061880177208  | 0.0098047579211246876918  | -0.0032992465179164176883 |
571   | 0.0097969070629301997777  | 0.0065151518223024859275  | -0.026355698002987433537  |
572   | 0.0042131749667502502513  | 0.0002653078068582353892  | -0.0049197592761061866365 |
573   | 0.00095490622843520005843 | 0.0069191495266436534722  | -0.0080373956262062961481 |
574   | 0.0066325262293108391137  | 0.0090358977682955220201  | -0.0097163921690857132235 |
575   | 0.0050505629658431569484  | 0.0002956739138351981459  | -0.020842677048285997154  |
576   | 0.0059221275703535882634  | 0.0027044798327816028764  | -0.0071999992713570595479 |
577   | 0.0024744983925946931885  | 0.0079860407779650342125  | -0.024244268217332075321  |
578   | 0.0034885676969174158474  | 0.0074120146818659575494  | -0.010542177472750120099  |
579   | 0.0048726068874671846221  | 0.0004377095667383008675  | -0.01820025882215604851   |
580   | 0.0064327838997158270917  | 0.0024860860458055275383  | -0.016363046796023884843  |
581   | 0.0080543906062806557011  | 0.0069960059495643754993  | -0.0082054269857464116195 |
582   | 0.0041764027972777785849  | 0.0072979824646772850985  | -0.0011413913091292825653 |
583   | 0.0092527058049790885524  | 0.0077056241920131288148  | -0.013788246471610251381  |
584   | 0.0053337788647984732404  | 0.0087250896518240288885  | -0.022927692572645909375  |
585   | 0.0035491209985703984706  | 0.0025344346608746127526  | -0.011867641885578419578  |
586   | 0.0076536413756488870866  | 0.0088982601117639052724  | -0.016865885338781347325  |
587   | 0.001813547636350730562   | 0.0033829122077125611985  | -0.020172191089698216643  |
588   | 0.0082191865005942880973  | 0.004107279949119132384   | -0.020899010796659869132  |
589   | 0.0035031627781618641417  | 0.0070498751519970266621  | -0.013011832741041794853  |
590   | 0.00033591495817733449608 | 0.0092883672326719134843  | -0.010901493289396851916  |
591   | 0.0030160816602924304247  | 0.003374205077574339226   | -0.0070506592712656903851 |
592   | 0.0031036099607325241465  | 0.00072091219742799299286 | -0.024064731727904898478  |
593   | 0.0081472463089099465827  | 0.0081267722542577632699  | -0.019912995491774124202  |
594   | 0.0093543722497340404259  | 0.0072882093628882354402  | -0.0039386963730142022025 |
595   | 0.0024996286529815957105  | 0.0079970118783530014933  | -0.0081917869290284075351 |
596   | 0.0099849766680827952564  | 0.0075554782756876185876  | -0.016729282723428232083  |
597   | 0.0028815228699545247272  | 0.0080206837225690885695  | -0.016961008598772978756  |
598   | 0.0043286745453786738824  | 0.0044769157929901532908  | -0.018318602262004973075  |
599   | 0.00014072348103032699491 | 0.0069707035739987868381  | -0.0039037649357575236568 |
600   | 0.0011775112750264317592  | 0.0014621233216644418957  | -0.020151009461550236507  |
601   | 0.0015833074197364152731  | 0.00095815810029490928318 | -0.021957926355332193363  |
602   | 0.0065852377438329143949  | 0.0062819260499327300024  | -0.016297512324086452229  |
603   | 0.0025147657972430345792  | 0.0024767348878967213911  | -0.017336154871489050516  |
604   | 0.0092662884975871443599  | 0.0077616302057096344877  | -0.024289186933054589257  |
605   | 0.0070332600121559545742  | 0.0075310287865625047399  | -0.019155192237792370569  |
606   | 0.0089176631154885676461  | 0.0024058233073243743584  | -0.023234498974362242929  |
607   | 0.0017469923169708735395  | 0.0007878045965979542202  | -0.026999046977787200668  |
608   | 0.0040338731756768865522  | 0.0069647909172384885046  | -0.005627139636733595289  |
609   | 0.00039055177557303352503 | 0.00013423498151763282459 | -0.012963415188588798058  |
610   | 0.00054359903688492368801 | 0.001997010312720053863   | -0.02784957837809710901   |
611   | 0.0047953644197207536889  | 0.0056910960124357994408  | -0.017657160193989114572  |
612   | 0.0047568164259184425244  | 0.0085663726448860829515  | -0.00072054832270517237165 |
613   | 0.006585406875854727532   | 0.0096876313366189240744  | -0.01998828515321314156   |
614   | 0.0046372079422397835535  | 0.0030444055901741530652  | -0.023725783584605239507  |
615   | 0.0011726143961880216172  | 0.008922219808154951276   | -0.0046076363323253313395 |
616   | 0.0092957557329874599544  | 0.0038647927100466604976  | -0.0028363413109989020142 |
617   | 0.006573586156151498168   | 0.003083736965251391085   | -0.0041530938058892538298 |
618   | 0.0021819762563483335871  | 0.0070233231214105748888  | -0.0094805244754407810848 |
619   | 0.0020961579407943503779  | 0.0085922339761927129381  | -0.0054639673643004016065 |
620   | 0.0077369699466254809178  | 0.0040035883587643704071  | -0.006469340825306693285  |
621   | 0.0044098807634259818561  | 0.0058059908965324147356  | -0.020585990349712507408  |
622   | 0.0019943300132726567327  | 0.0090070315038045627165  | -0.021338885814612792297  |
623   | 0.0031257144489598674697  | 0.0027829265750173625207  | -0.013429073456941529457  |
624   | 0.00014286733094807658713 | 0.0053257971940427941554  | -0.0046642884937142855412 |
625   | 0.00671542548436547624    | 0.0058454408241719289785  | -0.014182595335652385324  |
626   | 0.0016327947027255376115  | 0.00027972113862010684893 | -0.0052173821286022646973 |
627   | 0.0054606442618420321725  | 0.0095065871738681459457  | -0.019851655580007468438  |
628   | 0.0070412829367321738694  | 0.0082375082359353261202  | -0.00021339784829602496713 |
629   | 0.0075353233924660267123  | 0.0067483069084187793582  | -0.016598926686824128779  |
630   | 0.0061319080553008829468  | 0.0094434327321924350224  | -0.012778599164588009748  |
631   | 0.0088833863391264648174  | 0.0051852807858032371607  | -0.014184254162701069937  |
632   | 0.0052935866726345221639  | 0.0069739822775903934776  | -0.022659933980051515795  |
633   | 0.0049391017008183612375  | 0.0018488027560713659724  | -0.011841322266139726188  |
634   | 0.0036399664899306161635  | 0.0038927500971574304812  | -0.0053986552705068899249 |
635   | 0.0015171977220959918017  | 0.0026522617767702847541  | -0.0057050137579466378424 |
636   | 0.00074784190286516518363 | 0.0071396167293058671044  | -0.010260281605913131736  |
637   | 0.0062052809124757916243  | 0.002721794021167468422   | -0.028419346522597602189  |
638   | 9.8783910613456919108e-05 | 0.002545537451988049045   | -0.019964010684972839649  |
639   | 0.0070832060097632673287  | 0.0023055660233626345222  | -0.013867264442517339418  |
640   | 0.0031119116818915824527  | 0.00050059437128371941147 | -0.0078240797629606766844 |
641   | 0.0058610401012933960666  | 0.0079147972116968227235  | -0.0070722872978595313284 |
642   | 0.00091555492042627801066 | 0.0087611212907123398042  | -0.0055869118111629718221 |
643   | 0.0089494074930349665209  | 0.0059870954524227281909  | -0.0019351917989673141345 |
644   | 0.0054207735032613469164  | 0.009321106129413576219   | -0.021857231318246163332  |
645   | 0.0034726841104634350275  | 0.0093699972444332580573  | 0.00067590632538776489885 |
646   | 0.0023007908749292623266  | 0.0018416489980385606327  | -0.0086644346372729968975 |
647   | 0.0049222949241654826574  | 0.0038082039982062811101  | -0.018106737159760806499  |
648   | 0.0040852445387975283228  | 0.0062654112424618702698  | -0.019972274906150840057  |
649   | 0.0043305575837605612272  | 0.0061285515598319536754  | -0.0028391310785900077118 |
650   | 0.0034000745550135601757  | 0.0081502638855589001204  | -0.0058051414520240715925 |
651   | 0.0046661736929408574939  | 0.0065813766451798027049  | -0.0068205000354234499374 |
652   | 0.0026039413377617563056  | 0.0057484183272702550974  | -0.012686892401866975422  |
653   | 0.0064751407968630476583  | 0.004806006730545329779   | -0.0019081002349623620972 |
654   | 0.0056114004570342627606  | 0.0080491403605121181891  | -0.0087448821232232777645 |
655   | 0.0051299905235896179137  | 0.0047722748414840586093  | -0.00080164590679008944103 |
656   | 0.0027975728254583187918  | 0.0028791884864929817231  | -0.00050442683248119127987 |
657   | 0.0081713832413978469693  | 0.0091877509034699739177  | -0.014903479861367096432  |
658   | 0.0056239288550974254194  | 0.0083866700403081185372  | -0.0089327123467444410898 |
659   | 0.0081616050929980872575  | 0.0045151351408161503886  | -0.013526380689742642516  |
660   | 0.0063883482462653105177  | 0.001631614814284659213   | -0.02039112645162078491   |
661   | 0.0010963390441402101443  | 0.0042147302463606071271  | -0.012496003608420375164  |
662   | 0.0043382263269713984555  | 0.0081333546181044207024  | -0.0021352497692852679539 |
663   | 0.0077472258046544012142  | 0.0019602615707585042959  | -0.018618870602163824918  |
664   | 0.0044259114160506230276  | 0.0026586299189608293345  | -0.0084846031721563588968 |
665   | 0.0021976596137036979138  | 0.0057035750130069364644  | -0.0031194160038970678538 |
666   | 0.0062603234109662418694  | 0.00093715954996698332125 | -0.018613929676670720736  |
667   | 0.0084113061309557032169  | 0.0020651823646281029269  | -0.011848545223288568448  |
668   | 0.0055258262550826071219  | 0.0016950218683336895718  | -0.0065143765935017127269 |
669   | 0.009150222212543390396   | 0.0024866096221744793393  | -0.019536884185968439454  |
670   | 0.0020465802915753473004  | 0.0059231263358605215977  | -0.0091157375128052969826 |
671   | 0.0021850483931134105121  | 0.0079376360283086068448  | -0.020219422593226288321  |
672   | 0.0098958248031180088417  | 0.0058404260541284865396  | -0.014447343956144822683  |
673   | 0.0080624506986026311245  | 0.0049202339050757855701  | -0.026783743506316706057  |
674   | 0.0072603660025556196467  | 0.0024494745329242616737  | -0.01338677210665271608   |
675   | 0.0025530000971286134596  | 0.0040306867317146345339  | -0.023550493130689024307  |
676   | 0.0023932486169645520932  | 0.0099227391757616967283  | -0.0035040071418014841383 |
677   | 0.0062499562614966065743  | 0.0027883691723389262933  | -0.017094418681073867555  |
678   | 0.0023993260292916838983  | 0.00290981144653853184    | -0.0026770476898913177916 |
679   | 0.0039103945588757878585  | 0.0074691537078150384288  | -0.0079467887944836904102 |
680   | 0.0015886444066978294438  | 0.0068375028741462784421  | -0.016164966649404987481  |
681   | 0.0040130299584449115324  | 0.0014081127572275432477  | -0.0072471726734830363426 |
682   | 0.0012779691802921175001  | 0.00086567629709523405846 | -0.014388088460315258399  |
683   | 0.0044759787439377042226  | 0.0053668324689389833304  | -0.0047441043705782779891 |
684   | 0.00062515992038068509979 | 0.0019902425891996527486  | -0.020936479886438371517  |
685   | 0.0059485384639503318879  | 0.0017011728799325844062  | -0.024552918687074140602  |
686   | 0.0052893188023521277644  | 0.0037993402748591085724  | -0.021228662331758102466  |
687   | 0.0080050233450143972597  | 0.0048714591916758104989  | -0.010823444054524448965  |
688   | 0.003615455450231364401   | 0.0071824138614989783969  | -0.0080163576809054136463 |
689   | 0.0049475941706888220545  | 0.0066679220910121619545  | -0.0033999436800637278765 |
690   | 0.0062996242639456693363  | 0.0067179550873652888951  | -0.012853128620647696553  |
691   | 0.0077817686608176086377  | 0.0044589738566673305792  | -0.013093584245830703142  |
692   | 0.0070351165022445438096  | 0.0082372256538072053528  | -0.016962787025611672509  |
693   | 0.0075899142914802137858  | 0.0037610049597308213738  | -0.019292422217340364499  |
694   | 0.0077164792717039224282  | 0.0093916226516998473767  | -0.014670249062574613683  |
695   | 0.0047732269877210379769  | 0.0082355031783296166192  | -0.024571659136682588026  |
696   | 0.0020459959089568434919  | 0.0025844305148540044556  | -0.018897170497131063338  |
697   | 0.0063375985895914267385  | 0.004516961482681348776   | -0.019215092495975336778  |
698   | 0.0019120833551675077856  | 0.0088048904975389225003  | -0.018464030340040595707  |
699   | 0.0079718838180383565922  | 0.0010436529703818661716  | -0.01472804393378608287   |
700   | 0.0058486587404595761011  | 0.0019302044933776456304  | -0.0073826886117789817382 |
701   | 0.0050220248689402278638  | 0.0061698568221845006415  | -0.022033480961296269401  |
702   | 0.0053964853940016580328  | 0.0068190083142133008781  | -0.018883384478143104557  |
703   | 0.0040899121922119583902  | 0.0055237204648814850622  | -0.022790319555303285848  |
704   | 0.0028112598538509317794  | 0.0089216636789467736179  | -0.010292437524520237774  |
705   | 0.00256163084242457895    | 0.0091636734627958266186  | -0.0049493922792798721727 |
706   | 0.00094885223777224278734 | 0.0082926319515368319274  | -0.024706497109556115055  |
707   | 0.00154861011062371501    | 0.0082096393381423573427  | -0.025255984442864337636  |
708   | 0.0070664774857674104991  | 0.0044632970600601371697  | -0.0096909946457956110816 |
709   | 0.0046238692397558385158  | 0.0019873334720977063952  | -0.017336751995315882735  |
710   | 0.005786838640045309165   | 0.009183119877407934506   | -0.014613178966979851331  |
711   | 0.00063052786970294364376 | 0.0070977359346355677061  | -0.016909067786198390959  |
712   | 0.0045384310425535083489  | 0.0051453695257470469238  | -0.02476524129283351125   |
713   | 0.00085510133176511942971 | 0.0060282268084747413911  | -0.020910823649547650299  |
714   | 0.0011280623551208723669  | 0.0054222289030481807953  | -0.025350235777178025537  |
715   | 0.0046535795131300451005  | 0.0090822740133578890032  | -0.020962613187773055518  |
716   | 0.00013455823700665172585 | 0.0075419826265274931068  | -0.016394372576475829684  |
717   | 0.0028861736017186862858  | 0.0089462713967250456076  | -0.0087382607002160581772 |
718   | 0.0043899972018216866163  | 0.0069334887987676568563  | -0.014479102037260518226  |
719   | 0.0092714321460122105928  | 0.004196517304700743238   | -0.024388826558652616089  |
720   | 0.0066589241375509915233  | 0.0078668033284936943889  | -0.027938785879798644363  |
721   | 0.0069365360643521816603  | 0.0048804285555216989773  | -0.015310236851935544317  |
722   | 0.0021331489038823735378  | 0.0067121237028597898616  | -0.0066856936416677184565 |
723   | 0.004221648000732314103   | 0.0049131586373930167741  | -0.010321130155805855605  |
724   | 0.0073240137223316197426  | 0.005440191836796262094   | -0.015774853996538586165  |
725   | 0.0087779413397419663728  | 0.0063609666053544141814  | -0.011437618453120133519  |
726   | 0.0030661334377754660176  | 0.0071147642904088263111  | -0.011537438083784578788  |
727   | 0.0033345902485525870558  | 0.003028440732594893034   | -0.010363894992018831895  |
728   | 0.0049568777126406610503  | 0.00058924911458542168601 | -0.0034816929913202548236 |
729   | 0.0099320362104597624542  | 0.0062983366274872425866  | -0.016310619653577541205  |
730   | 0.008464689159344446559   | 0.0028529993723192684577  | -0.0039124148020033442871 |
731   | 0.0058312345675008044055  | 0.0018460926288602632576  | -0.013641766776496581925  |
732   | 0.0043316673502934565504  | 0.0098748961188821447743  | -0.027986933138488562928  |
733   | 0.008051309156846910009   | 0.0084451726477982498598  | -0.0150960243275375227    |
734   | 0.0050939581811700286249  | 0.0043958715524608409433  | -0.015815384384845330989  |
735   | 0.0045848071097079768493  | 0.00031502346143368970205 | -0.0069978048275894464553 |
736   | 0.0093330718777616880621  | 0.00029296387964786944468 | -0.0017452322876165217349 |
737   | 0.0061314015026156260674  | 0.0080163674207721549031  | -0.011046449827117452505  |
738   | 0.0022997838741130312117  | 0.0072901144777275253897  | -0.019573435081883250319  |
739   | 0.0071369394609233265461  | 0.00080669360889703699453 | -0.02624308434784203628   |
740   | 0.0066043883860368787775  | 0.0033582627610396092489  | -0.022279793735798376214  |
741   | 0.0017505205655622981496  | 0.0068727689649842682931  | -0.0035980041258175123574 |
742   | 0.00082217436257999625213 | 0.0046454209148923293615  | -0.0025341550261727572788 |
743   | 0.0035961328459607881138  | 0.0047254921369578586562  | -0.024876764297301946077  |
744   | 0.0089228274244788404607  | 0.0049898724026079029764  | -0.01604665325266564635   |
745   | 0.0016707065148531357029  | 0.0064529461020635964924  | -0.017934164447862790959  |
746   | 0.0068307567754678907498  | 0.0036412187408510965012  | -0.0046552135500588301409 |
747   | 0.0045999718822195279078  | 0.00058593241799666934133 | -0.010764641126831070092  |
748   | 0.0086058173235174766774  | 0.0031796783279665883672  | -0.017279373360901090911  |
749   | 0.0099648834798314721989  | 0.0041460159737859931042  | -0.020040210189753489972  |
750   | 0.0080691598563990031556  | 0.0019165263155467547346  | -0.0056094520892303254    |
751   | 0.0045205183916907556302  | 0.0067691124103137689447  | 0.00081662119680187504871 |
752   | 0.0020372298704022539541  | 0.0087027681321282662763  | -0.014869953105904432783  |
753   | 0.0073628064919527818483  | 0.0089722801353728717788  | -0.0065815546054426776398 |
754   | 0.0059960160537726320262  | 0.0080433763527859442055  | -0.0078540515120135191707 |
755   | 0.0013818433734463823285  | 0.0081151873049306894742  | -0.0113063896798145571    |
756   | 0.0084813189004472235716  | 0.0091162976449966539455  | -0.0085180731912629925606 |
757   | 0.0063807123858573367228  | 0.0044039790204245723299  | -0.018089644290707494745  |
758   | 0.0030982138135859744674  | 0.0023357999080342440983  | -0.018239322585441877789  |
759   | 0.0042243479894781650261  | 0.0099652368268251106942  | -0.011152315813403113412  |
760   | 0.0015385219534022993252  | 0.0096060372232990645647  | -0.013249559385492043831  |
761   | 0.0033675296231461667937  | 0.0088317421444573922934  | -0.020442773721145900828  |
762   | 0.0079181491697227577437  | 0.0037717788552091538641  | -0.013293960851127963746  |
763   | 0.008151894743854795275   | 0.0040033338091754805052  | -0.012919692674984587302  |
764   | 0.0065222112822232083257  | 0.0050518080564305187577  | -0.01541336415507164187   |
765   | 0.001982140716407503056   | 0.0050172820606050041667  | -0.010487975311196010009  |
766   | 0.0077195390380604923461  | 0.0068518028069670987648  | -0.025558287385025132282  |
767   | 0.0052880785191788421545  | 0.0020703791553921633423  | -0.017331149804949798343  |
768   | 0.0036011190217943053575  | 0.00052168262835286646675 | -0.019505102104670324348  |
769   | 0.0014574794794810026679  | 0.0056380436407551318134  | -0.010543286553350782533  |
770   | 0.0010454805151896807373  | 0.0089050798136782027131  | -0.0045951788338315820159 |
771   | 0.0071733238703650201856  | 0.0062349660192482720192  | -0.0074973501813663688195 |
772   | 0.0029452975032387613587  | 0.0094747070158332623996  | -0.025726358515195814347  |
773   | 0.00052048787351399120743 | 0.0018966001563807876815  | -0.0070170561383652669749 |
774   | 0.007625504987245180534   | 0.008893749296124199219   | -0.018364276476881460226  |
775   | 0.0085129492812060659351  | 0.0041017839973442873566  | -0.014621804176580323678  |
776   | 0.0032473644548442711678  | 0.0056508864217707094335  | -0.01957144718038748149   |
777   | 0.0086339505551988500465  | 0.0051964307288150475214  | -0.0045866268514278604046 |
778   | 0.0019714018188323446067  | 0.0001048986984891152861  | -0.0027630556689762471659 |
779   | 0.004913145878813002243   | 0.0043318795533346015139  | -0.0067892776954811360351 |
780   | 0.0077677179834620656285  | 0.0061881930059107803643  | -0.019759813615263299713  |
781   | 0.0020910577082074214249  | 0.003331937893088117008   | -0.0046550011035124414308 |
782   | 0.0016948220135960933436  | 0.0032302234260661137621  | -0.02292302691876978854   |
783   | 0.0029907992102886338769  | 0.0056003103770135799142  | -0.0045993085445629345448 |
784   | 0.0082712813641919128577  | 0.0037329592635630130977  | -0.019051277644415515883  |
785   | 0.0014402565782853044094  | 0.00060416257849772963921 | -0.015973955628090168168  |
786   | 0.0041123952374977103263  | 0.0064959462779069238741  | -0.010625121917298634144  |
787   | 0.0026343636077585191012  | 0.0011304196142542682381  | -0.0019431787693541587719 |
788   | 0.00083599325497526067591 | 0.0060861307288276470309  | -0.019438004058594481743  |
789   | 0.0053320213482670767921  | 0.0052599063085148065402  | -0.022497359574381821379  |
790   | 0.0049145742461339791962  | 0.0042218295059126172142  | -0.015064716468940513722  |
791   | 0.0012718788499369809795  | 0.0091016492519220924123  | -0.023038380836330279999  |
792   | 0.0032649939033265323873  | 0.002270718160156393918   | -0.0073199249704473615813 |
793   | 0.0061908664873435506615  | 0.0015687129588314704855  | -0.0032315361763126117765 |
794   | 0.009408524491767928169   | 0.0061213943613784571607  | -0.028389986625446426288  |
795   | 0.0041761769840771264042  | 0.0070138329012412511249  | -0.016172108506314342158  |
796   | 0.0046654218781059042867  | 0.0067280911956791667264  | -0.0045683915832963762488 |
797   | 0.0019567085882893943405  | 0.0066766137815983186976  | -0.015875037507302229567  |
798   | 0.0029592251771371285395  | 0.00053736365991872308591 | -0.002633931888240924335  |
799   | 0.0069992003381768169712  | 0.0023993370350423497486  | -0.023518217384275487414  |
800   | 0.0070051078108745098993  | 0.0080238740619988334346  | -0.012107697189068329299  |
801   | 2.7368917057341851656e-05 | 0.0020398957448175157256  | -0.0042789898968787825825 |
802   | 0.0031173636205914156613  | 0.009541528110550357572   | -0.01198943827832764028   |
803   | 0.0079289912544081592866  | 0.0083670069062445808633  | -0.0072528774960472349939 |
804   | 0.0008983830754271321991  | 0.0039809318654650096073  | -0.023168676021393875414  |
805   | 0.0028587566687671376459  | 0.0040460856461141331622  | -0.013196991917586642015  |
806   | 0.0024029718011963820817  | 0.0039112540097119797775  | -0.0050072047615349127292 |
807   | 0.0019462086981415758526  | 0.0082062376277556529219  | -0.0031997797069063219251 |
808   | 8.3324658560007583397e-05 | 0.00218111692412688166    | -0.023938940338010389342  |
809   | 0.0031104419580060384612  | 0.0041791854214160055817  | -0.016926342546748303353  |
810   | 0.0070312041151458625626  | 0.0035127744373482385452  | -0.0034487461632746936081 |
811   | 0.0075209096300717275321  | 0.002709386091569664437   | -0.027311839059885999886  |
812   | 0.0083819869284596625753  | 0.0049581655585159518582  | -0.021700989015335746951  |
813   | 0.0062660726266151357822  | 0.0046650685666869877791  | -0.0075254538844648308921 |
814   | 0.0045163291373361905134  | 0.0075113230171550277037  | -0.019466738990529929704  |
815   | 0.0041965708766447222533  | 0.0036000397798221506207  | -0.018756111145009413121  |
816   | 0.0032335697506588466539  | 0.0041112469961489773659  | -0.018809825740748419703  |
817   | 0.0090584788658365916758  | 0.0015003201947617040256  | -0.0051191442771553975419 |
818   | 0.0076690085297270761677  | 0.0053281516186125810197  | -0.0056469346111907813002 |
819   | 0.0033600112695697176637  | 0.0059325106089517295332  | -0.0098797829877891457651 |
820   | 8.2061394961195475604e-05 | 0.0015373376211058721943  | -0.012073234456016572122  |
821   | 0.0066291177008617795455  | 0.0095525903620591445103  | -0.0066364343632164578615 |
822   | 0.002337311208046024321   | 0.0066571235961667002412  | -0.01052150195823770007   |
823   | 0.0032866349493233296651  | 0.0026116414906950245929  | -0.026118072852927824712  |
824   | 0.0058928296786033831575  | 0.0016940220187640672288  | -0.016117288744966477843  |
825   | 0.0064562303813653944273  | 0.005631121789857337738   | -0.019635861611696201617  |
826   | 0.00768960026343336496    | 0.0068950298454176148222  | -0.0188702099490230292    |
827   | 0.009026197088287155057   | 0.0073759654436731476521  | -0.0025923838906835357937 |
828   | 0.00012993286473563940607 | 0.0050284157289101887728  | -0.018835552063776420106  |
829   | 0.0012320272098940731643  | 0.0073553286258344497545  | -0.0083996566358006188868 |
830   | 0.0028048804128247809171  | 0.0039328727612649768547  | -0.0032976012791880908795 |
831   | 0.0039123099131798799027  | 0.0076135854277545296845  | -0.0015028709294744020761 |
832   | 0.0054643105248750939093  | 0.0023280320612233122886  | -0.01010679150394082175   |
833   | 0.0090491759254886453695  | 0.0048378162108798986041  | -0.006762355644095720611  |
834   | 0.0047320540687665587146  | 0.0079101937918183515969  | -0.023539828567176200591  |
835   | 0.0075047191198255982017  | 0.0094527070189259643912  | -0.017739238974270377103  |
836   | 0.0098713913926252571523  | 0.0011050473064604399848  | -0.010061259924408587352  |
837   | 0.0081058543812866316186  | 0.0026883269059279845357  | -0.0085132009351891035215 |
838   | 0.0066009023283975657229  | 0.001347431110123389203   | -0.021502812967209281036  |
839   | 0.0067420419624245296608  | 0.0026978717053782433517  | -0.0031641797284995150895 |
840   | 0.0092256300042032907821  | 0.00052406371152753173162 | -0.0089456369676141327812 |
841   | 0.0064151547635371728925  | 0.0011601374985074613261  | 0.00043855511237491306368 |
842   | 0.0028839776547209265874  | 0.0065604209100940946708  | -0.0032086099065013118023 |
843   | 0.0065872695728649531544  | 0.0073674046918559103758  | -0.018511177931864578744  |
844   | 0.0038336207047543198294  | 0.0012356483994865664379  | -0.013697828344153843011  |
845   | 0.0096433605288930371313  | 0.0024922293565289022066  | -0.00051614888567544261848 |
846   | 0.0086318091855174649413  | 0.0022846805503695566571  | -0.0073847318999287984292 |
847   | 0.0092632293275295533863  | 0.0074855679052238163068  | -0.010303670958037181721  |
848   | 0.0043694231856322854682  | 0.001528257219093890262   | -0.001054176574251008058  |
849   | 0.006291390868417663304   | 0.0051462215495722118258  | -0.0005513488799273978799 |
850   | 0.0040823141119101869281  | 0.0035695553095603047705  | -0.012066878786414639638  |
851   | 0.0050225494327325705471  | 0.0067499698491128067371  | -0.023448668026547929422  |
852   | 0.0051490162823141444673  | 0.0088425918070421990341  | -0.015253235840836397441  |
853   | 0.0092846711617116783194  | 0.003160837911764610101   | -0.016773708483303357425  |
854   | 0.0079826608345292988933  | 0.0093086455435716364271  | -0.0070409073613603347791 |
855   | 0.00016280521320956431301 | 0.0037296774867508777039  | -0.0022411103189976448562 |
856   | 0.0098438511363038543045  | 0.0031436893273319010261  | -0.0052857523848908252728 |
857   | 0.0081998387640428299639  | 0.0076440208307034795965  | -0.018941014554066045589  |
858   | 0.005476809990117201786   | 0.0030602893522637584188  | -0.0082823143196264110977 |
859   | 0.0020324269948058110158  | 0.0053659179663958622014  | -0.015092739623619354922  |
860   | 0.0077245986787100630322  | 0.00075817961387678945492 | -0.0078922545563999552121 |
861   | 0.0011469964562530882146  | 0.002408008676137815985   | -0.016808427592523135508  |
862   | 0.008833856462747159341   | 0.00067679630366949928514 | -0.024576463910485971121  |
863   | 0.001161340230532885388   | 0.0073052422461239606075  | -0.0042832689116054445747 |
864   | 0.003868829318510554581   | 0.0045059004282259201846  | -0.011004642868515971191  |
865   | 0.0057597226866106078849  | 0.00425259269679816726    | -0.0037950954447519245905 |
866   | 0.005338214241299730177   | 0.009673178846437207809   | -0.010325892423401655459  |
867   | 0.004996880985581633218   | 0.0057894073084730100429  | -0.021597817240554519069  |
868   | 0.0069094887053529861765  | 0.0078567233717892846073  | -0.010009639022905456041  |
869   | 0.0037035813913827500543  | 0.0049511597888968836984  | -0.020470609078864738378  |
870   | 0.00018554610481595336336 | 0.0037566688607953255437  | 8.7456174421794523593e-05 |
871   | 0.0081251504805319001157  | 0.0017730253650640693738  | -0.025310498905625391369  |
872   | 0.0039754719746531320262  | 0.0022533645955163375194  | -0.025954317646130518199  |
873   | 0.0077405492376673564955  | 0.0034386334708507212271  | -0.024430834024808650157  |
874   | 0.0058197636101372379747  | 0.0014196392840017059336  | -0.0017229499841625009384 |
875   | 0.0064632582845767505564  | 0.0064227541787534817713  | -0.015715274582515360163  |
876   | 0.0045075395750683337412  | 0.0015839824938853478212  | -0.007088354761700634693  |
877   | 0.0011390451265707124493  | 0.0053081885893234946605  | -0.010447301172935033464  |
878   | 0.00041866669906051340744 | 0.003439090992007311047   | -0.028011740896354161284  |
879   | 0.0056054459650118140801  | 0.0080493628236505531531  | -0.01001431722799685925   |
880   | 0.0061571169973410801862  | 0.0055762367521456183972  | -0.0082902632565420662086 |
881   | 0.0043111508273388056758  | 0.0045000571073240801939  | -0.014655224273102767513  |
882   | 0.0054926212892570441468  | 0.0059379684009049213053  | -0.01661927556339153414   |
883   | 0.0074706609615505332675  | 0.0054421185082459419893  | -0.0073718845533515785229 |
884   | 0.008150342909771783606   | 0.0093238810215102857493  | -0.023548211879850754202  |
885   | 0.0095382436058736776857  | 0.0014660927644452562309  | -0.01369120597789017825   |
886   | 0.0044307761788019081606  | 0.0050871728935980497707  | -0.0077907520945044135899 |
887   | 0.0024825835858158168748  | 0.001668030461071943896   | -0.025038812426577679998  |
888   | 0.0078155921785724325607  | 0.003086125765258743419   | -0.016843777586201359037  |
889   | 0.0036836966323065991995  | 0.0096509259979794780049  | -0.021630571717334574899  |
890   | 0.0054585529543500349581  | 0.0070745943417021136743  | -0.027079563610849431005  |
891   | 0.0039235981178715913231  | 0.0063618738198184471636  | -0.0040506858190375643822 |
892   | 0.0057645107402139522321  | 0.0090897489889869270002  | -0.011055850140019233066  |
893   | 0.006247397762271148132   | 0.0048612944105785663163  | -0.010530275662067314565  |
894   | 0.0066008506914800035847  | 0.0048249878675317367516  | -0.0014240373658133461537 |
895   | 0.0045477150678429828848  | 0.0075589950037923715753  | -0.012284935448208043896  |
896   | 0.0021724964096887806192  | 0.001485637266893143375   | -0.024922321766689861655  |
897   | 0.0090663021823206100397  | 0.00036140038734067743854 | -0.018174016253729132625  |
898   | 0.0023564870306635333358  | 0.0042441335478864443062  | -0.027042640493970294957  |
899   | 0.0019181345274222611885  | 0.0040610760779063240222  | -0.01754405636066991292   |
900   | 0.0051597158553495902494  | 0.0084272764984574081992  | -0.02125878043353708613   |
901   | 0.0051095881499155408959  | 0.0071971095910594185679  | -0.021639527534985554535  |
902   | 0.0052387861287905308078  | 0.0010187257665954731374  | -0.0097416512159939593063 |
903   | 0.0061741328880296729442  | 0.0070162309130738474694  | -0.0088307890913239834446 |
904   | 0.0038015438543100507629  | 0.0093372081627651308533  | -0.024715481391901938935  |
905   | 0.0072786632541043472591  | 0.0065871057416101485085  | -0.01668289537632204611   |
906   | 0.007957865631123195102   | 0.0039619841358073297835  | -0.024584286497614463857  |
907   | 0.0036800586784702517089  | 0.0085908225034721005103  | -0.0011056589005966018825 |
908   | 0.0032351384348792075474  | 0.0047867998288777377155  | 0.00081120765474558651116 |
909   | 0.0065525682155286157221  | 0.0030307965059152633391  | -0.00073526125132497067473 |
910   | 0.0031985155141277133578  | 0.0067922664814047952961  | -0.0094780638939281850602 |
911   | 0.009717141610696153689   | 0.0084185830533526472691  | -0.0037303843826580382857 |
912   | 0.0088454641536638272531  | 0.0043979130617687600679  | -0.0018289651938240495798 |
913   | 0.0060129963622164968665  | 0.0050375667120356520598  | -8.0490312958374286671e-05 |
914   | 0.0027518331640201624394  | 0.0041372600001325027588  | -0.013336606505996884131  |
915   | 0.004342781533224063413   | 0.0033859372536631602429  | -0.022568711435306743757  |
916   | 0.00047255039627676934067 | 0.0035287645954330303447  | -0.027519002456947799784  |
917   | 0.0029566214448488608614  | 0.00049053864316213281662 | -0.023246136845449974495  |
918   | 0.0027188590041863458339  | 0.003355214483491893683   | -0.00323953352304742195   |
919   | 0.0020419978799480621549  | 0.0071559880728601209937  | -0.027868800979163051851  |
920   | 0.008533911766928354084   | 0.0092393168619043647416  | -0.0095342749801739963555 |
921   | 0.0033304838044780830757  | 0.0037376104595338299763  | -0.0033802112617174603568 |
922   | 0.005798202061093763425   | 0.002955105117336733183   | -0.0096569133921176070895 |
923   | 0.0056486904502625612245  | 0.0077448527160724001464  | -0.0089257721117634667568 |
924   | 0.00077035395569074007534 | 0.0075690498030314976377  | -0.010411854025656645112  |
925   | 0.0038230190083778309643  | 0.003885455440217712008   | -0.025452423912668751399  |
926   | 0.0064692559798775282204  | 0.0011848999829648960026  | -0.028226826783569167884  |
927   | 0.0014122581203954175967  | 0.0067421726709549481202  | -0.0099030185550604676176 |
928   | 0.0041400611733268992756  | 0.0092104261530096265265  | -0.011856694084070050488  |
929   | 0.0074110316143801893002  | 0.0066544948301610106281  | 0.00076417999428962570668 |
930   | 0.006264439017524030956   | 0.0041264451356422459857  | -0.0068388110051811638532 |
931   | 0.0048803061975833689906  | 0.0018285595888669543309  | -0.024106364057458990607  |
932   | 0.0085489885800107013464  | 0.0053521240032461366368  | -0.0055969318439344790256 |
933   | 0.00056293662126049551393 | 0.0041944237789954593593  | -0.0062623840359932458899 |
934   | 0.0032955184863821987244  | 0.0073194624332874715436  | -0.01759585692874274937   |
935   | 0.0025277898268756286357  | 0.0072090764931118014175  | -0.022404183161338891289  |
936   | 0.0029445439603591415899  | 0.0024824659899456251455  | -0.024770147287121430102  |
937   | 0.0030781472734621147594  | 0.006234819153415247471   | -0.024445731095004866879  |
938   | 0.006200152511645338517   | 0.0026412348741835884811  | -0.020350437404909764438  |
939   | 0.0053189001190981910483  | 0.0036763518698094180791  | -0.0038174372945496649542 |
940   | 8.3002920212586268249e-05 | 0.00022546905457302367747 | -0.025091319488117026781  |
941   | 0.00070516027234053730612 | 0.0038655068993798231101  | -0.00054752555233160925523 |
942   | 0.0017843572566393949355  | 0.0033549004846321855804  | -0.013126839103641952181  |
943   | 0.0061394232957002557033  | 0.0082768117508755893741  | -0.0021882709412876671408 |
944   | 0.0092384612710243972644  | 0.0072795198345254885641  | -0.022781757726490159399  |
945   | 0.00092462750309788629011 | 0.0070814869551625763203  | -0.0087250631560426700206 |
946   | 0.0074670432956229900942  | 0.0046689993392847956369  | -0.027220794523552572369  |
947   | 0.0083719932022626817464  | 0.007488410232990017068   | -0.0045618944771605527549 |
948   | 0.0080826071831373528381  | 0.0066570430469915873456  | -0.023163735095774865003  |
949   | 0.0061346255722095413554  | 0.00061684930024357028343 | -0.022146369504672826917  |
950   | 0.0056620146439020245174  | 0.0085780472261699648034  | -0.017107238885462679179  |
951   | 0.0038998405637099592576  | 0.0057836306925563582895  | -0.0054204585927916243415 |
952   | 0.00024377570272991806884 | 0.0067499583318346018102  | -0.022227709621602972229  |
953   | 0.0078078274246195207911  | 0.0064516709790684847667  | -0.027728553693323717416  |
954   | 0.0027180452426674647781  | 0.0016061761601448190217  | -0.011185279734443514046  |
955   | 0.0034943232102518802761  | 0.00034874495568214649091 | -0.0097186285157191409922 |
956   | 0.0062468821580434607393  | 0.0031407609154995666002  | -0.014481203622868506556  |
957   | 0.0070603732535036815843  | 0.0054086074474968522455  | -0.018341167835418191456  |
958   | 0.0063965361959672870779  | 0.0087886883591757457984  | -0.013972914882093552189  |
959   | 0.0020299875976730456274  | 0.0097132467048104513541  | -0.013969929386810733471  |
960   | 0.0035664522523119958526  | 0.0047767917093379961765  | -0.0079027397458830452026 |
961   | 0.003283990558719694728   | 0.0074352718940156959163  | -0.022350518955758895412  |
962   | 0.0071468342736540815124  | 0.0042494879881633963042  | -0.013427766344188707751  |
963   | 0.0061441075019845912616  | 3.9523321909004844633e-05 | -0.020994785485393119978  |
964   | 0.0040628521931406732029  | 0.0066333683129273252749  | -0.012183477566886005     |
965   | 0.00038289148488746850563 | 0.009023347058353430733   | -0.025558381152269115527  |
966   | 0.0074623910037026029707  | 0.0099923894793588277641  | -0.0099813880873440424812 |
967   | 0.0030629693868885472623  | 0.0054908272687652611224  | -0.020110198958640697342  |
968   | 0.0047340010625670494657  | 0.0017087233193127263162  | -0.0021859453018242005172 |
969   | 0.0063444624650259434651  | 0.0016772927597555036677  | -0.026883473719347510122  |
970   | 0.0031433607827257262386  | 0.0031984784185985918117  | -0.011543017216976501904  |
971   | 0.0088172699844342380948  | 0.0071280085977660171542  | -0.019949282351414559383  |
972   | 0.0071826025621649523464  | 0.0072145669194378005823  | -0.017409378380033695144  |
973   | 0.0055261255815627569402  | 7.6512231023125788928e-05 | -0.012998590994160627923  |
974   | 0.0069533453087504970558  | 0.0025532755567599114271  | -0.025036895733162423117  |
975   | 0.0011998691120196291419  | 0.0034401769847901171595  | -0.011708222449776196222  |
976   | 0.0021498975542388670465  | 0.0074336345806695512325  | -0.00045290248535310968043 |
977   | 0.0066015021077060398111  | 0.0084774366643352166983  | -0.007233923224889035955  |
978   | 0.0063970582976226623637  | 0.0049302616798018086136  | -0.01489261562344207715   |
979   | 0.0083732515823319846743  | 0.0014036730366906128176  | -0.027713998092329671791  |
980   | 0.0042707072559217658728  | 0.0063967861675130795879  | -0.021097475756392574525  |
981   | 0.009498110705694565864   | 0.0016809342934952129726  | -0.023120571062436381937  |
982   | 0.00045572611790634673466 | 0.0068218787963688935425  | -0.007511500439414362483  |
983   | 0.0046868674714068865594  | 0.0070852725528447735304  | -0.020159240530446945194  |
984   | 0.0042049116806743688443  | 0.0059134451787121091598  | -0.021558800296846401118  |
985   | 0.0097189440638661261235  | 0.0015166662257029362229  | -0.022004223444264583293  |
986   | 0.0012438025281310289422  | 0.0057243001419986965297  | -0.02809639266445355249   |
987   | 0.0066585011756923303053  | 0.0059973005236436697715  | -0.020661548264174968426  |
988   | 0.0038722706923138942858  | 0.0091592691396203528703  | -0.0042821714166307320651 |
989   | 0.0017861835315361391033  | 0.0025630257390674955967  | -0.024040568304812555411  |
990   | 0.0051205041809463287816  | 0.0042478772199662957754  | -0.016326339114438277039  |
991   | 0.0008161686296555902909  | 0.00996386840687847955    | -0.025837540519863113481  |
992   | 0.002220856067770905426   | 0.0098388265097816788446  | -0.00052817918595928999882 |
993   | 0.0016315457676931615152  | 0.0012884423835150557534  | -0.0020109061586557706175 |
994   | 0.0087260290792053937098  | 0.00467896396948404205    | -0.0099284542273994809414 |
995   | 0.00038166311044563291282 | 0.00094398148521153456628 | -0.017565364315151564545  |
996   | 0.0078119209016881069677  | 0.0099641230600503137571  | -0.018285478717004158278  |
997   | 0.0057072867563795941573  | 0.0091455022154103421395  | -0.0018414014174462987709 |
998   | 0.0084184029676056398861  | 0.0035877563306260687286  | -0.013572215602334593981  |
999   | 0.0034482634012039433541  | 0.0024960257731463614088  | -0.0050285482122258530827 |
