N			X			Y			Z
0     | 0.0057483003052277619263  | 0.0097596622324387736352  | -0.012018693953757335693  |
1     | 0.004801840214914424726   | 0.00906477081449381418    | -0.0082176144677149395162 |
2     | 0.0030378263313327671935  | 0.0067409256951625777174  | -0.021684930337342169654  |
3     | 0.0037021489511939445136  | 0.00099509201654560119898 | -0.025827451650668326044  |
4     | 0.004743786669132004849   | 0.0014782909600043990517  | 0.00086121700747826459427 |
5     | 0.006600079024780499716   | 0.0010353513513566851758  | -0.010323043634737879073  |
6     | 0.003221596019812067533   | 0.0079529611376377377235  | -0.031834674994072137411  |
7     | 0.0059512670028571039785  | 0.0015825729850354635416  | -0.036267592362472490797  |
8     | 0.00084695377272361622046 | 0.0071705861921818924223  | -0.011344883856524828544  |
9     | 0.0035612283982596041644  | 0.00072684489224682929942 | -0.023839341820819228562  |
10    | 0.0077828678185280402227  | 0.0030227893120051822252  | -0.0061164151840030047194 |
11    | 0.0044814822405009864872  | 0.0082115527539018615122  | -0.021830148589202274384  |
12    | 0.0030892122855556260544  | 0.0036944289063853244688  | -0.037121776704225825649  |
13    | 0.0086252030768804877764  | 0.0069982887971395922599  | -0.021485353958459983692  |
14    | 0.0058616784394934229319  | 0.0094037073349306100206  | -0.0086519990817338007782 |
15    | 0.0039874647472968195033  | 0.0064752447221902665817  | -0.019194022706250514487  |
16    | 0.0032533146383894131527  | 0.0084108836675735564048  | -0.0091383622378820653087 |
17    | 0.0014747305081671262684  | 0.008898575632163745544   | -0.026382963672905410807  |
18    | 0.0046029916286899332997  | 0.0097763864372398066177  | -0.027932468733984455039  |
19    | 0.0065103338419766317371  | 0.0007843805910666081958  | -0.024320557050409218058  |
20    | 0.0041808936213417408415  | 0.003202987253863911251   | -0.028448898275380083561  |
21    | 0.0084500369934055012677  | 0.004798603077815730665   | -0.017519563049646823261  |
22    | 0.0062222951081709913443  | 0.0018338018394275634043  | -0.01291820026935979783   |
23    | 0.0059785279639292072604  | 0.0065586305969286768161  | -0.027702414686914266645  |
24    | 0.0079325040880060902065  | 0.00077168341669320598616 | -0.003485816442188813865  |
25    | 0.0076199309277618625796  | 0.0018198986460441516841  | -0.0052141986349632726827 |
26    | 0.0029286892253391478939  | 0.0091598365708136526148  | -0.016047141283942755602  |
27    | 0.0029313482706501583878  | 0.0046476686658504517968  | -0.026683844509044957194  |
28    | 0.0052726538657553532335  | 0.0073051515874721683133  | -0.033757666000015951191  |
29    | 0.0044145476983825917769  | 0.0032622118494685901913  | -0.029186542959240748679  |
30    | 0.0054044803737567474744  | 0.0019541661780236043409  | -0.028236639281290540349  |
31    | 0.004078308336553500453   | 0.0024375893072524257472  | -0.027427491891147452729  |
32    | 0.0027914406072493151353  | 0.0054776192725306963385  | -0.018711273922947576492  |
33    | 0.0019562900039512319886  | 0.0091473806517806555832  | -0.0072793125826639149684 |
34    | 0.003624066246788054408   | 0.0081307509828060595819  | -0.00562334440469537504   |
35    | 0.00095124867824445053562 | 0.0055680274243910254928  | -0.030662842866947221526  |
36    | 0.0093562327941159803557  | 0.0096953169481945461472  | -0.026667323957596369977  |
37    | 0.00017343290387971112515 | 0.0054852831215157918723  | -0.032490134709553711301  |
38    | 0.0060636976548035593018  | 0.0067857195737234853386  | -0.026725474873860056296  |
39    | 0.00074650349338447718594 | 0.003196813782209164366   | -0.032642698333240884045  |
40    | 0.0060303397922018111069  | 0.0032591031854886801447  | -0.031350649770624808288  |
41    | 0.0077272826468360632582  | 0.0044140942851851761725  | -0.02204259118016789476   |
42    | 0.0066926714083194536326  | 0.009325646490135357583   | -0.0081414859995184944014 |
43    | 0.00054081238640122069727 | 0.0030101339538978694535  | -0.010100119589244239623  |
44    | 0.0023552114845554988735  | 0.0065936398214137782389  | -0.0091246389964459839045 |
45    | 0.00061050840939892432428 | 0.0026438136279631403204  | -0.025404505521236239035  |
46    | 0.0035430874727543381665  | 0.0016465397973052888804  | -0.014214899795674295138  |
47    | 0.0033859840984363353406  | 0.0031808001221785525518  | -0.013084113281275400187  |
48    | 0.0049178629182707123482  | 0.0079059879643976621599  | -0.0052809977200803754835 |
49    | 0.0036129953820414587203  | 0.006042189943125358953   | -0.025532768013899712067  |
50    | 0.004498066812790603268   | 0.0069789082912842161782  | -0.03154369272641314309   |
51    | 0.00076495819640512343739 | 0.0065808808105993592263  | -0.020246080924534837209  |
52    | 0.003620104738858927456   | 0.0053357905900843702329  | -0.017095671125034989091  |
53    | 0.0088747575300814306176  | 0.0081275257412842319416  | -0.02719144925394691506   |
54    | 0.0016300269864437844265  | 0.0057707023685704206609  | -0.014876129883706930637  |
55    | 0.0054016184016293126643  | 0.0089011053771449258343  | -0.010712203051449658772  |
56    | 0.0087107702088407273217  | 0.0037915763475098326028  | -0.024147255772189634565  |
57    | 0.0029628660583044101086  | 0.0084380578929688556528  | -0.0073595667039063330725 |
58    | 0.001890276447045663704   | 0.0093500464225517825045  | -0.0225703781842556718    |
59    | 0.005360623112987790255   | 0.0076781091874254265434  | -0.033179325647260997367  |
60    | 0.0052549168638193703013  | 0.00012072260774199259574 | -0.027932085919816444092  |
61    | 0.0076425941099726698094  | 0.0062164520049563546863  | 0.00017870696915551933896 |
62    | 0.006966168965213829882   | 0.0071901284958731251709  | -0.025932642599944977918  |
63    | 0.008294387499391049634   | 0.0099300277543260921653  | -0.0029284378982288540236 |
64    | 0.0071177002498040457465  | 0.0073038163256240844212  | -0.013894719496136747824  |
65    | 0.0065111541550916807175  | 0.0085354623159271478944  | -0.025973730569742951163  |
66    | 0.0019501050211298645055  | 0.0064613590759312325082  | -0.034996874712783926364  |
67    | 0.0057560173880915272218  | 0.0027907213280518785442  | -0.01887434616787533187   |
68    | 0.0017653523928695042701  | 0.0075105414922059677424  | -0.0094387262182051186177 |
69    | 0.001345349806594636809   | 0.0059220214155609948725  | -0.019955654029193876237  |
70    | 0.0088374959075039651035  | 0.0051195216811397263601  | -0.0080335526707587742723 |
71    | 0.0090512505205506358502  | 0.0075025624790799848307  | -0.031978061351226036435  |
72    | 0.0067982202135947146157  | 0.0082540654684911899525  | -0.011991507629332051957  |
73    | 0.0021747902090601353188  | 0.0035437756185446697872  | -0.029005111946786604066  |
74    | 0.0041284333870877454667  | 0.0066052464002351448866  | -0.014780846994269500327  |
75    | 0.0073039788300161391857  | 0.00053017618673041090605 | -0.034525921465554006151  |
76    | 0.0060232424925494567822  | 0.0015924479951185943876  | -0.0098810554427225250063 |
77    | 0.0044666437918652055275  | 0.0047466899680219951443  | -0.0034376666648153727038 |
78    | 0.0054758085919993518612  | 0.0044543288966451006355  | -0.013502271331026303308  |
79    | 0.0041899447982889524364  | 0.0067757346092139564622  | -0.023430202454603685225  |
80    | 0.0016933642339336367217  | 0.0040913155905322557901  | 0.00029519097440627774936 |
81    | 0.007887191467767411604   | 0.0014186123967842951751  | -0.0075352249688165800004 |
82    | 0.0069132060970594107208  | 0.0047718305648112267769  | -0.034172218979475317557  |
83    | 0.0051632871413260332527  | 0.0069069830303726655399  | -0.0080640905987081189926 |
84    | 0.0096293155360713394986  | 0.0021564786457010398125  | -0.0080165646128404453863 |
85    | 0.0028426207144058349661  | 0.00036675009394029184882 | -0.019192676063114515878  |
86    | 0.0017530551480847633098  | 0.004826238559585817843   | -0.018811325548805938462  |
87    | 0.0036730320644739905024  | 0.0067810467282005178896  | -0.03742200869675894187   |
88    | 0.0060159539594012026789  | 0.00072534474841879639177 | -0.010074291653447708245  |
89    | 0.0093375824857676401752  | 0.0070703717774896765805  | -0.022169860811500335246  |
90    | 0.0040900389229789830062  | 0.0062135139888123474758  | -0.032544555310751260846  |
91    | 0.0049426040848555251317  | 0.0024509053883487092775  | -0.017068889199065781503  |
92    | 0.0082603785389541353051  | 0.0073784360609492278052  | -0.0081239620840381620431 |
93    | 0.00091194594408183652159 | 0.0074839977106876962379  | -0.01082990187364152139   |
94    | 0.0052658007745527935992  | 0.0076334847430239551394  | -0.034905398655356058291  |
95    | 0.0045560627885221438929  | 0.0096528095912520785887  | -0.015537052195712757613  |
96    | 0.0013866816262834405406  | 0.009796703267425849182   | -0.0060646451236815593702 |
97    | 0.005631046658496520127   | 0.0049281785730307808846  | -0.0042356612936258267177 |
98    | 0.0099653478962172924865  | 0.0050751041021291571145  | -0.036031412693189407426  |
99    | 0.0044832291797547536502  | 0.0072981435756265403483  | -0.00059958382807237141018 |
100   | 0.0098233723159366816841  | 0.0048400768940399163318  | -0.027213779411975374395  |
101   | 0.0063445916106576747198  | 0.0069210112558261982496  | -0.02301587908871009433   |
102   | 0.0060341078096451611704  | 0.0056159050212039795733  | -0.023819739366986419915  |
103   | 0.00012224414337649142873 | 0.0084165794074851866396  | -0.011860562565919883712  |
104   | 0.0031966097912722699244  | 0.0077453463931630639125  | -0.013388754088050380461  |
105   | 0.0086236975203001272477  | 0.0066808418018473730848  | -0.017925201225861633197  |
106   | 0.0041039371092551719597  | 0.0084145287185237727101  | -0.036872796957229204973  |
107   | 0.0081020849778852734729  | 0.0066084795919394952526  | -0.031217140222398815502  |
108   | 0.0066805650136855564483  | 0.0092353673577570058462  | -0.036875342057689150521  |
109   | 0.00059965130213378878103 | 0.0035156207570180356137  | -0.011553782948271492867  |
110   | 0.0040251541531578574618  | 0.0037344025610601956459  | -0.027798355848168053439  |
111   | 0.0065536399829879948137  | 0.0036971314151787617978  | -0.020087422562793673386  |
112   | 0.0089021023305042839419  | 0.0083642772681528573808  | -0.002418410845014324316  |
113   | 0.0069636078536870638783  | 0.0044071675792586853179  | -0.0027507628251536805387 |
114   | 0.0085707224282204948901  | 0.0078256378181383711573  | -0.0088212368225444922482 |
115   | 0.0016857596432683164336  | 0.0022243227665236509072  | -0.017274171046033244548  |
116   | 0.0033782569650858988372  | 8.5394719723843188737e-06 | -0.030354493678196842188  |
117   | 0.0086942584582575550139  | 0.0035224952988534355414  | -0.0085762750170693541341 |
118   | 0.005356556800353199678   | 0.0043471386656546862765  | -0.0061487137453006615595 |
119   | 0.0064948133013993155499  | 0.0026593675826203084893  | -0.029183001431189938002  |
120   | 0.0024798638976437276972  | 0.0033184917341439680756  | -0.031961915605156092368  |
121   | 0.0048395189570617684963  | 0.0015457152643578021649  | -0.034124406618820990467  |
122   | 0.0096701325523437832443  | 0.0074740874302909243374  | -0.010111855226647908229  |
123   | 0.0031283305478643492863  | 0.0024777662558344319341  | -0.026235044951766560428  |
124   | 0.0038350372713319268864  | 0.0065154059243781193428  | -0.017401106606326866705  |
125   | 0.0065496195153324880678  | 0.0086663488647618878991  | -0.0086002768888132508779 |
126   | 0.0081937414599028580292  | 0.0069057555512077196253  | -0.018318400870174084138  |
127   | 0.0023078456864412833643  | 0.0073452539036994671934  | -0.011762668151029758573  |
128   | 0.0042159354644716318106  | 0.0016683611689603278661  | -0.034513800565615544713  |
129   | 0.0097169927347657766847  | 0.0061100361909126807425  | -0.00084806774940161398953 |
130   | 0.0058912269817896654664  | 0.0068729737413873292357  | -0.0032173879882436799693 |
131   | 0.0037018100092737469577  | 0.0053813839010276830199  | -0.037908041466838376943  |
132   | 0.0042055730557845191417  | 0.0031160515036430377553  | -0.01310426596969265986   |
133   | 0.0034511896895361108412  | 0.0034100189110643167739  | -0.02521410448201181001   |
134   | 0.0075940026096774672359  | 0.0079241793291075675321  | -0.031244163517328223806  |
135   | 0.0037093835315118320675  | 0.0061016729788447411978  | -0.027618481194437924375  |
136   | 0.0042361336806810935204  | 0.006213927593340233882   | -0.028974022618562755155  |
137   | 0.0055954393175563395257  | 0.0062299605188360614519  | -0.01375380329739996077   |
138   | 0.0072798354263712977685  | 0.0048299880951989957248  | 0.00062118431524818269567 |
139   | 0.0062070957366473561087  | 0.00082248161496496058863 | -0.015615037599345829925  |
140   | 0.0061188968345834565676  | 0.0065546156222746187331  | -0.022155846037694226086  |
141   | 0.00054083182926615799326 | 0.0073991775127162763906  | -0.033241514390329789108  |
142   | 6.3163083066828743244e-05 | 0.0069408735835224822514  | -0.018501435631678646992  |
143   | 0.0034223115330788765436  | 0.00030514837858257803319 | -0.022845726230507887311  |
144   | 0.0096935921406545635243  | 0.0056381259710901014681  | -0.019064443515066309409  |
145   | 0.006989724759746321521   | 0.0094607888234533969729  | -0.018454762433107403663  |
146   | 0.00525448958641547368    | 0.0093199673985510985558  | -0.00077140503711312102559 |
147   | 0.0043748769450833498856  | 0.00045534213965694748374 | -0.026943280421844555822  |
148   | 2.7445324137624698909e-05 | 0.0081479987357901215855  | -0.004221740800551277914  |
149   | 0.0016577479440175633355  | 0.0077932338246203122431  | -0.025462572848056780339  |
150   | 0.0041576147946257944327  | 0.0032996120275244457745  | -0.030775658898736811542  |
151   | 0.0040604855842533453189  | 0.0038271650054724970155  | -0.027504647058292260031  |
152   | 0.0074199601448907874859  | 0.0012971559925180936763  | -0.021738085386217409489  |
153   | 0.007536147418024178625   | 0.0074428801948506961503  | -0.012280827893424219391  |
154   | 0.0042966471299710085746  | 0.0082670467222791307188  | -0.014755411338492984905  |
155   | 0.0044631636506319060168  | 0.0010536745760933012052  | -0.0039188293402731017717 |
156   | 0.00086454091990223079153 | 0.008467332781208569345   | -0.02315517608137847988   |
157   | 0.0055526205010531480555  | 0.00032098679881937159123 | -0.0031207407938233940568 |
158   | 0.0093703153870030014144  | 0.0036048535651485016582  | -0.022437363201708301202  |
159   | 0.0042004136898804661851  | 0.0028069207704651774095  | -0.03069681377819049109   |
160   | 0.0037230661596145049087  | 0.00073039539152583302442 | -0.035565670730001205935  |
161   | 0.005389286203301714949   | 0.0076729147981912729226  | -0.011561742253881891057  |
162   | 0.005353308724755435552   | 0.00025960764460688780199 | -0.0094744673431891891779 |
163   | 0.0050193362985881204846  | 0.00027527028552211700238 | -0.014006560830886442479  |
164   | 0.0040554119738594792549  | 0.00023937259527759922472 | -0.013312937182162273494  |
165   | 0.0063289036239551855687  | 0.0075468920370017431726  | -0.015178364903596116078  |
166   | 0.0074949494797929352985  | 0.0076491530421284124192  | -0.033238308314461048609  |
167   | 0.001567703117093507785   | 0.009844097184166377898   | -0.015279138129951479533  |
168   | 0.00073905486026213523809 | 0.0058918881089400727477  | -0.010656686202974307784  |
169   | 0.003909877162547065188   | 0.00017846657595066827014 | -0.007837677277296188974  |
170   | 0.0099435362438324414319  | 0.006939936670189010906   | -0.011721586004743784343  |
171   | 0.0032265667260116489591  | 0.0077548812138983945833  | -0.032412643547889301299  |
172   | 0.0037106759272325638178  | 0.0040115988072513247137  | -0.0032033640320954770951 |
173   | 0.0042618529467635269531  | 0.00076316782276901050808 | -0.0076241909534128567832 |
174   | 0.0052652244172759271254  | 0.0013668174831322327765  | -0.014683484552863734079  |
175   | 0.0016612289608077589285  | 0.0076937183089433851951  | -0.037622253285975078285  |
176   | 0.0030297059954278449112  | 0.0078854188782893942788  | -0.020817390132876600201  |
177   | 0.0059874898573089776338  | 0.0062598472999336705891  | -0.0069000494608507092695 |
178   | 0.0024003877408248423635  | 0.0075837834114727657731  | -0.018572843397541373422  |
179   | 0.0083622925392933256106  | 0.0096728310727454813039  | -0.026101902558187908832  |
180   | 0.0039101723025512817242  | 0.00058822240056718446376 | -0.014941962258247985101  |
181   | 0.006818992314279547981   | 0.0088770590183378794702  | -0.027168981877453039081  |
182   | 0.0083802155660893714456  | 0.0057829504191618131409  | -0.025921001350290313187  |
183   | 0.0048210962645375068925  | 0.0042275639035500344257  | -0.026853854373450666143  |
184   | 0.002989720021208995028   | 0.0051173033006384699775  | -0.009760952179808912374  |
185   | 0.0005636568220844341082  | 0.0028247047300955746389  | -0.033283846854392382109  |
186   | 0.0040523015632281701726  | 0.0060854261924046786775  | -0.024084546132377378236  |
187   | 0.0057547393625210930407  | 0.0067050230493022966796  | -0.010029741673828005549  |
188   | 0.0055917774096753353544  | 0.00029817040186017729599 | -0.0067787040798920816451 |
189   | 0.002461574509663483519   | 0.00073986091123074890479 | -0.022332460868753570976  |
190   | 0.002907217898583683291   | 0.0051997026763606650143  | -0.0025307363488325709117 |
191   | 0.0025084541096553262911  | 0.00053144210561549998662 | -0.023236106819561803266  |
192   | 0.002541955702932190142   | 0.00012066746626776281856 | -0.011526764615054065077  |
193   | 0.0029657874291344615836  | 0.005052009326940475227   | -0.018829784260689909348  |
194   | 0.0092917179357521282462  | 0.0029349272943383522376  | -0.013077654584279020319  |
195   | 0.0011353429269461935355  | 0.0027466032038424271176  | -0.0065674847522499352551 |
196   | 0.0063716501103707858314  | 0.0031107303608105900915  | -0.030117570915557723144  |
197   | 0.0046105314253466773283  | 0.0063844569250384548484  | -0.017703875168289584519  |
198   | 0.008805778378641115206   | 0.004283084031758782606   | -0.026039656455686351066  |
199   | 0.0089240709185336095088  | 0.003872552944781080652   | -0.029825228882683411241  |
200   | 0.0033042928998155305861  | 0.005261053753806655027   | -0.013585528159619488994  |
201   | 0.0028359200562971449179  | 0.0040955490664574415241  | -0.032673047206906793982  |
202   | 0.0040888158967012228073  | 0.0074663887339901854889  | -0.0062999359101335028477 |
203   | 0.0048895435655616379875  | 0.0087658081015377867923  | -0.028428661538876850295  |
204   | 0.0021950694737573736223  | 0.0031461340784956835608  | -0.028006835748229326477  |
205   | 0.0069036615172422639494  | 0.0019831987870295069223  | -0.037310720049659421016  |
206   | 0.0063040095097916214184  | 0.0048878617119507711958  | -0.013187345823792580649  |
207   | 0.0067761589218741447374  | 0.0047752302278321395387  | -0.012792835838331104853  |
208   | 0.0037252173347621796336  | 0.0091451258910281111453  | -0.020738987736318725136  |
209   | 0.0077723323445593591949  | 0.0078729977778955861217  | -0.020074462937060576218  |
210   | 0.0029355592733054307157  | 0.004719922136133379402   | -0.0035273022126069745151 |
211   | 0.0031752624480359684447  | 0.00017649492655373040908 | -0.009438732822371939668  |
212   | 0.0053554276745334328594  | 0.005692173596963572349   | -0.0026676169180809522312 |
213   | 0.0069327474231640675434  | 0.00068429357677250680567 | -0.00056493905501906718954 |
214   | 0.0046016894931451756898  | 0.0050014900669217666682  | -0.029216119226404040077  |
215   | 0.00010025190103083440234 | 0.0053429396545795152657  | -0.023733053640135615137  |
216   | 0.0095102223606435554171  | 0.0091101295496678665747  | -0.032365614626678050614  |
217   | 0.0082816874264455102306  | 0.0081932496895681435761  | -0.028884797310459318226  |
218   | 0.00091854933761801346552 | 0.0069274230333872159962  | -0.012415125716428028826  |
219   | 0.0026862426553393077035  | 0.0045743479504894634866  | -0.035557030839151619606  |
220   | 0.0072651742158739377603  | 0.0062711968169188317748  | 0.00061568149653365639769 |
221   | 0.0069370832303742397881  | 0.0095426405311701371914  | -0.016917108336520731565  |
222   | 0.0052718661713616254624  | 0.0090378110979192436553  | -0.024151272059906747636  |
223   | 0.0031708182775908354614  | 0.0021244604139750689585  | -0.02091293513718495839   |
224   | 0.0012248708335866635363  | 0.0075553281957397577795  | -0.027153703484830194609  |
225   | 0.0089180328100557006848  | 0.00037792047815484662273 | -0.018826675909701419409  |
226   | 0.0021550225544893428231  | 0.0037885788698891545434  | 0.0005886145522656452151  |
227   | 0.0066104325942265181049  | 0.0041901406966457941869  | -0.0046757538966082029877 |
228   | 0.0066150257876152916345  | 0.0030314433174688784275  | -0.016819740372931175215  |
229   | 0.0044980904242859264322  | 0.0081459419030540138051  | -0.011158563235529094307  |
230   | 0.0050766869067466998192  | 0.0010283727747761087744  | -0.027526542990150348195  |
231   | 5.7329140309087922144e-05 | 0.0061148379012520995626  | -0.02452907938843497046   |
232   | 0.0058329111591842357568  | 0.0077940314264648502887  | -0.0021417718137547335153 |
233   | 0.000409742495939521324   | 0.0058623546672311949504  | -0.032411000026533562379  |
234   | 0.0050770942857753971478  | 0.0040619489506241827914  | -0.029070333786984828284  |
235   | 0.0015867590462902919982  | 0.0040571365449342481485  | -0.028091769070392146046  |
236   | 0.0036068334768304998253  | 0.0026454077436710611571  | -0.01560278122999051581   |
237   | 0.0035805699545823914572  | 0.0039934942191696479186  | -0.0023080205612055811754 |
238   | 0.0023550668951813533668  | 0.0058291444953723885875  | -0.0069464000859111880298 |
239   | 0.0098325146384119887361  | 0.008023904064100586056   | -0.0053953666738689974591 |
240   | 0.0067592488454624030311  | 0.0095494822379597280732  | -0.036049733386203118568  |
241   | 0.0055991335426465223962  | 0.0087704913227775061629  | -0.0043324614260803889776 |
242   | 0.0007912321021759744985  | 0.0048848331634317012154  | -0.011676799387551546269  |
243   | 0.0026246758823109668339  | 0.0059117413981382887014  | -0.022644324990404030018  |
244   | 0.007074606714852682901   | 0.005093728554418609604   | -0.0070923901732653027788 |
245   | 0.0050343073518476803493  | 0.0024970349492719938825  | -0.035225851173492653268  |
246   | 0.0098966688057668950051  | 0.00083821825942052971201 | -0.015934546332252753909  |
247   | 0.0056933027914544531017  | 0.0032015238237708648454  | -0.023356976723143650643  |
248   | 0.0097630310361631611471  | 0.0050975135014233625974  | -0.01606381530410191591   |
249   | 0.0066586277763030533861  | 0.0024630586276471301901  | -0.011407088488048966815  |
250   | 0.0066607026870967632817  | 0.0054629563033538382916  | -0.003561581395169640795  |
251   | 0.0043745165618339458546  | 0.0049511144554457101746  | -0.033073158359074428247  |
252   | 0.0072060522806568954104  | 0.0057603014621337563991  | -0.038240705168611367759  |
253   | 0.0048012349095809762206  | 0.0087816196797752456987  | -0.030257888125618689207  |
254   | 0.0023143603545798929061  | 0.0013223233617336660559  | -0.01852270077502449902   |
255   | 0.0017725625240556219103  | 0.0047398629129516110792  | -0.0021767624623314175622 |
256   | 0.0047195690392630466545  | 0.0075826697117517636443  | -0.022380691998849469582  |
257   | 0.0020478868737453270223  | 0.0027046850754034487511  | -0.016909223907964076455  |
258   | 0.0033008506117601327072  | 0.0067790349994114821458  | -0.015402765854982590488  |
259   | 0.0064435132870503198169  | 0.0092721660675539729207  | -0.017492973255585665682  |
260   | 0.0042604732344881483808  | 0.0006326678779311696631  | -0.0096777554478411180472 |
261   | 0.0057140073946294949944  | 0.0068475196868987226254  | -0.037927823953583753025  |
262   | 0.0010529920019212405009  | 0.0001643052191358376833  | -0.022464370599531043732  |
263   | 0.0072575574329864361856  | 0.00071655626691707516827 | -0.030697872254517828     |
264   | 0.0062324441934746080407  | 0.0017023578035103524835  | -0.0011984882953480293939 |
265   | 0.0065818712184067861351  | 0.0064944980763139877056  | -0.019678500350841336697  |
266   | 0.0039837476889276945621  | 0.0033735258188479630079  | -0.031343217447486707017  |
267   | 0.00081357518162438933161 | 0.0031381221816125289686  | -0.019329854039602301086  |
268   | 0.0060563788188753020503  | 0.0064489783349688870051  | -0.0047596631514668936297 |
269   | 0.0037854824487940728212  | 0.0024518695230351457599  | -0.0060681675577894216012 |
270   | 0.0094438218387357941719  | 0.0046186571981020867889  | -0.017994217939425960484  |
271   | 0.005325263854694347633   | 0.0091263684501101983992  | -0.00074480283525014338419 |
272   | 0.0056396643514712747891  | 0.008002992836698639631   | -0.020854063808470220398  |
273   | 0.0036818803643836445737  | 0.0095524734391653955828  | -0.024262056089641666212  |
274   | 0.006159283080987469107   | 0.0075513618816752912932  | -0.023692333891729124018  |
275   | 0.0089555366856989560009  | 0.0052763776834997364734  | -0.0075694849759739939177 |
276   | 0.0089031858948109398461  | 0.0033935380519907526117  | -0.018593622048981305744  |
277   | 0.0022921233940566775565  | 0.004861845737976130781   | 0.00040830049095525507846 |
278   | 0.008635137381036373655   | 0.0047146208286636777027  | -0.014910160475658884235  |
279   | 0.0039962747158954793625  | 0.0042196544768786925506  | -0.007476150911587838184  |
280   | 0.0090375005892802742768  | 0.0036877252148172947992  | -0.03450826566475787005   |
281   | 0.0043770842310911148298  | 0.0078242802201017556951  | -0.017182148708315594932  |
282   | 0.0036867657498970344936  | 0.0012910179467637971241  | -0.028339325324016288038  |
283   | 0.0082409613594228610378  | 0.0057022798899357797844  | -0.029335810455454209428  |
284   | 0.0027678466546278124825  | 0.004430509849336849125   | -0.031438540215254398569  |
285   | 0.0095873950222275464844  | 0.0060341764706362023551  | -0.0064982215292812292931 |
286   | 0.0013779515472619159946  | 0.0021108122370043780336  | -0.028268626629915902249  |
287   | 0.001986770761190257209   | 0.0064200689500318588662  | -0.015291017428749411472  |
288   | 0.0023505283619172515422  | 0.0027868871277802339213  | 0.00013530177537241904612 |
289   | 0.0098987487751729646285  | 0.00016331764178840541468 | -0.032019565460717651362  |
290   | 0.0014851577452912032885  | 0.0065014445330829938666  | -0.0090450492148234917789 |
291   | 1.4933091912125031912e-05 | 0.0012037067822170269618  | -0.018128977857019463321  |
292   | 0.002846538551790837434   | 0.0045326557499159548723  | -0.00094836154126449047179 |
293   | 0.0095098653359459960066  | 0.00027199971140124225896 | -0.027197517887348938298  |
294   | 0.0078078855969732161718  | 0.0073336255027114487237  | -0.0039143296411567130369 |
295   | 0.0025962898539331940098  | 0.0026197716863551718212  | -0.023199592161905722987  |
296   | 0.0072044185977731059478  | 0.004018617477446634681   | -0.029810831893392959746  |
297   | 0.00087294096513808338601 | 0.0030074953583664417768  | -0.032350034152442405655  |
298   | 0.0022104789798006703808  | 0.0048551235728117028354  | -0.034892866157110506709  |
299   | 0.0016084808035720348906  | 0.0073032285458154710955  | -0.023788668157555686172  |
300   | 0.0044235246789097511927  | 0.0072372015248847662572  | -0.028124466429327654032  |
301   | 0.0014062590988694722693  | 0.0073559038055404871864  | -0.03787425519592217682   |
302   | 0.0096022700199229829576  | 0.0020920651136412593205  | -0.035504972765716111271  |
303   | 0.0080059601641072029865  | 0.0051754776744967773833  | -0.029609315907979282673  |
304   | 0.0012733295561235128193  | 0.0058876470486657036044  | -0.016765134381081191889  |
305   | 0.0063248006950846254876  | 0.0072856564254299089126  | -0.031215172728870345387  |
306   | 0.0044519466115122341074  | 0.002632134194843455989   | -0.027900734065371652487  |
307   | 0.00012029411363585296255 | 0.0036325479522064203428  | -0.0089804102350661274556 |
308   | 0.008941043772115717797   | 0.0049783281157572828457  | -0.0063068408687510409127 |
309   | 0.0061153823871974840806  | 0.0030175339732456353189  | -0.01398926894186302769   |
310   | 0.0096670494075542026668  | 0.0055329369343072873702  | -0.01496842737941105235   |
311   | 0.008749678293020684422   | 0.0057302617888693157394  | -0.016189532571393834559  |
312   | 0.0070531686275357753646  | 0.0038316605732030451122  | -0.032815304520638098607  |
313   | 0.0069282294579201125773  | 0.0027595250573926532155  | -0.0065293996640043219792 |
314   | 0.0041819948958598252009  | 0.006881887357871609677   | 0.00048136382146033145774 |
315   | 0.0098927240331585161726  | 0.0089175526844166522894  | -0.010852300005414329195  |
316   | 0.0054239453143785981357  | 0.0050114186652713433451  | -0.0075677096860724824001 |
317   | 0.0061282628816637834193  | 0.001846323582316241425   | -0.037287911148797828198  |
318   | 0.0073817527215461762116  | 0.0052874401686787255231  | -0.0033730812756480534238 |
319   | 0.0024186383930627987533  | 0.0022789136224131236776  | -0.0056298909840864254372 |
320   | 0.0068279309702724702916  | 0.0044790414495419830776  | -0.037807232279738034464  |
321   | 0.0035844059490973316853  | 0.0029640915636525992823  | -0.015067264737057805765  |
322   | 0.0087615810418050759506  | 0.00025976415113027707731 | -0.006291735205309086261  |
323   | 0.0050902778912738167252  | 0.0019887569143646160845  | -0.0095361059395087394847 |
324   | 0.0021894595047397642437  | 0.004450372308434132583   | -0.018783645760800448538  |
325   | 0.0053939362404175784232  | 0.0018458388576494194015  | -0.025889640433931927072  |
326   | 0.00078840619759100417311 | 0.0049441875042228024609  | -0.014287272052312135692  |
327   | 0.0039580162604156950493  | 0.0071271327042354021969  | -0.016485686485076641444  |
328   | 0.0099117012793097872964  | 0.0078645100074252512895  | -0.030605093442033642209  |
329   | 6.9407452625854990352e-05 | 0.0064813435079208447931  | -0.01507811184465315292   |
330   | 0.0023481360125872448481  | 0.0030473867448601904724  | -0.0054722169182090359477 |
331   | 0.0064472466428762966947  | 0.0025763185150964981913  | -0.017082817484839949579  |
332   | 0.0058126943221526918698  | 0.0058939768175066105729  | -0.0046278010882217467115 |
333   | 0.00090784122569143651128 | 0.0072898981531823612776  | -0.022504279260675490171  |
334   | 0.00056129695054921635231 | 0.0037513431227357628243  | -0.017266827663696970863  |
335   | 0.0034409000292229372127  | 0.0095983570491483850839  | -0.00042878057449157716465 |
336   | 0.0087577319290697876186  | 0.0048055425806920876175  | -0.018903322228815078176  |
337   | 0.0024545436861815733698  | 0.0090158075636027380784  | -0.012513707150723101316  |
338   | 0.0086125409498201584146  | 0.0020276341206661085623  | -0.018007166045517393471  |
339   | 0.0046167200337492502946  | 0.0062454902623507741605  | -0.032491635181378299146  |
340   | 0.0044368933872002934427  | 0.005878285863252044087   | -0.0077854287309421016036 |
341   | 0.0043131130313022762388  | 0.0086957852316579351687  | -0.028949383985265336738  |
342   | 0.0013937286518062297607  | 0.00096003739727099188413 | -0.00018086615091391383832 |
343   | 0.0017915591313288931497  | 0.0036347618081429373602  | -0.0066975697586445894285 |
344   | 0.0061012662737402112087  | 0.0074023874996665562503  | -0.0024198131386975866609 |
345   | 0.0051148485352163495024  | 0.00011297683604809735376 | -0.00028458900932147021328 |
346   | 0.0099377937670637253587  | 0.0077989258083023772425  | -0.020937478092318124318  |
347   | 0.0074409237733586239966  | 0.0056083495279560064903  | -0.029619515192766582984  |
348   | 0.0082786384384683411181  | 0.0023616618379417612592  | -0.019960302116429826796  |
349   | 0.0023720759840547035735  | 0.0021859432771952473119  | -0.021582007207280397981  |
350   | 0.0021932681815986995733  | 0.0036164827585775283399  | -0.013403189445102742239  |
351   | 0.0024268705568111074468  | 0.0026643964834257103519  | -0.028622228446715646671  |
352   | 0.0030544789700893502232  | 0.00344679686522019477    | -0.019936734358738120165  |
353   | 0.0037813935224932705183  | 0.0044557094191187609361  | -0.0084085846217947825265 |
354   | 0.0067181508253149292351  | 0.0036721571230919581794  | -0.013679307572389401426  |
355   | 0.0050513843185044475514  | 0.004239109324623099688   | -0.0051616875642733067719 |
356   | 0.0003328313886391084833  | 0.0091231478538034462     | -0.032530526323296747593  |
357   | 0.0041149423513475663974  | 0.0043480714633511927114  | -0.0380414515766304695    |
358   | 0.0046856848316202959204  | 0.0025868558447366845655  | -0.036592854553083586922  |
359   | 0.0094290499016075456779  | 0.0042393071519293617708  | -0.028728336915136098995  |
360   | 0.0065774140319279934125  | 0.00023358959423562251673 | -0.030092829424526366944  |
361   | 0.0036577601290142583955  | 0.0060539252564743009297  | -0.033035158869691660932  |
362   | 0.00070700179134333424741 | 0.002250570611720321447   | -0.032684525770161274028  |
363   | 0.007124468870305867424   | 0.0076980503567760484931  | -0.0014339672345749429876 |
364   | 0.0016684372255083420797  | 0.0043583492860538274039  | -0.020313863777593255122  |
365   | 0.0004155875205992528112  | 0.0074313918023761575682  | -0.0088283034381961850851 |
366   | 0.0020269843229933598265  | 0.0033012268790526748223  | -0.030028905288076918056  |
367   | 0.0070779377100750051621  | 0.002637533292070847607   | -0.0047438301353074675826 |
368   | 0.0064000920561792422683  | 0.00012141204211220789507 | -0.014882435079732211566  |
369   | 0.004322418637445665443   | 0.00068244967152339061633 | -0.033496903008050311901  |
370   | 0.0021829082351732015561  | 0.0043904204354408690389  | -0.013386085228939180805  |
371   | 0.0028542884722999473796  | 0.0054551070461671775577  | -0.0018688747100554310883 |
372   | 0.0035531943094329397452  | 0.006335090628272289047   | -0.020412766625194683073  |
373   | 0.0076088889118289849967  | 0.0010926221422733570655  | -0.026871772742861423783  |
374   | 0.0076605559277964172665  | 0.0098549065206952838475  | -0.033248445228354087111  |
375   | 0.0058099418712973440598  | 0.0017320771819413218699  | -0.036709584299273845254  |
376   | 0.0092561397481322367498  | 0.0039095178735310690335  | -0.0039093742079315619078 |
377   | 0.0098962055357654198084  | 0.0053756067703580731262  | -0.017697051968688749107  |
378   | 0.0048272447001881111164  | 0.0092429798314561887468  | -0.014347597069843133141  |
379   | 0.0084485621648181605942  | 0.0022788896546427450489  | -0.0012364742396994317375 |
380   | 0.0043870799227415623045  | 0.00036176276732347777089 | -0.033052220479098871897  |
381   | 0.0018008757800840572046  | 0.0045453671862333002926  | -0.021147629292050936639  |
382   | 0.0021244823273746647231  | 0.0070794525561808652192  | -0.024902307273790648401  |
383   | 0.0001526473853548701153  | 0.0090507837609143243496  | -0.022785706329805182485  |
384   | 0.0076934641631149509183  | 0.0054705337550305013078  | -0.0099552580356241787696 |
385   | 0.0082391097036146679344  | 0.0019497411893781943937  | -0.032368931199489921202  |
386   | 0.0078410898552182875521  | 0.0082748947723216854239  | -0.036493235520634978442  |
387   | 0.0053248932749985792776  | 0.0038494517383745614075  | -0.021568001547024727438  |
388   | 0.0073890470012715932235  | 0.0053039224367044529584  | -0.0010051562542643384217 |
389   | 0.0067946376380149378291  | 0.0063187017598254173467  | -0.014240486037035220493  |
390   | 0.0045509605213685001834  | 0.0012298131947984494629  | -0.032704049843823260191  |
391   | 0.0055371234343482948759  | 0.0044024290921849448116  | -0.032492886387079596144  |
392   | 0.0052711194407056511171  | 0.0038508659077595448067  | -0.037937919006535772426  |
393   | 0.0067499605243085429238  | 0.0093335884893955348152  | -0.030414959418589938844  |
394   | 0.00089024641517345380354 | 0.0040415830673686953256  | -0.037278907711158978944  |
395   | 0.0066108306798457992792  | 0.0081015259759125435313  | -0.024533475344194657919  |
396   | 0.0074434495521479432378  | 0.0047613485103539842161  | -0.022379795551219158062  |
397   | 0.0038750775700744097621  | 0.0067698824539976880377  | -0.0017796497022110758634 |
398   | 0.0054142447068558892734  | 0.006896987420463926953   | -0.0094131509886782489815 |
399   | 0.0029757511423620748234  | 0.0074984000211508455153  | -0.033958693788614852105  |
400   | 0.00083555564587190465659 | 0.008246692001856509649   | -0.01011351681788985428   |
401   | 0.0050698070376727390196  | 0.0048368902561037293089  | -0.033799151631362933657  |
402   | 0.0021021613827594183045  | 0.0016587856576582181087  | -0.002395292973917435668  |
403   | 0.0046359409395794609621  | 0.0099975011186240834299  | -0.011375496513408793475  |
404   | 0.0061449980079759224799  | 0.00036897507854103512269 | -0.020908060096233350295  |
405   | 0.0094385773163284600318  | 0.004645689684767932183   | -0.031873883833032752577  |
406   | 0.0099168633742938560455  | 0.0061058218091661880383  | -0.019895917711059588756  |
407   | 0.0096494574769357532168  | 0.0087959161190666965841  | -0.0043600525593805554425 |
408   | 0.0027174673213387501997  | 0.0078122938364625308522  | -0.011469957121706186171  |
409   | 0.0038517816592072797767  | 0.0017393794433254697492  | -0.025590118072356893286  |
410   | 0.0013873785643751072871  | 0.0028859033955409298632  | -0.00084722573107413466816 |
411   | 0.0076805303930289363021  | 0.0039423737739303936142  | -0.027738049516136530082  |
412   | 0.0038410325132389659501  | 0.00094073231024267693103 | -0.025160334460399474965  |
413   | 0.0025790406176488239048  | 0.0063359908791610387857  | -0.03814565950999976307   |
414   | 0.0027505686896520486866  | 0.0014326899091278955892  | -0.033827549528307007676  |
415   | 0.0027556805418905011562  | 0.0094238016169243942616  | -0.010795775995171157796  |
416   | 0.0051905069861782953886  | 0.005659174473607433975   | -0.0020027591823553953301 |
417   | 0.0073623033430683226114  | 0.0022233759367531551708  | -0.010207371495845607434  |
418   | 0.0074189475496937752619  | 0.0080986566817869490298  | -0.01931112473862943435   |
419   | 0.0099695740339755672954  | 0.0067643870081040774825  | -0.036993538495759280271  |
420   | 0.0064242700772573022722  | 0.0087592571611191591407  | -0.033177032033151379609  |
421   | 0.0058030311012304989712  | 0.0093093126451722889997  | -0.0021998128049290168774 |
422   | 0.0024226943678999071294  | 0.00069667375362482365439 | -0.00082708426279967303934 |
423   | 0.0051141542047121067369  | 0.0077125844553220714722  | -0.022422479597573558713  |
424   | 0.0003797823563955203042  | 0.0078220674579006724964  | -0.0076926188200553266214 |
425   | 0.0063998906706568756131  | 0.004131140744680977632   | -0.034238065280148097247  |
426   | 0.0043223160888274068936  | 0.0094213352006028670826  | -0.0033203150108040619705 |
427   | 0.006674672509278088868   | 0.0023365856806340742392  | -0.00017667341427138311518 |
428   | 0.0082254799277028580601  | 0.0046972674455725994119  | -0.031318679221766447529  |
429   | 0.0052506658823436398384  | 0.0037960264431134292835  | -0.0060260112622628619894 |
430   | 0.0019054413756443603582  | 0.0089049791892301648905  | -0.012761301712188212118  |
431   | 0.0069227004518450574108  | 0.007156235854482999488   | -0.0082650572700362166106 |
432   | 0.0014767617454328398497  | 0.0055631929044297244794  | -0.029248362835918813307  |
433   | 0.0026441748397827862828  | 0.0058388408253541544679  | -0.027726777142072538823  |
434   | 0.0025547529072590135536  | 0.0027078915634460307485  | -0.021289323209848883683  |
435   | 0.0097729629294630530195  | 0.0012226481031108746636  | -0.0064969678430816194675 |
436   | 0.0010461363737013756447  | 0.0079814741279593936357  | -0.0089493247235036092746 |
437   | 0.0056905130586806604992  | 0.0042174356063393071692  | -0.0049011511012184210898 |
438   | 0.0085060910657454701783  | 0.0035391364862883763383  | -0.027082968213612623049  |
439   | 0.00057200215027399003206 | 0.007463794764302228435   | -0.014124851977472397194  |
440   | 0.0093478138838005205707  | 0.0042586672906046747072  | -0.003500095920621965756  |
441   | 0.001803440688874414664   | 0.0011828735627999074562  | -0.0128887825033178402    |
442   | 0.0015263201084010204287  | 0.0027573558666132880375  | -0.0032591834991193072146 |
443   | 0.0036150802397202346644  | 0.0083328137963362795826  | -0.013773662454805452732  |
444   | 0.00048734280113759895214 | 0.00045870026106638783683 | -0.02516491185008257539   |
445   | 0.0072025832119139510459  | 0.0071067967034146653504  | -0.011760555445560868376  |
446   | 0.0014242065202013489203  | 0.0084627351629781404074  | -0.02216853467439760389   |
447   | 0.0038567765097231314526  | 0.0084942746971589794258  | -0.035340120290060894614  |
448   | 9.9754446267777852498e-05 | 0.0049508812783333796398  | -0.022270665749726865912  |
449   | 0.006207258186199918551   | 0.0070254869433725910394  | -0.013815536106181573739  |
450   | 0.0066499501337012557542  | 0.0039292754031558024472  | -0.006293383719908583751  |
451   | 0.00066006436282093445753 | 0.0097418264064536019831  | -0.037985557036913343565  |
452   | 0.008126617532812316011   | 0.0088320795756538766214  | -0.028570023874933257735  |
453   | 0.0058558253106154754472  | 0.0036973458488425959244  | -0.029657327192021971929  |
454   | 0.0081475981523497810477  | 0.006637734031236595944   | -0.022459881970750526087  |
455   | 0.0015804197071268267193  | 0.0062134357003174271045  | -0.0071849895788805495309 |
456   | 0.00086775066748133239045 | 0.004291481024881903597   | 0.00065756425060166639324 |
457   | 0.0023750317091935919771  | 0.0052215827322016654041  | -0.0053676608158540195515 |
458   | 0.0027612230536516167191  | 0.0092881840244781726373  | -0.010044122748929837363  |
459   | 0.0055834198711441559992  | 0.0010998502239735481311  | -0.0023738359157587660478 |
460   | 0.0064066394992929737162  | 0.0087933892193835308526  | -0.012130016928032382253  |
461   | 0.0030044101279024333292  | 0.0044438473598971501774  | -0.011082479674155445992  |
462   | 0.0037164049289887053813  | 0.0034266632532096016547  | -0.015977985618824998293  |
463   | 0.0064535329104425404739  | 0.0039330451033873919942  | -0.024693888558213434453  |
464   | 0.0084497150531194047118  | 0.0011863962738062683918  | -0.032853055765501765206  |
465   | 0.0092576836631738657069  | 0.00023782792160000366661 | -0.034255712575705532519  |
466   | 4.9741956859550331125e-05 | 0.0062343771595668529342  | -0.011256467911719978195  |
467   | 0.0070344113329079008615  | 0.0045309175247158547245  | -0.025839803111174515504  |
468   | 0.0030939605932518428159  | 0.0071013237253638615207  | -0.028128925533391632013  |
469   | 0.0054849520853745524496  | 0.0031190154273982710099  | -0.025113087338981016083  |
470   | 0.0046554816599278696712  | 0.00038779855403128435376 | -0.027491344550620345349  |
471   | 0.00088035883799569608545 | 0.0083408674518285225857  | -0.035664486489072173836  |
472   | 0.0054630160094353953995  | 0.0086081358130486746588  | -0.035582714344582419552  |
473   | 0.0068200359891511094443  | 0.0015666529517753056792  | -0.025120926905159709358  |
474   | 0.0010228640779830868498  | 0.0019007889577354697506  | -0.017973187287123219141  |
475   | 0.0049456011235041556773  | 0.0047226250863659511095  | -0.029188792896761794893  |
476   | 0.0081149565870900948472  | 0.008590273847657125747   | -0.012841509100025330983  |
477   | 0.0080457701338602222174  | 0.0079593029809138324954  | -0.0077431976317390736539 |
478   | 1.3041833415881699457e-05 | 0.0080093987718514014079  | -0.038004598246128430683  |
479   | 0.0040816784206571272292  | 0.002516133388827626171   | -0.023502848946385528767  |
480   | 0.00021968550128472329338 | 0.0044495918227663031411  | -0.015935822956715070542  |
481   | 0.003342364542514170752   | 0.0079983493817895965489  | -0.031980891600916785955  |
482   | 0.0044465576297045136464  | 0.00483066106091421376    | -0.036568950139041905834  |
483   | 0.0057865321268112538192  | 0.0037781643346987822327  | -0.034152017096590388257  |
484   | 0.0019796340122394426135  | 0.0061259646846720788166  | -0.026260536096769222097  |
485   | 0.0012772867341319796893  | 0.0052934609475019838223  | -0.033668278663436898568  |
486   | 0.0010397742456925097767  | 0.0072190012127055901842  | -0.0097823654307386317258 |
487   | 0.0081336546344621934307  | 0.0050577409794842972945  | -0.016862529007132649739  |
488   | 0.0087407695262638022971  | 0.0061060967890948086856  | -0.013706963152046515095  |
489   | 0.0042252910252284598888  | 0.0094645869332572515192  | -0.037301924769947189531  |
490   | 0.0047222910497328107401  | 0.0086080708649504903557  | -0.015135642470402842913  |
491   | 0.0035012759791709525264  | 0.0029237505962350289306  | -0.012750777589747892479  |
492   | 0.0073509029489440833385  | 0.0082423506938728262339  | -0.018215147448636000854  |
493   | 0.0094079502628416165205  | 0.0071099722163190104407  | -0.015370847181938965612  |
494   | 0.0047344709342267456142  | 0.0046905917741826988823  | -0.037403217770787845764  |
495   | 0.007643749031917675997   | 0.008112810417765209392   | -0.0056223348636025875444 |
496   | 0.0087842960484764941176  | 0.0056797088030551313997  | -0.024143780954926665622  |
497   | 0.0049761804936152547602  | 0.0050260382008915013841  | -0.0029226104226525470402 |
498   | 0.0052081156312499829811  | 0.00022288259990973919287 | -0.037929527394154526065  |
499   | 0.0093837735220501268529  | 0.005117021797866599421   | -0.01262301096263418812   |
500   | 0.00049456484542250767934 | 0.00030180679496776208681 | 0.00048925907328331141172 |
501   | 0.0045866485262649313998  | 0.0038722295619402729953  | -0.030625961394834491647  |
502   | 0.0055321407352872551885  | 0.0052774423274307945275  | -0.021834986293621416048  |
503   | 0.0012422394404325320418  | 0.0026822866918361646174  | -0.013610752792962498015  |
504   | 0.0022165964667409604819  | 0.0033451462150920568094  | -0.027735164582399187555  |
505   | 0.0070499855404190930885  | 0.0076144938951681383557  | -0.036127149025700300289  |
506   | 0.0036403663591481724877  | 0.0022615265825922437927  | -0.020766170583655471638  |
507   | 0.0089291305343712872034  | 0.0037482295937803196753  | -0.0064876002281792381418 |
508   | 0.0045703053922479261809  | 0.0017217835753206339657  | -0.02764384267871556472   |
509   | 0.0013856011525268665478  | 0.0030281758988934567682  | -0.038158033665848571647  |
510   | 0.0076795659545298745885  | 0.0084644200852349513187  | -0.0073154341267171914265 |
511   | 0.0023008766463560666356  | 0.0029349502002477927121  | -0.032522239494667773418  |
512   | 0.0074043528482013384884  | 0.0097664929618104835696  | -0.032894126758707287195  |
513   | 0.0056400093656218041813  | 0.0032222725666907147367  | -0.029991421999141731902  |
514   | 0.0069527269921760351257  | 0.0016147443726328969665  | -0.0031421333724899972589 |
515   | 0.0076301070431391620694  | 0.0056452825233010688749  | -0.015168836010908756315  |
516   | 0.0042578004790016256431  | 0.0010418315162081142385  | -0.003442489533570329812  |
517   | 0.0075133840652046599354  | 0.0055414558189989361961  | -0.026693002247485136946  |
518   | 0.0032545108184170359195  | 0.0029144237002366483666  | -0.016786427522112051108  |
519   | 0.001938300879720909406   | 0.0036613608095916118541  | -0.031026942743125767582  |
520   | 0.0028417059482443753071  | 0.0033479040447904283816  | -0.033673961648422269521  |
521   | 0.0042687513480075952796  | 0.0059141274966100108521  | -0.011158267866796788351  |
522   | 0.0029154167608811975589  | 0.0034857577455246788016  | -0.0086378314117898005037 |
523   | 0.0014947755845282080078  | 0.0083970999342676249516  | -0.0129337597432318957    |
524   | 0.0087717794433427240253  | 0.0012771986583079584978  | -0.017483884079350506952  |
525   | 0.0034052503558763117832  | 0.00058290876917063314758 | -0.037285655225109834432  |
526   | 0.00032083454971022399389 | 0.0055542012485464984164  | -0.0084846536141364430755 |
527   | 0.0091982618917477790288  | 0.0053332503911545717235  | -0.011048563226980242721  |
528   | 0.0087600985656569336363  | 0.0023409162465955748664  | -0.015405011295428620507  |
529   | 0.0066856986444073984374  | 0.0056830613939171676502  | -0.023039239834930353573  |
530   | 0.0034247863347447752777  | 0.0065796714128692306012  | -0.0039071938454518931674 |
531   | 0.0037875810402559816417  | 0.0039918126600793487832  | -0.02146587915102639299   |
532   | 0.0047749474101339362334  | 0.0037288777225801517622  | -0.00041872698881358056495 |
533   | 0.00027928661313070333571 | 0.005730818000789441799   | -0.0098990371336299034372 |
534   | 0.0022930359879080965992  | 0.0040451940684386716168  | -0.014260042747935804119  |
535   | 0.00039239311002870104353 | 0.0084979333398941536704  | -0.028358697034785811802  |
536   | 0.00018507984985532418372 | 0.00015900624015812396669 | -0.004104218894267722996  |
537   | 0.0022581415143634571766  | 0.0041981568269017716447  | -0.012970554280194021221  |
538   | 0.0085613967520164809683  | 0.0016580085857291432336  | -0.037903079865330480125  |
539   | 0.0092595364779849836934  | 0.0060428806346501983196  | -0.0052566651288869330194 |
540   | 0.0048306680673772008083  | 0.0060418139402272520028  | -0.023760538177838023272  |
541   | 0.0017449618953594245741  | 0.00049104154792664860951 | -0.017148680090551097349  |
542   | 0.0064541228244591325458  | 0.0027253955532297504533  | -0.010733188411205341756  |
543   | 0.007889658771456200051   | 0.0061091839945260056205  | -0.0080421645677534112084 |
544   | 0.0045268237763339633922  | 0.0035712356932552954784  | -0.028708159906200104994  |
545   | 0.0083444794440378569633  | 0.0085622563885475646422  | -0.02111542191424294751   |
546   | 8.9962841535469852475e-05 | 0.0081235256787250235966  | -0.031897225688206756744  |
547   | 0.0030929770121133344334  | 0.0035102661823535382529  | -0.0043840651265670193756 |
548   | 0.0040839371688805884905  | 0.0030672410686345802887  | -0.031781262209125173135  |
549   | 0.00077786212473340431064 | 0.0085951820389781989629  | -0.034219341008233518375  |
550   | 0.0035025721376076325575  | 0.0041440646607182954342  | -0.0098851911071896839817 |
551   | 0.0062924089329745407084  | 0.0023916877017410523992  | -0.031373090363189207186  |
552   | 0.0048413552948038830054  | 0.0054860101265841211549  | -0.016493613863846706691  |
553   | 0.003113603727958347625   | 0.0049567783996629904281  | -0.021542651806377478146  |
554   | 0.0017176761530487375407  | 0.0089197423411371719315  | -0.020264783952675908402  |
555   | 0.006996315472027730617   | 0.0035351772479645928934  | -0.0047504593687077217509 |
556   | 0.0032470334338577451667  | 0.007822472784559057063   | -0.0086857410149401067384 |
557   | 0.0055005500067013823884  | 0.0054213738394139681862  | -0.031987500394864969155  |
558   | 0.0027606062553191135917  | 0.0057995941594444393521  | 0.00034863061445012440837 |
559   | 0.0070527275808907937543  | 0.0010752147485790441387  | -0.001780172322878045485  |
560   | 0.005485142049738780945   | 0.003634407225457167781   | -0.027977766424712904869  |
561   | 0.0005720866922051311837  | 0.0061549886642635158462  | -0.00052746088930020107368 |
562   | 0.0044930897566420116562  | 0.0070642979810360837303  | -0.0049630983552629405822 |
563   | 0.0070899144677646214197  | 0.0043777369305700968016  | -0.020894003818792524635  |
564   | 0.004750049103178677519   | 0.0072404942252898554442  | -0.029113804119376210378  |
565   | 0.0072035524342984021476  | 0.0049341246931189032196  | -0.03715434645626445459   |
566   | 0.0042084179330250919698  | 0.00896882864571469339    | -0.031948963814379754966  |
567   | 0.0088394421010817882112  | 0.00094974704982307342743 | -0.0051141552780558079822 |
568   | 0.0070832159945529013165  | 0.0011334302349215754063  | -0.038227013243738665327  |
569   | 0.0048932624094336135342  | 0.0039165723149243410542  | -0.025694260061698094566  |
570   | 0.0062595919025633392843  | 0.0098051595902479415923  | -0.0047459770922449037375 |
571   | 0.0097957406957383114099  | 0.0065143623540761816729  | -0.035561107489527572778  |
572   | 0.0042133246724193858593  | 0.00026504698809255597359 | -0.0069118052547152671397 |
573   | 0.00095483936461072038346 | 0.00691837682496132967    | -0.011078550979952290698  |
574   | 0.0066319191399791541444  | 0.0090366352853066874568  | -0.013322543184726426055  |
575   | 0.0050506519960949189732  | 0.00029667575557159919829 | -0.028192911229838336917  |
576   | 0.0059222596057199690042  | 0.0027052286588418964636  | -0.0099593641055665243361 |
577   | 0.0024745741937280863083  | 0.007986502692835918335   | -0.032739164823734130672  |
578   | 0.0034891070755126850529  | 0.0074127683351701764702  | -0.014426211797053074132  |
579   | 0.0048723721234982730541  | 0.00043742115549060271891 | -0.024661298298841130561  |
580   | 0.0064316993847383903751  | 0.0024858827751575735682  | -0.022205849844823911943  |
581   | 0.0080539385633255182462  | 0.0069962989633281409685  | -0.011303126225267379548  |
582   | 0.0041752240839456247062  | 0.0072972330516121496416  | -0.001861986479803372967  |
583   | 0.009252960815061581773   | 0.0077064924018945876044  | -0.018764608776213952818  |
584   | 0.0053344588378813079937  | 0.0087260658525939362867  | -0.03097955102586611581   |
585   | 0.0035480529808636428017  | 0.0025337060985775867843  | -0.016197705504171825558  |
586   | 0.0076543355459154508239  | 0.0088976398941691039329  | -0.022877897547764855513  |
587   | 0.0018141055350190961847  | 0.0033828324806586896126  | -0.027296801424644707296  |
588   | 0.0082196089010808243147  | 0.0041072372738121601388  | -0.028268201731185129549  |
589   | 0.0035042058759390836732  | 0.0070503580513333573287  | -0.017726925663394520888  |
590   | 0.0003357940707383513107  | 0.0092886638357391401732  | -0.01490644023744649993   |
591   | 0.0030167708025168652429  | 0.0033736381356014393494  | -0.0097597700101664242034 |
592   | 0.0031027030968935548697  | 0.00072065157301532951732 | -0.032499212880702579853  |
593   | 0.0081464991099268746488  | 0.008126424147061052719   | -0.026950384450848810514  |
594   | 0.0093541983480908974524  | 0.0072879126020407893061  | -0.005600606898620527109  |
595   | 0.0024990664227771755557  | 0.0079966465181336900819  | -0.011284896181464517881  |
596   | 0.0099857937253929190957  | 0.0075559756939391877276  | -0.022695327068368756351  |
597   | 0.0028809208029738934617  | 0.0080200428344797212304  | -0.023005030540287744328  |
598   | 0.0043292720273967232394  | 0.0044773443839185005783  | -0.024819465245709864537  |
599   | 0.00013990550744628904578 | 0.0069717006230644428671  | -0.0055539207554087186014 |
600   | 0.0011767198750854310999  | 0.0014629842265476496362  | -0.027268492010246610929  |
601   | 0.0015823392295593063407  | 0.00095777081547746922927 | -0.029683450779863864571  |
602   | 0.0065842013367103120053  | 0.006281584471022893211   | -0.022118262503078425785  |
603   | 0.0025154475875517573295  | 0.0024770072806842820604  | -0.023506416511046079182  |
604   | 0.0092667071627271085932  | 0.0077606821507603266155  | -0.032799199043976323686  |
605   | 0.0070340158966782926134  | 0.007531160497086269133   | -0.025937574387934078657  |
606   | 0.0089186833168992205728  | 0.0024057452912109949204  | -0.031389600216775274955  |
607   | 0.0017476580056039893018  | 0.00078699950767728164749 | -0.036420948500264442582  |
608   | 0.004034847821979778773   | 0.0069647566245391347162  | -0.0078572247208458598916 |
609   | 0.00039048345239071696397 | 0.00013338125771199715788 | -0.017662215220376892288  |
610   | 0.00054302713057392002025 | 0.0019971853824873957682  | -0.037557690467237794807  |
611   | 0.0047954951305618628496  | 0.0056912151122907699008  | -0.023935442671959135386  |
612   | 0.0047571999844435389898  | 0.0085661005058055520595  | -0.0012995264884395577466 |
613   | 0.0065858807952097388888  | 0.0096882098759243362451  | -0.027051009681194542605  |
614   | 0.004637945319462545915   | 0.003044237222182584815   | -0.032046205997078448802  |
615   | 0.0011731718856657217306  | 0.0089213111943166091555  | -0.0064946504632256698772 |
616   | 0.0092949020477252671663  | 0.0038641706244327421634  | -0.0041273006093143103576 |
617   | 0.0065728667855944750142  | 0.0030828165853712488111  | -0.0058871507691391064196 |
618   | 0.0021826728260785320523  | 0.0070236388208293311711  | -0.013007304140304924711  |
619   | 0.002095813291957565952   | 0.008593008117525067005   | -0.0076391436837803449941 |
620   | 0.0077360783964159915774  | 0.00400393141423488301    | -0.0089828332935896048478 |
621   | 0.0044102550812992651411  | 0.0058054835245526254656  | -0.027849847420037349144  |
622   | 0.0019951637505150735842  | 0.009006995441342216524   | -0.028856098184177721849  |
623   | 0.0031259097938597423319  | 0.0027820152484768767565  | -0.018284571191570873211  |
624   | 0.00014341420907314960049 | 0.0053250328144226121915  | -0.0065703665265196328077 |
625   | 0.0067163820546095867256  | 0.0058451829954621198349  | -0.019291659162987830761  |
626   | 0.0016324506776605491199  | 0.00028038437529594764349 | -0.0073095805591229566847 |
627   | 0.0054611568949413250365  | 0.0095070972062407266973  | -0.026868403172008240021  |
628   | 0.0070405630027080201225  | 0.0082379246595853643925  | -0.00062171585439092617864 |
629   | 0.0075348712641034086904  | 0.0067490331798984648168  | -0.022521105190985452743  |
630   | 0.0061322199365448437983  | 0.009444062037668326387   | -0.017415207137294001077  |
631   | 0.008883329941057107812   | 0.0051854231180844465032  | -0.019293876198217197598  |
632   | 0.0052931622207321197757  | 0.006974432408588658594   | -0.030621689541832097098  |
633   | 0.0049394928283995930343  | 0.0018488470544265628998  | -0.016162529123852815288  |
634   | 0.0036389376111810030172  | 0.0038925915508628916931  | -0.0075518535520798721339 |
635   | 0.0015170967583945165705  | 0.0026525407154137314002  | -0.007961304101896000962  |
636   | 0.00074770382212262502964 | 0.0071406807433436209759  | -0.0140494557335045199    |
637   | 0.0062047896683794321465  | 0.0027224227079082241772  | -0.038319190114135218139  |
638   | 9.8764156134194310151e-05 | 0.0025465492142412553267  | -0.027018566661271954665  |
639   | 0.0070842622783985941329  | 0.0023064738100275670139  | -0.018870216921454657788  |
640   | 0.0031120276638341320442  | 0.00049962109906684555333 | -0.010793452635580845153  |
641   | 0.005861888284339803433   | 0.0079153678377515777204  | -0.009788676039240259974  |
642   | 0.00091587776262933885685 | 0.0087605360640906747988  | -0.0078034599126917420647 |
643   | 0.0089496037856204493227  | 0.0059878826802525347839  | -0.0029229071345255324028 |
644   | 0.0054203401402648510032  | 0.0093206504954922615724  | -0.029548871063451533081  |
645   | 0.0034716596262055871534  | 0.0093703597538165629699  | 0.00056684623170872704828 |
646   | 0.0023004250234552351892  | 0.0018424095549367679094  | -0.01191659359441431254   |
647   | 0.0049233046821335569795  | 0.0038076451075620110741  | -0.024536305854534874726  |
648   | 0.0040856293952317756027  | 0.0062648957461292594309  | -0.027029611858677034253  |
649   | 0.004331497572470975263   | 0.0061277459632587492205  | -0.0041310291558558261127 |
650   | 0.0034004215728804325879  | 0.0081491873226942103392  | -0.0080951255597039029066 |
651   | 0.0046655525438106379074  | 0.0065819451024193391386  | -0.0094521603647870228865 |
652   | 0.0026028993880798860332  | 0.005748585156349443441   | -0.017292640321250926649  |
653   | 0.0064758783274076643643  | 0.0048053893969222782195  | -0.0028866990441993698076 |
654   | 0.0056117915383169601068  | 0.0080485499405378874843  | -0.012024112297986336989  |
655   | 0.0051303645771272636186  | 0.0047711196077475882468  | -0.0014079140531917837872 |
656   | 0.0027964905441618449246  | 0.0028789578876812094849  | -0.0010106784015080300457 |
657   | 0.0081710829036786922913  | 0.0091884344105438615913  | -0.020255127052737697396  |
658   | 0.0056242882047398161036  | 0.0083864373909350170555  | -0.012275148882347174106  |
659   | 0.008162043808201133524   | 0.004514328679881234388   | -0.018414623080783648623  |
660   | 0.0063895306648168691266  | 0.0016324649333745672262  | -0.027589410273156429743  |
661   | 0.0010955630221609273089  | 0.0042146845710080461933  | -0.017037515933793739853  |
662   | 0.0043375877633216155041  | 0.0081323782322522426141  | -0.0031902861996143134365 |
663   | 0.0077463970385170831043  | 0.0019599052223589993361  | -0.025220776265425400714  |
664   | 0.0044266899683468603072  | 0.0026593133700078585083  | -0.011676247414343345066  |
665   | 0.0021980417502636046857  | 0.0057036909082566356749  | -0.0045056321829466221274 |
666   | 0.0062601481155065497389  | 0.00093825815572509056565 | -0.025214172678978935549  |
667   | 0.0084102788821565042932  | 0.0020647822917392107296  | -0.016172182663429394978  |
668   | 0.0055261275583133135855  | 0.0016950760212618364801  | -0.0090430239551121168601 |
669   | 0.0091508015129477520561  | 0.0024862721405654580192  | -0.026447708705614303426  |
670   | 0.0020467353863022502182  | 0.0059226125386201179668  | -0.012519763469492004027  |
671   | 0.0021848495401624676987  | 0.0079370059522982060185  | -0.027359926704023762589  |
672   | 0.0098952555410131114166  | 0.0058398543191015804543  | -0.01964549779536188881   |
673   | 0.008061905556156661809   | 0.004919559447222599663   | -0.036133193701874344317  |
674   | 0.0072614356525423622707  | 0.0024499429208185556119  | -0.018228035101162807369  |
675   | 0.0025535383963482703382  | 0.0040312225074987636034  | -0.031811928914487967723  |
676   | 0.0023939688626611497699  | 0.0099219802541930281203  | -0.0050196412911530001802 |
677   | 0.0062500591796653603635  | 0.0027887254354652894067  | -0.023183334174006645784  |
678   | 0.0023985690231536098069  | 0.0029108161067420458556  | -0.0039144034204694113516 |
679   | 0.0039095923254601726293  | 0.0074694002440380607641  | -0.010957454230042247556  |
680   | 0.0015880029650615318064  | 0.0068379359078215564902  | -0.021941114157104490284  |
681   | 0.0040139208449364643591  | 0.0014087890276703351252  | -0.010022411731877643726  |
682   | 0.0012780790982390090489  | 0.0008661643102265976623  | -0.019566302354906313365  |
683   | 0.0044766592707504030205  | 0.0053666200364941539502  | -0.0066770410793856481077 |
684   | 0.00062549142836082417991 | 0.001989923058263818028   | -0.028318279467548775757  |
685   | 0.0059479902824218448126  | 0.0017005776371625887407  | -0.03315167862633312118   |
686   | 0.0052894022085560009339  | 0.0037985139823779384347  | -0.028708783624557504544  |
687   | 0.0080050482878815977517  | 0.0048721120545035159072  | -0.014802126815596054754  |
688   | 0.0036161125607307178197  | 0.0071830492093206141715  | -0.01105043359909279807   |
689   | 0.0049481831168940795806  | 0.0066672765940806542201  | -0.0048805596485327661441 |
690   | 0.006299379768377627066   | 0.0067180459103980839225  | -0.017514816347002182956  |
691   | 0.007781415826462682872   | 0.0044594495046598094795  | -0.017836187198312338648  |
692   | 0.0070347349290710925809  | 0.0082364495444355121517  | -0.023007407421537465209  |
693   | 0.0075894187550623586763  | 0.0037610111203204526879  | -0.026120983344207947263  |
694   | 0.0077175679689824279797  | 0.0093919277971901190399  | -0.019943412238988718344  |
695   | 0.0047730188580751634064  | 0.0082359145770504044171  | -0.033176725385921500278  |
696   | 0.0020468561031626560445  | 0.0025850882647559646904  | -0.02559272628316038023   |
697   | 0.0063383194221259073903  | 0.0045174546392916558116  | -0.02601763155818706888   |
698   | 0.0019121857324917942728  | 0.0088055876666170238704  | -0.025013831025664092639  |
699   | 0.0079722755212811823033  | 0.0010425598200413531587  | -0.020020655543150422256  |
700   | 0.0058496271012857111934  | 0.0019295931280249249262  | -0.010203529858810213293  |
701   | 0.0050213482926560271472  | 0.0061709519285289221938  | -0.029784430110389736174  |
702   | 0.0053970238252638337573  | 0.0068197936195396949288  | -0.025574301159613586909  |
703   | 0.0040903004031819538075  | 0.0055232775348073399543  | -0.0307959508977175625    |
704   | 0.0028115533348227832698  | 0.0089223922698293683942  | -0.014092432374173059079  |
705   | 0.0025627682435616799296  | 0.0091639186850234807119  | -0.0069514099985825399813 |
706   | 0.00094839713812465756531 | 0.0082938063787308374114  | -0.033356937406798160828  |
707   | 0.0015478833459007627915  | 0.0082100101598980308043  | -0.034091331588716772272  |
708   | 0.007066681240363146925   | 0.0044621636316090384014  | -0.013288599193382230265  |
709   | 0.0046234782329003408161  | 0.0019870138237214757249  | -0.023507214571598503139  |
710   | 0.0057865234680751082008  | 0.009182390637476983003   | -0.019867137603700704002  |
711   | 0.00063047304493168575181 | 0.0070984382506288504558  | -0.022935611232048465358  |
712   | 0.0045391642985417521294  | 0.0051461933037900003951  | -0.033435449474049167007  |
713   | 0.00085450468435468128481 | 0.0060275207255814271592  | -0.028283989702820967055  |
714   | 0.0011288105900187990656  | 0.0054216098179864303033  | -0.034217299245237899064  |
715   | 0.0046534992403403198716  | 0.009082538679991744579   | -0.028353206831916794722  |
716   | 0.00013496544675995104804 | 0.0075423940803504788827  | -0.022247716999105243696  |
717   | 0.0028855668988318067258  | 0.0089456416974724086572  | -0.012015262713608429804  |
718   | 0.0043903808956118044876  | 0.0069337578114818153655  | -0.019687942722732745121  |
719   | 0.0092711125907433706433  | 0.0041969106792021614039  | -0.032932368194249848903  |
720   | 0.0066598524509988311221  | 0.007865984339857554769   | -0.037676917001532063412  |
721   | 0.0069357899380320491012  | 0.0048801334327961496534  | -0.020798760998680596024  |
722   | 0.0021325869170378650326  | 0.006712763890344849993   | -0.0092719905496578339243 |
723   | 0.0042218838007658460523  | 0.0049120474849828057659  | -0.014130780303485055566  |
724   | 0.0073247288289401708133  | 0.0054396431384799229236  | -0.021419725500226340087  |
725   | 0.0087790429120121644957  | 0.0063609255461598828568  | -0.015622975773748380354  |
726   | 0.0030663997790839948344  | 0.0071141560131907652723  | -0.015756385502451633607  |
727   | 0.0033337169851265558741  | 0.0030276014904971441932  | -0.014187935846483970201  |
728   | 0.0049574568424325315616  | 0.00058868335586997628389 | -0.0049898182519476762947 |
729   | 0.0099310771815654258488  | 0.006298820836653308379   | -0.022135780552900153478  |
730   | 0.0084654071692363101753  | 0.0028517544920552352801  | -0.0055654813702064485567 |
731   | 0.005831557886809061314   | 0.0018455723784703244924  | -0.018568837501396533163  |
732   | 0.0043309575505040840207  | 0.009874824044332904463   | -0.037741266195103088943  |
733   | 0.0080507560205673161374  | 0.0084443355862698927378  | -0.020512464259672277822  |
734   | 0.0050947161395851515986  | 0.0043949692130869164736  | -0.021473894685486015488  |
735   | 0.0045854653360667312414  | 0.00031534260003839996618 | -0.0096891296267275304338 |
736   | 0.0093338483565637616474  | 0.00029363123429421145432 | -0.0026690247399736243515 |
737   | 0.0061317133434460116548  | 0.0080156980476972280319  | -0.015100175800555457398  |
738   | 0.0023007223012401364047  | 0.0072898377376880742207  | -0.026496559268244790353  |
739   | 0.0071360357365282886533  | 0.0008063659170910322067  | -0.035410598445832809633  |
740   | 0.0066050408044517954984  | 0.0033589051365038582672  | -0.030113629088181621124  |
741   | 0.0017508476944956244577  | 0.0068734787172781133466  | -0.005145269006272935354  |
742   | 0.00082129245105887617277 | 0.0046460335226602422765  | -0.003723426241367555449  |
743   | 0.0035949714151779148079  | 0.0047250079719232214101  | -0.033584500854464023611  |
744   | 0.0089237854164944622332  | 0.0049896650337149543383  | -0.021782987363105590917  |
745   | 0.0016717137118572255282  | 0.0064536602460306003587  | -0.02430566105571986546   |
746   | 0.0068309278442985794932  | 0.0036404573309043236282  | -0.0065582377922375548196 |
747   | 0.0045988454534755208655  | 0.00058503759027361357335 | -0.014723536236204931224  |
748   | 0.0086067371394912030313  | 0.0031800767081297991526  | -0.023430527571235943568  |
749   | 0.0099646212059683256235  | 0.0041457040350882257834  | -0.027120407904396345161  |
750   | 0.0080700240960925075095  | 0.0019174331665772908779  | -0.007833585173172084859  |
751   | 0.0045209590163419986764  | 0.0067680131171349950867  | 0.00075491277413544134994 |
752   | 0.0020378364409344264588  | 0.0087021988359889616144  | -0.020210318277827848954  |
753   | 0.0073632635113019132347  | 0.0089722622628210096929  | -0.0091328079011484594035 |
754   | 0.0059964853448062800656  | 0.0080427988754357172818  | -0.010833510116092018999  |
755   | 0.0013817300501275677459  | 0.008114140003332182341   | -0.015447587476828608319  |
756   | 0.008482262945673642654   | 0.0091168995821277326597  | -0.011720980360249516616  |
757   | 0.006381260210824586665   | 0.0044045501998117965806  | -0.024513461099722209935  |
758   | 0.0030977970125174668879  | 0.0023361459768513940204  | -0.024713507328460740387  |
759   | 0.0042248188828254333929  | 0.0099643418948695879761  | -0.015241666531696585266  |
760   | 0.0015394761785491287327  | 0.0096066650246595906848  | -0.018044649210611714979  |
761   | 0.0033674374306763084526  | 0.0088327126278551267718  | -0.0276584372591114451    |
762   | 0.0079172740305247582548  | 0.0037718286466409565658  | -0.018103992121691416667  |
763   | 0.0081519256192372265696  | 0.0040026602118728672394  | -0.017603779733997924895  |
764   | 0.0065212203928238328052  | 0.0050509235215906323618  | -0.020936591458324368964  |
765   | 0.0019826991481306389248  | 0.0050174507585343426641  | -0.014353770177922733908  |
766   | 0.0077196269133552311223  | 0.0068520567632192920515  | -0.034495361870318590192  |
767   | 0.0052880915572564111266  | 0.0020712965071687191622  | -0.023499727199638255348  |
768   | 0.0036008356867519310772  | 0.00052182978012805885347 | -0.026405231702021192408  |
769   | 0.0014566976032602541036  | 0.0056381136197192508949  | -0.014427694091828579051  |
770   | 0.0010447966085316417063  | 0.0089049864783407543106  | -0.006478000917522559049  |
771   | 0.007173458356372805142   | 0.0062353860972375494895  | -0.010356775956524892635  |
772   | 0.0029449085540870913007  | 0.0094744774470035021674  | -0.034719990269468516131  |
773   | 0.00052058006211830364432 | 0.0018958175025321362915  | -0.0097148591563952311351 |
774   | 0.0076250134754611243945  | 0.0088941056984518825079  | -0.024880509196334357064  |
775   | 0.0085139446207304347869  | 0.0041011582092760571344  | -0.019878665264789305289  |
776   | 0.0032469708262242206152  | 0.0056512613005565296223  | -0.026493902422043837108  |
777   | 0.0086341145732801195811  | 0.0051962477857615714527  | -0.0064665711252985310503 |
778   | 0.0019705459994950108235  | 0.00010439044673821131946 | -0.0040293537671017946866 |
779   | 0.0049141926337167730204  | 0.0043325033130392869019  | -0.0094104314596296454593 |
780   | 0.0077672246196575983265  | 0.0061885755390972806839  | -0.026745655656936817568  |
781   | 0.0020914873325479643729  | 0.0033323046421356019783  | -0.0065579538558215863878 |
782   | 0.0016943266131464608092  | 0.003229627853860357091   | -0.030973315342036726594  |
783   | 0.0029904636686042926526  | 0.0056008231193581062973  | -0.0064835203087634674796 |
784   | 0.0082715018621781159075  | 0.0037320351347859912622  | -0.025798691708602623091  |
785   | 0.0014396190438878944586  | 0.00060459467330700007118 | -0.021685826410611168391  |
786   | 0.0041125678558656059494  | 0.0064953669938685523744  | -0.01453706770533907261   |
787   | 0.0026335885592337140992  | 0.0011296949978203494475  | -0.0029335817838480617546 |
788   | 0.00083522270114491572058 | 0.0060860345790914273031  | -0.02631555463067087805   |
789   | 0.0053326290294381274715  | 0.0052602534536751047525  | -0.030404407558333408634  |
790   | 0.004914659959166146723   | 0.0042211722294278721315  | -0.020470621058496545758  |
791   | 0.001271602387037874338   | 0.0091023024122478275039  | -0.031127486768609907708  |
792   | 0.0032650212527951228379  | 0.0022703009987714078619  | -0.010119645754056143944  |
793   | 0.0061905085760258146688  | 0.0015697509213427301555  | -0.0046554816832322949011 |
794   | 0.0094090047499509436857  | 0.006121167203690883879   | -0.038279950378416319201  |
795   | 0.0041759423292277867215  | 0.007013300607948205756   | -0.021950659305191022597  |
796   | 0.0046646501574236325094  | 0.00672802023164568129    | -0.0064421995447401115414 |
797   | 0.0019572469571269147763  | 0.0066774696380958497091  | -0.021553621557397255326  |
798   | 0.0029603456938939332749  | 0.00053768758043838086203 | -0.0038567788093283802975 |
799   | 0.0069984046306737620821  | 0.0023988622941481661972  | -0.031768792122913100395  |
800   | 0.0070047418223689898384  | 0.0080244820725040490877  | -0.016518541322603708804  |
801   | 2.6394841424628816533e-05 | 0.0020394302005644010869  | -0.006055411893943019562  |
802   | 0.0031174872851891114248  | 0.0095404342109125586657  | -0.016360487349702048515  |
803   | 0.0079282477091626168964  | 0.0083664954067280781352  | -0.010030036272506910253  |
804   | 0.00089886294381010293456 | 0.0039811836556919054028  | -0.031301627317494570835  |
805   | 0.0028582699446368965701  | 0.0040465314017642146915  | -0.017974392372301674359  |
806   | 0.0024038147871665660818  | 0.0039102904536736848504  | -0.007028676839961230105  |
807   | 0.0019472366064837644435  | 0.0082068041613168520726  | -0.0046130389098349962665 |
808   | 8.4133113041479174409e-05 | 0.0021807513276662017672  | -0.032331091689800951772  |
809   | 0.0031096004965794577998  | 0.0041790096902505234275  | -0.022958699086354734942  |
810   | 0.0070301079979428219777  | 0.0035128897208019644986  | -0.004945784554768805491  |
811   | 0.007520016741146815821   | 0.0027097416602030830607  | -0.036838997601048868724  |
812   | 0.0083812143374420253888  | 0.0049576411724650505317  | -0.029340051985510217508  |
813   | 0.0062668243289007606253  | 0.0046653571995550636303  | -0.010394336778764839621  |
814   | 0.0045165210614205456366  | 0.0075106293858038268227  | -0.026353959095572320609  |
815   | 0.0041960529941559637432  | 0.003600306119051309775   | -0.025404199339778332778  |
816   | 0.0032338943211675662444  | 0.0041117489990793914048  | -0.02547598932334272856   |
817   | 0.0090576660554183459351  | 0.0015008289772819179923  | -0.0071782848910773812065 |
818   | 0.0076697795118114602334  | 0.0053280166571028587594  | -0.0078836808613152748598 |
819   | 0.0033596924603457459582  | 0.0059321399429192837871  | -0.013540916310775766296  |
820   | 8.2798186230168699059e-05 | 0.0015366662860472612984  | -0.01647248160626343938   |
821   | 0.0066283107989362714113  | 0.0095525345280738221954  | -0.0092061551331601744474 |
822   | 0.0023380096134726826435  | 0.0066560965269837615507  | -0.014398578807687467673  |
823   | 0.0032858601732039948058  | 0.0026127908882943389444  | -0.035243519590517906337  |
824   | 0.0058930954301335911755  | 0.0016938299070643444196  | -0.021877392258796417301  |
825   | 0.0064565676734360663222  | 0.0056306292140661179726  | -0.026579992820706919293  |
826   | 0.0076888029067985882645  | 0.0068949703139404624336  | -0.025556693297251329572  |
827   | 0.0090260562555803305201  | 0.0073767943451624497231  | -0.0038012495808913606549 |
828   | 0.0001303267949780173606  | 0.0050282913069501942657  | -0.025510372758009394745  |
829   | 0.0012324219524586944169  | 0.0073553848069804524806  | -0.01156271569416345707   |
830   | 0.0028041442304359539064  | 0.0039339006747180702006  | -0.0047437782176327917064 |
831   | 0.0039127098134443261124  | 0.0076125647257703175919  | -0.0023451068612896047542 |
832   | 0.0054651681485604931832  | 0.0023271848245203928703  | -0.013844314994022150975  |
833   | 0.0090488185238098220453  | 0.0048386304224985387731  | -0.0093744499243960284496 |
834   | 0.0047319273257501997393  | 0.0079107625041990869974  | -0.031797675640626875404  |
835   | 0.0075042806214010264465  | 0.0094532538434540687444  | -0.024045141612926757002  |
836   | 0.0098720410210161972653  | 0.0011058269734382985758  | -0.013783461676750256852  |
837   | 0.0081058313460380775062  | 0.0026878836218384681567  | -0.01171446855150838455   |
838   | 0.0066003988133139512851  | 0.0013470028163689844874  | -0.029075188124486880947  |
839   | 0.006741442788071088689   | 0.0026976641946387892521  | -0.0045654592561418169683 |
840   | 0.0092264180418987502136  | 0.00052361968465559969969 | -0.012292422740832751812  |
841   | 0.0064147455326006306078  | 0.0011600558339993989523  | 0.00024962445177822425394 |
842   | 0.0028837143900749275492  | 0.0065612627021245355924  | -0.0046248405417350568411 |
843   | 0.0065879935076698257698  | 0.0073665448338215084104  | -0.025076844156620540366  |
844   | 0.0038333746344965382788  | 0.0012352575239148635543  | -0.018643764231199094761  |
845   | 0.0096427791549937684479  | 0.0024930136496491765545  | -0.0010263450186399198077 |
846   | 0.0086313940103321523667  | 0.0022845328515787022283  | -0.010206260729783778532  |
847   | 0.0092636222740632469252  | 0.0074846680308626517206  | -0.014107445947079012144  |
848   | 0.0043694168358869708499  | 0.0015293209476532957074  | -0.0017454232944748326092 |
849   | 0.0062916230094965846023  | 0.0051457579254229309298  | -0.0010733900903211982415 |
850   | 0.0040823823036770330239  | 0.0035704592740486832715  | -0.016463987203457076947  |
851   | 0.0050223266760001774103  | 0.0067499423765437415942  | -0.031675838854735960393  |
852   | 0.0051500723694425046967  | 0.0088431379088359154256  | -0.020722578694961673457  |
853   | 0.0092841720064044709615  | 0.0031609391984030940637  | -0.022754702448840886247  |
854   | 0.0079819975333006668722  | 0.0093078245600169903784  | -0.0097467365051820600147 |
855   | 0.00016311690875774832103 | 0.0037286698619283724192  | -0.0033317696644773668428 |
856   | 0.0098440762299051610962  | 0.0031436899714349843954  | -0.0074009579493143975992 |
857   | 0.0082004098538401605512  | 0.0076440620004167908128  | -0.025651324213815326208  |
858   | 0.0054759253812882132187  | 0.0030611415161228465801  | -0.011405886757307710094  |
859   | 0.0020326137271511647564  | 0.0053655556905719149069  | -0.02050807422687036044   |
860   | 0.0077251535106631977201  | 0.00075878074600494176301 | -0.010884568788249102123  |
861   | 0.0011460915499985565875  | 0.0024087032394783892617  | -0.022801104814048324398  |
862   | 0.0088331860359361583784  | 0.00067732877866745781412 | -0.033183147004395077695  |
863   | 0.001161054565986630949   | 0.0073053246464847548108  | -0.0060611308310836243055 |
864   | 0.0038683043622460971944  | 0.0045048935316432756754  | -0.015044300468820862374  |
865   | 0.0057608849781479081267  | 0.0042531903067607812821  | -0.0054086831182044957378 |
866   | 0.005339013239317854688   | 0.0096733892857427793838  | -0.014137145111875365142  |
867   | 0.0049967181840142324903  | 0.0057883869728556081036  | -0.029202162089975704229  |
868   | 0.0069105217084997607943  | 0.0078566212321359296666  | -0.013714469932163728116  |
869   | 0.0037028222392760682877  | 0.0049506185763050708851  | -0.027695639435845149229  |
870   | 0.00018556164468915131434 | 0.0037565090044847830944  | -0.00021962206529535559458 |
871   | 0.0081255855847008669895  | 0.0017737505643743922083  | -0.034164190600912879014  |
872   | 0.0039751111763597878068  | 0.0022533852657230556485  | -0.035024659457376400296  |
873   | 0.0077399156425378831323  | 0.0034386950630179349137  | -0.032988511505983295069  |
874   | 0.0058202768473389222131  | 0.0014199445676838754089  | -0.0026392442645473946326 |
875   | 0.0064623410684648916608  | 0.00642263159777191079    | -0.021340097140782599699  |
876   | 0.0045069238684387448804  | 0.0015843539896722678983  | -0.0098101503322655901618 |
877   | 0.0011394129589749233625  | 0.0053073920294466293487  | -0.014299408869216115314  |
878   | 0.00041880237032373312427 | 0.0034386483617884345924  | -0.03777442195994506341   |
879   | 0.005605739596641650356   | 0.0080486525741935710521  | -0.013720722390580052108  |
880   | 0.0061580274695432158857  | 0.0055756584708501599063  | -0.011416510574603059083  |
881   | 0.0043114489267789355559  | 0.004499777605812159062   | -0.019923331488841771603  |
882   | 0.0054915011955195304483  | 0.0059371324110808988347  | -0.022548301626253475921  |
883   | 0.0074702816749393653045  | 0.0054428186373178030072  | -0.010189090149233350976  |
884   | 0.0081501298703165296622  | 0.009324285849978818097   | -0.031808880004535508568  |
885   | 0.0095384570306712400389  | 0.0014661922080768372868  | -0.018634913386187230977  |
886   | 0.0044300486757420966255  | 0.0050880416059828669287  | -0.010748909942346318233  |
887   | 0.0024829115835423524322  | 0.0016676291362846536008  | -0.033801079465359130938  |
888   | 0.0078166520880636886082  | 0.0030865010916285243875  | -0.022848350361324255148  |
889   | 0.0036835572751101022977  | 0.009650607002249702443   | -0.029245938707677950064  |
890   | 0.0054583260910647029771  | 0.0070738949174443200088  | -0.036528559619989381391  |
891   | 0.0039228002582471456147  | 0.0063620861459190766046  | -0.0057502816818697016429 |
892   | 0.0057643635429125133357  | 0.0090892597543026868584  | -0.015112739393449351258  |
893   | 0.0062465806853507152563  | 0.0048608345118476654553  | -0.014410304932581654777  |
894   | 0.006600767818731883077   | 0.0048257303234686384566  | -0.0022397451777853979657 |
895   | 0.004547356378929297456   | 0.0075590379073453319025  | -0.016755421662591564458  |
896   | 0.0021724918666037361728  | 0.0014863530732815678163  | -0.033645388773661424886  |
897   | 0.0090666986060299135236  | 0.00036066120840788071017 | -0.024626224897862893787  |
898   | 0.002356226541782937417   | 0.0042437602303645304697  | -0.036479211580871841181  |
899   | 0.0019190361818887397959  | 0.0040601177460383476581  | -0.023784278501022271257  |
900   | 0.0051608224568438229932  | 0.008427368169127612274   | -0.028749036706191846702  |
901   | 0.0051099694655516664579  | 0.0071964559627746525761  | -0.029257908229046065973  |
902   | 0.0052383323884400085149  | 0.0010192380955718219424  | -0.013356302101380220643  |
903   | 0.0061751136790371844235  | 0.0070162484476405505979  | -0.012138927642654591746  |
904   | 0.0038006158827001163686  | 0.0093365901709344337883  | -0.033368944971573943903  |
905   | 0.0072786257823028374658  | 0.0065866689772701705538  | -0.022633330010918814579  |
906   | 0.0079579642024155232416  | 0.0039615884946805138278  | -0.03319360195390719942   |
907   | 0.0036803766555109232797  | 0.0085917916307269217441  | -0.0018142298322209337615 |
908   | 0.0032340295173965711434  | 0.0047861461677779805479  | 0.00074767753221267646731 |
909   | 0.0065522673828775400764  | 0.0030307023831949750185  | -0.0013191904343021971027 |
910   | 0.0031974103304667936092  | 0.0067916902913687168808  | -0.013004015553614018189  |
911   | 0.009717357361726807613   | 0.0084181140183645451064  | -0.0053221962702176463939 |
912   | 0.0088451151547922473445  | 0.0043983612727857453184  | -0.0027809344336625148493 |
913   | 0.0060136449646072424532  | 0.0050371022446934008571  | -0.00044408387858794941966 |
914   | 0.0027522267065269809955  | 0.0041375530493800924403  | -0.018160988377864839549  |
915   | 0.0043417033164228095374  | 0.0033855359076327838815  | -0.030499769886553274728  |
916   | 0.00047225834413652882085 | 0.0035293017600805916614  | -0.037115873125394008292  |
917   | 0.0029557247719050726981  | 0.00049157336270301066946 | -0.031405154323587494702  |
918   | 0.0027200171383560704449  | 0.0033557485796690627276  | -0.0046661702006617830629 |
919   | 0.0020413004383209886784  | 0.0071569693680966113558  | -0.037583381626104250817  |
920   | 0.0085329651538869049493  | 0.0092398967252003347261  | -0.013079142116399090218  |
921   | 0.0033299132694735414546  | 0.0037379742942142061939  | -0.0048541871148310060738 |
922   | 0.0057987385680261438123  | 0.0029558893918792163158  | -0.013243049327276436647  |
923   | 0.0056487825824433693378  | 0.0077453425103894196421  | -0.012265873203382163595  |
924   | 0.00077155320097451460856 | 0.0075697658822963037259  | -0.014252033475456896833  |
925   | 0.0038240195699381796662  | 0.0038858717601849045511  | -0.034353874499325670611  |
926   | 0.0064698204294059659045  | 0.0011842733434065599255  | -0.03806188595483803172   |
927   | 0.0014133605772665390476  | 0.0067424616855176261118  | -0.013571970830615827028  |
928   | 0.004140056648678733589   | 0.0092096602678687147781  | -0.016183073680603753119  |
929   | 0.0074104728887164341908  | 0.0066555331748417755414  | 0.00068482469078073784224 |
930   | 0.0062637442064838099939  | 0.0041275633565700901861  | -0.0094766331212506067089 |
931   | 0.0048809120965253201263  | 0.0018277848266475184985  | -0.032554854819539555399  |
932   | 0.0085482265429105367543  | 0.0053524380082806011921  | -0.0078168517660151832366 |
933   | 0.0005622028283671730688  | 0.0041953163759386406101  | -0.0087062339020297085934 |
934   | 0.0032947528764150470562  | 0.0073200072933631296981  | -0.023853510371413345903  |
935   | 0.0025276641209419944793  | 0.0072100184551235650329  | -0.030279876542876043438  |
936   | 0.002943560345151158969   | 0.0024817772086216903504  | -0.033442006374166319271  |
937   | 0.0030787175851473588643  | 0.0062357379464230708668  | -0.03300842155857142135   |
938   | 0.0061997779737129748989  | 0.0026413622394455011505  | -0.027535029039366824832  |
939   | 0.0053181683569747924614  | 0.0036765307563291866819  | -0.0054385431778208271833 |
940   | 8.2073692008131392327e-05 | 0.0002263205717086010484  | -0.033871255569815718334  |
941   | 0.00070620680794157629327 | 0.0038654152604798591199  | -0.0010682801826468241082 |
942   | 0.0017847461676448320763  | 0.0033558682925429973373  | -0.017880632579727544218  |
943   | 0.0061386233854539232896  | 0.0082778173639712245013  | -0.0032611494167792015077 |
944   | 0.0092386882633090673667  | 0.0072797611005797303527  | -0.030784507945370243043  |
945   | 0.00092362455335736107741 | 0.0070815623614525037913  | -0.011997624091138262004  |
946   | 0.0074661004018077787095  | 0.0046682106919877942169  | -0.036717315855035043137  |
947   | 0.0083717677785575244503  | 0.0074886794324627008884  | -0.0064335161108257463841 |
948   | 0.0080815965847229834923  | 0.0066562826059807216755  | -0.031295023730930938977  |
949   | 0.0061342575407290428693  | 0.00061681332444408890937 | -0.029935306544599273731  |
950   | 0.0056612186681834269705  | 0.0085778083579086932681  | -0.023200468478986109588  |
951   | 0.0039001521634739822267  | 0.005782633849528515807   | -0.0075809938653515901441 |
952   | 0.00024265623411148006861 | 0.0067495682618914330797  | -0.0300440182559787404    |
953   | 0.0078076950109743550182  | 0.0064520277966542399078  | -0.037395940015566668524  |
954   | 0.0027178112280638604299  | 0.0016052839872446658925  | -0.015285723073656014639  |
955   | 0.0034946610093765516532  | 0.00034931496220333467864 | -0.013325532079626611903  |
956   | 0.0062470762794375883642  | 0.0031412268596199086762  | -0.019690751508400612668  |
957   | 0.0070595064213640843637  | 0.0054076744573358483462  | -0.024849624313373140649  |
958   | 0.0063966427291685485843  | 0.0087888160702498958204  | -0.019011419572548524104  |
959   | 0.0020296268275210005948  | 0.009713843411984415116   | -0.019007429434212325114  |
960   | 0.0035656643190741408797  | 0.0047762585991756676546  | -0.010898582327087933536  |
961   | 0.0032846165442843465107  | 0.0074342765400543823692  | -0.030208153906212224793  |
962   | 0.0071471195595444207346  | 0.004249704841385845526   | -0.018282824225178427591  |
963   | 0.0061440173379928254491  | 4.0110130210365886898e-05 | -0.028396205363238048031  |
964   | 0.0040624604397580515308  | 0.0066345541712215109001  | -0.01661982239889272725   |
965   | 0.00038316606154296993601 | 0.0090236058925345086212  | -0.034495487191020295092  |
966   | 0.007461689044147738932   | 0.0099922448305332436935  | -0.013676712332646265291  |
967   | 0.0030621778147019865571  | 0.0054919187968162945165  | -0.027213948449465626134  |
968   | 0.0047337275338056672772  | 0.0017080889482571175435  | -0.0032580411811976169555 |
969   | 0.0063439423385588215865  | 0.0016785045786615524193  | -0.03626648392310371366   |
970   | 0.00314303025173197359    | 0.0031988972595199871227  | -0.015763842058231742477  |
971   | 0.0088178401364236991267  | 0.0071275477883611017965  | -0.026998882126791783759  |
972   | 0.0071825240940314163604  | 0.0072147189626829482875  | -0.023604280311342144827  |
973   | 0.0055259597966614741951  | 7.7196612635782311846e-05 | -0.017709227963739922196  |
974   | 0.006952830272273891922   | 0.0025532080010556824044  | -0.033798517789620341478  |
975   | 0.0011998472276363442157  | 0.0034411350322437125882  | -0.01598464016312748856   |
976   | 0.0021506660037042468411  | 0.0074328525873238937213  | -0.00094181570264643943956 |
977   | 0.0066003942286390294633  | 0.0084768024826429189816  | -0.010004703738566425239  |
978   | 0.0063963082207155299089  | 0.0049302284341907615106  | -0.020240606912889414631  |
979   | 0.0083727665091859367064  | 0.0014039925459409993962  | -0.037376486339071882115  |
980   | 0.0042702750492940397958  | 0.0063959605323353338133  | -0.028533451725212304745  |
981   | 0.0094983155435334944844  | 0.0016798771484511846978  | -0.031237334658236540208  |
982   | 0.00045551484632167860752 | 0.0068224220753496083586  | -0.010375687888829719652  |
983   | 0.0046876126386989347417  | 0.0070853368557596621558  | -0.027279492899696791697  |
984   | 0.0042050307232499107082  | 0.0059124259995541241647  | -0.029150015634831192429  |
985   | 0.00971933149047577577    | 0.0015167568493751368112  | -0.029745327206463414299  |
986   | 0.0012429090891806012127  | 0.0057240876772873990064  | -0.037887559719637788069  |
987   | 0.0066592000961519662652  | 0.0059974646040372517342  | -0.027950831171907532247  |
988   | 0.0038718271159714789421  | 0.0091584617161234432164  | -0.006059664020388545215  |
989   | 0.00178548167298005038    | 0.0025640093281788720048  | -0.032466918273946300533  |
990   | 0.0051202304368992588787  | 0.0042471704531959102516  | -0.022156789736739974234  |
991   | 0.00081513577655088385269 | 0.0099638911451706314859  | -0.034868585901165614904  |
992   | 0.0022200727248675748357  | 0.0098381130121642790254  | -0.0010424236104433928871 |
993   | 0.0016313234974012363627  | 0.0012876197266676028732  | -0.0030240999771233515597 |
994   | 0.0087265634581993982433  | 0.0046784405673579885707  | -0.013605965808823079072  |
995   | 0.00038135389323357355221 | 0.00094491293194526933697 | -0.023812756751291595803  |
996   | 0.0078117791686178510505  | 0.0099633232194522303171  | -0.024775195364563309952  |
997   | 0.0057068799496422422182  | 0.0091446891368188714527  | -0.0027975555451968327388 |
998   | 0.0084177204191588500537  | 0.003588738293212881663   | -0.018475881804914353473  |
999   | 0.0034483722747361985304  | 0.0024965789689379096726  | -0.0070572025313293653206 |
