N			X			Y			Z
0     | 0.0057483368876250461044  | 0.0097597824455074744937  | -0.0039167989042160024013 |
1     | 0.0048014150370204993629  | 0.0090646371131419233025  | -0.002481236817970016318  |
2     | 0.0030378208660954190111  | 0.0067404122682887908022  | -0.0075674677521254327117 |
3     | 0.0037016788138357825319  | 0.00099511629688665424916 | -0.0091319829274581747897 |
4     | 0.0047436135363520511368  | 0.0014780653638547861222  | 0.00094758552063905956281 |
5     | 0.0066002993636041420306  | 0.0010358339365498141563  | -0.00327639890248108143   |
6     | 0.0032219616536524123274  | 0.0079530907175210212301  | -0.011400744237641620774  |
7     | 0.0059517785775557649486  | 0.0015828610642353684035  | -0.013074933932499217121  |
8     | 0.00084742252704592189831 | 0.0071701933037456155179  | -0.0036623195562913756287 |
9     | 0.0035613543414300436081  | 0.00072627355706896966521 | -0.0083811290964060890241 |
10    | 0.0077829739257350072021  | 0.0030226747750612889543  | -0.001687672242901239357  |
11    | 0.004481184353489007198   | 0.0082120416248786416713  | -0.0076223126500980457193 |
12    | 0.0030890786133098693464  | 0.0036939627011803844413  | -0.013397535620034673257  |
13    | 0.0086255205575148392177  | 0.0069977063264563934067  | -0.0074920933000966966411 |
14    | 0.0058612810974490430621  | 0.0094042202314419658798  | -0.0026452918147058341811 |
15    | 0.0039875431758038294705  | 0.0064747137748346920635  | -0.0066267211645399132919 |
16    | 0.0032535504339519438419  | 0.0084104744776491852098  | -0.0028289776623508029914 |
17    | 0.0014746737566369667524  | 0.0088982665503579763677  | -0.0093417843801626727213 |
18    | 0.0046033918250320444987  | 0.0097764337125040932236  | -0.0099269893795694650468 |
19    | 0.0065106793753619343623  | 0.00078389068235190011245 | -0.0085628707148511888636 |
20    | 0.0041814108822846862701  | 0.0032034866907362101636  | -0.010122030464816881776  |
21    | 0.0084495056855915032235  | 0.0047988264042383866476  | -0.0059943242871882095046 |
22    | 0.0062228430549691590365  | 0.001833565644844830202   | -0.0042565174414196885883 |
23    | 0.0059790202571773374066  | 0.0065587054307650223539  | -0.0098401043591989194315 |
24    | 0.0079325472944329847996  | 0.0007714938656410840357  | -0.00069416820499427990456 |
25    | 0.0076200195770766603401  | 0.0018196574617449512174  | -0.001346930125765814952  |
26    | 0.0029287348279844064095  | 0.0091601672263803366608  | -0.0054382315063548208878 |
27    | 0.0029316001533560872953  | 0.0046479348806659865831  | -0.0094554187101824321154 |
28    | 0.0052730626706674419563  | 0.0073053233695918404905  | -0.012127004498620258185  |
29    | 0.0044146012582518259423  | 0.0032620262336328568857  | -0.010400618362129262703  |
30    | 0.0054044298552382253817  | 0.0019545716583737088486  | -0.010041866142001311737  |
31    | 0.0040777229265802367869  | 0.0024373132387188762432  | -0.0097362736594922491551 |
32    | 0.0027909044995845567506  | 0.0054771835335910871653  | -0.0064444003652797581319 |
33    | 0.0019561348183081655842  | 0.0091472109660558093697  | -0.0021268662723023961693 |
34    | 0.0036235762561528032759  | 0.0081306591426217825896  | -0.0015014531124754985653 |
35    | 0.00095074795567017108752 | 0.0055682744983616000445  | -0.010958175809868469716  |
36    | 0.0093557993732636453993  | 0.0096959977344446609399  | -0.0094491793569183146068 |
37    | 0.00017289522432405862729 | 0.00548508234202844773    | -0.011648293156112179275  |
38    | 0.0060633550517142703259  | 0.0067862006111485710311  | -0.0094711413420246921835 |
39    | 0.00074679671609030173068 | 0.0031964696246206381579  | -0.011705912197252414664  |
40    | 0.0060305857084991610143  | 0.0032590669440859558123  | -0.011217941362064637323  |
41    | 0.0077268001380218914731  | 0.0044140969448682558507  | -0.0077025463126954738999 |
42    | 0.0066919776544710103672  | 0.0093252556730290033643  | -0.0024524852112474838234 |
43    | 0.00054043763561148819557 | 0.0030095868445787266922  | -0.0031922066856673518391 |
44    | 0.0023556541111434130438  | 0.0065935078266966852534  | -0.0028237947753494271538 |
45    | 0.00061009199254248905851 | 0.0026443187873170298161  | -0.0089722479284173838054 |
46    | 0.003542895370630073839   | 0.0016468959603716214202  | -0.0047462448158761428446 |
47    | 0.0033861469362734984354  | 0.0031803623300046416147  | -0.0043191781751703564249 |
48    | 0.0049173845995903126341  | 0.0079059453900790638281  | -0.0013721582838006974106 |
49    | 0.0036135061917527103344  | 0.0060424925244494344032  | -0.0090206891073026790329 |
50    | 0.0044982453449456229547  | 0.0069792924484694870285  | -0.011290848321769936247  |
51    | 0.00076493885869383234852 | 0.0065805086749667861257  | -0.0070240543160260448044 |
52    | 0.0036200298986890548994  | 0.0053356488492926771108  | -0.0058342320876335600904 |
53    | 0.0088749227100878222418  | 0.0081269040806848449887  | -0.0096471269155838281634 |
54    | 0.001630400207505436393   | 0.0057705590870028196371  | -0.004995973044073872063  |
55    | 0.005401958129185430689   | 0.0089010640643889752527  | -0.0034233735990112416046 |
56    | 0.0087106605243601406552  | 0.0037915344194028332593  | -0.0084974196383658679582 |
57    | 0.0029624486619338509519  | 0.0084384976380216247804  | -0.0021571760235682677954 |
58    | 0.001890696206713491246   | 0.0093505006617221903681  | -0.0079018767964329304082 |
59    | 0.005360597502043585455   | 0.0076779845644213730316  | -0.01190858142001246546   |
60    | 0.0052545233626741126229  | 0.00012037302558105846526 | -0.0099268448008669359084 |
61    | 0.0076426232147262535693  | 0.0062161533038080172414  | 0.00068982044678969883095 |
62    | 0.0069664005550105516026  | 0.0071901599482114978215  | -0.0091717106256232663192 |
63    | 0.0082945720004468023734  | 0.0099298747771256797717  | -0.00048366181903939612242 |
64    | 0.0071180659085060757341  | 0.0073037291766992343614  | -0.0046253216148853960182 |
65    | 0.0065108552910452949236  | 0.0085353677126832980943  | -0.0091872284101587389782 |
66    | 0.0019505710688939145638  | 0.0064607353783093617039  | -0.012595019190807237031  |
67    | 0.0057559825259730895003  | 0.0027907027083235902594  | -0.0065059882200727160023 |
68    | 0.0017658083453324449359  | 0.0075106669852920112176  | -0.0029424167902704825156 |
69    | 0.0013458975321834912645  | 0.0059221955743676410119  | -0.0069143681488587653214 |
70    | 0.0088380465891628266079  | 0.0051196191010111115338  | -0.0024117217924909733692 |
71    | 0.0090517445359917028669  | 0.007502698859171187673   | -0.011454897279947176894  |
72    | 0.0067987887358471879237  | 0.0082545586538046254038  | -0.0039065313849565661691 |
73    | 0.0021747616813270510827  | 0.0035434822819244175471  | -0.010332096910880671919  |
74    | 0.0041289277210629074175  | 0.0066047115576645066756  | -0.0049599873447365525753 |
75    | 0.0073034444272360825312  | 0.00053001458447868895606 | -0.012417153237664324203  |
76    | 0.0060230710748730197437  | 0.0015921076593427238056  | -0.0031094722455130676189 |
77    | 0.0044668272344468773136  | 0.00474637773950507217    | -0.0006759833722314456542 |
78    | 0.0054757498405213151163  | 0.0044546920425867645235  | -0.004477104849556021865  |
79    | 0.0041896749050250097976  | 0.0067759670434895964003  | -0.008226608528011675886  |
80    | 0.0016931060475293344125  | 0.0040915217194056998154  | 0.0007338132183624659563  |
81    | 0.007887143663730868115   | 0.0014188455997864663286  | -0.0022235172685535729842 |
82    | 0.0069129739896880513378  | 0.0047720900183225592808  | -0.012283569638445462555  |
83    | 0.0051635527436891780206  | 0.0069072280434110009881  | -0.0024232551192878682388 |
84    | 0.0096288023785972096796  | 0.0021561345799341880003  | -0.0024053058751954364651 |
85    | 0.0028429727750182228092  | 0.00036636839488333832176 | -0.0066262125748915712276 |
86    | 0.0017527543497801931216  | 0.0048261544308464323499  | -0.0064821870836519763365 |
87    | 0.0036727996975892333691  | 0.006781187296242088304   | -0.013510924899801997345  |
88    | 0.0060157354557730810876  | 0.00072547088072525908482 | -0.0031824521921011783912 |
89    | 0.0093372651825117704283  | 0.0070700849812419053544  | -0.0077506125156684164274 |
90    | 0.0040902985443697541593  | 0.0062132500243117687669  | -0.011668846304937053118  |
91    | 0.004943092608871229969   | 0.0024511167161065795621  | -0.0058241172984731942597 |
92    | 0.0082602880051990002636  | 0.0073781200377797534484  | -0.0024458669154102281873 |
93    | 0.00091176684462137668873 | 0.0074836409769486736052  | -0.0034678251732350828633 |
94    | 0.0052660733637108240665  | 0.0076338299596976043337  | -0.012560471226215097137  |
95    | 0.0045557805874051043177  | 0.0096533213267321338336  | -0.0052455850335887226066 |
96    | 0.0013861582597079220164  | 0.0097969328577629816862  | -0.0016681201298886104336 |
97    | 0.0056313956983742282161  | 0.0049282236347638402538  | -0.00097736376648455179986 |
98    | 0.0099650209177234872621  | 0.0050754451197638330087  | -0.012985735435391615109  |
99    | 0.0044834648637573689539  | 0.0072977602909167927497  | 0.00039588164213008505271 |
100   | 0.0098236785517964164693  | 0.0048398423032297429799  | -0.0096555603952984611626 |
101   | 0.0063447203658297509146  | 0.0069213005679305168727  | -0.0080701301071766859407 |
102   | 0.0060335424327841108774  | 0.0056161834286136899652  | -0.0083737257940045758953 |
103   | 0.00012262339519238755754 | 0.008416286124632604837   | -0.0038570770735877435258 |
104   | 0.0031961463541261051456  | 0.0077456913319152139244  | -0.0044342325415444912989 |
105   | 0.0086230055577535963396  | 0.0066804833649086433137  | -0.0061475225533413335732 |
106   | 0.0041036374779505318394  | 0.0084146090325111205094  | -0.013303502888603851995  |
107   | 0.0081022962286095741302  | 0.0066079947598375104664  | -0.011167518516329093606  |
108   | 0.006680920286804351016   | 0.0092357414808689232422  | -0.013304464102664483038  |
109   | 0.00060000574785128428946 | 0.0035158159397759972987  | -0.003741214937648775548  |
110   | 0.0040254725567954209586  | 0.0037345767228306723552  | -0.009876338669600243439  |
111   | 0.0065535322834425462774  | 0.0036974118793591929412  | -0.006964133461961760467  |
112   | 0.0089017371170165664196  | 0.0083639035533135779044  | -0.0002910387752042002305 |
113   | 0.0069633621915248774051  | 0.0044069314480949242294  | -0.00041655888171028055723 |
114   | 0.0085701397028793650096  | 0.0078254504323057947485  | -0.0027092082061568071791 |
115   | 0.0016854288254764184397  | 0.0022246030617774628299  | -0.0059016465469476824326 |
116   | 0.0033782297126063480161  | 8.264536267584188226e-06  | -0.010841720890308300176  |
117   | 0.0086945391475374798895  | 0.0035225811074212740222  | -0.0026166929398711890123 |
118   | 0.0053563085671620661726  | 0.0043469572015631873993  | -0.0016998705118581398845 |
119   | 0.0064943098694866738252  | 0.0026593016428374791939  | -0.010399280825415205265  |
120   | 0.0024794884141748009705  | 0.0033191950344367421311  | -0.011448799480345798682  |
121   | 0.0048391478577443662254  | 0.0015462624404840505637  | -0.012265512238376685694  |
122   | 0.0096697724625178956004  | 0.0074745034860809363153  | -0.0031966389098166776359 |
123   | 0.0031286837505720747031  | 0.0024772973115339239243  | -0.0092859195896477907811 |
124   | 0.0038347583081140643874  | 0.0065157000422040190629  | -0.0059495865805310084451 |
125   | 0.0065493882370066883181  | 0.0086661373788834757809  | -0.002625757779904664118  |
126   | 0.0081933949062854404682  | 0.0069063637115638551456  | -0.0062960231314143052031 |
127   | 0.0023077568826844340084  | 0.0073451057727995979624  | -0.0038201050736425936141 |
128   | 0.0042154396820600903428  | 0.0016678761542753815263  | -0.01241257551062133202   |
129   | 0.009717374093504585128   | 0.006110274599564135059   | 0.0003020361706502141131  |
130   | 0.0058913453207543728038  | 0.0068728500467474164942  | -0.00059279023785177781865 |
131   | 0.0037011046499116828298  | 0.0053810268817038051439  | -0.013694485969691558985  |
132   | 0.0042057947495047929773  | 0.0031155017356878306548  | -0.0043267892854643684453 |
133   | 0.0034508138635317110385  | 0.0034102218864241395577  | -0.0089003387474765639775 |
134   | 0.0075942279054754526987  | 0.0079243107990320735268  | -0.011177724463799439819  |
135   | 0.0037093347065128524573  | 0.0061012827908294561471  | -0.0098084050118791201583 |
136   | 0.0042361085027266282693  | 0.0062142495189916107864  | -0.01032035533588183604   |
137   | 0.0055958360392717575865  | 0.0062293784219961522569  | -0.0045721014828659228835 |
138   | 0.007279625242084072044   | 0.0048295101831433229558  | 0.00085693184352955069187 |
139   | 0.0062073982380804262893  | 0.00082260118913517188671 | -0.0052750379533215386793 |
140   | 0.0061192915112726412041  | 0.006554037795186425791   | -0.007745319524905364475  |
141   | 0.00054141029230659655242 | 0.007399286670560940686   | -0.011932068380259929982  |
142   | 6.3591626755130659121e-05 | 0.0069412383418523274439  | -0.0063651502743351656699 |
143   | 0.003422047725027989578   | 0.00030525581638054507866 | -0.0080058681013125809062 |
144   | 0.0096934099392739798279  | 0.005638686616257510692   | -0.0065777827053306245353 |
145   | 0.0069892728141863810082  | 0.0094605353122599964572  | -0.0063475231041671895116 |
146   | 0.0052548600870723199269  | 0.009320471751574743724   | 0.00033098954655154649157 |
147   | 0.0043743516266669850781  | 0.00045546009598253071361 | -0.0095534004441343821357 |
148   | 2.7764057067390981168e-05 | 0.0081477735618010003332  | -0.00097210638309449095076 |
149   | 0.0016583255466689932663  | 0.0077935223996668983107  | -0.0089941783440522782289 |
150   | 0.0041571081138772345356  | 0.0032998117067166549653  | -0.011000783289308844332  |
151   | 0.0040602925136418721586  | 0.0038271748809751587363  | -0.0097654130220269416002 |
152   | 0.0074205551937731491219  | 0.0012975467509286086904  | -0.0075875429366999381717 |
153   | 0.0075356766382155574921  | 0.0074432619940783557172  | -0.0040157996082718647526 |
154   | 0.0042968615649615791649  | 0.0082666728409436108366  | -0.0049503810043256320922 |
155   | 0.0044631507533684881828  | 0.0010534614789232574997  | -0.00085770514276453809453 |
156   | 0.00086442944171529736887 | 0.0084678339582271583419  | -0.0081227387099495826361 |
157   | 0.0055532813380261671424  | 0.00032131493583824848178 | -0.00055628927842417223975 |
158   | 0.009370558169120671646   | 0.0036041923662965946046  | -0.0078516407340001297815 |
159   | 0.0042006106507136006453  | 0.0028069052505393650258  | -0.010971005678674419434  |
160   | 0.0037233521048038674926  | 0.0007305701285865848953  | -0.012809837639224979505  |
161   | 0.0053891007321599255359  | 0.0076731637537821055159  | -0.0037442209462387643533 |
162   | 0.0053538575250179892134  | 0.00025970188766872399303 | -0.0029559152198881419142 |
163   | 0.0050196113030258927845  | 0.00027481363176300866022 | -0.0046675609789788193027 |
164   | 0.0040552919922728462854  | 0.00023977158670828295516 | -0.0044055986033278305564 |
165   | 0.0063284865609141852452  | 0.0075464157380630203162  | -0.0051101188114653969125 |
166   | 0.0074952805366413138496  | 0.0076485717501969530119  | -0.011930857534252202815  |
167   | 0.0015677789332908447038  | 0.0098446434961794067331  | -0.0051481780586333384178 |
168   | 0.00073895532046580180568 | 0.0058923441658277541863  | -0.0034024064281219477957 |
169   | 0.0039096093207177896531  | 0.00017866312444815012918 | -0.00233774509997426716   |
170   | 0.0099436551544883431536  | 0.006940046319653350726   | -0.0038045894887859510979 |
171   | 0.0032270350251917879515  | 0.0077549558236932290833  | -0.01161902689838029655   |
172   | 0.0037100932517398310488  | 0.0040113302944025895636  | -0.00058749377933751750162 |
173   | 0.0042616175319974943306  | 0.00076357785980574177914 | -0.0022571172483893935795 |
174   | 0.0052656798967359542615  | 0.0013663379600829027392  | -0.0049232162562520944207 |
175   | 0.0016614403552489844483  | 0.0076935872387174555204  | -0.013586551715921190917  |
176   | 0.0030291631607808123562  | 0.0078850132044177307505  | -0.007239821926700286403  |
177   | 0.0059875705350982202924  | 0.006259386152218941908   | -0.0019836291312720299128 |
178   | 0.002399889141446863005   | 0.0075838693776976422861  | -0.0063921190029247454412 |
179   | 0.0083628763045186915032  | 0.0096731143903380136656  | -0.0092356354079650270633 |
180   | 0.0039103223927769437118  | 0.00058755556454653996325 | -0.0050208361023467455372 |
181   | 0.0068193593290193652359  | 0.0088767500647749693343  | -0.0096386416114604914901 |
182   | 0.0083800923417948237903  | 0.0057830042341990191279  | -0.0091673140490973210187 |
183   | 0.0048206860077623144706  | 0.0042278113776405635074  | -0.0095196267111917996784 |
184   | 0.002989774430666843931   | 0.0051167850205622858115  | -0.0030641125809943484636 |
185   | 0.00056350484301466343805 | 0.0028246901716074942004  | -0.011948056175414431546  |
186   | 0.004052468929931107855   | 0.0060855803088362067643  | -0.0084737359502761802621 |
187   | 0.0057542661050493200056  | 0.0067056424297057687367  | -0.0031656269029903174456 |
188   | 0.0055915936769006880161  | 0.00029772991391564199853 | -0.0019378003531733409889 |
189   | 0.0024612685178972146596  | 0.00073939307915730503266 | -0.0078120220383609004569 |
190   | 0.0029072591134177783526  | 0.0051996981205190443906  | -0.00033346099635645127818 |
191   | 0.0025084123947869494536  | 0.00053194918094168870074 | -0.0081533040007153514961 |
192   | 0.0025419217210027830224  | 0.00012102537668043334643 | -0.0037310108640343591334 |
193   | 0.0029663039861558210611  | 0.0050518212414415019501  | -0.0064891584262505089264 |
194   | 0.0092915822396890893758  | 0.0029345762006757532964  | -0.004316738904709581208  |
195   | 0.0011350248644174795384  | 0.0027463028766891877698  | -0.0018580286831846068267 |
196   | 0.0063715194527318580464  | 0.0031111147802404116695  | -0.010752241747177315734  |
197   | 0.0046106693339338002818  | 0.0063844132788952586907  | -0.006063933852176216395  |
198   | 0.0088061330262837172328  | 0.0042830932751826457372  | -0.0092121267847150335728 |
199   | 0.0089235407074878120293  | 0.0038728499584748808833  | -0.010641832285963662846  |
200   | 0.0033045433078280395979  | 0.0052607669774662954576  | -0.004508548639964008245  |
201   | 0.0028362958352927442225  | 0.0040949199078106277017  | -0.011717374123410497985  |
202   | 0.0040885046942033846304  | 0.0074670148623025697429  | -0.0017569829209134956664 |
203   | 0.0048893469241093829095  | 0.008765738568508716147   | -0.010114387611833589725  |
204   | 0.0021953720153383773916  | 0.0031463245869252161498  | -0.0099550757338811649011 |
205   | 0.006903411497284168627   | 0.0019832725310843842687  | -0.013468894270575636901  |
206   | 0.0063041919699773308824  | 0.0048881301283566517754  | -0.0043581662373868195262 |
207   | 0.0067761877428621324071  | 0.0047748639647838212602  | -0.0042091707798892780829 |
208   | 0.0037254217716503530179  | 0.0091445489387914132701  | -0.0072102115202388340071 |
209   | 0.0077730332376093787261  | 0.00787346680232706847    | -0.0069592389715914387827 |
210   | 0.0029357587952912058381  | 0.0047197143576798933698  | -0.00070983622754506193325 |
211   | 0.0031755073400878412911  | 0.00017654252072473415667 | -0.0029424192845297269736 |
212   | 0.0053557605513609059245  | 0.0056923172733497435713  | -0.00038515698332734749597 |
213   | 0.0069325012661613661519  | 0.00068384228025921063067 | 0.00040896601010676766419 |
214   | 0.0046013982557838468274  | 0.0050015315740176312029  | -0.010411788496310686938  |
215   | 9.9852189326906940696e-05 | 0.0053427897546839296303  | -0.0083409870043801830758 |
216   | 0.0095105066910815289766  | 0.0091098849471714093973  | -0.011601265381566012655  |
217   | 0.008282176653965496807   | 0.0081927866554445775982  | -0.010286657416773554302  |
218   | 0.00091832301159117590492 | 0.0069272018402842311033  | -0.0040665201637148833472 |
219   | 0.0026867360598684920069  | 0.00457457723766476268    | -0.0128065745925675014    |
220   | 0.0072652440677439533712  | 0.0062705988920678315535  | 0.00085485358182278562474 |
221   | 0.0069369825126317039704  | 0.0095427911501004773071  | -0.0057667938848058805656 |
222   | 0.0052719114041176870153  | 0.0090371746268815174308  | -0.0084989364786143880431 |
223   | 0.0031703738848881581752  | 0.0021242485319025554424  | -0.0072759066193928316826 |
224   | 0.0012254265866264866993  | 0.0075550179077277963835  | -0.0096328713872795741768 |
225   | 0.0089181258778549266086  | 0.00037816554522023671089 | -0.0064879844884125686608 |
226   | 0.0021544283248397222939  | 0.003788443501575841036   | 0.00084463114919620008343 |
227   | 0.0066103202610548646156  | 0.0041896725819722162656  | -0.0011435745120198228739 |
228   | 0.0066150484352127912613  | 0.003031219242729683936   | -0.0057300207109086918889 |
229   | 0.0044976911021008900843  | 0.0081463229646763606062  | -0.0035919514357718876699 |
230   | 0.0050770984850328805538  | 0.0010278860431327915999  | -0.0097736825067697621211 |
231   | 5.703866658403198886e-05  | 0.0061144732849110743772  | -0.0086416238068535069367 |
232   | 0.0058330452873281927323  | 0.0077935760404444975533  | -0.0001865599011637547979 |
233   | 0.0004098555737807855104  | 0.0058629105323015767715  | -0.011618406185759757795  |
234   | 0.0050769205289449004237  | 0.0040618085036428185075  | -0.010356729387359828523  |
235   | 0.0015863826457736009395  | 0.0040574367210634305209  | -0.0099871526891827985123 |
236   | 0.0036068266002108649929  | 0.00264571374214259223    | -0.0052704090629839828175 |
237   | 0.003580355834761126451   | 0.0039937321094072634683  | -0.00024934743284930812332 |
238   | 0.0023554083866641354131  | 0.005828956244935083221   | -0.0020011344742507952178 |
239   | 0.0098325823086300098708  | 0.0080242683391586987207  | -0.0014153522592530126505 |
240   | 0.0067587784550448004595  | 0.0095494663364725871496  | -0.012992654651659713352  |
241   | 0.0055995789859221815898  | 0.0087709536999054597134  | -0.0010139224863347083994 |
242   | 0.00079162140481395574208 | 0.0048845428598398160647  | -0.0037876748280002846443 |
243   | 0.0026249158801711592812  | 0.0059117250199286737813  | -0.0079298044502072138895 |
244   | 0.0070749930143311420827  | 0.0050930176967658308262  | -0.0020562708729977923448 |
245   | 0.005034648838635497059   | 0.0024968568912911597892  | -0.012681497236544122739  |
246   | 0.0098964324136323333914  | 0.00083789801893936288833 | -0.0053957075221079155158 |
247   | 0.0056935818446214193217  | 0.0032011826023370477598  | -0.0081989532043570470532 |
248   | 0.0097634115116871748874  | 0.0050976800804638268405  | -0.0054445288203145312741 |
249   | 0.006659114531874560719   | 0.0024632981256202377864  | -0.0036858125168628633889 |
250   | 0.0066601241040890549888  | 0.0054629323768143611684  | -0.00072278252217083894995 |
251   | 0.0043741365205954832115  | 0.0049511188116906322543  | -0.011868484986001671261  |
252   | 0.0072056203600276182153  | 0.0057600598927509639655  | -0.013820123804677982363  |
253   | 0.0048016641644853079451  | 0.0087818770746092966045  | -0.010805235657664065407  |
254   | 0.0023146557406954798748  | 0.0013226265475023053515  | -0.0063731815278190509511 |
255   | 0.0017726073985303040723  | 0.0047393796581722815939  | -0.00019977489670490808241 |
256   | 0.0047195125199200283969  | 0.0075826357329842209581  | -0.0078302375957211706181 |
257   | 0.0020475591664944471464  | 0.0027051846422538419236  | -0.0057638161552388744377 |
258   | 0.0033008303803452984822  | 0.0067794772695985508482  | -0.0051948688146049226341 |
259   | 0.0064430830093655027876  | 0.0092728892366430882427  | -0.0059842820609878862384 |
260   | 0.0042602364690566317876  | 0.00063300163588765265277 | -0.0030326914873817414214 |
261   | 0.0057137244022715007186  | 0.0068470863275591946698  | -0.013701957265440344036  |
262   | 0.0010533238805320198003  | 0.00016467932167483031363 | -0.0078618406778664905177 |
263   | 0.0072578712349483662583  | 0.00071602002957512722418 | -0.010971405435554042532  |
264   | 0.0062322142389688800837  | 0.0017024564139832120552  | 0.00016969206897495502095 |
265   | 0.0065818712549141414336  | 0.0064943481807545038603  | -0.0068096949068849879291 |
266   | 0.0039838671034915810673  | 0.0033731305295511917509  | -0.01121513438030885372   |
267   | 0.00081399334413039480494 | 0.0031377511012998984125  | -0.0066780208844170359239 |
268   | 0.0060566424672428512826  | 0.0064492534366473166715  | -0.0011752647056406991671 |
269   | 0.0037857666706250701037  | 0.0024514718111838399231  | -0.0016694504552750239011 |
270   | 0.0094435240139593562558  | 0.0046186233974191337123  | -0.0061735882478698017595 |
271   | 0.0053253018917157239967  | 0.0091262615055515868001  | 0.00034103645889263517347 |
272   | 0.0056399040794796653081  | 0.0080028636693878548586  | -0.0072536725545821207489 |
273   | 0.00368212707292144047    | 0.0095520549030221370279  | -0.0085407765277372097584 |
274   | 0.0061597050887808139918  | 0.0075511359158514958223  | -0.0083256082868585004619 |
275   | 0.0089549396737306566352  | 0.0052764670231841412015  | -0.0022364563211127682675 |
276   | 0.0089035839187915320758  | 0.0033938705445155396487  | -0.0063999665221187241118 |
277   | 0.0022919449073093758201  | 0.0048617675530748362747  | 0.00077653153933939563641 |
278   | 0.0086350812826931216959  | 0.0047147535354625800044  | -0.0050088254528719341335 |
279   | 0.0039958667243434348865  | 0.0042199687493922784232  | -0.0022012066388206641583 |
280   | 0.0090378079025986469974  | 0.003687897546492576329   | -0.012410485132030833061  |
281   | 0.0043775934098771208947  | 0.0078242110754061337807  | -0.0058668922675930946717 |
282   | 0.0036864245248139845823  | 0.0012909618078527462619  | -0.010080647806229661029  |
283   | 0.0082409853816042665658  | 0.0057018280938238054267  | -0.010456992547185369954  |
284   | 0.0027680564919447567078  | 0.0044304201521032943872  | -0.011251135140581307661  |
285   | 0.0095877658081996858241  | 0.0060341756227067023036  | -0.0018318698887507184943 |
286   | 0.0013783553079720700998  | 0.0021111795561518658     | -0.010053946874508654097  |
287   | 0.0019869399010994195399  | 0.0064202402490893002024  | -0.0051526645394775177217 |
288   | 0.0023510059831307900807  | 0.0027864814512551074402  | 0.00067342751136393024652 |
289   | 0.0098986688324109260023  | 0.00016335979855348195847 | -0.011470572228368306963  |
290   | 0.0014855603549049074645  | 0.0065009855547694273686  | -0.0027937359267845543638 |
291   | 1.4583799951571888227e-05 | 0.0012034530061706930244  | -0.0062244833236259795861 |
292   | 0.0028462694884480010254  | 0.0045322202278764919803  | 0.00026415799272881592547 |
293   | 0.0095102464384736237063  | 0.00027191447100237729024 | -0.0096494188694836967313 |
294   | 0.0078077187823688007709  | 0.0073339814846509077811  | -0.00085600573145420705973 |
295   | 0.0025965558245375957094  | 0.0026199976184858903179  | -0.0081395134293185313762 |
296   | 0.0072046878015213349639  | 0.0040191300499211645228  | -0.010636394943239542432  |
297   | 0.00087341743475629219501 | 0.0030072521361726185091  | -0.011595381069269774035  |
298   | 0.0022108210622437652303  | 0.004854876881170346048   | -0.012555738049857375488  |
299   | 0.0016087336559398644851  | 0.0073028769544402410627  | -0.0083619910620265740231 |
300   | 0.0044233218325364876897  | 0.0072376500967435610651  | -0.0099995015728376081265 |
301   | 0.0014064044309095614926  | 0.0073562958829214240147  | -0.013681725834111571963  |
302   | 0.0096026471157002798312  | 0.0020922729412352252323  | -0.012786913704596640159  |
303   | 0.0080064343581722294957  | 0.0051752026903190886248  | -0.010560287955895223885  |
304   | 0.0012731913937973151924  | 0.0058871758078287445698  | -0.005709397545367821819  |
305   | 0.0063251202680616423757  | 0.0072861607393935766061  | -0.011166775448494314915  |
306   | 0.004451622515838631923   | 0.0026317776249972801329  | -0.0099150040769426968368 |
307   | 0.00012073669528340198287 | 0.0036329444914761249187  | -0.0027693235804656692045 |
308   | 0.0089412190109354958145  | 0.0049778991712458153102  | -0.0017595907318913202311 |
309   | 0.0061156068871634815601  | 0.0030172009896258715315  | -0.0046610303129995169641 |
310   | 0.009667037938811410408   | 0.0055333115263985791984  | -0.0050308312430747828894 |
311   | 0.0087495314519827494665  | 0.0057303324681918814051  | -0.0054920087383712517734 |
312   | 0.0070528428866750789844  | 0.0038314644967123280897  | -0.011771100757318219907  |
313   | 0.0069286249812210041685  | 0.0027592819888731558164  | -0.0018436450037389207242 |
314   | 0.0041826297980894601783  | 0.0068818914650954311416  | 0.00080412552877005393642 |
315   | 0.0098929189601722356678  | 0.0089175264794361316922  | -0.0034762843250927930212 |
316   | 0.00542378962470281209    | 0.0050112917672514630668  | -0.0022357858434720596745 |
317   | 0.0061286900756246688593  | 0.0018463329035119959137  | -0.013460279982700150761  |
318   | 0.0073812973008874748632  | 0.005286985674916540312   | -0.00065159126562004047838 |
319   | 0.0024184403594891454824  | 0.0022791583215293086985  | -0.0015039255735495339616 |
320   | 0.0068278513897640285765  | 0.0044792138054952218562  | -0.013656413141194808508  |
321   | 0.0035840957889317877696  | 0.0029642849538227115415  | -0.0050681593663699769231 |
322   | 0.0087616586975549411859  | 0.00025923143721789574344 | -0.0017538857426224925291 |
323   | 0.0050902074591686217661  | 0.0019884734690059479439  | -0.0029791944047307264767 |
324   | 0.0021899447999178785554  | 0.0044497838305004927192  | -0.006471733197034597318  |
325   | 0.0053937293943448656741  | 0.0018464444194436957416  | -0.0091554699026023984854 |
326   | 0.00078883023203246433602 | 0.004944372689732160972   | -0.0047735778059962621217 |
327   | 0.0039575967283961488094  | 0.0071270706465544741287  | -0.0056038578412431830356 |
328   | 0.0099120052000698979228  | 0.0078639527048889809602  | -0.01093636545699129374   |
329   | 6.9855632483901882726e-05 | 0.0064812710301296091314  | -0.0050722560174033754291 |
330   | 0.0023477886566769905208  | 0.0030478758030784711477  | -0.001444376460800308971  |
331   | 0.006447213928780338478   | 0.0025759139239824395927  | -0.0058293776250390293842 |
332   | 0.0058129561024487987758  | 0.0058938207988230859394  | -0.0011254640689205095555 |
333   | 0.00090767511884052806161 | 0.0072898140869348485721  | -0.007876913069951457097  |
334   | 0.00056177169499279527333 | 0.0037514732067743940085  | -0.0058988731555872919721 |
335   | 0.0034405115797839012741  | 0.0095988744392107756831  | 0.00046038928421744586966 |
336   | 0.0087574211032758111223  | 0.0048059284565474102296  | -0.006516931673123316747  |
337   | 0.0024550400036012979925  | 0.0090160907888752490208  | -0.0041037516317457712473 |
338   | 0.0086129144746204290561  | 0.002027236703937971684   | -0.0061784783876303144001 |
339   | 0.0046165537525539555863  | 0.0062460691772226219209  | -0.011648859842721036306  |
340   | 0.0044370834554718239714  | 0.0058778052920395789868  | -0.0023180122760208870733 |
341   | 0.0043136243218094500254  | 0.0086960409203825344421  | -0.01031105000853816539   |
342   | 0.0013943862629415349277  | 0.00096038402528241201359 | 0.00055401967222014954911 |
343   | 0.0017920044116361368881  | 0.0036344887995846120177  | -0.0019071581748902875254 |
344   | 0.006101670145960649827   | 0.0074022171306605023811  | -0.00029156838254785523434 |
345   | 0.0051152775837338473885  | 0.00011301874582531396441 | 0.00051484643115745393378 |
346   | 0.0099383151099724943017  | 0.007799308989180420322   | -0.0072851758116286458727 |
347   | 0.0074412760908991754799  | 0.0056080970264762467978  | -0.010564139942412471146  |
348   | 0.0082780611646601914844  | 0.0023618432387709073147  | -0.0069161236021599631005 |
349   | 0.0023719119137133072572  | 0.0021863774359812248455  | -0.0075285965463482706905 |
350   | 0.0021926989627799736704  | 0.0036163029826054133263  | -0.0044396843747182175577 |
351   | 0.0024271634328025763067  | 0.0026641920444957761099  | -0.010187492453960623681  |
352   | 0.0030548634816786337208  | 0.0034466599580555202544  | -0.0069072227149828101245 |
353   | 0.003781047462510263215   | 0.0044551736245136914008  | -0.002553360937946505798  |
354   | 0.0067186059185307739003  | 0.0036722219444325766673  | -0.004543966517815536954  |
355   | 0.0050513969330671466482  | 0.0042391745144780574456  | -0.0013270981537448071127 |
356   | 0.00033330598041915048164 | 0.0091232717835890014824  | -0.01166354794636787276   |
357   | 0.0041146614144124179363  | 0.0043486360877792460192  | -0.01374487126050452819   |
358   | 0.0046852248866882878833  | 0.0025872218694652383136  | -0.013197776422595907525  |
359   | 0.0094291526349000367307  | 0.004239134323372497487   | -0.01022756667353874431   |
360   | 0.0065770262919785582242  | 0.00023356185564802671114 | -0.010742897573504932296  |
361   | 0.003658438480804250114   | 0.0060543065564571110423  | -0.011854133634868424529  |
362   | 0.00070736842925172443725 | 0.0022501064820388077224  | -0.011721709257760313388  |
363   | 0.0071242180936761404994  | 0.0076977759082012637767  | 8.0758217815680207602e-05 |
364   | 0.0016683267272891669653  | 0.0043587583109986503468  | -0.007049654015761409355  |
365   | 0.00041596866912799483271 | 0.0074319248044654095606  | -0.0027118770704490668434 |
366   | 0.0020271513010555420806  | 0.0033010409069970103602  | -0.010718755203845601806  |
367   | 0.007077847021916564875   | 0.002637729512333204622   | -0.0011692850154664943471 |
368   | 0.0063998746585199068476  | 0.00012123791154031889864 | -0.0049983543412080687351 |
369   | 0.0043229114736792022267  | 0.00068222232272397407855 | -0.012028521563737419944  |
370   | 0.0021834145658368485712  | 0.0043908879805188904752  | -0.0044332245875462004264 |
371   | 0.0028544541379450449024  | 0.0054545859956568959817  | -8.3494249163013840366e-05 |
372   | 0.0035525875433398373775  | 0.0063347103701410995349  | -0.0070870068725474005128 |
373   | 0.0076088385248369236336  | 0.0010923941262742998311  | -0.0095263939813785575988 |
374   | 0.0076611352484389980133  | 0.0098551419206721318361  | -0.011934685965299120583  |
375   | 0.0058102888853481405446  | 0.0017318758186815543139  | -0.013241862003636408959  |
376   | 0.009256443663964154106   | 0.0039090369339812918933  | -0.00085413420205000150417 |
377   | 0.0098965083276220042197  | 0.0053754491492100219679  | -0.0060613569192419659154 |
378   | 0.004826912979750132629   | 0.0092429071237875217587  | -0.0047963608886123056466 |
379   | 0.0084489503888302217027  | 0.0022794174795616787242  | 0.00015534583345863488268 |
380   | 0.0043867578899297928613  | 0.00036160762675804000808 | -0.011860577330671726731  |
381   | 0.0018006626060767499508  | 0.0045458071944168062378  | -0.0073645440794606279594 |
382   | 0.0021239661916658538962  | 0.0070795955872632928413  | -0.0087825816071327375556 |
383   | 0.00015295278903717414855 | 0.0090511004572253802442  | -0.0079832002528111116468 |
384   | 0.0076939160613001215255  | 0.0054708072856328180192  | -0.0031374965028110961794 |
385   | 0.0082387164587614959005  | 0.001950390980511047985   | -0.011602517959116391902  |
386   | 0.0078416563720887320216  | 0.0082748753860872464871  | -0.013160153082592095444  |
387   | 0.0053249889206829891658  | 0.003849899959245817703   | -0.007523306997548035932  |
388   | 0.0073893522642059618691  | 0.0053035963215512134383  | 0.00024270820800692207873 |
389   | 0.006795047146482093188   | 0.0063189937484313214375  | -0.0047559080282445079582 |
390   | 0.0045514342513780486205  | 0.0012301691874092217458  | -0.011729082957688482386  |
391   | 0.005537630155489991525   | 0.0044023893221606970327  | -0.011649332388501241684  |
392   | 0.0052704849505732110498  | 0.0038507533258414754912  | -0.01370576988608464275   |
393   | 0.0067497083239294580065  | 0.0093332137467654341378  | -0.010864557120250049882  |
394   | 0.00089060571856806099861 | 0.0040413552859555204946  | -0.013456879634498600945  |
395   | 0.0066102734700429861478  | 0.0081012859041156935064  | -0.008643284037431116576  |
396   | 0.007443129866898029641   | 0.004761231136797637771   | -0.0078298990324394152768 |
397   | 0.0038754623798234843872  | 0.0067701785526497687898  | -4.9796443344293584495e-05 |
398   | 0.0054141017578858401799  | 0.0068970077783197195759  | -0.0029327577368231955851 |
399   | 0.0029752652225295576557  | 0.0074988205963843540189  | -0.012202927107874187579  |
400   | 0.00083512323616608593463 | 0.0082468663448565810575  | -0.0031972664466912129218 |
401   | 0.0050698868087330466875  | 0.0048367132002468653934  | -0.012142672469025833984  |
402   | 0.0021025465637308209804  | 0.00165865495755349447    | -0.00028230779775080088985 |
403   | 0.0046364657009794214143  | 0.0099980044548102966345  | -0.0036738811059432766558 |
404   | 0.0061447588547471430204  | 0.00036898976477705604238 | -0.0072740654519385166896 |
405   | 0.0094387252247004928274  | 0.004645937313378690342   | -0.011415552326556796178  |
406   | 0.0099171551758463621917  | 0.0061051954519529766721  | -0.0068918074015556348919 |
407   | 0.0096494487836163746197  | 0.0087963690345586389996  | -0.0010243428905893565192 |
408   | 0.0027171857298663249294  | 0.0078120313400678762991  | -0.0037095562526794040141 |
409   | 0.0038521545827196876019  | 0.0017395461702893783192  | -0.0090423486307991112615 |
410   | 0.0013876140047134554421  | 0.0028860209144770474637  | 0.00030235417757318912985 |
411   | 0.007680489102426146103   | 0.0039417805118401845824  | -0.0098535626440009096288 |
412   | 0.0038407158291214019315  | 0.00094087119389984618257 | -0.0088800313043778961869 |
413   | 0.002578975744939472365   | 0.0063359464910771176246  | -0.01378422770082637222   |
414   | 0.0027510437306079876287  | 0.0014331103051163586373  | -0.012153397565401262079  |
415   | 0.0027552410515012280487  | 0.0094236120208567898671  | -0.0034549367772661438401 |
416   | 0.0051901645391981346411  | 0.0056587273221669082829  | -0.00013405869357395870547 |
417   | 0.0073619823288533252012  | 0.0022231764132854704014  | -0.0032327127502310626025 |
418   | 0.0074190614050365054355  | 0.0080990971841555063626  | -0.0066709473477408838191 |
419   | 0.0099692435556540722613  | 0.006764887167037839967   | -0.013349103612307369054  |
420   | 0.0064238743850787444895  | 0.008759035176227817146   | -0.011907715185878246095  |
421   | 0.0058031680326132211931  | 0.0093097113203221958794  | -0.00020848037049911544659 |
422   | 0.0024231772570700595669  | 0.00069642029672700776852 | 0.00030996105038898138107 |
423   | 0.0051137286865769980559  | 0.0077131959361698377783  | -0.00784601961045284374   |
424   | 0.0003793158330208967516  | 0.0078219142418263047645  | -0.002282960551992382469  |
425   | 0.0063996803202184078183  | 0.0041309637784921054982  | -0.012308437956357488191  |
426   | 0.0043219042470170462508  | 0.0094208792927962838049  | -0.00063166291381410409611 |
427   | 0.0066743354303074233641  | 0.0023369769036706592932  | 0.00055560315232356641182 |
428   | 0.0082255437767923961223  | 0.0046973840483892524353  | -0.011205866974339426939  |
429   | 0.0052505291338774580379  | 0.0037966904438657975498  | -0.0016535291940251999228 |
430   | 0.0019056841802490140023  | 0.0089050592335853887699  | -0.0041972612166179812387 |
431   | 0.0069230949152020576642  | 0.007155750260194537575   | -0.0024991546459145904356 |
432   | 0.0014765529083154277628  | 0.0055630139147256020202  | -0.010423966011691937136  |
433   | 0.0026437692544736147299  | 0.0058385813961019192991  | -0.0098493053814563778087 |
434   | 0.0025552791998282127148  | 0.0027079994741730606216  | -0.0074180579344964407695 |
435   | 0.0097726952040880343126  | 0.0012226687939916444561  | -0.0018313964063221830399 |
436   | 0.0010460409540871502473  | 0.0079814491188851637016  | -0.0027575834466416590703 |
437   | 0.005690912512133933579   | 0.0042169996023361366183  | -0.0012287007722119936727 |
438   | 0.0085063818115293961253  | 0.0035385579185516083736  | -0.0096061566414596850916 |
439   | 0.00057215189426480621282 | 0.007463225287032649799   | -0.0047122362575248389824 |
440   | 0.0093476310997203833353  | 0.0042582338910445863625  | -0.00069956116715286351029 |
441   | 0.001804033423841927726   | 0.0011830914301207749815  | -0.0042454071686909471486 |
442   | 0.0015263076471609751672  | 0.0027570644757725641834  | -0.00060857524074386514391 |
443   | 0.003614919183984877972   | 0.0083325409648339707896  | -0.0045796017347127411512 |
444   | 0.00048673372988165261111 | 0.00045823059511026527487 | -0.0088817600575659023943 |
445   | 0.0072024112971199915137  | 0.0071068485578946677741  | -0.0038193071634597926603 |
446   | 0.0014245011728206806185  | 0.0084624218251406688185  | -0.0077501116702605957892 |
447   | 0.0038567720962101627313  | 0.0084938659411353829159  | -0.012724653506439970521  |
448   | 0.00010006562772553874267 | 0.0049510115869073976352  | -0.0077886837392209407743 |
449   | 0.0062070818143967546043  | 0.0070257369237159044209  | -0.0045954162490739400293 |
450   | 0.0066501352923735400358  | 0.0039287127934352038261  | -0.0017545083408026965026 |
451   | 0.00065993546492264915614 | 0.0097423195054523632763  | -0.01372376144613676914   |
452   | 0.0081262340822645592886  | 0.0088319491033197576602  | -0.010167776237918554547  |
453   | 0.0058554327550387284124  | 0.0036976024824710916443  | -0.01057842048369221806   |
454   | 0.0081477041547399157301  | 0.0066379845277446825752  | -0.007860145447390306031  |
455   | 0.001580330485206421498   | 0.0062138759723004959729  | -0.0020912430951388156705 |
456   | 0.00086740662934950017639 | 0.004291842416330775116   | 0.00087067153407521368641 |
457   | 0.0023756096659110401657  | 0.0052220418061284228778  | -0.0014048885266529642646 |
458   | 0.002761499058773463685   | 0.0092885876382204201479  | -0.0031710582353345860562 |
459   | 0.0055832729949888424206  | 0.0010996939519428718633  | -0.0002742040632032640801 |
460   | 0.0064069272953960572023  | 0.0087933618358501091511  | -0.0039588424977838555449 |
461   | 0.0030039439948686529752  | 0.0044444984338718983297  | -0.0035632167890517537495 |
462   | 0.0037160481761683143188  | 0.0034263550136339939595  | -0.0054121133334242644067 |
463   | 0.0064535489310124129203  | 0.0039325375728767935843  | -0.0087038676502084934977 |
464   | 0.0084500610316285331564  | 0.0011856829724525713449  | -0.011785358353249203445  |
465   | 0.0092575905363581970087  | 0.0002383144997777623291  | -0.01231510284945426352   |
466   | 5.0199255232075930603e-05 | 0.006234338422997350547   | -0.0036289273111039877309 |
467   | 0.0070345590663509508997  | 0.0045313373662568233458  | -0.00913664773086187397   |
468   | 0.0030945641024844629252  | 0.0071014381954846769046  | -0.010001185652742104401  |
469   | 0.0054848024154820216106  | 0.0031188449773409290637  | -0.0088621873798608880729 |
470   | 0.004655573891723683265   | 0.00038769219467395883878 | -0.0097603890345299600118 |
471   | 0.00088066496237112243221 | 0.008340893934745045521   | -0.012847157605027966637  |
472   | 0.0054630456550391563036  | 0.0086082018189880381981  | -0.012816274538909792555  |
473   | 0.0068196261312488803269  | 0.0015673723342950534806  | -0.0088651481660936785195 |
474   | 0.0010222172063960803089  | 0.0019005482393053298434  | -0.0061656455549476442413 |
475   | 0.0049453098931854866729  | 0.0047222809756037650158  | -0.01040146810127046996   |
476   | 0.0081150315117187073188  | 0.0085897392363777705371  | -0.0042275533180394604324 |
477   | 0.0080453891023486209105  | 0.007959351705694301532   | -0.0023020627635684963105 |
478   | 1.3166122154456928251e-05 | 0.0080099854906917501013  | -0.013730952781768538187  |
479   | 0.0040822826314619682295  | 0.002516624826462073982   | -0.008254045088978851849  |
480   | 0.00022019895483496712335 | 0.0044497754450951694863  | -0.0053961896676581909069 |
481   | 0.0033420269405555966258  | 0.0079983024551144900338  | -0.011455966186441209412  |
482   | 0.0044466009920231426567  | 0.0048306038172820269308  | -0.013188748389680001946  |
483   | 0.0057870149503848359804  | 0.0037780404573327921666  | -0.012275939948881110439  |
484   | 0.0019793724208314123283  | 0.0061260486885870392079  | -0.0092955468866921311943 |
485   | 0.0012776175425032831705  | 0.0052931617066240841188  | -0.012093245385976874456  |
486   | 0.0010403058280566100918  | 0.0072187554899075644793  | -0.003072199770737582547  |
487   | 0.0081341095823910854884  | 0.0050576959333035629782  | -0.0057461807889229235546 |
488   | 0.0087402649010311275063  | 0.0061055838643479676958  | -0.0045544112616488921855 |
489   | 0.0042247503292952579348  | 0.0094645860783305370278  | -0.013465572537673145895  |
490   | 0.004722877768918210678   | 0.0086081585544143888328  | -0.0050939837358544674817 |
491   | 0.0035009702236803953365  | 0.0029239075548377528938  | -0.004193286548221692063  |
492   | 0.0073514269519477492415  | 0.0082427843681688768573  | -0.0062570271837343828178 |
493   | 0.0094084672344160735769  | 0.0071104595511855888876  | -0.0051828140188265687735 |
494   | 0.0047341808719069252906  | 0.0046907478233930858039  | -0.013503828089097882556  |
495   | 0.0076435556044932937564  | 0.0081134647441998119372  | -0.0015010718368618195147 |
496   | 0.0087838511215742338251  | 0.0056795778447632947958  | -0.0084961072964012916697 |
497   | 0.0049766653693897296498  | 0.0050263404911709864964  | -0.00048146094348229046466 |
498   | 0.0052077880034612049343  | 0.00022253932679859421287 | -0.01370260060698029296   |
499   | 0.0093835060793680501179  | 0.005117164971613538324   | -0.0041450326439421295369 |
500   | 0.00049493574435367706111 | 0.00030152277342738792107 | 0.00080710734596685634185 |
501   | 0.0045867608313354939903  | 0.0038719716331071358205  | -0.010944246702438391664  |
502   | 0.0055328136705174099652  | 0.0052777378790914274836  | -0.0076241397164912554779 |
503   | 0.0012417034346988366396  | 0.0026821091729524802576  | -0.004518075282743829954  |
504   | 0.0022160666336599591821  | 0.0033451065124023818438  | -0.0098524730846682694041 |
505   | 0.0070499335702295532272  | 0.0076147047442032388814  | -0.01302189238726303433   |
506   | 0.0036405711693576286135  | 0.002261257957595672486   | -0.0072204777263802227827 |
507   | 0.0089286497537474779351  | 0.0037477845732825894667  | -0.0018278585184371414375 |
508   | 0.0045704003347172344682  | 0.001721509617191613762   | -0.0098179833396951753793 |
509   | 0.0013857138187355491979  | 0.003027836284975424664   | -0.013788901075606043237  |
510   | 0.0076797578721061613219  | 0.008464494726682760331   | -0.0021405083756787131322 |
511   | 0.0023003199721540268721  | 0.0029351440359056939905  | -0.011660418241341523674  |
512   | 0.0074041098876608604784  | 0.0097667461180639299212  | -0.011800869726023606107  |
513   | 0.0056403238217481678138  | 0.0032221868259593123771  | -0.010704598807175447206  |
514   | 0.0069530553334682856231  | 0.0016153035355198515615  | -0.00056436866087282791266 |
515   | 0.0076296885223734664527  | 0.0056450284721833452264  | -0.0051065200136266777203 |
516   | 0.0042571774752603328343  | 0.0010418027300798731686  | -0.00067780483573621921976 |
517   | 0.0075135910639645021175  | 0.0055415121444446525933  | -0.0094588773332684571854 |
518   | 0.0032546106744116582582  | 0.0029140115504719876424  | -0.0057174393729858283622 |
519   | 0.0019377322059581150986  | 0.0036609783811948027818  | -0.011095686214146345192  |
520   | 0.0028417326634241259903  | 0.0033483792964040474255  | -0.012095391691352368191  |
521   | 0.0042685091660941741967  | 0.0059138695810649795359  | -0.0035918398831294379506 |
522   | 0.00291533711196717343    | 0.003485860497948130559   | -0.0026399410794882205086 |
523   | 0.0014941445287899547331  | 0.0083966713832818520857  | -0.0042623938222491200914 |
524   | 0.008771357780722684877   | 0.0012773295370914128019  | -0.0059808493315845201455 |
525   | 0.0034050353336001161139  | 0.00058272523742500237625 | -0.013459427982574271448  |
526   | 0.00032090017633764494637 | 0.0055540958277434070156  | -0.0025820900822625500633 |
527   | 0.0091981971650639971633  | 0.0053327478090628103319  | -0.0035504074895048578706 |
528   | 0.0087605269234015317042  | 0.0023405720147837601186  | -0.0051957168550635620188 |
529   | 0.0066851659100632728622  | 0.0056826488472460886039  | -0.0080789528116141564457 |
530   | 0.0034252252154276098366  | 0.0065793318771309779874  | -0.00085331073973547732787 |
531   | 0.003788261098252866145   | 0.0039920178248694943718  | -0.0074847382066679712595 |
532   | 0.0047745437395460251298  | 0.003729414635901298538   | 0.00046418624413762618912 |
533   | 0.00027908140321724521707 | 0.0057307569378844402941  | -0.003116263430439978558  |
534   | 0.002293243317612922872   | 0.0040445283317675547602  | -0.0047632940545111633265 |
535   | 0.00039196251621048281907 | 0.0084976078082593872742  | -0.010087963963461243216  |
536   | 0.00018512068546590023039 | 0.00015927648774078677547 | -0.00092772162517468269652 |
537   | 0.0022578452287436399926  | 0.0041977668214605978053  | -0.004276290096314325738  |
538   | 0.0085609999839450709458  | 0.0016578287614321092838  | -0.013692612110582150914  |
539   | 0.0092598095463327905613  | 0.0060432023865631331883  | -0.0013629685403701843546 |
540   | 0.0048310118203950232554  | 0.0060416432817760393204  | -0.0083513671503324150847 |
541   | 0.001744625149118566752   | 0.00049145701736349068495 | -0.0058542521007594822482 |
542   | 0.0064536285140523019094  | 0.0027249075567684459542  | -0.0034312991861702342444 |
543   | 0.007889431134414568586   | 0.0061090669318708736707  | -0.0024149742666210605863 |
544   | 0.0045267957131476946678  | 0.0035716374859785654516  | -0.010219946377760186565  |
545   | 0.0083442055212912969592  | 0.0085620759154211301123  | -0.0073523802478000482158 |
546   | 8.9493997531437760487e-05 | 0.0081233872829681395139  | -0.011424367896486615354  |
547   | 0.0030932605303801287248  | 0.0035104020200862366338  | -0.0010334117698796003136 |
548   | 0.0040836832182182623147  | 0.0030673563593342878346  | -0.011380571713011516932  |
549   | 0.00077764625359921194393 | 0.0085954889155585769561  | -0.012301366318848013306  |
550   | 0.0035021624782704922907  | 0.004144612257749963509   | -0.0031110341711977256354 |
551   | 0.0062919750408621348547  | 0.0023918488417786045244  | -0.011226416550214302417  |
552   | 0.0048409083378515658375  | 0.0054860212205067896904  | -0.0056068517918322902105 |
553   | 0.0031138023497981419906  | 0.0049567666676551989588  | -0.0075137331050433957269 |
554   | 0.0017177197427444379323  | 0.0089203176568466262253  | -0.0070311179297562328636 |
555   | 0.0069960811683294262669  | 0.0035348282040914042086  | -0.001171788692665155264  |
556   | 0.0032469964639279908988  | 0.0078227908614709046331  | -0.0026580352051765771156 |
557   | 0.0055004507093945973623  | 0.0054217696342484167013  | -0.011458462144474840932  |
558   | 0.0027608082816377604342  | 0.005799526046886415917   | 0.000753995885267386666   |
559   | 0.007052718875058710743   | 0.0010747554326727515144  | -4.9993822664102218953e-05 |
560   | 0.0054845738764544293975  | 0.0036340566461334519559  | -0.009944097058163974337  |
561   | 0.00057140594447452591319 | 0.006154697474293380384   | 0.00042312047174242640047 |
562   | 0.0044931367843276523097  | 0.0070646020755426855095  | -0.0012520965284955774474 |
563   | 0.0070894765084570958089  | 0.0043780988604963750818  | -0.0072687567865100492781 |
564   | 0.0047504703339817846292  | 0.0072407453227905258994  | -0.010373146923829963673  |
565   | 0.0072042375438343278851  | 0.0049345787945258880181  | -0.013409836309876429702  |
566   | 0.0042085417772348646809  | 0.0089683523588082753736  | -0.011443907948987537548  |
567   | 0.0088389952503816551777  | 0.00094977290068925059909 | -0.0013091465301931757854 |
568   | 0.0070834877589250194729  | 0.0011329472453892948554  | -0.013814952745279647159  |
569   | 0.0048933549338461895459  | 0.0039161847375456856207  | -0.0090816801656788195829 |
570   | 0.0062596584788406749861  | 0.0098049312070931145952  | -0.0011700958614360510834 |
571   | 0.0097964102166689277784  | 0.006514789529064597684   | -0.01280811423023092005   |
572   | 0.0042132442738469578006  | 0.00026519629375282050303 | -0.0019880689679645209902 |
573   | 0.00095488886572797073912 | 0.0069188113561680919528  | -0.0035617330303843036665 |
574   | 0.0066322500678307663019  | 0.0090362102847367196945  | -0.0044092265234257970938 |
575   | 0.0050505864976402511934  | 0.00029611240248324368707 | -0.010025351271941972467  |
576   | 0.0059221737339421208143  | 0.0027048085819656097692  | -0.0031390472512252951855 |
577   | 0.0024745244055828881022  | 0.0079862434812719932525  | -0.011742344909818645815  |
578   | 0.0034887915203957466613  | 0.0074123517639809620092  | -0.0048260514861814991783 |
579   | 0.004872508862965231613   | 0.00043758013732710511305 | -0.0086915592149591370391 |
580   | 0.0064323138068776344184  | 0.0024859807759161703378  | -0.0077642045732615799433 |
581   | 0.008054188889994999892   | 0.0069961268885670559528  | -0.0036465488594193658581 |
582   | 0.0041758999518104519127  | 0.0072976374597485023366  | -8.0892756038379237736e-05 |
583   | 0.0092528038004908424313  | 0.007706006911042212644   | -0.0064645434569961628124 |
584   | 0.0053340606311620460817  | 0.0087255259859087760943  | -0.011077787679435182125  |
585   | 0.0035486661335485027852  | 0.0025341004457428203261  | -0.0054950954279990322365 |
586   | 0.0076539537395920132987  | 0.0088980001070158559057  | -0.0080180183137742548627 |
587   | 0.0018137922797167296482  | 0.0033828859489681800503  | -0.0096869155024184774166 |
588   | 0.0082193714564572049885  | 0.0041072677857079071054  | -0.010053786402174847564  |
589   | 0.0035036105252450118648  | 0.0070501017975227462178  | -0.0060726393836170282359 |
590   | 0.00033585767816763121641 | 0.0092884947998497554428  | -0.0050074204223270694231 |
591   | 0.0030163910160031386955  | 0.0033739682414066622142  | -0.0030636661083551777404 |
592   | 0.0031032182580878831316  | 0.00072078461829974552547 | -0.011651721729435012692  |
593   | 0.0081469256091647821588  | 0.008126608944932459111   | -0.0095560834387962839687 |
594   | 0.0093543009085661696367  | 0.0072880772206927171494  | -0.0014928657882931240398 |
595   | 0.0024993889233090350876  | 0.0079968438685683405215  | -0.0036396638785135219246 |
596   | 0.0099853255663184797147  | 0.0075557078008901563254  | -0.0079490665176667058001 |
597   | 0.0028812699702810565597  | 0.0080203948843774654914  | -0.0080660329117206233662 |
598   | 0.0043289286897175652952  | 0.0044771119307214978997  | -0.008751294475054550992  |
599   | 0.00014035133843022181994 | 0.006971126106940480141   | -0.0014752337294784069899 |
600   | 0.0011771528082611308706  | 0.0014624868578217017304  | -0.009676223823538764382  |
601   | 0.001582890895073902791   | 0.00095797431873549741387 | -0.010588286636449876013  |
602   | 0.0065847907558061087585  | 0.0062817611681927239264  | -0.0077311252682140448739 |
603   | 0.0025150591149832564677  | 0.0024768641613551476213  | -0.0082553924589953107949 |
604   | 0.0092664856633492779375  | 0.0077612229462156864454  | -0.011765018166234757213  |
605   | 0.0070335878094720831119  | 0.0075310978095658523412  | -0.0091735732247260892702 |
606   | 0.0089181094465421335837  | 0.0024058048619090407691  | -0.011232651863084535879  |
607   | 0.0017472950796510932844  | 0.0007874634926567613798  | -0.01313285228423285815   |
608   | 0.0040342989615779634854  | 0.0069647908530441398831  | -0.0023451276261532805027 |
609   | 0.00039053501462475498016 | 0.00013386143682696675429 | -0.0060482000476323113936 |
610   | 0.00054334682422850738397 | 0.0019970779576685333302  | -0.013562168133701382744  |
611   | 0.0047954196314424421543  | 0.0056911499766350978277  | -0.0084174237169766293748 |
612   | 0.0047569879417021882981  | 0.0085662597671514809083  | 0.00013153275139730433575 |
613   | 0.0065856048146966505302  | 0.0096878910116544904307  | -0.0095940867915922847103 |
614   | 0.0046375322514037612895  | 0.0030443433987765748314  | -0.011480633618999027887  |
615   | 0.0011728715314578729619  | 0.0089218318798517000368  | -0.0018305211962863106572 |
616   | 0.0092953927587701903196  | 0.0038645082295673915777  | -0.00093643894744109123368 |
617   | 0.0065732863464356772534  | 0.0030833243849339160396  | -0.0016010854448800363771 |
618   | 0.0021822753607172165266  | 0.0070234715165167337786  | -0.004290169497145123606  |
619   | 0.0020959957285914742817  | 0.0085925664843991538672  | -0.0022627644790974986606 |
620   | 0.0077365756977778067649  | 0.0040037244138208085212  | -0.0027702387022993566444 |
621   | 0.0044100518430832697653  | 0.005805775239754707405   | -0.0098957856049961996636 |
622   | 0.0019946943442030644691  | 0.009007028513469983802   | -0.01027581855400534587   |
623   | 0.0031258136132788047652  | 0.0027825319273194577471  | -0.006283246602146090945  |
624   | 0.00014311763145052175915 | 0.0053254720364028368396  | -0.0018591170492083025547 |
625   | 0.0067158468002386220372  | 0.0058453429495102966762  | -0.006663595740747227901  |
626   | 0.0016326344579887014288  | 0.00028000526598457572752 | -0.0021382976458714790698 |
627   | 0.0054608601396284126711  | 0.0095068175494581325102  | -0.0095251213880063329009 |
628   | 0.0070409624466541108345  | 0.0082376789266406652557  | 0.0003875229908583185251  |
629   | 0.0075351150160958670424  | 0.0067486168869118016295  | -0.0078832677561716160003 |
630   | 0.0061320345169884517972  | 0.0094437120808030759755  | -0.005954911959264562113  |
631   | 0.0088833595555828682999  | 0.0051853420267056931151  | -0.0066644330534809705091 |
632   | 0.0052933945932817152991  | 0.0069741721923932201155  | -0.010942633342175621392  |
633   | 0.0049392716820704308037  | 0.0018488280633267013646  | -0.0054818102867646807327 |
634   | 0.0036395199888604487341  | 0.0038926651920433521549  | -0.0022297974222257824911 |
635   | 0.0015171494053138278278  | 0.002652381941089969504   | -0.0023844355159079524964 |
636   | 0.00074776539028388404849 | 0.0071400788735887024683  | -0.0046837611915702005022 |
637   | 0.0062050569606568036982  | 0.0027220608231572364887  | -0.013849765387815918261  |
638   | 9.8759825361771692875e-05 | 0.002545978606303047221   | -0.0095818339648213700366 |
639   | 0.0070836530087407768505  | 0.0023059782588132570445  | -0.0065044287184952680886 |
640   | 0.0031119771651448883618  | 0.00050017148204263843676 | -0.0034540593089159008812 |
641   | 0.0058614014613773560494  | 0.0079150591550210935149  | -0.0030745831122344145607 |
642   | 0.00091570473010007256195 | 0.0087608708772131619474  | -0.0023248221523093099555 |
643   | 0.0089494811065851630205  | 0.0059874419394673533343  | -0.00048157300329511017536 |
644   | 0.0054205913813934174933  | 0.009320900700910635106   | -0.010537459617755243549  |
645   | 0.0034722315619085362959  | 0.0093701397556589256094  | 0.00083640985948144324497 |
646   | 0.0023006196191572218616  | 0.001841975254923684845   | -0.0038782384359746509099 |
647   | 0.004922744049187917359   | 0.0038079755759907428503  | -0.0086443530425242172399 |
648   | 0.0040854203408729793459  | 0.0062651922019261356914  | -0.0095860054288481391649 |
649   | 0.0043309800379429802542  | 0.0061282144273673410523  | -0.00093784711585688301447 |
650   | 0.0034002424237262341561  | 0.0081497994597537065653  | -0.0024349761614763940423 |
651   | 0.0046658939810948997159  | 0.0065816151818440526977  | -0.0029474904940959283269 |
652   | 0.0026034841598089335409  | 0.0057484751914789224136  | -0.0059086218790000291992 |
653   | 0.006475472035856993068   | 0.0048057486469529932249  | -0.00046789821383281328436 |
654   | 0.0056115801204511522177  | 0.0080488887241376184944  | -0.0039188452622512283396 |
655   | 0.0051301713911882452016  | 0.0047717765029487210077  | 9.0597780381206121291e-05 |
656   | 0.0027971041249702094378  | 0.0028790713268105703332  | 0.00024062264645978182495 |
657   | 0.0081712417486488001656  | 0.0091880445431071055412  | -0.0070274707872475397977 |
658   | 0.0056240892043177732884  | 0.0083865740228268991635  | -0.0040136548035729384051 |
659   | 0.0081618088426670641622  | 0.0045147899686941083894  | -0.0063323635862553157017 |
660   | 0.0063888511690073099616  | 0.0016320038163205258588  | -0.0097974257328366336217 |
661   | 0.0010960011452238731678  | 0.0042146984547550099195  | -0.005812268488059575168  |
662   | 0.0043379626313716909344  | 0.0081329188362523046479  | -0.00058255464545592058369 |
663   | 0.0077468696411673665728  | 0.0019600934187541563421  | -0.0089028584943420027015 |
664   | 0.0044262406699043929312  | 0.0026589400261693083016  | -0.0037874663631285131193 |
665   | 0.002197824577519400923   | 0.0057036314222771253984  | -0.0010793242686335574512 |
666   | 0.0062602301319335199731  | 0.00093763621858415299466 | -0.0089003645034624028626 |
667   | 0.0084108640330708365346  | 0.0020649921005486855663  | -0.0054854561604093321839 |
668   | 0.0055259568931651601581  | 0.0016950501023132653108  | -0.0027929710424524395625 |
669   | 0.0091504801340638111662  | 0.0024864712260474555738  | -0.0093662367796971662121 |
670   | 0.0020466558171012760523  | 0.005922904524520424159   | -0.0041060389350399545405 |
671   | 0.002184971260175767177   | 0.0079373580712567941287  | -0.0097107561660149128296 |
672   | 0.0098955851599228043108  | 0.0058401678905454041876  | -0.0067972307588064963951 |
673   | 0.0080622231496279249396  | 0.0049199312897405212894  | -0.013024175293523532551  |
674   | 0.0072608255568316921319  | 0.0024496952526375155058  | -0.0062618944918585803944 |
675   | 0.0025532267801462982769  | 0.0040309287321110380542  | -0.011392153675401609988  |
676   | 0.0023935744784893283298  | 0.0099224190497143247014  | -0.0012734512239667161466 |
677   | 0.0062499957213042285284  | 0.0027885261917543749041  | -0.0081333732390969776249 |
678   | 0.0023989803719148363771  | 0.0029102382323575697043  | -0.00085603359583523051454 |
679   | 0.0039100407565028725415  | 0.007469249014500113637   | -0.0035159981534610648159 |
680   | 0.0015883579108398979563  | 0.0068376820120486401719  | -0.0076642212612172879588 |
681   | 0.0040134083361820409655  | 0.0014084214485165663135  | -0.0031628585875438032689 |
682   | 0.0012780096803286554799  | 0.00086589090921607863877 | -0.0067673208418604991268 |
683   | 0.0044762789214694374135  | 0.0053667501821361394965  | -0.0018994050632755873041 |
684   | 0.00062530944969218615719 | 0.0019901082376054517881  | -0.010072699371118544812  |
685   | 0.0059483083780611034977  | 0.0017009047815935581481  | -0.011898139908781454888  |
686   | 0.0052893678252782455954  | 0.0037989810184672506178  | -0.010220181938847354083  |
687   | 0.0080050242484650587643  | 0.00487174443275964833    | -0.004968024141872510839  |
688   | 0.003615732451409292298   | 0.007182701123738396802   | -0.0035511138770388445997 |
689   | 0.0049478610092570851284  | 0.0066676494478144334235  | -0.0012209239527938404134 |
690   | 0.0062995161963003915365  | 0.0067179909782631780021  | -0.0059925315895566410793 |
691   | 0.0077816074398737930529  | 0.0044591759999034683015  | -0.0061139044289050814562 |
692   | 0.0070349618763451025535  | 0.0082368811857973737306  | -0.0080669305938718266491 |
693   | 0.0075896979828132564092  | 0.0037610000729270246823  | -0.0092428416906632226979 |
694   | 0.0077169496321122989929  | 0.0093917724359717808663  | -0.0069097447647987015815 |
695   | 0.0047731298870539598869  | 0.008235679500027992192   | -0.011907599373568234988  |
696   | 0.0020463611780158477357  | 0.002584730656019022018   | -0.0090433336795943380232 |
697   | 0.0063379055677792216564  | 0.0045171876775255710018  | -0.009203808593097693308  |
698   | 0.0019121173678703592448  | 0.0088051962541795675277  | -0.0088247010287411716684 |
699   | 0.0079720714376158696018  | 0.0010431819901254519092  | -0.006938917414313873315  |
700   | 0.0058490906050437697916  | 0.001929952542379912003   | -0.0032312618706577100197 |
701   | 0.0050217129224809789814  | 0.0061703243012958255628  | -0.010626423723244940792  |
702   | 0.0053967083202999021133  | 0.0068193591923879845473  | -0.009036375022394092793  |
703   | 0.0040900883486973639222  | 0.005523533138033267717   | -0.011008447013636991907  |
704   | 0.0028113767693695996923  | 0.0089219860669075730375  | -0.0046999922742383976743 |
705   | 0.0025621233694943994046  | 0.0091637978455945800355  | -0.0020030265790866559963 |
706   | 0.00094863571440712696203 | 0.0082931374257621762874  | -0.011975660445690462785  |
707   | 0.0015482873372217071262  | 0.0082097900272257804538  | -0.012253020718779620776  |
708   | 0.0070665837145107669379  | 0.0044628056324912046202  | -0.0043964068212200956703 |
709   | 0.0046237035202061193412  | 0.001987188024829832176   | -0.0082556938641829714226 |
710   | 0.0057867122701421381051  | 0.0091827968746809787021  | -0.0068809379548516727207 |
711   | 0.00063049321266211402932 | 0.0070980415339928935523  | -0.0080398151682404030149 |
712   | 0.004538738387482969816   | 0.005145740168606299271   | -0.012005312271694639631  |
713   | 0.000854851793354934812   | 0.0060279096070612403838  | -0.010059749080301787563  |
714   | 0.0011283982914551853646  | 0.0054219702188888297192  | -0.012300595201680614155  |
715   | 0.0046535404424552740885  | 0.0090823882667388586981  | -0.010085890466203024235  |
716   | 0.0001347296229246106741  | 0.0075421683784061589739  | -0.0077800166337392241342 |
717   | 0.0028859185082536599823  | 0.008945987369627829075   | -0.0039155030201291716324 |
718   | 0.0043901605045259450497  | 0.0069336120406862438922  | -0.0068132610284170596476 |
719   | 0.009271286703177053154   | 0.0041966840587346222052  | -0.011815312453434050413  |
720   | 0.0066593417022473228375  | 0.0078664601742795166317  | -0.013607196682414071653  |
721   | 0.0069362150227098391328  | 0.0048802883809963542444  | -0.0072327862203860164569 |
722   | 0.0021328939094940558771  | 0.0067123944415215641007  | -0.0028794453619841527299 |
723   | 0.004221767871159895491   | 0.0049126774192478012485  | -0.0047144752214855244546 |
724   | 0.0073243341280553406897  | 0.0054399633576701390825  | -0.0074673072552735161519 |
725   | 0.0087784226099379258218  | 0.0063609655289775740919  | -0.0052780359811407974446 |
726   | 0.0030662589470994584123  | 0.0071145029557002975248  | -0.0053284211279935661185 |
727   | 0.0033342220513848074004  | 0.0030280612022283107804  | -0.004736061281673911369  |
728   | 0.0049571390491849540161  | 0.00058901111304072767318 | -0.0012621878908714561501 |
729   | 0.0099316103613448173532  | 0.0062985332398215274768  | -0.0077377413489140749528 |
730   | 0.008465021473745190303   | 0.0028524671765912737453  | -0.0014795998524373948219 |
731   | 0.0058313835921143504851  | 0.0018458705733522442604  | -0.0063906060870742480498 |
732   | 0.0043313587492571107782  | 0.0098748538209488812001  | -0.013631499584191315161  |
733   | 0.0080510806055451526048  | 0.0084447989623608506193  | -0.007124659898624414664  |
734   | 0.0050943026899623305298  | 0.0043954894262456817994  | -0.0074877654513086566376 |
735   | 0.0045850894313672011654  | 0.0003151727710192321944  | -0.0030369871986692473925 |
736   | 0.0093334004729505870568  | 0.00029326693191279306228 | -0.0003856886785019022568 |
737   | 0.0061315477983956978569  | 0.0080160801239772885851  | -0.0050805889604243915231 |
738   | 0.0023001975627868465578  | 0.0072900080742586588489  | -0.0093846862793134384201 |
739   | 0.0071365501532922731576  | 0.00080653681463661755328 | -0.012751271147025429811  |
740   | 0.006604663232520006054   | 0.0033585530178856450208  | -0.010750753028517374271  |
741   | 0.001750652450466927976   | 0.006873083647559927005   | -0.0013208973206377484701 |
742   | 0.00082178019892205887448 | 0.0046456747294582444868  | -0.00078390682272372119374 |
743   | 0.0035956334866794480327  | 0.0047252631303272953425  | -0.012061604835957846424  |
744   | 0.0089232485893714769132  | 0.0049897965665147989492  | -0.0076045011656030872885 |
745   | 0.0016711350627348949948  | 0.0064532730964188553605  | -0.0085572449117712473532 |
746   | 0.0068308430559127861909  | 0.0036408891342939388343  | -0.0018545363633594360176 |
747   | 0.0045994940726022696606  | 0.00058552476437103806277 | -0.0049383426639789734444 |
748   | 0.0086062125717434479616  | 0.0031798662112402023561  | -0.008226731315502628511  |
749   | 0.009964773811742055204   | 0.0041458758582618030278  | -0.0096202965719772107894 |
750   | 0.008069523082818056553   | 0.0019169352073842771053  | -0.0023361996260058523651 |
751   | 0.0045207274507599948601  | 0.0067686394976058366496  | 0.00090743736600907936012 |
752   | 0.0020375032340772189499  | 0.0087025290065820947588  | -0.0070105477581083449831 |
753   | 0.0073630061737236830732  | 0.0089722793231890897447  | -0.0028268799436978941583 |
754   | 0.0059962296441487322393  | 0.0080431315591122966302  | -0.0034691879060246857101 |
755   | 0.0013818099369016091475  | 0.0081147286097019120932  | -0.0052117966955297261381 |
756   | 0.0084817216088887790321  | 0.0091165747154573519018  | -0.003804360753659413643  |
757   | 0.0063809426840056981262  | 0.0044042366138787513927  | -0.008635725213289613747  |
758   | 0.0030980266631813733504  | 0.0023359445349479001676  | -0.0087112771145839273251 |
759   | 0.0042245671316242811716  | 0.0099648535445401777849  | -0.0051340260771671232531 |
760   | 0.0015389287082260159813  | 0.0096063257345589091185  | -0.0061926347374758267464 |
761   | 0.0033674745624440293595  | 0.0088321641805175366696  | -0.0098234953067815166533 |
762   | 0.0079177665642578744926  | 0.0037717872029497090912  | -0.0062150469057704292586 |
763   | 0.0081519185122023683776  | 0.0040030403743833266675  | -0.0060261305883634128794 |
764   | 0.0065217924543543876609  | 0.0050514069657057987864  | -0.0072848409545611201438 |
765   | 0.0019823817949098094908  | 0.0050173642038232766846  | -0.0047986922999302241213 |
766   | 0.0077195734981723726845  | 0.0068519149574776524667  | -0.012405611727555913501  |
767   | 0.0052880701852784026129  | 0.0020707796174084386331  | -0.0082528660920120691658 |
768   | 0.0036009931465025217349  | 0.0005217425031361280904  | -0.0093501943956959335247 |
769   | 0.0014571372583148270528  | 0.0056380622224298992604  | -0.0048266113079024905788 |
770   | 0.0010451835369457991142  | 0.0089050286349548046089  | -0.001824233125656401491  |
771   | 0.007173376128502488569   | 0.0062351513651771840394  | -0.0032891386629677501867 |
772   | 0.0029451313045503317058  | 0.0094746009038995694651  | -0.012490447631549196628  |
773   | 0.00052054006134894892453 | 0.001896260074825932649   | -0.0030467045269542344932 |
774   | 0.0076252850807935592184  | 0.0088938972897626613484  | -0.0087743490788279848019 |
775   | 0.0085133931377146063874  | 0.0041015261657665873923  | -0.0068852916320745064307 |
776   | 0.003247186974746208224   | 0.0056510439733854413852  | -0.0093836828624781296743 |
777   | 0.0086340249167304438521  | 0.0051963534135428387714  | -0.0018199164107358392021 |
778   | 0.0019710361733907937054  | 0.00010466385384937695576 | -0.00089944714719341939575 |
779   | 0.0049135930683835366342  | 0.0043321677155413402041  | -0.0029317306463227323261 |
780   | 0.0077674968694905364638  | 0.0061883523727633213407  | -0.0094787630630428620221 |
781   | 0.0020912395575121080389  | 0.0033321044818260198497  | -0.001854429128418348758  |
782   | 0.0016946149624007162977  | 0.0032299559908029037633  | -0.011075432635263438713  |
783   | 0.0029906449675264671316  | 0.0056005289697477955366  | -0.0018263176463055460184 |
784   | 0.0082713916991057259004  | 0.0037325594144328720116  | -0.0091211210967667953609 |
785   | 0.0014399718016016489503  | 0.000604341366476521865   | -0.0075678061740578070685 |
786   | 0.0041124794100482744627  | 0.0064956961609645433656  | -0.0048679186820693096105 |
787   | 0.0026340365119428494137  | 0.0011300915991531601968  | -0.00048560452167538907921 |
788   | 0.00083565851350055769548 | 0.0060860769976175694423  | -0.0093163258581801626501 |
789   | 0.0053322811877303108105  | 0.0052600670653976050808  | -0.010860571975580326012  |
790   | 0.0049146216919898899622  | 0.0042215440305405325938  | -0.007108856884310882536  |
791   | 0.0012717482382313674213  | 0.0091019300154936942648  | -0.01113365889825837507   |
792   | 0.0032650122133288388311  | 0.0022705365606451159179  | -0.003199581175502561655  |
793   | 0.0061906944556041829109  | 0.0015691603758530281703  | -0.0011359182604421681328 |
794   | 0.0094087375123558854989  | 0.0061213025882713772638  | -0.013834945629806730608  |
795   | 0.0041760827351913333907  | 0.0070135970618766009521  | -0.0076678261985289614816 |
796   | 0.0046650862425144257878  | 0.0067280484357620483349  | -0.0018107119420291708199 |
797   | 0.0019569304088981639804  | 0.0066769954419974401894  | -0.0075178760750869103729 |
798   | 0.0029597091341546752537  | 0.0005375221225849236787  | -0.0008342703816927964219 |
799   | 0.0069988604087291130321  | 0.002399117730873309446   | -0.011375862108423321142  |
800   | 0.0070049388271512108561  | 0.0080241337571173975557  | -0.0056162662002013762769 |
801   | 2.6951020709846201605e-05 | 0.002039677726812272416   | -0.0016646329955464281552 |
802   | 0.0031174342998949318949  | 0.0095410527060923178144  | -0.0055565736072444903496 |
803   | 0.0079286746465078352525  | 0.0083667723607583864565  | -0.0031657381646537498081 |
804   | 0.00089858860469158540179 | 0.0039810490629307625568  | -0.011199426944106740875  |
805   | 0.0028585374854208467181  | 0.0040462726999479139284  | -0.0061661006821428577043 |
806   | 0.0024033543453264366238  | 0.0039108464729278461305  | -0.0020322081177279278583 |
807   | 0.0019466485392668033457  | 0.0082065005327247256967  | -0.001119888804455887411  |
808   | 8.3682995300341157146e-05 | 0.0021809697636830040375  | -0.011588227027688607906  |
809   | 0.0031100774943256083785  | 0.004179095883007410972   | -0.0080485348092143096932 |
810   | 0.0070307240905280879786  | 0.0035128079829470238576  | -0.0012455575871857772156 |
811   | 0.0075205146058325835975  | 0.0027095275859574043283  | -0.013290737811262451698  |
812   | 0.0083816578441724583215  | 0.004957924946327937725   | -0.010458594455456337452  |
813   | 0.0062663962003900678527  | 0.0046652059947654683086  | -0.0033033243416665612063 |
814   | 0.0045164234813610398822  | 0.0075110233028299090707  | -0.0093308301570300521827 |
815   | 0.0041963408407315674897  | 0.003600148073652491721   | -0.0089721322923306257024 |
816   | 0.003233703694937885547   | 0.0041114709935568616653  | -0.0089992453739115123301 |
817   | 0.0090581164397398328259  | 0.0015005297641529525155  | -0.0020887109208173838468 |
818   | 0.007669346990848367393   | 0.0053281045169561759567  | -0.0023551193751498965268 |
819   | 0.0033598778314495847917  | 0.0059323440050694127568  | -0.0044916999843152456695 |
820   | 8.2393136862556859662e-05 | 0.0015370559640838527427  | -0.0055988707254645813521 |
821   | 0.0066287664835657225323  | 0.0095525536659631146014  | -0.0028545811547668097433 |
822   | 0.0023376316390644998403  | 0.006656686136993230328   | -0.0048156152741418165389 |
823   | 0.0032862793260049556927  | 0.0026121311572985953312  | -0.012688170106922179795  |
824   | 0.0058929485690463649997  | 0.0016939422580975801308  | -0.0076401552712729893513 |
825   | 0.0064563850795957399703  | 0.0056309120230336948132  | -0.0094161968135294833032 |
826   | 0.0076892532674981261404  | 0.0068949916819269823839  | -0.0090297250218045015113 |
827   | 0.0090261229689103210372  | 0.0073763249606112043719  | -0.0008132985352864452195 |
828   | 0.00013010664793163814268 | 0.0050283674622628388509  | -0.0090122310417107172331 |
829   | 0.001232198586809319556   | 0.0073553591730971855725  | -0.003744588587639290176  |
830   | 0.0028045434859006305485  | 0.0039333100113518098748  | -0.0011692654075931188228 |
831   | 0.0039125000018639466762  | 0.0076131461837647520022  | -0.00026335389773127562685 |
832   | 0.005464697677724941402   | 0.0023276755011256231725  | -0.0046062852353615010154 |
833   | 0.0090490075363947562737  | 0.0048381660077787503813  | -0.0029181414203845739037 |
834   | 0.0047319900743379821051  | 0.0079104399973464484958  | -0.011386770610022377281  |
835   | 0.0075045194335698469854  | 0.0094529389087329371288  | -0.0084588539584713601238 |
836   | 0.0098716629231024102809  | 0.0011053974242579275508  | -0.0045833026285095265773 |
837   | 0.0081058511065350037639  | 0.0026881331382645821775  | -0.0038019014243825936285 |
838   | 0.0066006891795569967371  | 0.0013472365384437675739  | -0.010358562735744133998  |
839   | 0.006741783700226137814   | 0.0026977720043984223554  | -0.0011019192915283234323 |
840   | 0.0092259806315023295403  | 0.00052388201790987912881 | -0.0040201786598584284341 |
841   | 0.0064149774545369494042  | 0.0011600956107684140192  | 0.00071660400910211546292 |
842   | 0.0028838499182891347977  | 0.0065607841799796484325  | -0.0011243459527879851294 |
843   | 0.006587598586961444791   | 0.0073670405811854123429  | -0.0088484993369407124314 |
844   | 0.0038335193133251293726  | 0.0012354740895894179929  | -0.0064189038308135092439 |
845   | 0.0096430948726524950282  | 0.0024925626756037832371  | 0.00023470580055899624775 |
846   | 0.0086316302923040242462  | 0.0022846097594153486933  | -0.0032322932446924869908 |
847   | 0.0092634145351505273874  | 0.0074851812749460048049  | -0.0047056624835982614752 |
848   | 0.0043694041548272806799  | 0.0015287212524682639893  | -3.6870080336346093672e-05 |
849   | 0.006291499244175195564   | 0.0051460228077002444572  | 0.0002169381844149734066  |
850   | 0.0040823300475345920477  | 0.0035699507734642463297  | -0.005595662625484257649  |
851   | 0.0050224526585438255405  | 0.0067499544570870703003  | -0.011340756241802908005  |
852   | 0.0051494687308458663919  | 0.0088428462278815709446  | -0.0072040142814510594108 |
853   | 0.0092844518199296927063  | 0.0031608744754325467791  | -0.0079714909486454481324 |
854   | 0.007982383969832732365   | 0.0093082771893499664795  | -0.003058743715735908527  |
855   | 0.00016295661614868989296 | 0.0037292426003362579359  | -0.00063598901815847548157 |
856   | 0.0098439493402273214179  | 0.0031436930491722382512  | -0.0021728083466825485852 |
857   | 0.0082000873149770947546  | 0.0076440475237766394162  | -0.0090654644891341503582 |
858   | 0.0054764109876812138572  | 0.0030606476497012100393  | -0.0036853586566172420388 |
859   | 0.00203251400841702708    | 0.0053657627511214736615  | -0.0071230019051626812521 |
860   | 0.0077248315763148896196  | 0.00075845038354394923603 | -0.003488471347529190688  |
861   | 0.0011465910066573853365  | 0.002408297898397929182   | -0.0079890158325426671032 |
862   | 0.0088335557998884782493  | 0.00067701838715006877351 | -0.011910024640363383805  |
863   | 0.001161214328618652078   | 0.0073052738326937604468  | -0.0016667928791732635439 |
864   | 0.0038686156589442656333  | 0.0045054530704190486057  | -0.005059486400268048932  |
865   | 0.0057602206873296315018  | 0.0042528712153455574402  | -0.0014203815102216423537 |
866   | 0.005338559646618589935   | 0.0096732828797447684144  | -0.0047168790328177044938 |
867   | 0.0049968255482783826421  | 0.0057889596228230689318  | -0.010406517273734207721  |
868   | 0.0069099409908676924161  | 0.007856694596379897727   | -0.0045572463639970547597 |
869   | 0.003703258428029138679   | 0.0049509120403115215031  | -0.0098375455349240057551 |
870   | 0.0001855553288166341395  | 0.0037565993491740015675  | 0.0005393826404172063875  |
871   | 0.0081253292415127582882  | 0.0017733484380659100474  | -0.012280537542749462784  |
872   | 0.0039753142336853061062  | 0.0022533680992286031497  | -0.012605512716494848835  |
873   | 0.0077402718433206953511  | 0.0034386506598029068817  | -0.011836516222162406578  |
874   | 0.00581998288131654537    | 0.0014197803320319939569  | -0.00037444142057718537119 |
875   | 0.0064628599548406228531  | 0.0064226866730592397856  | -0.0074372338369215473808 |
876   | 0.0045072652486887639089  | 0.0015841351747098953925  | -0.0030826933559357110916 |
877   | 0.001139217797015503169   | 0.005307846653750654918   | -0.0047781615444458941377 |
878   | 0.00041873266179462675105 | 0.0034388999356467259312  | -0.013644021595220375692  |
879   | 0.0056055849405186189763  | 0.0080490574131564553151  | -0.0045596077436018426707 |
880   | 0.0061575230979955273072  | 0.0055759983516291966588  | -0.0036893709771315479594 |
881   | 0.0043112851678042832596  | 0.0044999397108470094026  | -0.0069021608235246114174 |
882   | 0.0054921453443541106906  | 0.0059375865165119390277  | -0.0078935390939988032966 |
883   | 0.0074704847674095936627  | 0.0054424181936417641639  | -0.0032258083936029212369 |
884   | 0.008150243767269978179   | 0.0093240544013977553345  | -0.011391002186991702402  |
885   | 0.0095383352081576579934  | 0.0014661394165332187079  | -0.006415561112571670048  |
886   | 0.0044304454724413853614  | 0.005087540813090551256   | -0.0034372367715340104884 |
887   | 0.0024827328338276207463  | 0.0016678603671886871838  | -0.012143400558351365517  |
888   | 0.0078160489053826220918  | 0.003086305731089189746   | -0.0080068591624355891362 |
889   | 0.0036836407035988217445  | 0.0096507846822181490853  | -0.010423050486011978602  |
890   | 0.0054584646598914736068  | 0.0070742856981681539671  | -0.013173494013097227298  |
891   | 0.0039232467468285165887  | 0.0063619542666598742631  | -0.0015493937943646600257 |
892   | 0.0057644539929681019516  | 0.0090895332740173907099  | -0.0050853338802541525956 |
893   | 0.0062470482819519624826  | 0.0048610812557486459545  | -0.0048200439056031224236 |
894   | 0.0066008031828471121563  | 0.0048253105521707711015  | -0.00022356171798164884866 |
895   | 0.0045475579073874228264  | 0.0075590082406942881582  | -0.0057057293215163262454 |
896   | 0.0021724834855454950959  | 0.0014859495210459809644  | -0.012084600510997543787  |
897   | 0.0090664864507108509223  | 0.00036108392550784397263 | -0.0086783129661360518953 |
898   | 0.0023563790796472514934  | 0.0042439666785857275977  | -0.013154856630228396741  |
899   | 0.001918542590175685526   | 0.0040606717173663495549  | -0.0083603332107173855547 |
900   | 0.0051601972909960363428  | 0.0084273334122002725721  | -0.010235384409365458347  |
901   | 0.0051097645185534503257  | 0.0071968302260951542981  | -0.010427571041588999667  |
902   | 0.0052385803194170497271  | 0.0010189423721709545394  | -0.0044219763280670086603 |
903   | 0.0061745605627764946211  | 0.0070162535562946310927  | -0.0039622078271015779075 |
904   | 0.0038011484045886458592  | 0.0093369243329543254867  | -0.011980195369143320852  |
905   | 0.007278653580675126418   | 0.0065869145979921611342  | -0.0079256519518211433067 |
906   | 0.0079579146879655508068  | 0.003961813014807699998   | -0.011913973184579875267  |
907   | 0.0036801826053525308474  | 0.0085912502177048852975  | -6.2856397444698689273e-05 |
908   | 0.0032346645793513793127  | 0.0047864976697475454179  | 0.00090470481620911450023 |
909   | 0.0065524383937529814478  | 0.0030307508393443167299  | 0.00012410622552083894936 |
910   | 0.0031980421035261662709  | 0.0067919981818446838878  | -0.004288927489291280773  |
911   | 0.0097172429177911183451  | 0.0084183817000613204995  | -0.0013877178312592490517 |
912   | 0.0088453050256377414168  | 0.0043981032922201868454  | -0.00042795385973467474187 |
913   | 0.0060132864629823647509  | 0.0050373739683260265049  | 0.00045460965155175777491 |
914   | 0.0027520003965325356456  | 0.0041373938803192268632  | -0.0062365728077761195536 |
915   | 0.0043423172162317764597  | 0.003385745654979734412   | -0.010896587676868452893  |
916   | 0.00047241475573027148739 | 0.0035289945089925982107  | -0.013395306002160295433  |
917   | 0.0029562143879846044907  | 0.00049097640963518120009 | -0.01123852621722699896   |
918   | 0.0027193561618234171097  | 0.0033554652258921697366  | -0.0011399550164155544674 |
919   | 0.0020416785691635725049  | 0.0071564055744892732247  | -0.013571870970457139763  |
920   | 0.0085334898729714035032  | 0.0092395554002329578769  | -0.0043173007042200846339 |
921   | 0.0033302293046770631811  | 0.0037377604881305083635  | -0.0012109637797128982098 |
922   | 0.0057984241635171216572  | 0.0029554555163403134488  | -0.004379203902638575778  |
923   | 0.0056487231627128037595  | 0.0077450678334926173832  | -0.0040101516373057628437 |
924   | 0.00077086626928766664377 | 0.0075693805774722164315  | -0.0047602691748610667308 |
925   | 0.0038234492136218298924  | 0.0038856523853456272251  | -0.01235217587961075919   |
926   | 0.0064695118416993819058  | 0.0011846351932355639065  | -0.013752588757248485757  |
927   | 0.0014127347310248588273  | 0.0067423156272447140949  | -0.0045034284135112645844 |
928   | 0.0041400709065080717672  | 0.0092100919096787768614  | -0.005489569394831771143  |
929   | 0.0074107719566543477779  | 0.0066549393442650898664  | 0.00088096704473666822416 |
930   | 0.0062641187614688696728  | 0.0041269224214657857647  | -0.0029567331740177190888 |
931   | 0.0048805824090016585587  | 0.0018282308032462359342  | -0.011672736143448774956  |
932   | 0.0085486512849250184676  | 0.0053522493626464093253  | -0.0023298798831364615075 |
933   | 0.00056260280539219818287 | 0.0041948020237501616389  | -0.0026657747991381984184 |
934   | 0.0032951761034962809109  | 0.0073196884656975347641  | -0.00838648016405772051   |
935   | 0.0025277205794211770641  | 0.0072094855723129468855  | -0.010813540071754172006  |
936   | 0.0029441253140883964778  | 0.0024821504223970307888  | -0.01200778863083596347   |
937   | 0.0030783820694525081477  | 0.0062352287628137485764  | -0.011844035695571412253  |
938   | 0.0061999871447909089828  | 0.0026412847214975494585  | -0.0097768874520132303951 |
939   | 0.0053185780991504014517  | 0.0036764187365275324132  | -0.001431658824844628513  |
940   | 8.258445915230029459e-05  | 0.0002258263877732529228  | -0.012169904122598197704  |
941   | 0.00070561830187617171663 | 0.0038654829125610795995  | 0.00021886805453312328925 |
942   | 0.0017845121538896638498  | 0.0033553287075071950608  | -0.0061306902141166795192 |
943   | 0.0061390589036595284711  | 0.0082772382966285820705  | -0.00060931771321365410434 |
944   | 0.0092385566252191474862  | 0.0072796285745526673888  | -0.011004125328680705934  |
945   | 0.00092418873925811484242 | 0.0070815045255597274323  | -0.0039088414025057619319 |
946   | 0.0074666439436391366866  | 0.0046686408202734428624  | -0.013244781997443571056  |
947   | 0.0083718907294513551093  | 0.0074885242453668812018  | -0.0018074324503601611486 |
948   | 0.0080821778588397990423  | 0.0066566958001247067411  | -0.011196932953275420125  |
949   | 0.0061344655411239585457  | 0.00061682797736934411644 | -0.01068340555935401795   |
950   | 0.0056616709918532060614  | 0.008577930834822434375   | -0.0081398443897856276319 |
951   | 0.0038999917600446199102  | 0.0057832005090347384652  | -0.002240802908717641137  |
952   | 0.00024329321420697057809 | 0.0067497710226006521483  | -0.010724462951913720302  |
953   | 0.0078077641950028984011  | 0.0064518246431028306379  | -0.013501079483230314301  |
954   | 0.0027179567742906226083  | 0.0016057833064113480673  | -0.0051506650088100234749 |
955   | 0.0034944618869858072065  | 0.00034899882691113201082 | -0.0044103553460214956622 |
956   | 0.0062469597354247660692  | 0.0031409671855206059733  | -0.006814321828644140204  |
957   | 0.0070600092955032693262  | 0.0054081871108973911602  | -0.0087626847169184566427 |
958   | 0.0063965807267696017657  | 0.0087887457110756364576  | -0.0065577570357635952061 |
959   | 0.00202982106362708907    | 0.0097135015477808183543  | -0.0065562500714034721225 |
960   | 0.0035661166072018285651  | 0.0047765470560868677     | -0.0034937638716696422722 |
961   | 0.0032842789064029221865  | 0.0074348471659412768489  | -0.010786452425129511648  |
962   | 0.0071469554359324047321  | 0.0042495869673644546746  | -0.0062825868212806465149 |
963   | 0.0061440591912508618275  | 3.9777982274470511563e-05 | -0.010102129816386326219  |
964   | 0.0040626631345425951586  | 0.0066338797431347972661  | -0.0056545172480836590478 |
965   | 0.00038300733274317029812 | 0.0090234641911572394807  | -0.012405659057896322589  |
966   | 0.0074620869329267997677  | 0.00999231563536392281    | -0.0045429863678426579687 |
967   | 0.0030626073196401972995  | 0.0054912914287422740292  | -0.0096556242362945739893 |
968   | 0.0047338914124259636601  | 0.0017084423467273782658  | -0.00060814381902253003467 |
969   | 0.0063442169973171938513  | 0.0016778135548807047561  | -0.013074515306172379212  |
970   | 0.0031432101616348765045  | 0.0031986561164700556305  | -0.0053312372619394232318 |
971   | 0.0088175257994815309931  | 0.007127816250902224704   | -0.0095743996631235499251 |
972   | 0.0071825660004771014686  | 0.0072146320601028440453  | -0.0082923528966565625969 |
973   | 0.0055260427840868138125  | 7.6808309030110583798e-05 | -0.0060659554540932374492 |
974   | 0.0069531216185716995457  | 0.0025532382076787376972  | -0.012142433084181851813  |
975   | 0.0011998449185290805275  | 0.0034405946694840406318  | -0.0054146265698073571884 |
976   | 0.0021502448009084362997  | 0.0074333051246968416884  | 0.00026663017406000546344 |
977   | 0.006601028407499672998   | 0.0084771430204143051468  | -0.0031561707706085641821 |
978   | 0.0063967315291650296213  | 0.004930235708191379497   | -0.0070219869337791486485 |
979   | 0.0083730350491649889466  | 0.0014038050314109211131  | -0.013493732370627948072  |
980   | 0.0042705312944806258016  | 0.0063964193162109996352  | -0.010153963953223916691  |
981   | 0.0094982162410082292964  | 0.0016804761667757331725  | -0.011175145393347199474  |
982   | 0.00045562563040109658801 | 0.0068221126125789502068  | -0.0032962811742174658383 |
983   | 0.0046871916229358559502  | 0.0070853120004573692456  | -0.0096803785533674194946 |
984   | 0.0042049792010936887579  | 0.0059130023059503194344  | -0.010386823006981991263  |
985   | 0.0097191117221622300854  | 0.0015167116892384378216  | -0.010611655643292718793  |
986   | 0.0012434159469152988777  | 0.0057241937813242169467  | -0.013686750583166215969  |
987   | 0.0066588036234045116374  | 0.005997382799644077403   | -0.0099339243619418031439 |
988   | 0.0038720894916063931801  | 0.0091589100607150190914  | -0.0016662389055484326875 |
989   | 0.0017858622584745870426  | 0.0025634441740519870248  | -0.011639524953855624745  |
990   | 0.0051203955435186916667  | 0.0042475646560926382314  | -0.0077456759339501043624 |
991   | 0.00081571762334458188057 | 0.0099638625398518112369  | -0.012546568071908483638  |
992   | 0.0022205251829545556881  | 0.0098385032192995491851  | 0.00022863336327721387083 |
993   | 0.0016314613610138029021  | 0.0012880800408374506495  | -0.00051979072770348135838 |
994   | 0.0087262702424298725645  | 0.004678743765076226295   | -0.004516267371884284676  |
995   | 0.00038151395332999973138 | 0.00094438317117208033565 | -0.0083710886544171789203 |
996   | 0.0078118712865706983403  | 0.0099637719037523348603  | -0.0087345749715397463797 |
997   | 0.0057071216855822835476  | 0.0091451412311153792989  | -0.00043423119165351807157 |
998   | 0.0084180901448735450526  | 0.0035881743510947751788  | -0.0063554993041437081794 |
999   | 0.0034483024491485936291  | 0.00249626881006961409    | -0.002042981478535317412  |
