N			X			Y			Z
0     | 0.0057457180103305518712  | 0.0097586833523274560398  | -0.0098695271372385030145 |
1     | 0.0048098781149160524384  | 0.0090591723261956112051  | -0.006695941770526196192  |
2     | 0.0030468294634440592009  | 0.0067477288378231074784  | -0.017940030910975481721  |
3     | 0.0037080432344122108389  | 0.00098658899900911224516 | -0.02139869181760303829   |
4     | 0.0047500364599371422067  | 0.0014783107916290555341  | 0.00088412773902282661836 |
5     | 0.0065887253475041271736  | 0.0010326997431369857455  | -0.0084538000893545368203 |
6     | 0.0032144298117123045605  | 0.0079575793889083840105  | -0.0264142238964693854    |
7     | 0.0059393833156783587893  | 0.0015875999590076398781  | -0.030115341366446325005  |
8     | 0.00084748903492945970497 | 0.0071840176248905559739  | -0.0093069517234476342032 |
9     | 0.0035694731419876361486  | 0.00073671156940013568515 | -0.0197387853921279742    |
10    | 0.0077834342723741558809  | 0.0030261736385027975665  | -0.0049416150526802081824 |
11    | 0.0044769819115476521335  | 0.0081998035237873679454  | -0.018061276078772569437  |
12    | 0.0030991166591115299617  | 0.0036983677757480275944  | -0.030828514279551515187  |
13    | 0.0086310680733236947587  | 0.0070116363743532791886  | -0.017773401226563144417  |
14    | 0.0058580964875109718323  | 0.0093899055500372211047  | -0.0070586168105650380286 |
15    | 0.0039956454394371350436  | 0.0064837423728990118202  | -0.01586033012187405139   |
16    | 0.0032572633616474947621  | 0.0084204824186053534724  | -0.0074646896119403621447 |
17    | 0.0014808686598469383584  | 0.0089017412875543478618  | -0.021862498173494646775  |
18    | 0.0045967925240802285855  | 0.0097827116234728735134  | -0.023156206080885793214  |
19    | 0.0065142120622164907673  | 0.0007969724465191190552  | -0.020140560102509995344  |
20    | 0.0041652575280296958229  | 0.0032052734087437469851  | -0.023587381814108663441  |
21    | 0.0084532912576759725032  | 0.0047863618591574043359  | -0.014462295515239743243  |
22    | 0.0062190410968565989352  | 0.0018465053406389576006  | -0.010620540129887135264  |
23    | 0.0059706121739828248163  | 0.0065661872995697043512  | -0.022964130077081378739  |
24    | 0.0079352203234413099669  | 0.00077498160963837146777 | -0.0027452837991146935258 |
25    | 0.007622934634777256413   | 0.0018246809213510882704  | -0.0041883392403080227373 |
26    | 0.0029223256470246022215  | 0.009156187153704316295   | -0.01323294575133872851   |
27    | 0.0029233339733274917027  | 0.0046484727450581495717  | -0.022113708657819974857  |
28    | 0.0052641736322190492772  | 0.0073099536732268294292  | -0.028019761517736496703  |
29    | 0.0044170563864663536444  | 0.0032656372411965749192  | -0.024203253800779613719  |
30    | 0.0053981068612278743438  | 0.0019478396717793058316  | -0.023410163200522540738  |
31    | 0.0040909751508526768712  | 0.0024311167933747106391  | -0.022734592398399221247  |
32    | 0.0028062220603301407662  | 0.0054741495090556381228  | -0.01545727502136784795   |
33    | 0.0019613262502201377936  | 0.0091469614365324840993  | -0.005912537702625267691  |
34    | 0.003632246880236048546   | 0.0081234628184499880349  | -0.0045299419435912476745 |
35    | 0.00095367898576268937075 | 0.0055559990926707233591  | -0.025435841491176187229  |
36    | 0.0093502155841819010323  | 0.0096786319691040262336  | -0.02209991537077528323   |
37    | 0.00018414897762413981724 | 0.0054786291988971171432  | -0.026961478266975785756  |
38    | 0.0060599343569399961168  | 0.0067732978740790168032  | -0.022148466551483881465  |
39    | 0.00074854958317246500857 | 0.0032065375784334129022  | -0.027088856209337628528  |
40    | 0.0060276660836116133929  | 0.0032638671743184122925  | -0.026010103074414842039  |
41    | 0.0077337191821410756695  | 0.0044056665853010913703  | -0.018238647980590286246  |
42    | 0.00670878963526169627    | 0.0093188313363784577165  | -0.0066323808285994123937 |
43    | 0.00055536290708680594985 | 0.0030109668941869453113  | -0.008267677044205208256  |
44    | 0.0023515602317877967904  | 0.0066031115686576019597  | -0.0074532318461932719686 |
45    | 0.00060731730628845153729 | 0.0026297840404501675489  | -0.021045566961309099957  |
46    | 0.0035394739641378238429  | 0.001638413425570519168   | -0.011703176432712571534  |
47    | 0.0033914105127534799507  | 0.0031895142546958105134  | -0.010759063701602497587  |
48    | 0.0049250298825327144814  | 0.0078982408865640348072  | -0.0042441109230129071481 |
49    | 0.0036008697468114794424  | 0.006047008767492935942   | -0.021152655479419704698  |
50    | 0.0044889867280599677138  | 0.0069768520055211447062  | -0.026171277893903110989  |
51    | 0.00077169032578504022715 | 0.0065855443462140891148  | -0.016738711270907868922  |
52    | 0.0036235754675706683542  | 0.0053363933151528084031  | -0.014108380998788623215  |
53    | 0.0088833503812237885749  | 0.0081387509915150993423  | -0.022537516419997644795  |
54    | 0.0016275045432163684749  | 0.0057791186356948723649  | -0.012255248584678331628  |
55    | 0.0053977724856609145959  | 0.0089075691015181642646  | -0.0087787158493715291424 |
56    | 0.0087129731138010698549  | 0.0037902320049902171566  | -0.019995867942687633317  |
57    | 0.0029608258244096918171  | 0.008424890149506763723   | -0.0059795432219082586198 |
58    | 0.0018767364360194500883  | 0.009351244058520556332   | -0.018679306251099401376  |
59    | 0.0053631346990445152856  | 0.0076793381370686038256  | -0.027536895403852339193  |
60    | 0.0052662838438902719734  | 0.00011857554006968047363 | -0.023155886462614214821  |
61    | 0.0076473981872214099459  | 0.0062209714331403201046  | 0.00031428859776755726542 |
62    | 0.0069625103879961576514  | 0.0071937338073432867402  | -0.02148651751515353106   |
63    | 0.0082945692518148744082  | 0.0099352920023786719939  | -0.0022799190527949949811 |
64    | 0.0071143031324322047321  | 0.007311346889987302422   | -0.01143585250087785464   |
65    | 0.0065168149450439884912  | 0.008531535416753818768   | -0.02152082255422052906   |
66    | 0.0019546909632740757691  | 0.0064778444941728180809  | -0.029054397770662120093  |
67    | 0.005756809622389273684   | 0.0027903651607893813213  | -0.015593426788579079281  |
68    | 0.001757043779283292426   | 0.0075167855057426853638  | -0.0077154685645371198083 |
69    | 0.0013349617547883591614  | 0.0059292077270839795358  | -0.016496228958044662632  |
70    | 0.0088284028100896853875  | 0.0051277904390146780353  | -0.0065422654721314053849 |
71    | 0.0090422411574851146998  | 0.0075093222241230427397  | -0.026533939584226489544  |
72    | 0.0067820041233830419616  | 0.0082573271717781542706  | -0.0098468288164156540093 |
73    | 0.0021802753113267583918  | 0.0035472206063348913838  | -0.024051773988720309     |
74    | 0.0041310938883683335013  | 0.0066210299617892832622  | -0.012175695293378793749  |
75    | 0.0073139694938619791154  | 0.0005230528854459534074  | -0.028661190962191329668  |
76    | 0.0060314648324367343968  | 0.0015940392516936526847  | -0.0080847766938373505363 |
77    | 0.0044696095212439267488  | 0.0047540754430561715793  | -0.0027050827379781179974 |
78    | 0.0054702819893276749194  | 0.0044484279878426223956  | -0.011108190909414911857  |
79    | 0.0041895283952692674925  | 0.0067679176362575354034  | -0.019397188035262455386  |
80    | 0.0016932480552221342192  | 0.0040840556562100269189  | 0.00041154305820381622411 |
81    | 0.0078837777936636606324  | 0.0014146477506134676454  | -0.0061262032697201084311 |
82    | 0.0069118120898594096607  | 0.0047643077580456060643  | -0.028365878791541527387  |
83    | 0.0051554572611051414227  | 0.0069083105852642988018  | -0.0065677621032289006803 |
84    | 0.0096421942271291347093  | 0.0021521763564189937135  | -0.0065280818560987351196 |
85    | 0.0028445292164725193181  | 0.00037800161202895696212 | -0.015859205786819718237  |
86    | 0.0017585597496161964066  | 0.0048221372878914986124  | -0.015540809810899036333  |
87    | 0.0036737092425142715141  | 0.0067751167050240299061  | -0.031079183033062347807  |
88    | 0.0060166959477806402842  | 0.00071984979264381890665 | -0.0082461128650307517762 |
89    | 0.009346833706781226131   | 0.0070687064045440181972  | -0.018344907542186660726  |
90    | 0.0040911417196597948259  | 0.0062215759370529361352  | -0.027006914944787956123  |
91    | 0.0049323649858020821718  | 0.002456562657985461931   | -0.014086020317038358551  |
92    | 0.0082670913016300306975  | 0.007381107425191235985   | -0.0066177498160397670371 |
93    | 0.00092055669254636313895 | 0.0074856756793392764671  | -0.0088769845809800445452 |
94    | 0.0052561342451991968638  | 0.0076335875191846768589  | -0.028978022867854925926  |
95    | 0.0045509540426464292068  | 0.0096410259776051783487  | -0.012807063769118786495  |
96    | 0.0013897202510450403293  | 0.0097845160061910217003  | -0.0048983913562748041329 |
97    | 0.0056255733699899397593  | 0.0049336437678884730029  | -0.0033713419114092574476 |
98    | 0.0099638099467497555362  | 0.0050648354003505410836  | -0.029918150977885162728  |
99    | 0.0044867288491679813145  | 0.0073073923343833285457  | -0.00033551951441225134551 |
100   | 0.0098233379417433982356  | 0.00484855492470741712    | -0.022556160245255817837  |
101   | 0.0063378298888410013537  | 0.0069193635311909518909  | -0.019051262469684759199  |
102   | 0.0060368618236935917692  | 0.0056023312156355739577  | -0.019722418972513533486  |
103   | 0.00012224954925256484501 | 0.0084271159203009801675  | -0.0097375005745740910584 |
104   | 0.0031968370476537690678  | 0.0077326516712596903014  | -0.011013413448805497649  |
105   | 0.0086392285126088083635  | 0.0066736227562142454509  | -0.01480096966961852098   |
106   | 0.0041065659848607168059  | 0.008408238357671899213   | -0.030620636889383080759  |
107   | 0.0081076790714273046234  | 0.0066186677481267289225  | -0.025898633701132229429  |
108   | 0.0066692848249588947487  | 0.0092365198276507035069  | -0.030622761836500159149  |
109   | 0.00059149442452293712023 | 0.0035191630067422262004  | -0.0094813650981241167498 |
110   | 0.0040178471268845095815  | 0.0037376003835628158339  | -0.023044232970724547183  |
111   | 0.0065502090574625880526  | 0.0036914900628507484395  | -0.016606244728945708522  |
112   | 0.0089135089731836713439  | 0.0083629464264412690239  | -0.0018540888646680863099 |
113   | 0.0069710153486930454686  | 0.0044060674981878716547  | -0.0021315751378662138073 |
114   | 0.0085818107717030283482  | 0.0078180204914091652735  | -0.0071999162544136123543 |
115   | 0.0016853293823733497304  | 0.0022148031316712949584  | -0.014257413593011282471  |
116   | 0.003383404898269792762   | 1.1759412161499303878e-05 | -0.025178395553165339171  |
117   | 0.0086889948172844313351  | 0.0035262242577196473842  | -0.0069953935118453464126 |
118   | 0.0053630480494478299791  | 0.0043452593836249241155  | -0.0049685816661987347587 |
119   | 0.0065027240573880011262  | 0.0026514976554390294952  | -0.024200296919285664565  |
120   | 0.0024726766921665793014  | 0.0033025119331187985372  | -0.026520459228582923122  |
121   | 0.0048349882151100913308  | 0.0015319093352787961811  | -0.028325959445382520308  |
122   | 0.0096677343829989180468  | 0.0074622346620707470655  | -0.0082774753258833787262 |
123   | 0.003131741105604324716   | 0.0024902098294926565923  | -0.021738998338442581948  |
124   | 0.0038336699062313647421  | 0.0065066024482887275387  | -0.014363394233071858502  |
125   | 0.0065564051153248403478  | 0.0086651678283983877421  | -0.0070154330793579149431 |
126   | 0.0081878202723510672134  | 0.0068915571702312435759  | -0.015129258683597724897  |
127   | 0.0023116151633049393868  | 0.0073456996239880268523  | -0.0096557668766846897757 |
128   | 0.0042310321450912836277  | 0.001666254805674767395   | -0.028651071018781892885  |
129   | 0.0097077224645144080672  | 0.0061134657558623416856  | -0.00054298293090972540344 |
130   | 0.0058917883685852224726  | 0.0068766938460867975402  | -0.0025211683559854362879 |
131   | 0.0037174963401237831259  | 0.0053739128066885516813  | -0.03148497998921137575   |
132   | 0.0042121562289819235864  | 0.0031272937400350473043  | -0.010775889521013781031  |
133   | 0.0034527089159906106976  | 0.0034007553161718856449  | -0.020886597922659903143  |
134   | 0.0075886890545206215491  | 0.0079263313772243750022  | -0.025921195905800550191  |
135   | 0.00371682581365927623    | 0.0061060662055482167396  | -0.022894052588837907058  |
136   | 0.0042308729157065497542  | 0.0062091644264015239882  | -0.024025816984416480809  |
137   | 0.0056002331608314111569  | 0.0062446812624054803473  | -0.011318199190109443086  |
138   | 0.0072909713945299003263  | 0.0048327535283497662436  | 0.00068372039622358374809 |
139   | 0.0062009517729886770923  | 0.00082613627759318790378 | -0.01287217509785370563   |
140   | 0.0061236438929664176178  | 0.0065692434313592788092  | -0.018333206371002535445  |
141   | 0.00053116132140642734367 | 0.0074077717476279704434  | -0.027588817834348303842  |
142   | 5.106133620239999691e-05  | 0.0069434262227285074506  | -0.015282077493008399544  |
143   | 0.0034239873549357334459  | 0.00029911664398844486001 | -0.018909198978679361836  |
144   | 0.0096862891839850501219  | 0.0056274244577251726629  | -0.015752142269747582137  |
145   | 0.007000206074814934766   | 0.0094563344989825274395  | -0.01524310925218281404   |
146   | 0.0052407398015452437076  | 0.0093196349947399816094  | -0.00047897593953659574079 |
147   | 0.0043798833725566472044  | 0.00044462080078771674474 | -0.022330316076528088781  |
148   | 2.707926365356856435e-05  | 0.0081565675993719166659  | -0.0033597194570054570752 |
149   | 0.0016449685080052857487  | 0.0077994025183156148046  | -0.021094048351765509741  |
150   | 0.0041609494606731122282  | 0.0032881168462064180869  | -0.025530033498469571762  |
151   | 0.0040629078447084439676  | 0.0038236743692471558513  | -0.0227990105486722619    |
152   | 0.0074051690988436611948  | 0.0013022552228929723007  | -0.017984410957677915421  |
153   | 0.0075358322368933123789  | 0.0074295625242904606705  | -0.010088387184194873639  |
154   | 0.0043002687456783319012  | 0.008275799570701363253   | -0.012154458635345538262  |
155   | 0.0044670431950726494086  | 0.0010563133497547394068  | -0.0031068135703233110828 |
156   | 0.00085732204625165332051 | 0.0084586603009015274429  | -0.019167563877888753321  |
157   | 0.0055380346863892707804  | 0.00032807159485749728218 | -0.0024404759834268283623 |
158   | 0.0093785532709335945462  | 0.0036179597189721210068  | -0.018568249799014720919  |
159   | 0.0041980373317994203533  | 0.0028105549030039557283  | -0.025464204377746341851  |
160   | 0.0037161852262818412425  | 0.0007330209557472776782  | -0.029529295158211326527  |
161   | 0.0053874481941585273398  | 0.0076663441511821946509  | -0.0094880104566254126752 |
162   | 0.0053442961572149746616  | 0.00026788636290614513359 | -0.007745309432704012946  |
163   | 0.0050235837352014993742  | 0.00028618867622477088628 | -0.011529230717539333193  |
164   | 0.0040500845966477501056  | 0.00023192514506490641648 | -0.010950112635532837854  |
165   | 0.00634279107554969971    | 0.0075460376878564733999  | -0.012507589699735187708  |
166   | 0.0075006115704371496833  | 0.0076627209044743994915  | -0.027586141027427419498  |
167   | 0.0015571828278275409458  | 0.0098380757790591591427  | -0.012591726965994949963  |
168   | 0.00073246033262868630396 | 0.005884029481222840044   | -0.008732363896282185553  |
169   | 0.0039100573355364941913  | 0.00017116742909266649173 | -0.0063787258027791157722 |
170   | 0.0099400315456910099537  | 0.0069405316008571259906  | -0.0096214666999992100316 |
171   | 0.0032189772072800560028  | 0.0077620236132831281137  | -0.026896779589382791703  |
172   | 0.003723174590994583668   | 0.004005072337313554838   | -0.0025094595184822015253 |
173   | 0.0042578843739855291514  | 0.00075356431321149598863 | -0.0062004824705732246998 |
174   | 0.005267444815275262697   | 0.0013811820223577049929  | -0.012094405748991562261  |
175   | 0.0016606683706503831254  | 0.0076991559630895370012  | -0.031246370617228798328  |
176   | 0.0030440549271420983685  | 0.0078814281746395799255  | -0.017215706963537146662  |
177   | 0.0059944263487366955187  | 0.0062674462711975291451  | -0.0055958845260724856749 |
178   | 0.0024055915653352385845  | 0.007573956585718479538   | -0.01534169704080656782   |
179   | 0.0083495217449469413123  | 0.0096791775851452020035  | -0.021627835508796725006  |
180   | 0.0039197536009375252147  | 0.00059979216265587220313 | -0.012310213144373419875  |
181   | 0.0068194346831461898767  | 0.0088875932448887126625  | -0.02251875802818565156   |
182   | 0.0083809351875956481642  | 0.005780084221177493424   | -0.021476798039384726452  |
183   | 0.0048223041511079572236  | 0.0042171036094416948503  | -0.022255652760837154464  |
184   | 0.0029980031097404532224  | 0.0051252130110292426143  | -0.007984500454169171299  |
185   | 0.00056595195787558796006 | 0.0028222570578487296035  | -0.02762416192237342194   |
186   | 0.0040473724438598980904  | 0.0060862664477282718903  | -0.01994351060697267114   |
187   | 0.0057503253737049139435  | 0.0066884702416524412921  | -0.0082089173357687873767 |
188   | 0.0056019070925026276733  | 0.00030089307391904199663 | -0.0054945712210624072722 |
189   | 0.0024738223937484146026  | 0.00074082459594935817435 | -0.018480665072141775479  |
190   | 0.0029067433895473577393  | 0.0052004807099073025942  | -0.0019478713221266501145 |
191   | 0.0025001953387644953834  | 0.00052390372654727420873 | -0.019235134315969727031  |
192   | 0.0025361873647973300072  | 0.00011526770074122395056 | -0.0094588070360608414444 |
193   | 0.0029621184278323456351  | 0.0050635205117398156272  | -0.015556221300790908091  |
194   | 0.0092996474394709833372  | 0.0029372843725857904207  | -0.01075367122648253175   |
195   | 0.0011448396835765130286  | 0.0027451064211300247112  | -0.0053182206423267259013 |
196   | 0.0063667196137177735002  | 0.0031032930124059365448  | -0.024980584743029332628  |
197   | 0.0046094376505866367297  | 0.0063874418923459850769  | -0.014616180811653601418  |
198   | 0.0088008527112810649301  | 0.0042891279992034380894  | -0.021575865187913136067  |
199   | 0.0089260288517583451923  | 0.0038593407691066960313  | -0.024736503449584088671  |
200   | 0.0033059162353839522362  | 0.0052692619503442797435  | -0.011177703439754762757  |
201   | 0.0028418137932368376514  | 0.0041105378701917910655  | -0.027114194995780927649  |
202   | 0.0040821072406831502427  | 0.0074525637820970413658  | -0.0050948396018971608967 |
203   | 0.0048933949039030545311  | 0.0087633222609143669735  | -0.023570485821516103803  |
204   | 0.0021876912567374250107  | 0.0031488363953430871696  | -0.023218296355110253082  |
205   | 0.006905738101463426877   | 0.0019778595553741370842  | -0.030986266264432047596  |
206   | 0.0062968896545479054183  | 0.0048874287902288832824  | -0.010845254292237012719  |
207   | 0.0067821418723476092905  | 0.0047806524550604509449  | -0.010515871252268330777  |
208   | 0.0037325051625041925051  | 0.0091564332274540524009  | -0.017150247480376561854  |
209   | 0.0077547579884685432713  | 0.0078788863371639216576  | -0.016595424518898886646  |
210   | 0.0029364923335271344781  | 0.0047261839210494946059  | -0.0027799209684646552197 |
211   | 0.003171144402574146634   | 0.00018011472045341376863 | -0.0077154740785639599684 |
212   | 0.0053484564050063155075  | 0.0056960327316593574107  | -0.0020621552178353322153 |
213   | 0.0069439037991757294674  | 0.00068607576395030684356 | -0.0003065940091186493432 |
214   | 0.0046048805344290249034  | 0.0049958670902485336623  | -0.024227947525100650139  |
215   | 0.00010822937844794582951 | 0.0053380017204279223836  | -0.019650043597444766252  |
216   | 0.0095106564256758722997  | 0.0091183611064098966936  | -0.026857514349754044169  |
217   | 0.0082831676178647655612  | 0.008207979648550802268   | -0.023951321270027917804  |
218   | 0.00092543723203235912951 | 0.006926458551521313782   | -0.010200514701544859467  |
219   | 0.002675625627090437355   | 0.0045798488082819414566  | -0.029522081567634077259  |
220   | 0.0072746350367304032231  | 0.0062804451822680591039  | 0.00067912600007409334914 |
221   | 0.0069358168150816645187  | 0.0095388651571576971167  | -0.013959295915246285047  |
222   | 0.005282328173737239202   | 0.009047149169856209816   | -0.019999221209034301339  |
223   | 0.0031804740869859084683  | 0.0021195781394352871015  | -0.017295479099063600092  |
224   | 0.0012228006001309187165  | 0.0075691629552673174441  | -0.022506001840632606364  |
225   | 0.008912520094862708131   | 0.00037624652446276282605 | -0.015553626085941955892  |
226   | 0.0021653607579617288256  | 0.0037800625697511991766  | 0.00065652735183310156376 |
227   | 0.0066200834747658530641  | 0.0041944763576476145825  | -0.0037387826476793393701 |
228   | 0.0066186186914625475333  | 0.0030348477902234355374  | -0.013878001760367391498  |
229   | 0.004496827996102049918   | 0.0081338769591377656915  | -0.0091513894947538049901 |
230   | 0.0050796225176180783908  | 0.0010420706208744954548  | -0.022817291831311519584  |
231   | 6.7573365414145216312e-05 | 0.0061146847164067468644  | -0.020314658919169014534  |
232   | 0.0058390293037986961897  | 0.0078024826135684689429  | -0.0016231182720539050115 |
233   | 0.00039855542410391532485 | 0.0058568529789139907316  | -0.026895407385564940733  |
234   | 0.0050818715163529004988  | 0.0040608138987233794934  | -0.0241062288030469557    |
235   | 0.0015865954411955899336  | 0.0040465570076624653856  | -0.0232892086180496935    |
236   | 0.0036016038337086790123  | 0.0026411768712292474533  | -0.0128619420482549221    |
237   | 0.0035793093100873404899  | 0.0039865739737304636478  | -0.0017619221550185960173 |
238   | 0.0023537528723761320243  | 0.0058376130938986763377  | -0.0056345834446501295162 |
239   | 0.0098252698469233155226  | 0.0080201867561811284596  | -0.0043395994913659023673 |
240   | 0.0067658453853794925728  | 0.0095415146859296751103  | -0.029933447233059542331  |
241   | 0.0055851069187792786244  | 0.0087720263188982364189  | -0.0034521619745066299371 |
242   | 0.00079105065289270426639 | 0.0048955044555809307943  | -0.0095840735978380813681 |
243   | 0.0026217362237032555174  | 0.0059161355775709445134  | -0.018741045686928303748  |
244   | 0.0070817800411016092882  | 0.0051099980089762582491  | -0.0057564730306370890181 |
245   | 0.0050328161212873003677  | 0.0025053665244176379773  | -0.029245574079531117678  |
246   | 0.0099054146116862203109  | 0.00083840946477098171261 | -0.013138938327291200397  |
247   | 0.0056954881907900290275  | 0.0032109617293303058076  | -0.019336050637171441069  |
248   | 0.0097550219186493831308  | 0.0051018927788237314336  | -0.013246867171924612411  |
249   | 0.0066479224909231767957  | 0.0024683066562413299126  | -0.0093588874194191849082 |
250   | 0.0066688924335066932653  | 0.0054532148485400408142  | -0.0028085412361107983496 |
251   | 0.0043795468769889022917  | 0.0049444461138716247137  | -0.027448254544576462105  |
252   | 0.0072160568526152858715  | 0.0057560349730470857649  | -0.031762726524017660668  |
253   | 0.0047909909113326900471  | 0.0087856271812557854006  | -0.025097737947990830104  |
254   | 0.0023051185510166356286  | 0.0013233873409769394795  | -0.015299832119595062341  |
255   | 0.0017803645482987659737  | 0.0047471362017726713781  | -0.0016523325546511458215 |
256   | 0.0047209193811622741227  | 0.0075821432321590172265  | -0.018520934056034901727  |
257   | 0.0020436011710357753109  | 0.0026922734956208106867  | -0.013952713072717649878  |
258   | 0.0032934303119702698984  | 0.0067727409638963379304  | -0.01269494583854652997   |
259   | 0.0064367167093271806383  | 0.0092549663168613009734  | -0.014440095247877543158  |
260   | 0.0042578494816809427104  | 0.00062406573202386690646 | -0.007915038099543397071  |
261   | 0.005725346705868360371   | 0.0068484202238094059323  | -0.031501496721442714954  |
262   | 0.0010420264901622891627  | 0.00016505107980430640843 | -0.018590798730997889349  |
263   | 0.0072626677478152450521  | 0.00072921869086209128649 | -0.025465088117369406168  |
264   | 0.0062338187007664729727  | 0.0016970334622228428183  | -0.00083555495443451348152 |
265   | 0.0065844777649657314222  | 0.0064965126474364623746  | -0.016264828677574998117  |
266   | 0.0039890182955977602358  | 0.0033809136668215668611  | -0.026003897702573577216  |
267   | 0.00081441088036330276916 | 0.0031503806982627244847  | -0.015973737992722364387  |
268   | 0.0060480518793845647676  | 0.006449867646466060124   | -0.0038088398995762984961 |
269   | 0.0037885809055455610048  | 0.0024621563062694287218  | -0.0049013322958322384781 |
270   | 0.0094484111656261797474  | 0.0046139314556322471444  | -0.014858592887775346619  |
271   | 0.0053266128225862635279  | 0.0091284668674426108076  | -0.00045676531256398937488 |
272   | 0.0056386899867602348346  | 0.0080088977115469524998  | -0.017246326433865179217  |
273   | 0.0036858450181035530384  | 0.0095623875645904389542  | -0.020091716663760646189  |
274   | 0.0061575432330314141746  | 0.0075617375773015639909  | -0.0196160459927271838    |
275   | 0.0089620040696043075379  | 0.0052647939064176833487  | -0.006154807527470520373  |
276   | 0.0088920553767945394175  | 0.0033959933918808289308  | -0.015359045487466230565  |
277   | 0.0022958812895748173001  | 0.0048597918935219409226  | 0.00050598010111822366158 |
278   | 0.0086335830117061831274  | 0.0047118621513334854947  | -0.012283661299766926098  |
279   | 0.0039962903858382454667  | 0.0042083361037159447079  | -0.0060768813430484543495 |
280   | 0.0090303743977214762789  | 0.0036907547389501559228  | -0.028646449836384896281  |
281   | 0.0043714456998845919664  | 0.0078340650394206259172  | -0.014180582591427111014  |
282   | 0.0036923267002100346006  | 0.0012858374980875832919  | -0.023495897509110356266  |
283   | 0.008248496406290184782   | 0.0057087678422939359957  | -0.024327879750779841245  |
284   | 0.0027665874115200394384  | 0.0044353645506114112995  | -0.026083484288957528574  |
285   | 0.0095824280392227279696  | 0.0060406367049977219286  | -0.005260391609395524172  |
286   | 0.0013661382358259562333  | 0.0021128994357023566861  | -0.023436869977241078788  |
287   | 0.0019815189713904050005  | 0.0064207091867750790484  | -0.012601645192823137526  |
288   | 0.0023511669071620638037  | 0.0028006445922246019607  | 0.00027804886946177029966 |
289   | 0.0098990896483337753597  | 0.00016136084746765240981 | -0.026568592065064781937  |
290   | 0.0014877311598063445389  | 0.0065146135103074818626  | -0.0073867809952971727125 |
291   | 2.4039801107219672586e-05 | 0.0012010414042198261451  | -0.014971106215527680422  |
292   | 0.0028577283328554536207  | 0.004533827602392180231   | -0.00062671990915586796821 |
293   | 0.0095062275278097844999  | 0.00027977323810254015914 | -0.022542583224130819525  |
294   | 0.007803935485682151306   | 0.0073259413740877424304  | -0.0031030566956444663798 |
295   | 0.0025887868881309455613  | 0.0026213620091934436603  | -0.019204647612612556207  |
296   | 0.0071918868416141219085  | 0.0040164128484394658394  | -0.02472448316043241584   |
297   | 0.00087076951905708298383 | 0.0030190501230999630677  | -0.02684450594903491083   |
298   | 0.0022101734473706806036  | 0.0048643876419342370679  | -0.028967559273915779311  |
299   | 0.001611198583980933156   | 0.0073123500840722860383  | -0.019696477096068931018  |
300   | 0.0044184483189893394503  | 0.0072276467181423579775  | -0.023316508194420531436  |
301   | 0.0013974873265916580058  | 0.0073531636789732034154  | -0.031456771262159441416  |
302   | 0.0095935889017553024893  | 0.002095831410386462916   | -0.029478617404053154144  |
303   | 0.008004371707196493782   | 0.0051874196031780677937  | -0.024556234065792086757  |
304   | 0.0012833818380988462875  | 0.0058915754816602997762  | -0.013832410296798446775  |
305   | 0.0063117358332892741293  | 0.0072844387940373409376  | -0.02589699100749560251   |
306   | 0.0044625026200262483608  | 0.0026312881356135584335  | -0.023129710270731147076  |
307   | 0.00010745101298221262042 | 0.0036349177487464139243  | -0.0073328128210268898879 |
308   | 0.0089461496901327205306  | 0.0049871390569824203265  | -0.0051006046683245119533 |
309   | 0.006118157466292573933   | 0.0030259123901340040548  | -0.011514793427758667627  |
310   | 0.0096606884576256497887  | 0.0055277045978695754994  | -0.012332309320344752093  |
311   | 0.0087504219098775062186  | 0.0057267582583273579644  | -0.013351830638588225997  |
312   | 0.0070609553824089090618  | 0.0038286295764259729857  | -0.027232968026114461046  |
313   | 0.0069271429010875030727  | 0.0027696699101853929775  | -0.0052864227598241192441 |
314   | 0.0041733931717427719815  | 0.0068928746209968140904  | 0.0005669819079413456267  |
315   | 0.0098905608389430570149  | 0.0089212950041193603279  | -0.0088956851589168228073 |
316   | 0.0054282441536000524199  | 0.0050104158053914868431  | -0.0061533253079780955708 |
317   | 0.0061223611586608082252  | 0.0018536282562937188463  | -0.03096722272846679988   |
318   | 0.0073957762871812620167  | 0.0052856257246228777191  | -0.0026511593073390957338 |
319   | 0.0024170431977971352372  | 0.0022721816733889681379  | -0.0045354077931233950649 |
320   | 0.0068260025055872988742  | 0.0044753416519984195315  | -0.031400812698742619489  |
321   | 0.0035852096249093671002  | 0.0029560988352005496647  | -0.012414830297156528513  |
322   | 0.0087698028409726441063  | 0.00026827209652065633124 | -0.0050879926951689401562 |
323   | 0.0050961539714031757475  | 0.0019913401913648938468  | -0.0077967725362870854769 |
324   | 0.0021931742930256614525  | 0.0044667192870664548798  | -0.015517699488943124952  |
325   | 0.0053861831938683416357  | 0.0018341052333652372273  | -0.021450614281537262046  |
326   | 0.00077948822971681886503 | 0.0049490743848577042202  | -0.011763601250331398237  |
327   | 0.0039647322524347236236  | 0.0071206698355716357973  | -0.013599094535687273125  |
328   | 0.0099173107273464611994  | 0.0078772835974216109944  | -0.025387625522394773742  |
329   | 6.4646448753634354052e-05 | 0.0064901121942485670221  | -0.012423886730172773243  |
330   | 0.0023442970712010393827  | 0.0030347746183152081272  | -0.0044037630564154996507 |
331   | 0.0064547229692747763036  | 0.0025811854625880027887  | -0.014097649277776600624  |
332   | 0.0058118906804901513188  | 0.0059006259978205237438  | -0.0036987460392015098117 |
333   | 0.0009115350803917204002  | 0.0072881386436909152346  | -0.018624119145069444048  |
334   | 0.00055265600801506181532 | 0.0037578522909161790611  | -0.014251282479293830852  |
335   | 0.0034371204463418919377  | 0.0095846495540755395626  | -0.00019291299746712739418 |
336   | 0.0087551967682912828356  | 0.0047949521154968003864  | -0.015617619390404444135  |
337   | 0.0024429494108745945791  | 0.0090206343929413908278  | -0.01028282200351346605   |
338   | 0.0086144344350662666737  | 0.0020394701278588379251  | -0.01486940347976351863   |
339   | 0.0046088854266800871606  | 0.0062348201741699591297  | -0.026962731036233703735  |
340   | 0.0044426979727109107421  | 0.0058880483590819307493  | -0.0063351026102664359171 |
341   | 0.0043017965091029560648  | 0.0087012424482103677831  | -0.024005245773812855514  |
342   | 0.0013788645762525687105  | 0.00096681765088566168961 | 1.4074935757124466115e-05 |
343   | 0.0017903247873059064885  | 0.0036461743148081811154  | -0.005426830808017074799  |
344   | 0.0060988031283231471102  | 0.0074117007985582223847  | -0.0018552596632925703359 |
345   | 0.0051083551029008338745  | 0.00011987591812509698597 | -7.2525027973936251682e-05 |
346   | 0.0099241247958384327943  | 0.0078028449267433207248  | -0.017315970426257366183  |
347   | 0.0074405817730772063484  | 0.0056178696681902689017  | -0.024564749620694704274  |
348   | 0.008283239468149019083   | 0.0023491844576419831578  | -0.016500109724133019823  |
349   | 0.0023667293223450084662  | 0.0021772565252565260173  | -0.01785409865423312134   |
350   | 0.002204042703499885323   | 0.003608998099093233599   | -0.011025465771806519655  |
351   | 0.0024264912681502097402  | 0.0026722370460295474109  | -0.023732098097563585765  |
352   | 0.0030516939660022155724  | 0.0034553238573287840818  | -0.016480432605748565611  |
353   | 0.0037953617755510545007  | 0.0044568893402269467788  | -0.0068553859728350298453 |
354   | 0.0067109089808687514764  | 0.003679201353351984824   | -0.011256001452950914477  |
355   | 0.0050500810291194400334  | 0.0042384528570471261683  | -0.0041444968618621208511 |
356   | 0.00032429953419560968294 | 0.0091297370528615473528  | -0.026995201906597963287  |
357   | 0.0041088967569636305685  | 0.0043355992422607937675  | -0.031596366340429671293  |
358   | 0.0046854984331925171939  | 0.0025739385580112539645  | -0.030386908255390743944  |
359   | 0.0094306755145252187805  | 0.0042434159806682735308  | -0.023820689847231457659  |
360   | 0.0065831059886275354251  | 0.00022721856713686088979 | -0.024959927654824347332  |
361   | 0.0036420143631015894359  | 0.0060606004003584800638  | -0.027416528129919848222  |
362   | 0.00071014810158435265602 | 0.002263183167907390457   | -0.027123778641825198321  |
363   | 0.0071326115113080684402  | 0.0076973761403060451253  | -0.0010321602920591802909 |
364   | 0.0016628079271406616402  | 0.0043509319677097106974  | -0.016795304317870685118  |
365   | 0.00040119640044834168095 | 0.0074308596728836079359  | -0.0072058162910266249784 |
366   | 0.0020279753655726403053  | 0.0033066296664886868882  | -0.024906556315351435771  |
367   | 0.0070757434267087332413  | 0.0026333196751020947375  | -0.0037956206473782070146 |
368   | 0.006406041464324266875   | 0.00011997053245495407458 | -0.012260512899058847655  |
369   | 0.004319751220394080736   | 0.00069407582175666949088 | -0.027802046098104549188  |
370   | 0.0021679736701413830462  | 0.0043929449722620982771  | -0.011011185173256986605  |
371   | 0.0028611249520334009443  | 0.0054649889862971746252  | -0.0013952718778704694715 |
372   | 0.003567960158589967342   | 0.0063296465304771591318  | -0.016877879973245423634  |
373   | 0.0076135316267157693293  | 0.0010948093245536163771  | -0.022270613109652084155  |
374   | 0.0076486782493266364941  | 0.0098618195330516279784  | -0.027594604507852629749  |
375   | 0.0058087817123889922549  | 0.0017408180095339947837  | -0.030484367889076130487  |
376   | 0.0092604211300797885376  | 0.0039212653955715661216  | -0.0030989193208751934956 |
377   | 0.0098948787499840949733  | 0.0053829907684123708828  | -0.014610484006979925289  |
378   | 0.0048329661196672450349  | 0.0092381873020896902032  | -0.01181396762482197875   |
379   | 0.0084341660245327281648  | 0.0022785501428528114574  | -0.00086727005999203082929 |
380   | 0.0043941048855482703686  | 0.00035824626370460096016 | -0.027430773155374874733  |
381   | 0.0017960871205732983381  | 0.0045357478156688698159  | -0.017491429207031752163  |
382   | 0.0021289292705821212699  | 0.0070685540319360687031  | -0.020626273175294813911  |
383   | 0.00014303600963118945897 | 0.009051840447058505032   | -0.018859087351365915602  |
384   | 0.0076826352998603996899  | 0.0054747182828705446417  | -0.0081467296900946811755 |
385   | 0.0082330917833210517931  | 0.0019341714034746887094  | -0.026860283412490977561  |
386   | 0.007833815535781184225   | 0.0082850083014920170715  | -0.030303734644894594896  |
387   | 0.0053158126008998364542  | 0.0038450931277356765851  | -0.017842405091969680553  |
388   | 0.0073906175229467557103  | 0.0053136132300097135492  | -0.00067413877285695108718 |
389   | 0.0067840572776992060997  | 0.0063219010362806395131  | -0.011724538817146081329  |
390   | 0.0045384041258660018717  | 0.0012332695032907605749  | -0.027140079620118575526  |
391   | 0.0055310070282940668532  | 0.0044117765010610824478  | -0.026963775689063076285  |
392   | 0.0052816022586355667809  | 0.0038413432341453754987  | -0.031509925251301598714  |
393   | 0.0067598666442241382366  | 0.0093342370209665917469  | -0.025228879419661544292  |
394   | 0.00088938061556037757184 | 0.0040508925792404060218  | -0.03095970560653792808   |
395   | 0.0066224925399646855997  | 0.008095060291858460419   | -0.020318329177048441436  |
396   | 0.0074497861167660429232  | 0.0047573654140914576824  | -0.018520185596939211375  |
397   | 0.0038647575683660485846  | 0.0067725969406172009668  | -0.0013207764140689161585 |
398   | 0.0054158112403618827169  | 0.0068942276810543424298  | -0.0076941153740860204757 |
399   | 0.002974964970357673634   | 0.0074842980511408583807  | -0.028187603008966364421  |
400   | 0.00083833309229096395886 | 0.0082368289758575317927  | -0.0082788626163696043408 |
401   | 0.0050718146845758343977  | 0.0048406565137993195352  | -0.028054398571163430276  |
402   | 0.0020992594297239652     | 0.0016672408963483540019  | -0.0018347873642091108368 |
403   | 0.0046201362548993476706  | 0.0099998653345227291045  | -0.0093325107468598331173 |
404   | 0.0061479557458742062348  | 0.00036461832190877121627 | -0.017291408845022716162  |
405   | 0.0094322832340565654352  | 0.0046449351220010171373  | -0.026446960017342861782  |
406   | 0.0099238366746885135067  | 0.0061193124083239614636  | -0.01644635409857739608   |
407   | 0.0096416970090095720225  | 0.0087896797322145892029  | -0.0034751982770330857968 |
408   | 0.0027258161015475258597  | 0.007810923092593075566   | -0.0094113775018704569353 |
409   | 0.0038438714347328382763  | 0.0017436253860038323626  | -0.021200538010569619507  |
410   | 0.0013821713518539335396  | 0.0028884193209749459835  | -0.00054227991561084311518 |
411   | 0.0076914033828485856015  | 0.0039496264627686215182  | -0.022993882197001318246  |
412   | 0.0038428718389586554588  | 0.00093335844236845655342 | -0.020841704424737261814  |
413   | 0.0025806842345531041255  | 0.0063354589702111366659  | -0.031683371300732066089  |
414   | 0.0027368745542785265397  | 0.0014353037203050039803  | -0.02807810845433627786   |
415   | 0.0027648828796366766228  | 0.0094187051794052002035  | -0.008848492309505514436  |
416   | 0.0052028849828382453188  | 0.0056592262596140410422  | -0.0015070542817033623188 |
417   | 0.007370086543697784362   | 0.0022204734596669292376  | -0.0083572234697409236714 |
418   | 0.0074097564609309123432  | 0.008094718482706484905   | -0.015958100583401926831  |
419   | 0.0099653152645266546844  | 0.0067519192778710025726  | -0.030721446036217649883  |
420   | 0.0064334472779187801272  | 0.0087553576408585364471  | -0.027534980426597219921  |
421   | 0.0057942574460388930266  | 0.0093063377664170197218  | -0.0016715776744170942648 |
422   | 0.0024206146769358487074  | 0.0007084776788418246582  | -0.00052546346406838115566 |
423   | 0.0051092362013433834447  | 0.0076969680824890184326  | -0.018555823226815527233  |
424   | 0.00038871516458181246036 | 0.0078160120661650497875  | -0.0062576140504737439926 |
425   | 0.006405794713255864338   | 0.0041298599009962286277  | -0.028420854978462684742  |
426   | 0.0043357787402277091909  | 0.0094202976939468385797  | -0.002607103862925524377  |
427   | 0.0066723970754792400958  | 0.00232546676826072456    | 1.75755222875516613e-05   |
428   | 0.0082225940793471587881  | 0.0046968113033939518433  | -0.025983410324022692545  |
429   | 0.0052409546414596700284  | 0.003784726819188645279   | -0.0048661352937779053796 |
430   | 0.0019007869910916521186  | 0.0089081266899339924675  | -0.010489542878388725608  |
431   | 0.0069258462307119923046  | 0.0071696207505848224065  | -0.0067355525663355059543 |
432   | 0.0014826806493600996548  | 0.0055619655681068448649  | -0.02425486825849985234   |
433   | 0.0026541362062397653651  | 0.0058352723275393201738  | -0.022984470701756420236  |
434   | 0.002545805031086900358   | 0.0027155951866799903777  | -0.017609731848781642188  |
435   | 0.0097762001162338268978  | 0.0012177137335554570879  | -0.0052593448856214104065 |
436   | 0.0010478533598129631272  | 0.007980150567786654589   | -0.0073068590031146567199 |
437   | 0.0056927293006923942661  | 0.0042302410169419739014  | -0.0039269705750125177487 |
438   | 0.0085122473793993926744  | 0.0035519666430303994779  | -0.022446943769937537788  |
439   | 0.00057989480240258650147 | 0.0074740504317147371874  | -0.011627993990692414919  |
440   | 0.0093578075366395410684  | 0.0042613112260306215684  | -0.0027572059764630445222 |
441   | 0.001791687715171942424   | 0.0011902554435670753032  | -0.01059597874083843122   |
442   | 0.0015315555060644613691  | 0.0027610541458758758142  | -0.0025560641328555705476 |
443   | 0.0036219893023527365353  | 0.0083336783113493965308  | -0.011334779935544218171  |
444   | 0.00050369463432269685928 | 0.00045441731846241955814 | -0.020845526164762932103  |
445   | 0.0072039911180064300153  | 0.007103110004133677928   | -0.0096540029431871725307 |
446   | 0.001425697370131984382   | 0.0084720697470390647632  | -0.018343800327748648049  |
447   | 0.0038639450385192382863  | 0.0084996898165366086692  | -0.029340979292146570495  |
448   | 9.3307164720122056549e-05 | 0.0049545426839334629626  | -0.018429071284977650846  |
449   | 0.0062052800991525339236  | 0.0070190607871595464551  | -0.011369740953246533499  |
450   | 0.0066572475256025925167  | 0.0039400547457283325095  | -0.005089369067818837189  |
451   | 0.00065322002916283234287 | 0.0097329594893109435544  | -0.031549699045881875181  |
452   | 0.00813403864084346305    | 0.0088271634404486955944  | -0.023688511620147810477  |
453   | 0.0058566360650843928698  | 0.0036870703564502549203  | -0.024596319496555531237  |
454   | 0.0081418172224203971821  | 0.006636212092760225556   | -0.018587051099095811685  |
455   | 0.0015739610893700036083  | 0.0062059686043764118388  | -0.0058337858360774088803 |
456   | 0.0008660875757788311655  | 0.0042806418814558154159  | 0.00071409461778262645765 |
457   | 0.0023592821387250499827  | 0.0052254668298701541576  | -0.0043164674032606098475 |
458   | 0.0027504949661319270937  | 0.0092875616128876761074  | -0.0082209243378057461626 |
459   | 0.0055881111787343274583  | 0.0010993953093359047374  | -0.0018168725045060001022 |
460   | 0.0064032490513319323747  | 0.0087987625859911287873  | -0.0099624725658668273481 |
461   | 0.0029993491921111513181  | 0.0044269926410010823278  | -0.0090878660463021010418 |
462   | 0.0037265591284167658842  | 0.003424599863245736571   | -0.01317520652021678812   |
463   | 0.0064621448162820588346  | 0.0039401427137160617217  | -0.020452260874601436297  |
464   | 0.0084574726173376971877  | 0.0012019972842547315198  | -0.027264487177137058938  |
465   | 0.0092504721361474587932  | 0.00022967075900962301716 | -0.028435589003137307085  |
466   | 4.427160094279792115e-05  | 0.0062428511049300930424  | -0.0092331317600298588172 |
467   | 0.0070251244121791378214  | 0.0045278461361719568243  | -0.02140900426029005571   |
468   | 0.0030838611818747199526  | 0.0071102821989929886407  | -0.023320231175738417168  |
469   | 0.0054899275177906136855  | 0.003118702413319870189   | -0.020802257006413998885  |
470   | 0.0046560923106809095143  | 0.00039083168368213625334 | -0.022787904060665071376  |
471   | 0.00087578527424271460176 | 0.0083458358624278212307  | -0.029611798101634081298  |
472   | 0.0054614697042268843183  | 0.0086077645908368711353  | -0.029543525159519617301  |
473   | 0.0068130309168399107167  | 0.0015498592240381222577  | -0.020808802392315858126  |
474   | 0.0010357418440770074699  | 0.0018927725318369319468  | -0.014841034041374354807  |
475   | 0.0049554988735451442269  | 0.0047221832379039886327  | -0.024205132311765298336  |
476   | 0.0081232480801843292423  | 0.0085987597846808490332  | -0.010556509379231368909  |
477   | 0.0080500420805205055025  | 0.0079520212984443006121  | -0.0062998431533503136334 |
478   | 1.1675167210213359446e-06 | 0.0080036775286776856708  | -0.031565596873278235768  |
479   | 0.0040650132297347192287  | 0.0025200392812519613502  | -0.019457841816271925078  |
480   | 0.00020959332178726528808 | 0.0044560549147070116147  | -0.013140004202529212418  |
481   | 0.0033477165914911569816  | 0.007993108175905429616   | -0.026536302607380820445  |
482   | 0.0044469706327849769373  | 0.0048321843361495446165  | -0.030366950056951756004  |
483   | 0.0057821996237262312732  | 0.0037882261408021915272  | -0.028349011899047933671  |
484   | 0.0019816876226272732951  | 0.0061202863508984612848  | -0.021760281325303849204  |
485   | 0.0012780466306470919698  | 0.0053032349642585172034  | -0.027945130523041965959  |
486   | 0.0010369058184265202063  | 0.0072315481150876971539  | -0.0080023787385641222819 |
487   | 0.0081283255971697446901  | 0.0050662588184757434764  | -0.013913726712607550617  |
488   | 0.0087564704372107317332  | 0.0061042116166238847771  | -0.011279091562756899877  |
489   | 0.0042325704664990951645  | 0.0094551944431073061542  | -0.030978922937001007049  |
490   | 0.0047128830013912093727  | 0.008617097134177234205   | -0.012471920019826079201  |
491   | 0.0035026541063738285929  | 0.0029163239552818490292  | -0.010480756111175102904  |
492   | 0.0073363200382160435181  | 0.0082456376684816052453  | -0.015043050660809045155  |
493   | 0.0093925285397724687236  | 0.007112415936061452712   | -0.012668296400120982251  |
494   | 0.0047356540308010211873  | 0.0046834502926844691351  | -0.031063494172341443722  |
495   | 0.0076349675658191921632  | 0.0081006549934037642979  | -0.0045290990607394871967 |
496   | 0.008792551579900097572   | 0.0056737299783040321538  | -0.019992966759249133218  |
497   | 0.0049644083582282049275  | 0.0050304098833261166879  | -0.0022750535951657625648 |
498   | 0.005218487834272958828   | 0.00022179645931762005987 | -0.031502918952499479877  |
499   | 0.0093848766449624674429  | 0.0051104467147032933347  | -0.010374081599521845637  |
500   | 0.00049452140122771808678 | 0.00031207360017529168616 | 0.00057357378683867924624 |
501   | 0.0045896256310180945023  | 0.0038776482393847798262  | -0.025405048527958426496  |
502   | 0.0055179591094951735766  | 0.0052851753443809877317  | -0.018065315159475941326  |
503   | 0.0012525284686558738056  | 0.0026753493608505647498  | -0.011198763911391344805  |
504   | 0.0022244056132735569829  | 0.0033364645983866218597  | -0.022991473517161405832  |
505   | 0.0070470166292288787674  | 0.0076107571286423651019  | -0.029998082856061897283  |
506   | 0.003642286633720858563   | 0.0022686978517462677747  | -0.01717294289823322051   |
507   | 0.0089433300638520809439  | 0.0037458468012067170153  | -0.0052515237059116036053 |
508   | 0.004573794561128261861   | 0.0017271156393451909256  | -0.022915227319779164772  |
509   | 0.0013899941013157898241  | 0.0030346983451723878039  | -0.031693702692137164234  |
510   | 0.0076756892368260330392  | 0.0084667551318758690199  | -0.0059426961889417172225 |
511   | 0.0023049846370754166654  | 0.0029226640263167002858  | -0.026988283093499168541  |
512   | 0.0074032141839543734105  | 0.0097588660002631034962  | -0.027298778042126225357  |
513   | 0.0056372756935606106038  | 0.0032288936776639514704  | -0.024875260885242278519  |
514   | 0.0069385903707935934343  | 0.0016129423149386333536  | -0.0024583370081626299691 |
515   | 0.0076401486667323735558  | 0.0056414167889717479684  | -0.012499633866591563711  |
516   | 0.004266671564150721456   | 0.0010313827716218167477  | -0.0027091094324412155585 |
517   | 0.0075096232812553150374  | 0.0055442992493623033043  | -0.022121354607940624248  |
518   | 0.0032603374493959374342  | 0.0029216979090250804786  | -0.013850188299277576068  |
519   | 0.0019525926817506422239  | 0.0036566083860054528556  | -0.025739834618072065381  |
520   | 0.0028330812682433245686  | 0.0033419833960829487506  | -0.027949875343126925203  |
521   | 0.0042764909655278772471  | 0.0059133806313959296624  | -0.0091511428863939748429 |
522   | 0.0029146997846904039962  | 0.0034829919231450278197  | -0.0070467879839464430888 |
523   | 0.0015107077060949056571  | 0.0083918822255698820312  | -0.010633530997016998887  |
524   | 0.0087751684414216334779  | 0.0012681065171114350165  | -0.014432506541386809842  |
525   | 0.0034113313579036581846  | 0.00058163488339414595556 | -0.030965339219911500179  |
526   | 0.00032178633308127015111 | 0.0055567590415772534496  | -0.00691889725742340575   |
527   | 0.0092078726203911661491  | 0.0053388771314800895218  | -0.0090595486324315990107 |
528   | 0.0087603303265899826885  | 0.0023529913568719478152  | -0.012696820594644759803  |
529   | 0.0067000314067069792479  | 0.0056793386984880919396  | -0.019070766750501056547  |
530   | 0.0034247950379384696495  | 0.0065918664472912561619  | -0.003097098899469866596  |
531   | 0.0037748757565647422969  | 0.0040008839602049105916  | -0.017757141381297567029  |
532   | 0.0047710327769774681789  | 0.0037146431892435922625  | -0.00018451908923228056768 |
533   | 0.0002831057584437678804  | 0.0057280693332709660751  | -0.0080997899108301348731 |
534   | 0.0023018291195007526372  | 0.0040577445895542017459  | -0.011740867044947748965  |
535   | 0.00040384015693227585898 | 0.0084948180100712870205  | -0.023512071277389200857  |
536   | 0.00017983095670411525279 | 0.00015608553034596276419 | -0.0032615984354913214911 |
537   | 0.0022689054020341705917  | 0.0041982436772018058568  | -0.010664251376454941464  |
538   | 0.0085698551358409855161  | 0.0016535239004500145235  | -0.031480837464738842257  |
539   | 0.009250271617920751907   | 0.0060433070081049979419  | -0.0042237952323495482621 |
540   | 0.0048290176934095395411  | 0.0060500855133623866397  | -0.01967299090145771881   |
541   | 0.0017422602890883958325  | 0.00047960265767239303311 | -0.014152639077922675101  |
542   | 0.0064692515879314592409  | 0.0027233548535264030799  | -0.00879623688013686858   |
543   | 0.007894753206231506712   | 0.0061067976564072572881  | -0.0065494556901469847335 |
544   | 0.0045202126995534958748  | 0.0035653492836297609458  | -0.023803843722058716514  |
545   | 0.0083512986123874012601  | 0.008559916990408132989   | -0.017464538723953808297  |
546   | 9.8669068521133076436e-05 | 0.0081172308059860465851  | -0.026466448525899317207  |
547   | 0.0030868052369212905031  | 0.0035133721723256015543  | -0.0034952467743076943811 |
548   | 0.0040853439703776696715  | 0.0030612752688479803569  | -0.02636962866144180323   |
549   | 0.0007754251750769576481  | 0.0085873044614464336122  | -0.028405221768254659137  |
550   | 0.0034985521519690669298  | 0.0041295824269047941985  | -0.0080882296299011838953 |
551   | 0.0062954359270453738931  | 0.0023819762828672110498  | -0.026028839103596036059  |
552   | 0.0048471674783601122541  | 0.00547808743832199109    | -0.01360571323782013009   |
553   | 0.0031111391724406864748  | 0.00496039052808894005    | -0.01782124016600124608   |
554   | 0.0017070844033997955441  | 0.0089127707592662804709  | -0.016754326744298875945  |
555   | 0.0070055341774310324332  | 0.0035357917668805347033  | -0.0038011555061631323131 |
556   | 0.0032419980397458171562  | 0.007817556237484389603   | -0.0070867885196020706864 |
557   | 0.0054950003202022881799  | 0.0054143290857519895537  | -0.026541820400915783901  |
558   | 0.0027590765492499077713  | 0.0058040230060717673891  | 0.0004561607149150088622  |
559   | 0.0070608331350647682637  | 0.0010812345165676457912  | -0.0013212127588980663445 |
560   | 0.005498873197096322378   | 0.0036292355950975677646  | -0.023194025886639810241  |
561   | 0.00058629742351248566139 | 0.0061470611676082108354  | -0.00027530285650346759778 |
562   | 0.0044871689914879756347  | 0.0070610302124105876406  | -0.0039786913821750176726 |
563   | 0.0070895038976378482037  | 0.0043652570417732601896  | -0.017279673022056293158  |
564   | 0.0047400224389839446665  | 0.0072444467771618286864  | -0.024142522916673278544  |
565   | 0.0071864496856982431131  | 0.0049399392396122648874  | -0.030855707314356588949  |
566   | 0.0042150377640780070654  | 0.0089773817868145679155  | -0.026509645559964913064  |
567   | 0.0088449961990277325974  | 0.00094162794122614921436 | -0.004104811354481560301  |
568   | 0.0070879650045474161535  | 0.0011446461100477849353  | -0.031751294905080433562  |
569   | 0.0048987601728776204724  | 0.0039233888655773917556  | -0.021287487913708248721  |
570   | 0.0062626695319188269151  | 0.0098093859724040898679  | -0.0037974131779262470035 |
571   | 0.0097793157032262188061  | 0.0065202675504637888637  | -0.0295254852318432362    |
572   | 0.0042118080978340013618  | 0.00026164265691004803208 | -0.0056056996366649737909 |
573   | 0.00094661676579877048442 | 0.0069133995803370516114  | -0.0090845859131093980449 |
574   | 0.0066348646886473820403  | 0.0090481010365090087239  | -0.010958132848999732264  |
575   | 0.005061330044791829269   | 0.0003031055675434416786  | -0.023373653912688453771  |
576   | 0.0059307194711560751871  | 0.0027093791294123615102  | -0.0081501579170989973261 |
577   | 0.0024797514271411185728  | 0.0079891194214787922268  | -0.027169397709114799511  |
578   | 0.0035005919013216288231  | 0.0074128769701561634045  | -0.011879604386307269365  |
579   | 0.0048677698784462463885  | 0.00043766336137194861459 | -0.020425050717429685254  |
580   | 0.0064217397929802640111  | 0.0024952523256490935152  | -0.018374955393016347005  |
581   | 0.0080535680609789758733  | 0.0070029646610477759572  | -0.0092720875729399524628 |
582   | 0.0041591097858052761271  | 0.0073035545223727330391  | -0.0013895207782764929395 |
583   | 0.0092635142295326416279  | 0.0077102844073736248251  | -0.01550180518978481678   |
584   | 0.0053491985364772483627  | 0.0087263935298809731239  | -0.0257002664739906031    |
585   | 0.0035329562825330753512  | 0.002539071979688896797   | -0.013358654358001853177  |
586   | 0.0076532003910397931878  | 0.008886159708092701906   | -0.018936059354138876087  |
587   | 0.0018173843667663553639  | 0.0033766658540599582203  | -0.022625476723901489368  |
588   | 0.0082222684373263986435  | 0.0041026976066974333787  | -0.023436515222227529559  |
589   | 0.0035166616250117011672  | 0.0070434464222800590924  | -0.014635426058644384478  |
590   | 0.00033787939952181143518 | 0.009292041216751312227   | -0.0122805552101875326    |
591   | 0.0030161321427040637712  | 0.0033625975848255596629  | -0.007983513440792830429  |
592   | 0.0030934676281872694817  | 0.00072782389764561219309 | -0.026969057785198664173  |
593   | 0.0081375547679818360791  | 0.0081313591044654132123  | -0.022336247350323426564  |
594   | 0.0093499572806547033565  | 0.007287484620735316769   | -0.0045109580162654367222 |
595   | 0.0024913010467693054613  | 0.0079996040417642747672  | -0.0092568670018012191164 |
596   | 0.0099967430130494094181  | 0.0075514326070265196111  | -0.018783628181827563552  |
597   | 0.0028701065546816099776  | 0.008021385676699700415   | -0.019042204833351176335  |
598   | 0.0043379278826694558577  | 0.0044744960797143381107  | -0.020557106968658072493  |
599   | 0.00014390769192014832289 | 0.0069871736411176200987  | -0.004471978967995907106  |
600   | 0.0011795535742257635785  | 0.0014771964000514874443  | -0.022601840716525874869  |
601   | 0.0015713878733366365599  | 0.00096463139140768976165 | -0.024618130520383193355  |
602   | 0.0065732089596732632547  | 0.0062894618264761632115  | -0.018301827244211046897  |
603   | 0.0025231561304557971297  | 0.0024721737206323292357  | -0.019460820436053499066  |
604   | 0.0092602774313429517261  | 0.0077495638453320908959  | -0.027219521291957947395  |
605   | 0.0070408577871261630518  | 0.0075245572958336981104  | -0.021490635147982675712  |
606   | 0.008925357532290624854   | 0.0023949639653667144715  | -0.026042623458778051126  |
607   | 0.0017444643397377807004  | 0.00077445345530088708676 | -0.030243380992602476171  |
608   | 0.0040416267741990594478  | 0.006954750768215549328   | -0.0063950462930552716065 |
609   | 0.00038143923654295142306 | 0.00012782655392059238345 | -0.014581398218347719001  |
610   | 0.00054060022658830781707 | 0.0020041889250595463882  | -0.031192466031433288554  |
611   | 0.0047976423687918472866  | 0.0056907771410263019093  | -0.019819021613290112305  |
612   | 0.0047572789748802548487  | 0.0085602728116903597372  | -0.00091991344581182393943 |
613   | 0.0065951345590270589112  | 0.0096876940558532232545  | -0.022420261051999190033  |
614   | 0.0046416484737887980794  | 0.0030356264492977999558  | -0.026590834698309986917  |
615   | 0.0011681513748240180458  | 0.008909091606305654179   | -0.0052574100660787497982 |
616   | 0.0092824373034390127851  | 0.0038681693198453180604  | -0.0032808697486263775286 |
617   | 0.006558397904474802878   | 0.0030832911474924528696  | -0.0047501983262535898631 |
618   | 0.00219092282637164135    | 0.0070189737945834202934  | -0.010694934454379849409  |
619   | 0.0021010431879598767506  | 0.0086021147247806826336  | -0.0062129667573288726787 |
620   | 0.0077329970813239520475  | 0.0040153618308870261261  | -0.007334835873318025154  |
621   | 0.004407912092965483343   | 0.0057980293653991923572  | -0.023087224152230023666  |
622   | 0.0020008953017946100664  | 0.0089983870155154830478  | -0.023927359885264867095  |
623   | 0.0031182157744879981758  | 0.0027734005533402053371  | -0.015101013714620501599  |
624   | 0.00013975980076924194597 | 0.0053139734215332428205  | -0.0053206266842557494584 |
625   | 0.0067207915381833783358  | 0.0058337245824968278832  | -0.015941848446008457379  |
626   | 0.0016365750838495003987  | 0.00028867430786202709836 | -0.0059378089466589180703 |
627   | 0.0054700078699716934635  | 0.0095056932874807240769  | -0.022267799798007734124  |
628   | 0.0070394701103127154881  | 0.0082481734997812763965  | -0.00035399791643219314513 |
629   | 0.0075388366269907892969  | 0.0067588657458881856027  | -0.01863816739816269788   |
630   | 0.0061407977334574648243  | 0.00944553903362003143    | -0.014375167004295098458  |
631   | 0.0088843424224536692024  | 0.0051870276954849242959  | -0.01594369948631942438   |
632   | 0.0052945659299691071389  | 0.0069819700745449905094  | -0.025401481885758980112  |
633   | 0.0049427943611026836992  | 0.0018452559553084890709  | -0.013329285004880554039  |
634   | 0.0036298322263126937826  | 0.0039017310581217416569  | -0.006140086754256077195  |
635   | 0.0015191508753529384991  | 0.0026555895970771072404  | -0.0064819439235518430675 |
636   | 0.00075734455072699684818 | 0.0071498380376065510597  | -0.011565044395130921057  |
637   | 0.0062074924660612132779  | 0.0027319336878630262784  | -0.031828254929117630323  |
638   | 0.00010874655950996252286 | 0.0025541403495959983001  | -0.022393173827755082084  |
639   | 0.0071010669828833793485  | 0.0023025352006167875904  | -0.015589979211290162786  |
640   | 0.0031031336867140099818  | 0.00049134808457469323576 | -0.0088465524974006403552 |
641   | 0.0058737977611477048059  | 0.0079110481755166935786  | -0.0080076475720470691178 |
642   | 0.00091237936847571603129 | 0.0087530282067705793281  | -0.0063501571480101427075 |
643   | 0.0089589175725640884246  | 0.0059916706178089248341  | -0.0022753013248901156514 |
644   | 0.0054126129040584268839  | 0.0093216585119443619301  | -0.024505767645604616123  |
645   | 0.0034678016156686418923  | 0.0093832628699969233138  | 0.0006383526138850773371  |
646   | 0.0023053640150290160768  | 0.0018516291123112226403  | -0.0097842818253452423782 |
647   | 0.0049250894950257058727  | 0.0037934543390471904198  | -0.020320692417866971502  |
648   | 0.0040832821001240068859  | 0.0062572767378220655807  | -0.022402395649237689945  |
649   | 0.0043303032623360718928  | 0.0061124507236134870136  | -0.0032839827750070112178 |
650   | 0.0033921820423714987673  | 0.0081378470704970111427  | -0.0065936737155175987116 |
651   | 0.0046667032267857112143  | 0.0065923161810485493908  | -0.0077266849601571327769 |
652   | 0.0025969551796741429349  | 0.0057602331584804804948  | -0.014272833902409562401  |
653   | 0.0064750888917875478248  | 0.0047934962910454155874  | -0.0022450705796524636666 |
654   | 0.0056087398180867690731  | 0.0080403211260253598658  | -0.0098740510041558406107 |
655   | 0.0051215351896067174559  | 0.0047589338704739922795  | -0.0010104080515459642944 |
656   | 0.0027862737465344324973  | 0.0028881053817313350959  | -0.00067874930672156500583 |
657   | 0.0081757294404188156356  | 0.0091964352002938346692  | -0.01674626403575414299   |
658   | 0.0056245855433875464185  | 0.0083811405737057587118  | -0.010083645682117080289  |
659   | 0.008157177810547654867   | 0.0045040443853644005628  | -0.015209596229981664495  |
660   | 0.0064066800082932693836  | 0.0016268422822105204489  | -0.022869780786394851291  |
661   | 0.0010894351066350826344  | 0.0042221180272353818833  | -0.014059826248761203571  |
662   | 0.0043231488100100180089  | 0.0081316347342404726728  | -0.0024985406155778166343 |
663   | 0.0077367741614115101076  | 0.0019655963655699558272  | -0.02089216830696615998   |
664   | 0.0044392198899302001691  | 0.0026565151081309121284  | -0.0095836127461169720587 |
665   | 0.0022019941968823759405  | 0.0057007129919786131075  | -0.0035967451599042354025 |
666   | 0.0062698631286106070587  | 0.000948040710809979815   | -0.020886654861427794705  |
667   | 0.0083987679612295852022  | 0.0020721405388494907283  | -0.013337344907849336614  |
668   | 0.0055288713378828730285  | 0.0016924559886325779741  | -0.0073850900717920874364 |
669   | 0.0091516568640257010131  | 0.0024780077722577034845  | -0.021916554893204986953  |
670   | 0.002042726122974726239   | 0.0059173056381151140082  | -0.010287878526192700823  |
671   | 0.0021770899806790502268  | 0.0079343920221544850246  | -0.022678181084208437479  |
672   | 0.0098853731680933840803  | 0.0058413741495861142006  | -0.016237274287573339598  |
673   | 0.0080511712808602770713  | 0.0049200872203770144517  | -0.030003129658692891807  |
674   | 0.0072739401853681735083  | 0.0024426594881295071032  | -0.015053810779358713784  |
675   | 0.0025628345920936657087  | 0.0040297498147265345056  | -0.026395232810976641119  |
676   | 0.002391635960744463614   | 0.0099092255046204103658  | -0.0040259000328357720869 |
677   | 0.0062543770982796606517  | 0.0027902987029989412618  | -0.019191073544206380813  |
678   | 0.0024030929049034368064  | 0.0029257345179031779558  | -0.0031031182952318877438 |
679   | 0.0039061976252539767733  | 0.0074792313757081306524  | -0.0089834801944637596161 |
680   | 0.0015876499028852338134  | 0.0068475204924669371906  | -0.018153923102527929484  |
681   | 0.0040271997732784304072  | 0.0014048139375177010404  | -0.0082027974435906134132 |
682   | 0.0012837668571642625159  | 0.00086863027466343642729 | -0.016171152678735763175  |
683   | 0.0044795059505547268897  | 0.0053582562818216107961  | -0.0054096910674789290205 |
684   | 0.00062471571503496534442 | 0.0019842700255153777888  | -0.023478325968613180524  |
685   | 0.0059380266652716970008  | 0.0017017146896357467339  | -0.02751381243968749335   |
686   | 0.00528174131006814776    | 0.0037916410679588057921  | -0.023804364475033368276  |
687   | 0.0080117650803159731754  | 0.0048766331695983050273  | -0.012193462175082124543  |
688   | 0.0036272735846289544913  | 0.0071811149496009583568  | -0.0090611102376397488489 |
689   | 0.0049460260197659380865  | 0.0066566648710213805265  | -0.0039097784239439633061 |
690   | 0.0062985021772303754345  | 0.0067211567594782344742  | -0.014458332413161819816  |
691   | 0.0077835982784146499208  | 0.0044664568128736838876  | -0.014726650356826737412  |
692   | 0.0070241784966197278253  | 0.0082345973334800176557  | -0.019044189331755931316  |
693   | 0.0075858593040407018213  | 0.0037660159773044176758  | -0.021643766378950428375  |
694   | 0.0077285777910586122078  | 0.0093832608322511282944  | -0.016486008080911808416  |
695   | 0.0047756156610279263883  | 0.0082410040325470897138  | -0.027534724401807413735  |
696   | 0.0020597253762084525089  | 0.0025812850364939580322  | -0.0212027156498675734    |
697   | 0.0063485228961900654066  | 0.0045138435272460602013  | -0.021557476229661452077  |
698   | 0.0019199118367036959679  | 0.0088096575040829613878  | -0.020719386236505290405  |
699   | 0.0079641965028332522419  | 0.0010306510982715322376  | -0.016550499818142671432  |
700   | 0.0058505841853057584043  | 0.0019154332479010981096  | -0.0083540160223316908827 |
701   | 0.0050273651904566476339  | 0.0061857262464494848497  | -0.024702439866408642394  |
702   | 0.0054088185345049794722  | 0.0068201430322984146759  | -0.021187332203366431027  |
703   | 0.0040887039390462183441  | 0.0055161552258825062925  | -0.025546975630757258469  |
704   | 0.00282099042306483078    | 0.0089247789587873459227  | -0.011600926317089369638  |
705   | 0.0025735341934194993184  | 0.0091543263548742679486  | -0.0056387663052661681634 |
706   | 0.00095682639232835201958 | 0.0083069435643551778337  | -0.027685186457191347797  |
707   | 0.0015462841077256898967  | 0.0082199941347344627346  | -0.028298344544973902392  |
708   | 0.0070568256498892735495  | 0.0044518417627519421206  | -0.0109297924381249658    |
709   | 0.004617421595855302624   | 0.0019885916052319284331  | -0.019461486750356596365  |
710   | 0.0057769213773816762217  | 0.0091802163114684393053  | -0.016422325101275971754  |
711   | 0.0006371019167443238429  | 0.0071041191394135057985  | -0.018984245482175067521  |
712   | 0.0045527677562365040723  | 0.0051448738479170034316  | -0.027750737506112798519  |
713   | 0.00084307750262366698991 | 0.0060283329147398610759  | -0.023449696866004971635  |
714   | 0.0011280818458278306978  | 0.0054095967733502935484  | -0.028403517065708077521  |
715   | 0.0046555617063406534023  | 0.0090852761735668516319  | -0.023507487414294248734  |
716   | 0.00014205936927512102341 | 0.0075413249881851433798  | -0.018409910986154826018  |
717   | 0.0028748307632356184631  | 0.0089471127025915128672  | -0.0098666623369030540674 |
718   | 0.0043958772788805769091  | 0.0069318832085857881933  | -0.016272712273295766167  |
719   | 0.0092727147504713357262  | 0.0042029836858108017908  | -0.027330706461476190344  |
720   | 0.0066584387827920542974  | 0.0078507080962944425506  | -0.031292010275325889135  |
721   | 0.0069273837576751800399  | 0.0048854448357868512573  | -0.017200153185498376351  |
722   | 0.0021348878762097521326  | 0.0067230669777966021311  | -0.0075762581430039374619 |
723   | 0.0042124853426001411527  | 0.0049015676536644020231  | -0.011632943650053882007  |
724   | 0.0073244625041256295958  | 0.0054284760242022883983  | -0.01771860691997823728   |
725   | 0.0087866816446021660941  | 0.006349599838168273544   | -0.012878802813525143042  |
726   | 0.0030622577927982798027  | 0.007107045233688547882   | -0.012990188845876706955  |
727   | 0.0033189356484977787683  | 0.0030302092820135156925  | -0.011680663776811072915  |
728   | 0.0049560261144272468523  | 0.00057875256940849179738 | -0.0040010002744438593475 |
729   | 0.0099289155802156289776  | 0.0063119581244469426598  | -0.018316453359476365242  |
730   | 0.0084581939542580659303  | 0.0028354709970009879354  | -0.004481631120299696229  |
731   | 0.0058287133281146189315  | 0.0018385345570002882987  | -0.015338352450636659474  |
732   | 0.0043250493206345849359  | 0.0098814017696188458095  | -0.031345736502161485049  |
733   | 0.0080383358256374912859  | 0.0084437551500938616555  | -0.016961119209852756895  |
734   | 0.0050912233487863363737  | 0.0043807889759275341415  | -0.017763833686481038387  |
735   | 0.0045934695666211668511  | 0.00031108648544880498389 | -0.0079245345933303904667 |
736   | 0.0093462020168190579339  | 0.00029073610228000785734 | -0.00206333063206024089   |
737   | 0.0061272923328490628767  | 0.0080076854066028959472  | -0.012442308299103180605  |
738   | 0.002304809920651400279   | 0.0072784227259372292693  | -0.021957341051715290048  |
739   | 0.0071261519296507234295  | 0.00081301672664049349972 | -0.029399822692904895721  |
740   | 0.0066162378810166238771  | 0.0033570691942146290397  | -0.024977293644873738848  |
741   | 0.0017603421078741146154  | 0.006875390960556227761   | -0.0041307887308799926332 |
742   | 0.00082097952724708648641 | 0.004659337208021994102   | -0.0029436682276313434412 |
743   | 0.003581638283989435536   | 0.0047330947505057827107  | -0.02787518301738891105   |
744   | 0.0089287103434093992999  | 0.0049785611232894301514  | -0.018021900375600155564  |
745   | 0.0016862216518427138208  | 0.0064487977597683732514  | -0.020128123185473953405  |
746   | 0.0068245569481625786845  | 0.0036331811251738913016  | -0.0053105001994882966576 |
747   | 0.0045816577632391292801  | 0.00058977313124482612979 | -0.012127845574870182652  |
748   | 0.0086174460568028462409  | 0.0031737813898322060971  | -0.019397459480497526024  |
749   | 0.0099595824465166099548  | 0.0041460496624226442566  | -0.022478202799040888221  |
750   | 0.0080854161919749183846  | 0.0019154097434371118638  | -0.0063753092360593274779 |
751   | 0.0045131760052739130704  | 0.0067555698509911476721  | 0.00079537254182711250149 |
752   | 0.0020365708288631865532  | 0.008691967544756203784   | -0.01670885243400649367   |
753   | 0.0073664242750019169603  | 0.008967557339620884499   | -0.0074600522025816814672 |
754   | 0.0059941346823084934795  | 0.0080338818349097104732  | -0.0088799971634179082625 |
755   | 0.001370419471706770323   | 0.0081076211452681679059  | -0.01273236816652222568   |
756   | 0.0084951863250129384941  | 0.0091118492369198101494  | -0.0096209610371875975421 |
757   | 0.0063909803713042565368  | 0.0044032408739645163137  | -0.020301618946641807051  |
758   | 0.0030982150684546647633  | 0.0023428466351595577527  | -0.020468640916764410664  |
759   | 0.0042193025165956172737  | 0.0099530890299109678332  | -0.01256044129658907306   |
760   | 0.0015527328230944188216  | 0.0096017017901471411051  | -0.014900698806341991856  |
761   | 0.0033764773350458761499  | 0.0088407271536249196903  | -0.022927412580917055224  |
762   | 0.0079113773497691448899  | 0.0037809517897604331092  | -0.014950245203727643289  |
763   | 0.008145409184448939785   | 0.0039974288939152117367  | -0.014532609445251721061  |
764   | 0.0065051261727002212751  | 0.0050543776600666398893  | -0.017315230160427727557  |
765   | 0.0019884683681902679507  | 0.0050130941521996461724  | -0.01181912165681417437   |
766   | 0.007722810914225714321   | 0.0068530329919356701082  | -0.028635676240810144927  |
767   | 0.0052973686336624248305  | 0.0020778695200694523304  | -0.019455235417271767029  |
768   | 0.0036002380737554695762  | 0.00052574099469107832879 | -0.021881090126399632689  |
769   | 0.001451684495590868651   | 0.0056464508105154333217  | -0.011880841979336061523  |
770   | 0.0010388647918238085813  | 0.0089111496761470291444  | -0.0052435090796308335415 |
771   | 0.0071786456805671928702  | 0.0062371097258911737879  | -0.0084819637737691480628 |
772   | 0.0029397685624924026378  | 0.0094766928855793946401  | -0.02882322227963877298   |
773   | 0.00051342012104019967358 | 0.0018891755723692183096  | -0.0079460166115548295368 |
774   | 0.0076249890142456198602  | 0.00890162965024421729    | -0.020608073592542127533  |
775   | 0.0085149544931233580453  | 0.0040866229051405075084  | -0.016431949739927023679  |
776   | 0.0032478465737355447299  | 0.0056579405528346567167  | -0.021955122806052169981  |
777   | 0.0086334820463922698486  | 0.0051932692748706162089  | -0.0052339661532795535986 |
778   | 0.0019592050270580223768  | 0.00010924233856990583035 | -0.0031990922782395370474 |
779   | 0.0049280849827053286802  | 0.0043265844112032993476  | -0.0076918447935134057897 |
780   | 0.0077674481694199578111  | 0.0061963089780231852058  | -0.022165315827726350673  |
781   | 0.0020982975973355285325  | 0.0033306845233432901335  | -0.0053102631361471941754 |
782   | 0.0016847453942851569036  | 0.0032302342116097624951  | -0.025695060196592837964  |
783   | 0.002993143764528100742   | 0.0056079284102119771049  | -0.0052481173124244388101 |
784   | 0.0082638635100175123621  | 0.0037230751298252622548  | -0.021374679657083717893  |
785   | 0.001439285136566023247   | 0.00061413328955648718247 | -0.017940779057920512585  |
786   | 0.004108031186537953322   | 0.0064894061565677150366  | -0.011972159853746520974  |
787   | 0.0026206722157390395858  | 0.0011321573759259923302  | -0.0022842137696276998936 |
788   | 0.00082862954429133650006 | 0.0060930444649130314008  | -0.021806217227281165377  |
789   | 0.0053405442215023702854  | 0.0052567079041553818608  | -0.025220069493384018877  |
790   | 0.0049087076038596246311  | 0.0042155113035304446131  | -0.016926183615344241734  |
791   | 0.0012761196465625622085  | 0.0091098424805628585438  | -0.025823780520558642371  |
792   | 0.003261045727251046019   | 0.0022669788669971591838  | -0.0082839797685980119668 |
793   | 0.0061982821509954377781  | 0.0015809181358733381383  | -0.0037218570348274081748 |
794   | 0.0094102405893651871333  | 0.0061147003395607630108  | -0.03179549301222174551   |
795   | 0.004168899858924149035   | 0.0070117595633604357791  | -0.018161892507814331177  |
796   | 0.0046583005582984567117  | 0.0067352258400409413877  | -0.0052136179096425681184 |
797   | 0.0019697473589694852042  | 0.0066783352255240756301  | -0.017830398996250045041  |
798   | 0.00297177595536434868    | 0.00052883933117694233855 | -0.0030550065355965105862 |
799   | 0.0069878383342221600527  | 0.0024033574040909265815  | -0.026359217176337608468  |
800   | 0.0070081529712141595739  | 0.0080325882747650113186  | -0.013626525593514763821  |
801   | 1.4617176455559922056e-05 | 0.0020457778064999817408  | -0.0048906823769999585236 |
802   | 0.0031074420853250514681  | 0.0095312028204452680508  | -0.013494563666090916149  |
803   | 0.0079176946681812424012  | 0.0083701998109209467536  | -0.0082091633011489150568 |
804   | 0.00090488973867736046536 | 0.0039782205858021509048  | -0.02596917340165657076   |
805   | 0.0028591748090706285527  | 0.0040546603796182151963  | -0.014842040187432866891  |
806   | 0.0024003306124090479506  | 0.0038948118348625842058  | -0.005703277694200578618  |
807   | 0.001960418456808210412   | 0.008200655717521215457   | -0.0036864208475374219028 |
808   | 8.6381595984951248962e-05 | 0.0021699879012404489804  | -0.02682869056766901128   |
809   | 0.00310169265241866908    | 0.0041861477542005668881  | -0.019003521921235423664  |
810   | 0.0070232520408496802028  | 0.0035247032196671504792  | -0.003964235798063205779  |
811   | 0.0075170508880646053074  | 0.0027212769155349082056  | -0.030592417236647278383  |
812   | 0.0083703200639315342158  | 0.00496154212882047186    | -0.024331421075820352379  |
813   | 0.0062752062982272061378  | 0.0046599425621876309003  | -0.0085133239377028404465 |
814   | 0.0045109809621917068903  | 0.0075036397285963172751  | -0.021838281762549243553  |
815   | 0.004194934385842508974   | 0.0036074358835247542082  | -0.021045311325283616588  |
816   | 0.0032412906694136017771  | 0.0041121687295460705031  | -0.021105249993245516621  |
817   | 0.0090568188951645114265  | 0.0015126823288084010818  | -0.0058281879791190994641 |
818   | 0.0076740625987868514232  | 0.0053193136486906402588  | -0.006417134970905475494  |
819   | 0.0033536527673681450906  | 0.0059326222867084853207  | -0.011140456254666614155  |
820   | 8.1462846408769014621e-05 | 0.0015243859662724386448  | -0.013588069559639313552  |
821   | 0.0066218555513823116124  | 0.0095602028287976627274  | -0.0075212910433985870687 |
822   | 0.0023328332172299079753  | 0.0066416008993641899999  | -0.011856533137529365329  |
823   | 0.0032917028824202550046  | 0.0026289448224535837823  | -0.029260325738984786781  |
824   | 0.0058931145470988164151  | 0.0016897661435462927888  | -0.018100720615294711713  |
825   | 0.006454102216024161856   | 0.0056236537698252367021  | -0.022027001131780080817  |
826   | 0.0076823804027688546645  | 0.0069025160562909276818  | -0.021172631101950698668  |
827   | 0.0090333236258366023802  | 0.007384261108375123582   | -0.0030086442462739660525 |
828   | 0.00013196008137006241161 | 0.0050234392389596760342  | -0.021133957302828340619  |
829   | 0.0012358688367142183027  | 0.0073518443584025044632  | -0.0094888231983500867517 |
830   | 0.0028090530233652127     | 0.003948780582544044078   | -0.0037955773004266580087 |
831   | 0.0039054158321524200768  | 0.0076011033732350302347  | -0.0017928861324181361806 |
832   | 0.0054629551820057232342  | 0.0023124096952735419437  | -0.011393768932129203983  |
833   | 0.009054356293614920087   | 0.0048481574853440085465  | -0.0076618032028405117645 |
834   | 0.004736693415336350535   | 0.0079161869217815213073  | -0.026383332512279498994  |
835   | 0.0075065494946513966132  | 0.0094616386855687368423  | -0.019910611109279413578  |
836   | 0.0098845918644331152297  | 0.0011050222088201517006  | -0.011342961471205482982  |
837   | 0.0081012261732607594722  | 0.0026848749015808389198  | -0.0096155242181669691587 |
838   | 0.0065924325920786747829  | 0.0013489127743208238937  | -0.02411028177136619044   |
839   | 0.0067349873643013907082  | 0.0027021449721114330911  | -0.0036466957922780310862 |
840   | 0.0092277323176804832566  | 0.00051248748335487592787 | -0.010098067917826204429  |
841   | 0.0064109377114172924964  | 0.0011635550784740154081  | 0.00037349879999963814334 |
842   | 0.0028902161156415966982  | 0.0065700490873673335346  | -0.0036962742290110447638 |
843   | 0.0065846772876880683978  | 0.0073530155706711588376  | -0.020771996962087150435  |
844   | 0.0038276642007264334577  | 0.0012348641408322551596  | -0.015400910041185395666  |
845   | 0.009646380801621107573   | 0.002504563828869544196   | -0.0006918296295735880657 |
846   | 0.0086268818126935386398  | 0.002287609049333022386   | -0.0083562960724732019552 |
847   | 0.0092574868459330880016  | 0.0074741592214420792678  | -0.011613461402377057291  |
848   | 0.0043800173261224683782  | 0.0015371576563289032682  | -0.0012922002090450608516 |
849   | 0.006288678943262286658   | 0.0051400465035499965163  | -0.00073110835331771596626 |
850   | 0.0040919284196965829276  | 0.0035763824249614860513  | -0.013580977439452837988  |
851   | 0.005020423916329401666   | 0.0067519712005946180139  | -0.026281608924946540939  |
852   | 0.0051632556329494049691  | 0.0088365581184069452725  | -0.017136547295339320945  |
853   | 0.0092815382299406574279  | 0.0031666754067562544184  | -0.01883320168841769518   |
854   | 0.0079689332373272438875  | 0.0093084642572366076835  | -0.0079726315476763062046 |
855   | 0.0001553092647299081201  | 0.0037181869138537696276  | -0.0026166675464505679931 |
856   | 0.0098457275392340518061  | 0.0031414417096554685289  | -0.0060141014707536591399 |
857   | 0.0082049951385678668997  | 0.0076386467917075378739  | -0.021251640050111788444  |
858   | 0.0054779904710387282776  | 0.0030762227454711366277  | -0.0093578840741110093371 |
859   | 0.002030352236813799064   | 0.0053610393648935560779  | -0.016957453897404013016  |
860   | 0.0077352246722862082196  | 0.00075762016548286599017 | -0.0089226269098197086294 |
861   | 0.0011464308888540972447  | 0.0024228359668784990588  | -0.018871943805595488286  |
862   | 0.0088336164769058679591  | 0.0006879301402762630531  | -0.027540085919237691781  |
863   | 0.0011597918314040155888  | 0.0073087860087532423303  | -0.004895457214067270614  |
864   | 0.0038543902075453000296  | 0.0045027899779936974081  | -0.012395657042205862966  |
865   | 0.0057753598729183711416  | 0.0042459239071362050999  | -0.0043507176153275740893 |
866   | 0.0053469581786273687185  | 0.009666929867651415445   | -0.011638257735942130963  |
867   | 0.0049853159485747557816  | 0.0057825603968794511353  | -0.024216294476440115846  |
868   | 0.006917048018842623068   | 0.0078455354915319026887  | -0.011285359100150049727  |
869   | 0.0036918577527239146603  | 0.0049542620629272251381  | -0.022958473305560823247  |
870   | 0.00018407519513221498077 | 0.0037551853218399868124  | -1.8283030763767683756e-05 |
871   | 0.0081360236324431369631  | 0.0017746949587698968628  | -0.028359175762964951989  |
872   | 0.0039726815459804453584  | 0.0022571475532640245844  | -0.029077595722644431625  |
873   | 0.0077359021493097158625  | 0.0034454868177861914039  | -0.027377581459364069144  |
874   | 0.0058270829010981838383  | 0.0014170384095804268876  | -0.0020384664108988085306 |
875   | 0.0064544116317394456539  | 0.006430916285458138093   | -0.017652123859654551136  |
876   | 0.0045061429292423743273  | 0.0015932313062142679921  | -0.0080255768213763033214 |
877   | 0.0011341280880860179527  | 0.0052978895545570834844  | -0.011773734483446915422  |
878   | 0.00041536348364472753907 | 0.0034340559214709486836  | -0.031373418809760460213  |
879   | 0.0056007763901174522497  | 0.0080405234869982879914  | -0.0112905793830372983    |
880   | 0.0061588926740692917158  | 0.0055623197601072475738  | -0.0093667540783272194155 |
881   | 0.0043108297375778516225  | 0.0044947514735462360327  | -0.01646924232380534911   |
882   | 0.0054749487083716056116  | 0.005942234500378148869   | -0.018660874160509089564  |
883   | 0.0074745176658796725483  | 0.0054517310934552240531  | -0.0083419600651221999937 |
884   | 0.0081526250331897791995  | 0.0093293764360457762108  | -0.026392687224654313993  |
885   | 0.0095410119581020389617  | 0.0014647827132985191852  | -0.015393520321390319686  |
886   | 0.0044334274443003909502  | 0.005101671286710912287   | -0.008809363051543428122  |
887   | 0.0024812915420906215755  | 0.001661413532472542226   | -0.028056008152122082627  |
888   | 0.0078281539870438242995  | 0.0030786351084840244199  | -0.018911389909710658169  |
889   | 0.0036793460902411205711  | 0.0096496707840382969085  | -0.024252844313066020121  |
890   | 0.0054496677385135394375  | 0.0070710545840269424869  | -0.030333227330836324415  |
891   | 0.003919095109211928607   | 0.0063716235110843275069  | -0.0046359240170882531559 |
892   | 0.0057583911400279777851  | 0.0090871579935830042868  | -0.012452797854643754896  |
893   | 0.0062360067883888911644  | 0.0048656519674357490493  | -0.011866323476914233601  |
894   | 0.0066075934929641895813  | 0.0048319852663190956954  | -0.0017049178859790958818 |
895   | 0.004545164696980089937   | 0.0075629415513319827799  | -0.013824300984260913527  |
896   | 0.0021796231955935698767  | 0.0014916292716980561559  | -0.027926019368147050881  |
897   | 0.0090621969925308975408  | 0.00035129187125219776908 | -0.020395767343454437176  |
898   | 0.0023505864835474512067  | 0.0042436394684547910222  | -0.030292025821063751911  |
899   | 0.001916033013697584662   | 0.0040440900879205547019  | -0.019692812097678036309  |
900   | 0.005169826437446400913   | 0.0084169620416559634557  | -0.023837972451951225383  |
901   | 0.0051062137293896737306  | 0.0071878630007066908469  | -0.024262837868317711776  |
902   | 0.005240144614924063457   | 0.0010275234197124609881  | -0.010986318737848662502  |
903   | 0.0061824562740832225     | 0.0070065598144611147477  | -0.0099699122717349947936 |
904   | 0.003787649268698242179   | 0.0093413623157602484331  | -0.027695211775468242532  |
905   | 0.0072739803713624184497  | 0.0065838523957080100427  | -0.018731865792952065441  |
906   | 0.0079547245244044155477  | 0.0039577107599820205916  | -0.027548814933036017832  |
907   | 0.0036924002834897370895  | 0.0085956908477218697123  | -0.001349647947806867105  |
908   | 0.0032193836338975274913  | 0.0047924687534634463973  | 0.00078933171632623541115 |
909   | 0.0065491269832129621678  | 0.003033025628120944537   | -0.00093633120584535778526 |
910   | 0.0031835671418973597417  | 0.0067985416218197640414  | -0.010692188757876608732  |
911   | 0.0097142393686237265421  | 0.0084125271054793591269  | -0.0042785082873299223188 |
912   | 0.0088470510168858450262  | 0.0044051296969310057769  | -0.0021567659226363511578 |
913   | 0.0060137357332039551028  | 0.0050272162875821483491  | -0.0002056899841410550012 |
914   | 0.0027580356412728423803  | 0.0041357555163919557453  | -0.014997832339234434817  |
915   | 0.0043298072059477481915  | 0.0033933949915610629559  | -0.025299689109556728478  |
916   | 0.0004755006817158281677  | 0.0035361502277945961771  | -0.030823585281305132533  |
917   | 0.0029595289088597356332  | 0.00050810936047606931974 | -0.026055609845002145053  |
918   | 0.002733825941964511657   | 0.0033480596668132062317  | -0.0037307810582468243187 |
919   | 0.0020460257247029872175  | 0.0071711208577351533144  | -0.031213916013251293696  |
920   | 0.0085318516859124327728  | 0.009253608731076517005   | -0.010754913192176033393  |
921   | 0.0033293857398770717454  | 0.0037463435033890045943  | -0.0038877595507816357576 |
922   | 0.0058105088981593132347  | 0.0029562505328963608296  | -0.010891762086771355003  |
923   | 0.0056543582005368370896  | 0.0077479995090295773752  | -0.010075901261235942555  |
924   | 0.00078748389652950618722 | 0.0075629953212068947235  | -0.01173417996827654311   |
925   | 0.003835498092424709498   | 0.0038788993513134101092  | -0.028517546048640238926  |
926   | 0.0064676730678003262892  | 0.0011740446078112721888  | -0.031613427347409045476  |
927   | 0.0014243094920859730029  | 0.0067335391243054211821  | -0.011166384197114907414  |
928   | 0.0041323578178781017467  | 0.0092041088801840496847  | -0.013346438001744391488  |
929   | 0.0074167828460312721847  | 0.0066687131388184729339  | 0.00073685481902477280997 |
930   | 0.0062698592090850028061  | 0.0041426890955975244346  | -0.0077471176772239440031 |
931   | 0.0048775850607362981892  | 0.001816058822221907048   | -0.027015514178324973732  |
932   | 0.0085458008730052176932  | 0.0053623598394729708738  | -0.0063613382321981177397 |
933   | 0.00056577469547476480841 | 0.0042091835472527093162  | -0.0071038983766567448397 |
934   | 0.0032946117328930850029  | 0.0073316518494676149661  | -0.019750614953813284969  |
935   | 0.0025361736556159513584  | 0.0072181599992613707309  | -0.025116096448377627642  |
936   | 0.002929478583645574695   | 0.0024865890004849011685  | -0.027756211972690791878  |
937   | 0.0030920813414734025018  | 0.0062367437229710409943  | -0.027394204698077437993  |
938   | 0.0061983158554472662233  | 0.0026460417172911926062  | -0.022824376977152054102  |
939   | 0.00531461151502583308    | 0.0036851621912379439565  | -0.0043756482826571877973 |
940   | 8.3806254382941418649e-05 | 0.00024184367180464573532 | -0.028114599365305727174  |
941   | 0.00071293710850244072352 | 0.0038542708069708975747  | -0.00072684200522316912401 |
942   | 0.0017972749373802322098  | 0.0033590478883249730302  | -0.014763758555373021966  |
943   | 0.0061428432846764788322  | 0.0082931721668487844851  | -0.0025577055106786200124 |
944   | 0.0092427618394502007032  | 0.0072792521700993321337  | -0.025537421716953584427  |
945   | 0.00091705028205115184017 | 0.0070921519436393373401  | -0.009851935553504831411  |
946   | 0.0074513166487570944158  | 0.0046718851356195708821  | -0.030490823095388103897  |
947   | 0.0083728149293640832113  | 0.0074929028694060845206  | -0.0052063679642245109386 |
948   | 0.008066600400585134667   | 0.0066608408232621610368  | -0.025963659955992299255  |
949   | 0.0061312080825636104328  | 0.00062023407074871601992 | -0.024828409145779575112  |
950   | 0.0056530112679420091784  | 0.0085840297822542196982  | -0.019205379264364615122  |
951   | 0.0038924517348092428637  | 0.0057722306476935643024  | -0.0061644164932485936981 |
952   | 0.00023057154032554447805 | 0.0067579226360390386857  | -0.024919174387213496175  |
953   | 0.0078102988013716064669  | 0.0064559605589928261565  | -0.031057417851454546115  |
954   | 0.0027071713906557824322  | 0.0016011067285910108009  | -0.012597224846530837364  |
955   | 0.0035028346751649242115  | 0.00035009922057921080436 | -0.010960628327819355032  |
956   | 0.0062531584622984529714  | 0.0031426887608370099661  | -0.016275057375958447425  |
957   | 0.0070438337539514908614  | 0.0054095328176964148012  | -0.020582287283015886226  |
958   | 0.0063986994802067796023  | 0.0087886830198365840233  | -0.015707871685882293655  |
959   | 0.0020329629738959596741  | 0.0097218147849502372509  | -0.015704540252268806011  |
960   | 0.0035545706130138288864  | 0.0047802493651732990212  | -0.0089343270497885020343 |
961   | 0.0032792283813907912617  | 0.0074207375226974852875  | -0.025056214009452730529  |
962   | 0.0071513747651178374148  | 0.0042484340526822575793  | -0.015099555142831394897  |
963   | 0.0061492318499466874782  | 4.5300662466727663791e-05 | -0.023543387613141609355  |
964   | 0.0040714670084758168914  | 0.0066471408545025617576  | -0.013711086872246810303  |
965   | 0.00038776319847417639163 | 0.009022749067057554001   | -0.028635780873067877977  |
966   | 0.0074551117083941137106  | 0.0099982137490618044895  | -0.011253834643509430524  |
967   | 0.0030673185693025268629  | 0.0055078179639035289641  | -0.022556301377651168105  |
968   | 0.0047253792945887223773  | 0.0017061910646466000533  | -0.0025551103923631599511 |
969   | 0.0063522706666326277103  | 0.0016925658580900552162  | -0.030114415912150353793  |
970   | 0.003144807100941899268   | 0.0032052662173289586667  | -0.012996414450046074596  |
971   | 0.0088173942442511428486  | 0.0071184737738766417497  | -0.022376738877841622494  |
972   | 0.0071834724966440537813  | 0.0072166154024928255359  | -0.019542528573361604705  |
973   | 0.0055315983260156324428  | 8.385704988949414069e-05  | -0.014620649950666706265  |
974   | 0.0069483904967781858972  | 0.0025578693558424361876  | -0.02805386936581066859   |
975   | 0.0012092764337987746935  | 0.003448354967121382373   | -0.013180762511459696157  |
976   | 0.0021484544228051456576  | 0.0074194467687165779196  | -0.00062125467810034118964 |
977   | 0.006585950903291344638   | 0.0084832570197877349427  | -0.008188012741416330828  |
978   | 0.0063904943074193400199  | 0.0049374930352626472327  | -0.016734140925907432101  |
979   | 0.0083724198341589960853  | 0.0014111824585248866539  | -0.031041175648990903396  |
980   | 0.0042588529096389158776  | 0.0063942532052817212251  | -0.02365797691546729295   |
981   | 0.0094892313917030006454  | 0.0016701018753233923351  | -0.025915494376084549644  |
982   | 0.00045940868312353643323 | 0.0068285066883305824484  | -0.0084977536649205945296 |
983   | 0.0046937015286591925872  | 0.0070783483451808621237  | -0.02261102554438675083   |
984   | 0.0041956996276468986468  | 0.0059037868879608622341  | -0.024172756521718522654  |
985   | 0.0097230696499524330023  | 0.0015135413137906718068  | -0.024669792192568897743  |
986   | 0.0012342537541902877385  | 0.0057314775569007577263  | -0.031467879433455671345  |
987   | 0.0066659497149783378256  | 0.005991668099310011944   | -0.023171537189950804081  |
988   | 0.0038605041738317517896  | 0.0091570012700086713536  | -0.0048942325490567714988 |
989   | 0.001790197642291301407   | 0.0025782217893900974577  | -0.02694209447346593983   |
990   | 0.0051111560136307019817  | 0.0042447456955945058951  | -0.0183339942815515973    |
991   | 0.000807815832051551495   | 0.0099743951617301176288  | -0.028947287278519164694  |
992   | 0.0022072070590975299137  | 0.0098407396592554707837  | -0.00070525391703063250622 |
993   | 0.0016214652693167486922  | 0.0012838329046232176394  | -0.0023597889357696074514 |
994   | 0.0087252296638934637857  | 0.004669267212041985915   | -0.011194767177606663316  |
995   | 0.00038841717885052076979 | 0.00095481440594443714627 | -0.019716589069105443233  |
996   | 0.0078027378315742796158  | 0.009958897026790588386   | -0.020520145298474998241  |
997   | 0.00569576909791515585    | 0.0091428193382628170083  | -0.0021706431689865611674 |
998   | 0.0084225612163873649074  | 0.0036027455932053685864  | -0.01526074217209083192   |
999   | 0.0034547048168255241676  | 0.0024995317066328600134  | -0.0057270942749360247495 |
