N			X			Y			Z
0     | 0.0057448117458468320531  | 0.0097603528296471547127  | -0.00020600727838732081285 |
1     | 0.0048068062871219948556  | 0.0090531753923264266654  | 0.00014611172389117880891 |
2     | 0.0030522999712108262425  | 0.0067422220889368136149  | -0.0011014543542903977753 |
3     | 0.003702793226433601266   | 0.00098178427025008324809 | -0.0014852033595724779564 |
4     | 0.0047506285557801499961  | 0.0014740527565904680118  | 0.00098714361826995802168 |
5     | 0.0065858669313229173392  | 0.0010401929597825664703  | -4.8928032679684699355e-05 |
6     | 0.0032169142052837487386  | 0.0079628914295892631869  | -0.0020416919828086851213 |
7     | 0.0059417095717478607408  | 0.0015961652814349878114  | -0.0024523422853491116773 |
8     | 0.000856693480844603018   | 0.0071848962128784055192  | -0.00014358781569985857598 |
9     | 0.0035769615531956863372  | 0.00073200534843543977118 | -0.0013010316651559357751 |
10    | 0.007785793476497591438   | 0.0030261008486224972441  | 0.00034075963853107696594 |
11    | 0.0044685569898616789991  | 0.0082017832649224214903  | -0.001114906876448128626  |
12    | 0.0031027183050172826677  | 0.0036919815767223486923  | -0.0025314710011282519873 |
13    | 0.0086407087668638662276  | 0.0070088744409499614471  | -0.0010829662811636226426 |
14    | 0.0058483575593994601219  | 0.0093910693068058170158  | 0.0001058718190376463017  |
15    | 0.0040021947896336125539  | 0.0064789530710968844252  | -0.00087070519130715907149 |
16    | 0.0032641714468615904386  | 0.0084186795710675787346  | 6.0816799803838062465e-05 |
17    | 0.0014835946209233378916  | 0.0088978505727247327733  | -0.001536664093245671903  |
18    | 0.0046005298984758431075  | 0.0097875225049638397284  | -0.001680204942149970699  |
19    | 0.0065231537270300770509  | 0.00079549474263633241766 | -0.0013456097979945257082 |
20    | 0.0041653682543549295017  | 0.0032161426461671163007  | -0.0017280452083603024208 |
21    | 0.0084452488821864842711  | 0.0047830105065680972309  | -0.00071558897609448602044 |
22    | 0.0062273985885533608697  | 0.0018498993169293784754  | -0.0002893344667694575361 |
23    | 0.0059750300293388196662  | 0.0065722822859634634496  | -0.0016588935220755137226 |
24    | 0.0079377198362169457124  | 0.00077343555009409467593 | 0.00058444930821099146546 |
25    | 0.0076264723141821737923  | 0.0018230763104719119316  | 0.00042433789368052140384 |
26    | 0.002919249083890409005   | 0.0091601867352517941934  | -0.00057918886004500625287 |
27    | 0.0029231401065231378197  | 0.0046540097456616996707  | -0.0015645366647653877537 |
28    | 0.0052666616809892057363  | 0.007316178375094586038   | -0.0022198312921233509173 |
29    | 0.0044196233843729797533  | 0.0032642444218893688392  | -0.001796378088823607274  |
30    | 0.0053932046686678636674  | 0.0019515981911912556705  | -0.0017083822612472716884 |
31    | 0.0040877361101662318399  | 0.0024218838679802984215  | -0.0016334256145909341155 |
32    | 0.0028052254649288412523  | 0.0054637532229094643368  | -0.00082598499525151595092 |
33    | 0.0019615067460655890956  | 0.0091434899110228312624  | 0.00023303280113618336745 |
34    | 0.0036280365792215282274  | 0.008117212174262516261   | 0.00038643602901327364727 |
35    | 0.00094570543612483961085 | 0.0055532290589406689899  | -0.001933137462797114136  |
36    | 0.0093382860190207826745  | 0.0096811886893422589156  | -0.0015630062573685401389 |
37    | 0.00018060569723462894251 | 0.0054707091084592361988  | -0.0021024115288690542296 |
38    | 0.0060511193097101305741  | 0.0067747129989090913021  | -0.0015683931593684580577 |
39    | 0.00075536676189439603407 | 0.0032060431461374836251  | -0.0021165445012010439263 |
40    | 0.0060306657083669615999  | 0.0032661306093439658113  | -0.0019968535416495362435 |
41    | 0.0077285707101873201211  | 0.0044004992289260209254  | -0.0011345868314103951021 |
42    | 0.0067056365673249691828  | 0.009307214200526053513   | 0.00015316400479085696008 |
43    | 0.00055727766518008322628 | 0.0030011263377415857943  | -2.827711157946157582e-05 |
44    | 0.0023576781780796081216  | 0.0066064771237985741789  | 6.2088073973901513822e-05 |
45    | 0.00059745929051342240058 | 0.0026306603048006924409  | -0.0014460230767751438077 |
46    | 0.003533600488565260319   | 0.0016401240965793263162  | -0.00040945627559133430376 |
47    | 0.0033978524383080081946  | 0.00318662231557803469    | -0.00030470408069849697248 |
48    | 0.0049204129439945768279  | 0.0078926386772697355171  | 0.00041814985491683050872 |
49    | 0.0036030317291562059291  | 0.0060557197326480873695  | -0.0014579048753786934614 |
50    | 0.0044867445643069379588  | 0.006982850648932524551   | -0.0020147363808087912287 |
51    | 0.00077549223315307260797 | 0.0065813874421602296116  | -0.00096816426619028073727 |
52    | 0.0036243075913165489002  | 0.005334083456613861185   | -0.00067632107809371998577 |
53    | 0.0088917970250642387742  | 0.0081339332705934949685  | -0.001611559432117128576  |
54    | 0.0016330075722685460406  | 0.0057816170800272541005  | -0.00047071036929809080334 |
55    | 0.0054018221359655787736  | 0.0089107888697896649871  | -8.4978429949790327842e-05 |
56    | 0.0087122607424248762337  | 0.0037886060467845709271  | -0.0013295557603499772673 |
57    | 0.002951661785896139787   | 0.0084250617646935317684  | 0.00022559833384142344943 |
58    | 0.0018762992717142636112  | 0.0093605838313465580119  | -0.0011834792142157732429 |
59    | 0.0053642048655456351855  | 0.0076777400054019199691  | -0.0021662558200140286449 |
60    | 0.0052658727036934867283  | 0.00011062901557972318128 | -0.0016801694794688747797 |
61    | 0.007650923379936495905   | 0.0062181153527581974061  | 0.00092391822279747331387 |
62    | 0.0069646290808786153956  | 0.0071965612656291711932  | -0.0014949478892958181341 |
63    | 0.0082981742005543146501  | 0.0099356554608174534743  | 0.00063608295004430933511 |
64    | 0.0071191214910178374567  | 0.0073143595195877819659  | -0.00037979586780116658413 |
65    | 0.0065146624134693595018  | 0.0085273134747301335828  | -0.0014987541383367853146 |
66    | 0.001966352006755368604   | 0.0064762448546852287648  | -0.0023346273487086410987 |
67    | 0.0057566401996313925141  | 0.0027897921997514503294  | -0.00084109145021664410459 |
68    | 0.0017605305369881546311  | 0.0075230267185093643509  | 3.2992108050017391078e-05 |
69    | 0.0013388982794598537369  | 0.0059369535233165168786  | -0.00094126011197731573616 |
70    | 0.0088331970138112152896  | 0.0051347537997210096136  | 0.00016316257920098199696 |
71    | 0.0090460145665509639201  | 0.0075160888134435770158  | -0.0020549748045317825507 |
72    | 0.0067827260920168127786  | 0.0082686820483924890895  | -0.00020348883027626789104 |
73    | 0.0021831312094862283246  | 0.0035438008707856295289  | -0.0017795709404130424271 |
74    | 0.0041420982958335047022  | 0.0066206777321170173431  | -0.00046188368832849252066 |
75    | 0.0073100391286496108761  | 0.00051558378292388654281 | -0.0022909998507255808532 |
76    | 0.0060333106249841061963  | 0.0015885821986394387233  | -7.9837583333953594621e-06 |
77    | 0.0044749180314225360522  | 0.0047527377107731165126  | 0.00058890973888814119198 |
78    | 0.0054657482881532507002  | 0.0044516486516278288427  | -0.00034344081215520878532 |
79    | 0.0041841617807639912632  | 0.0067674777959582776282  | -0.0012631303936716186363 |
80    | 0.001688288912924095506   | 0.0040834627505953926402  | 0.0009347089026172086465  |
81    | 0.0078807594590737349571  | 0.0014166074885132362224  | 0.00020932595299938058786 |
82    | 0.0069065554773068589534  | 0.0047645614875067975741  | -0.002258234062257860348  |
83    | 0.0051556372689986820768  | 0.0069137703478830024248  | 0.0001603336499864692951  |
84    | 0.0096404540308659605191  | 0.0021429999253599406155  | 0.00016473629476111955466 |
85    | 0.0028523749564546238035  | 0.00037774238969582614846 | -0.00087058044290579247523 |
86    | 0.0017562739061054704216  | 0.0048180056615809057144  | -0.00083525343561960808773 |
87    | 0.0036697300160688684119  | 0.0067741061631410720567  | -0.0025592834659942092362 |
88    | 0.006013019264080259052   | 0.00071883535254866021223 | -2.5884499950240716728e-05 |
89    | 0.0093465550229439847002  | 0.0070622465792267007795  | -0.0011463766547811257528 |
90    | 0.0040967388532023923595  | 0.0062215706086954439269  | -0.0021074528672321251981 |
91    | 0.0049352731016089595312  | 0.0024640653756232127475  | -0.00067384009208351289266 |
92    | 0.0082695335477849553352  | 0.0073767792949269422181  | 0.0001547873603716201662  |
93    | 0.00092249754541693697058 | 0.0074799619135851791105  | -9.5881646260661073625e-05 |
94    | 0.0052553094122321621431  | 0.007640185761124210391   | -0.0023261533196427984158 |
95    | 0.0045424493604668495644  | 0.0096434172339559549175  | -0.00053193595163857846763 |
96    | 0.0013816946900810751168  | 0.0097813166291030127081  | 0.00034555543983864119711 |
97    | 0.0056287917653104566768  | 0.0049378803172721768069  | 0.00051498624595525826792 |
98    | 0.0099566684006503428789  | 0.0050649330381061534109  | -0.0024304634086568343947 |
99    | 0.0044933568074283624511  | 0.0073058631621515240928  | 0.00085182002542813408524 |
100   | 0.0098291134036165329901  | 0.0048493632135924950172  | -0.0016136280214952786281 |
101   | 0.006336080825236289904   | 0.0069238197962327337198  | -0.0012247488942198358781 |
102   | 0.0060278648430781853543  | 0.0055991974695577878193  | -0.0012992157607986593634 |
103   | 0.00012943175968729291893 | 0.0084280876603665209196  | -0.00019135852748335813308 |
104   | 0.0031882053360893511731  | 0.00773132155044491641    | -0.00033292496301273429363 |
105   | 0.0086357457874538627596  | 0.0066623684902014932221  | -0.0007531659093094290533 |
106   | 0.0041025218311823196185  | 0.0084058641759949884187  | -0.0025084063689092962572 |
107   | 0.0081151412177277171267  | 0.0066157979772127062379  | -0.0019844856738326301267 |
108   | 0.0066690260799198907912  | 0.0092443151194177217156  | -0.0025086421383678975984 |
109   | 0.00059315370121434994946 | 0.003525050678346564742   | -0.00016293951301311182913 |
110   | 0.004019350316790913473   | 0.003742876909072225932   | -0.0016677811831045372994 |
111   | 0.0065460462792576020949  | 0.0036933063371626527645  | -0.0009534666982240616118 |
112   | 0.0089136578461640070953  | 0.0083550484304952873232  | 0.00068333011174032337945 |
113   | 0.0069709512848546871175  | 0.0044009166927886679554  | 0.00065254216109048631539 |
114   | 0.0085776452961030501265  | 0.0078097574733301490177  | 9.019421358382152473e-05  |
115   | 0.0016788009469258335753  | 0.0022142151118653436576  | -0.00069285670020027942569 |
116   | 0.0033860761898428680047  | 8.548657857863068877e-06  | -0.0019045730485506000718 |
117   | 0.0086910491986490496369  | 0.0035301571776819571681  | 0.00011288663739012839201 |
118   | 0.0053623680584690249298  | 0.004340660958375855763   | 0.00033776761029688344429 |
119   | 0.0064980922414838984333  | 0.0026453771032305495141  | -0.0017960500137894953605 |
120   | 0.0024611194647830361704  | 0.0033059314071867801875  | -0.002053479117808370679  |
121   | 0.004825158627446726918   | 0.0015337194056972930454  | -0.0022538048886532658678 |
122   | 0.0096594334983477123102  | 0.0074627719815498969047  | -2.9364260902747471062e-05 |
123   | 0.0031405384070559839819  | 0.0024890371580975748957  | -0.0015229614087853113498 |
124   | 0.0038275428531009216861  | 0.0065067194596179550245  | -0.0007046155763510484997 |
125   | 0.0065562282998372130999  | 0.0086604334134979237686  | 0.00011066318606115375565 |
126   | 0.0081775944671921077522  | 0.0068942786398883924848  | -0.00078959057940386219009 |
127   | 0.0023122679290624352857  | 0.0073431716032383896955  | -0.00018228992371851229998 |
128   | 0.0042309940286159378187  | 0.0016557698774394252316  | -0.0022898770120277369376 |
129   | 0.0097092018619514726396  | 0.0061201018864359699526  | 0.00082880132487621305769 |
130   | 0.0058943759707728200781  | 0.0068766555948104593141  | 0.00060931560203418718129 |
131   | 0.0037138561985941365498  | 0.0053625293280111906852  | -0.0026043078793388883124 |
132   | 0.0042204284033462886871  | 0.0031238473924636057932  | -0.00030657095681077718837 |
133   | 0.0034465354730306382337  | 0.0033988622246321738632  | -0.001428384975790359529  |
134   | 0.0075896639892602544078  | 0.0079301523352346952461  | -0.0019869890194351112755 |
135   | 0.0037205092207549216032  | 0.0061014002357999367471  | -0.0016511182104536337167 |
136   | 0.0042271393119560551552  | 0.0062123092218497556402  | -0.0017766909314534367736 |
137   | 0.005610710644815968505   | 0.006242776551117825215   | -0.00036674187315567722796 |
138   | 0.0072938872394636873608  | 0.004825419240129959382   | 0.00096490781068132229319 |
139   | 0.0062028740174148722097  | 0.00083066234938291118924 | -0.00053916025269771942   |
140   | 0.006134053701462105837   | 0.0065673620052836018807  | -0.0011450783740283593942 |
141   | 0.000536123916823303911   | 0.0074151588038002423306  | -0.002172016772516528315  |
142   | 5.1680893308716427251e-05 | 0.0069519111119140932983  | -0.00080654629369910095429 |
143   | 0.0034200312518869037219  | 0.0002974160083120339494  | -0.0012089865154216001501 |
144   | 0.0096783189331723154525  | 0.0056314114690678412217  | -0.00085870141828670607052 |
145   | 0.0069981403123508482272  | 0.0094487780498374827898  | -0.00080222264820308474519 |
146   | 0.0052392403388545408238  | 0.0093289761054162895215  | 0.00083590309632396424949 |
147   | 0.0043730391581080938976  | 0.00044021587384832062094 | -0.0015885699202632891456 |
148   | 3.2885931356761232238e-05 | 0.00815761037526940673    | 0.00051627579282606929443 |
149   | 0.0016479900381660193918  | 0.0078086840805575803356  | -0.0014514022353444642598 |
150   | 0.0041534230291016193889  | 0.0032847797564976217478  | -0.0019435883539894581885 |
151   | 0.004060752861870290352   | 0.0038217002032851360438  | -0.0016405730054148694955 |
152   | 0.0074072754543421078302  | 0.0013128088966139698623  | -0.0011063784561779717915 |
153   | 0.007526725705657781075   | 0.0074285444601715332896  | -0.00023029046995165294311 |
154   | 0.0043065699796388861795  | 0.0082741413703801419688  | -0.00045952741615729497844 |
155   | 0.004469200940344007951   | 0.0010539133300887029709  | 0.00054433647441666423855 |
156   | 0.00085074257281183890324 | 0.0084627778401693866395  | -0.0012376528911329611523 |
157   | 0.0055415134071812813948  | 0.00033866919749221777603 | 0.00061826866755622692743 |
158   | 0.0093882490814144545915  | 0.0036135580703802443886  | -0.0011711571611744443777 |
159   | 0.0042002943714788435955  | 0.0028125110660754785996  | -0.0019362844117430915835 |
160   | 0.0037173378095421193493  | 0.00073795407819134107262 | -0.0023873186662420175369 |
161   | 0.0053827994719841277399  | 0.0076669886601576685628  | -0.00016367683586890002475 |
162   | 0.0053491046050894094921  | 0.00027479575636873217366 | 2.9681172483771578322e-05 |
163   | 0.0050314189432647737563  | 0.00028430439154238134258 | -0.00039015646653536861527 |
164   | 0.0040445152129249270848  | 0.00023486684423860079165 | -0.00032590154420826696058 |
165   | 0.0063434943894410998969  | 0.0075364928787929009665  | -0.00049870838772461190732 |
166   | 0.0075103836266610770125  | 0.0076601176651469047099  | -0.0021717197725724403899 |
167   | 0.0015521047022335999425  | 0.0098446889954279144519  | -0.00050804367476085777154 |
168   | 0.00072649338212919562126 | 0.0058877968078392458467  | -7.9835538973404640908e-05 |
169   | 0.0039050989008458385394  | 0.00017036889938916427835 | 0.00018130780566709669413 |
170   | 0.0099401126019493003805  | 0.0069429754868141043203  | -0.00017848421422413278457 |
171   | 0.0032231428774143360862  | 0.0077678578581085065344  | -0.0020952330127926659629 |
172   | 0.0037198832070920889205  | 0.0039959490286716669791  | 0.00061061473336808998885 |
173   | 0.0042509712077677969805  | 0.00075538024970065126371 | 0.00020108444850550435696 |
174   | 0.0052774412711887970159  | 0.0013809984010950367758  | -0.0004528643647401296257 |
175   | 0.0016643227904982397635  | 0.0077000414570266685968  | -0.0025778334397688240816 |
176   | 0.0030426632168334736238  | 0.007871278469610172579   | -0.0010210883971137132975 |
177   | 0.0060002479743613149413  | 0.0062634218234480475151  | 0.00026816643950206757278 |
178   | 0.0023993753271284415547  | 0.0075694999226804090056  | -0.0008131612648598942868 |
179   | 0.0083526652767308869063  | 0.0096884697188939408047  | -0.0015106275529011114599 |
180   | 0.0039285265709718642999  | 0.00059433260736532712767 | -0.00047680885529338755228 |
181   | 0.0068266557873984234223  | 0.0088882669383795534501  | -0.0016094781311251514424 |
182   | 0.008379048200276448255   | 0.0057793283854032668351  | -0.0014938694837498627498 |
183   | 0.0048152862128696648225  | 0.0042153119426115463406  | -0.0015802857970738165214 |
184   | 0.0030041611979556722377  | 0.0051202994866561754583  | 3.1421971139574328614e-06 |
185   | 0.0005644960928959329681  | 0.0028204660934211993675  | -0.0021759383071802552816 |
186   | 0.0040474888471870489395  | 0.0060897039333762722352  | -0.0013237465538563587732 |
187   | 0.0057386343161513224051  | 0.0066899464387594528153  | -2.1757542238863702305e-05 |
188   | 0.0056047006338454863003  | 0.00029424071332649138263 | 0.00027940746053971559238 |
189   | 0.0024756130994048270236  | 0.00073256562535682352537 | -0.0011614393679090875312 |
190   | 0.0029072297709081384304  | 0.0052008761632713288586  | 0.00067292466127293667361 |
191   | 0.0024942926020059281306  | 0.00052883505220933035244 | -0.0012451500379024444103 |
192   | 0.0025319728651443077112  | 0.00011869952561587642187 | -0.00016043662702768798434 |
193   | 0.0029696248161018828221  | 0.0050670869666163600303  | -0.00083696338757533177578 |
194   | 0.0093019881082262792504  | 0.0029320978137520829071  | -0.00030410576907821424298 |
195   | 0.0011446986418322255882  | 0.0027384948455577693728  | 0.00029897409657997245456 |
196   | 0.0063611938568925666809  | 0.00310596513211174605    | -0.001882625334201989617  |
197   | 0.0046113709538453343667  | 0.0063884637469395219936  | -0.00073266302034425453537 |
198   | 0.0088045162956450814112  | 0.0042930448690858876576  | -0.0015048612868179022436 |
199   | 0.0089172046611475565964  | 0.0038567831115737072172  | -0.0018555437682646796008 |
200   | 0.0033116612413183646284  | 0.0052689153605863427859  | -0.00035115343998983725203 |
201   | 0.0028525758110029527173  | 0.0041079082848465868147  | -0.0021193559170509298356 |
202   | 0.0040720630651766061975  | 0.007455856562415659472   | 0.00032375890619358327913 |
203   | 0.0048920570897671624561  | 0.0087604670519908275222  | -0.0017261705463033102763 |
204   | 0.0021888501183839150811  | 0.003154115572852196972   | -0.0016870940479218501755 |
205   | 0.0069022911107635134473  | 0.0019759498681240295417  | -0.002548974066348447861  |
206   | 0.006295935448801288567   | 0.004892241620983019644   | -0.00031426719030423701413 |
207   | 0.0067863915498262046555  | 0.0047770764293575693551  | -0.00027772113468526373478 |
208   | 0.003740886943058961342   | 0.0091525126124960363289  | -0.0010138254672298497444 |
209   | 0.0077571446854624234724  | 0.0078914101936959236278  | -0.00095226616283848033659 |
210   | 0.002940846758377914285   | 0.0047261276341065156653  | 0.00058060620833992864637 |
211   | 0.0031732304311316203958  | 0.00018325669401130610116 | 3.299149624819893578e-05  |
212   | 0.0053504414296427675948  | 0.0057011416260611047155  | 0.00066024451352336135587 |
213   | 0.006946151350792741444   | 0.00067863654103999355386 | 0.00085502939870496920231 |
214   | 0.0046013433141173804702  | 0.0049931715187630631297  | -0.0017991179330535613141 |
215   | 0.00010560219213149309809 | 0.0053321071219650803888  | -0.0012911854916327685991 |
216   | 0.0095163072564605592774  | 0.0091188272886144634138  | -0.0020908764143639968665 |
217   | 0.0082933446195577482235  | 0.0082083343826762165257  | -0.0017684254041026937002 |
218   | 0.00092541749053451274193 | 0.006921674460199195647   | -0.00024273136091217703374 |
219   | 0.0026783921451970305397  | 0.0045875946433479308784  | -0.0023865182963137068772 |
220   | 0.0072818145844258334171  | 0.0062748528398666935865  | 0.00096439804836742496538 |
221   | 0.0069331262727256939837  | 0.0095393788407925322187  | -0.00065977963211840925158 |
222   | 0.0052896615506857506614  | 0.0090408827246082849177  | -0.0013299278155030061152 |
223   | 0.0031780402110870584545  | 0.0021125447389830072191  | -0.0010299393594874132595 |
224   | 0.0012320387489764043042  | 0.0075718547929981014702  | -0.0016080627931127182417 |
225   | 0.0089108687810994461481  | 0.00037984903570897535609 | -0.00083667544055578927254 |
226   | 0.0021605130954234969855  | 0.0037722276256653237622  | 0.00096189065924072903076 |
227   | 0.0066239321074278824722  | 0.0041882996732629665729  | 0.00047421757252381424932 |
228   | 0.0066212718029511116041  | 0.0030327140305132418291  | -0.000650759797013778429  |
229   | 0.0044884876340340685089  | 0.0081336205126706501156  | -0.00012632771066595698895 |
230   | 0.0050892307653606135703  | 0.0010413377894050322627  | -0.0016426013695956622786 |
231   | 6.8417320283487589958e-05 | 0.0061076880491727552833  | -0.0013649265941445575846 |
232   | 0.0058453560425842125345  | 0.0077990948472328883515  | 0.00070895700537488952082 |
233   | 0.00039376981075863826207 | 0.0058639687888583152606  | -0.0020950807625243735369 |
234   | 0.0050815401178324779916  | 0.0040574526498138637626  | -0.0017856128686013839676 |
235   | 0.0015793692597999341252  | 0.004045689113509695449   | -0.0016949619803666837042 |
236   | 0.0035982359241680224662  | 0.0026443497314742360482  | -0.0005380248645095763501 |
237   | 0.0035744757507828752406  | 0.0039867925854010170111  | 0.00069355629005334647891 |
238   | 0.0023594034409542565499  | 0.0058392927208652245508  | 0.00026387267612688804913 |
239   | 0.0098220654303669118618  | 0.0080247806895017929213  | 0.00040755510622128478943 |
240   | 0.0067610253637346738251  | 0.009536280868559385282   | -0.0024321605749429366268 |
241   | 0.0055848546513759074125  | 0.0087817289994333285613  | 0.00050601901278594842853 |
242   | 0.00079830743097197755936 | 0.0048966160338151784245  | -0.0001743353351733616303 |
243   | 0.0026244591650703345646  | 0.005918546049352600355   | -0.001190329393435804288  |
244   | 0.0070935334120819440451  | 0.0051066148098900610366  | 0.00025034865379388714784 |
245   | 0.0050383568893058077245  | 0.0025071542515434658976  | -0.0023558389448119689685 |
246   | 0.0099063545865010014385  | 0.00083246600545564387961 | -0.00056875844881667430089 |
247   | 0.005702123402489421046   | 0.0032103458768253361616  | -0.0012563470123737479657 |
248   | 0.0097572653942098203778  | 0.0051077572252220823992  | -0.00058073348423334282022 |
249   | 0.0066505085096371036393  | 0.0024760892417268944715  | -0.0001493502399866866628 |
250   | 0.0066630108080355347766  | 0.0054467308779325351517  | 0.00057743070211086541116 |
251   | 0.0043754674057035732385  | 0.0049404001139725850153  | -0.0021564208456101648277 |
252   | 0.0072140749843439145456  | 0.0057488208620257927328  | -0.0026351247068352292094 |
253   | 0.004792774088040826011   | 0.0087929805098046036338  | -0.0018956238405702958028 |
254   | 0.0023049881954286728127  | 0.0013297850729153831446  | -0.00080851622380754780729 |
255   | 0.0017860443153437338508  | 0.0047424916547089118052  | 0.00070571559137308980877 |
256   | 0.0047206855403349144706  | 0.0075811740969917093547  | -0.001165907334789176731  |
257   | 0.0020347446595481849529  | 0.0026940456295794479834  | -0.00065904924563014142831 |
258   | 0.0032884533444985067537  | 0.0067772159817746117569  | -0.00051949612434219565298 |
259   | 0.0064243641242302824274  | 0.0092580066005484348141  | -0.00071312578853967821535 |
260   | 0.0042517433447070568375  | 0.00062505773821441618001 | 1.084925780831601347e-05  |
261   | 0.0057270102581025985819  | 0.0068407746924883609113  | -0.0026061404613272548883 |
262   | 0.0010415197308246536972  | 0.00017259424494658163487 | -0.0011736590341858369607 |
263   | 0.0072717715742464739473  | 0.00072690772156111895831 | -0.0019363824653317990819 |
264   | 0.006230316864132029453   | 0.0016956036906157578945  | 0.00079633956408749814043 |
265   | 0.0065860922038022996772  | 0.0064949225199195858779  | -0.00091558554318921302022 |
266   | 0.0039945417987344716826  | 0.0033780051448551256209  | -0.0019961650366691848814 |
267   | 0.0008228436772626615027  | 0.0031509459245693113502  | -0.00088328814144888719365 |
268   | 0.0060478871640354901068  | 0.0064556256350853085529  | 0.00046644450616369678014 |
269   | 0.0037958792410098451606  | 0.0024609966972683329327  | 0.00034522913361181069986 |
270   | 0.0094456149493184551891  | 0.0046103658717018434696  | -0.00075955938155503955386 |
271   | 0.0053281679899950659327  | 0.0091277416703914975027  | 0.00083836743331234305637 |
272   | 0.0056426245597958942651  | 0.0080101084883855075414  | -0.0010244857209398563168 |
273   | 0.0036929695379607288541  | 0.0095606030548108702355  | -0.0013401904690739699887 |
274   | 0.006164454262079887073   | 0.0075638839984045816434  | -0.0012874133533686993747 |
275   | 0.0089547072644190570806  | 0.005259313347611813301   | 0.0002061522231249209925  |
276   | 0.0088926985266363067079  | 0.0034038072818282035827  | -0.00081508612807825462157 |
277   | 0.0022948292744328809001  | 0.0048570403677641151366  | 0.0009451869813473989454  |
278   | 0.0086315587944754239291  | 0.0047126662264400003347  | -0.00047386284693653790744 |
279   | 0.0039885772088040271147  | 0.0042072776170817898986  | 0.00021479837160959949576 |
280   | 0.0090317796159881981455  | 0.0036958924267919447681  | -0.0022893642776858355928 |
281   | 0.0043775930631508716204  | 0.007838814110711458602   | -0.00068433206562779470925 |
282   | 0.0036893105038545369843  | 0.0012815675587945333808  | -0.0017178947449364458371 |
283   | 0.0082536161706896205015  | 0.0057042325645403086504  | -0.0018102057191142744818 |
284   | 0.0027697798111626596024  | 0.0044366722806624689715  | -0.0020049954118327504952 |
285   | 0.0095863715271978424542  | 0.0060446202719015495672  | 0.00030539040464336818497 |
286   | 0.0013664672497754833981  | 0.0021211446382081375339  | -0.0017113454597924354292 |
287   | 0.0019814691701886813155  | 0.0064243480884353916863  | -0.00050914413232834717597 |
288   | 0.0023606031385114130232  | 0.0028014829648752024097  | 0.00091989731410813384976 |
289   | 0.0098977874496431628853  | 0.00016094735603896988827 | -0.0020588196031969515157 |
290   | 0.0014969453988077231332  | 0.0065140785922698889177  | 6.9460999091136566008e-05 |
291   | 2.3066133380604547393e-05 | 0.0011945875023348646697  | -0.00077204307937315359237 |
292   | 0.0028595629715117872049  | 0.0045263091083823986036  | 0.00081951045104586197482 |
293   | 0.0095111892079437453107  | 0.0002829724154507486599  | -0.0016121216095067161453 |
294   | 0.0077983322827554759846  | 0.0073279224151611317695  | 0.00054475331115106436636 |
295   | 0.0025891762635476874704  | 0.0026266232721539268039  | -0.0012417674449274516101 |
296   | 0.0071892240259930654742  | 0.0040247504256056259447  | -0.0018542100804326249863 |
297   | 0.00087844424868064750669 | 0.0030215998755322042747  | -0.0020894330924742078939 |
298   | 0.0022164595721032749609  | 0.0048654535208974463226  | -0.0023249923518386139167 |
299   | 0.0016176674445747942291  | 0.0073113420715586073181  | -0.0012963374302998123284 |
300   | 0.0044114657945798618072  | 0.0072302222334455438363  | -0.0016979909518315713761 |
301   | 0.0013948075976953713557  | 0.0073588888689277778821  | -0.0026011780347967483791 |
302   | 0.0095953523574618618946  | 0.0021020971467937158914  | -0.0023816958143566407946 |
303   | 0.008012364299218944011   | 0.005189607830889346636   | -0.0018355423287994591334 |
304   | 0.0012869900632745386124  | 0.0058850875017817400742  | -0.00064570128472230697327 |
305   | 0.0063096964047716294632  | 0.0072932311091255391799  | -0.0019843034118942771277 |
306   | 0.0044629031737703061394  | 0.0026240148128222388034  | -0.0016772651509447018825 |
307   | 0.00010787731280790652775 | 0.0036438910195003755034  | 7.5448933096182148545e-05 |
308   | 0.0089526279305525337943  | 0.004984474530968557339   | 0.00032311925444404408911 |
309   | 0.0061241251182143595366  | 0.0030247965277535693134  | -0.00038855460507095654831 |
310   | 0.0096565332165686416227  | 0.0055315558480873196212  | -0.00047926049359096363619 |
311   | 0.0087481027366912399168  | 0.0057259270657818847269  | -0.00059237950187031849798 |
312   | 0.0070596103124744508453  | 0.003823041510865927365   | -0.0021325341480085929606 |
313   | 0.0069339570660230361379  | 0.0027713496762122309496  | 0.00030250216889420988159 |
314   | 0.0041800858037488721961  | 0.0068997547280404405642  | 0.00095195531837756041521 |
315   | 0.0098929113530159071971  | 0.0089231158897374023703  | -9.795653257356735455e-05 |
316   | 0.0054279585700480297017  | 0.0050073928668324524383  | 0.00020631667990144499395 |
317   | 0.0061267936843279052761  | 0.0018583271185696301382  | -0.002546861127831411345  |
318   | 0.0073958377991480486746  | 0.0052758992585059854077  | 0.00059489270843094462643 |
319   | 0.0024123070104762655078  | 0.0022726457472566235531  | 0.00038582957630155559868 |
320   | 0.0068233021866507693326  | 0.0044763135864768809416  | -0.0025949692610738946293 |
321   | 0.0035798361646912552937  | 0.0029548111158410558276  | -0.00048841644834942917787 |
322   | 0.0087763630135572322927  | 0.00026345572911617060096 | 0.00032451859143214824982 |
323   | 0.0050984587206567592507  | 0.0019875741910038843482  | 2.3971183745770543267e-05 |
324   | 0.0022046603281182632419  | 0.0044657006117984647184  | -0.00083268927474983828706 |
325   | 0.0053774677866428050726  | 0.0018383034785871424713  | -0.0014909643157339105921 |
326   | 0.00078199355131227537858 | 0.0049556052973418326588  | -0.00041616059392796453517 |
327   | 0.003960948884593560454   | 0.0071154938964586916458  | -0.00061981418746966034528 |
328   | 0.0099265365323904335149  | 0.007874642709115737757   | -0.0019277877536013755637 |
329   | 7.0182451249749860304e-05 | 0.0064941690718139863381  | -0.00048942128729047393743 |
330   | 0.0023353452258335870295  | 0.0030362236730363499626  | 0.00040043596244617303504 |
331   | 0.0064587324171558012365  | 0.0025765401432233775957  | -0.00067513036084949516399 |
332   | 0.005816348378545085733   | 0.0059017893140362806537  | 0.00047865975668173830343 |
333   | 0.00091067775597708088432 | 0.007285458016549227131   | -0.001177356036021690467  |
334   | 0.00055629273012546237402 | 0.0037643445666825465709  | -0.00069217643437993368275 |
335   | 0.0034274274905639122261  | 0.0095859567454358342309  | 0.00086764265461937353091 |
336   | 0.0087477435900455043083  | 0.0047956996671807911384  | -0.00084377569339715127912 |
337   | 0.002445166040425417707   | 0.0090289839230856747121  | -0.00025186360778668888134 |
338   | 0.0086226771738962346842  | 0.0020392752504930114314  | -0.00076075884979719999874 |
339   | 0.0046008873774491445413  | 0.0062391724687853944778  | -0.0021025505274682933406 |
340   | 0.004449889474423558873   | 0.0058849957105937258581  | 0.00018614793229821446408 |
341   | 0.004304468525125680449   | 0.0087094610197526439038  | -0.0017744084926563053958 |
342   | 0.0013821099600805524573  | 0.00097757672352760433161 | 0.00089060859884645179191 |
343   | 0.0017979893063715939473  | 0.0036480721668096819862  | 0.00028692346653623674365 |
344   | 0.0061049230657076363274  | 0.0074142418686903620653  | 0.00068320020805225632234 |
345   | 0.0051124563983637617143  | 0.00012494054280986357868 | 0.0008810000680210098873  |
346   | 0.0099255306613111847491  | 0.0078125245421812594682  | -0.0010322129349368022559 |
347   | 0.0074470390603990311781  | 0.0056189841096743508089  | -0.0018364871556849800271 |
348   | 0.0082751608020816859457  | 0.0023448932840070841471  | -0.00094169069485694424562 |
349   | 0.0023603134426030585383  | 0.0021800966395995333494  | -0.0010919199075838904259 |
350   | 0.0021999386019388379905  | 0.0036009612642439411435  | -0.00033426220511931161068 |
351   | 0.002431800299720547013   | 0.0026732214153313425993  | -0.0017441019226596226038 |
352   | 0.0030572481586963835484  | 0.0034580115141521765472  | -0.00093950745839585828815 |
353   | 0.0037974591327080871317  | 0.0044474777806404802369  | 0.00012842090201390071302 |
354   | 0.0067150399248944248401  | 0.0036847895345578601627  | -0.0003598408439847291607 |
355   | 0.005049512926509506193   | 0.0042392804089929131059  | 0.00042920233964604506856 |
356   | 0.00032800090442892981032 | 0.0091361623828607463338  | -0.0021061532698608042072 |
357   | 0.0040998359890802322375  | 0.0043385653082911443054  | -0.002616666535615521684  |
358   | 0.0046766767265918971624  | 0.0025728697811241755221  | -0.0024824734621604611744 |
359   | 0.0094336265933058910393  | 0.0042426883369477844457  | -0.0017539314482320378808 |
360   | 0.0065792904194412757737  | 0.00022274911501262047164 | -0.0018803333671021827279 |
361   | 0.0036451064808343978593  | 0.0060719507044570963927  | -0.002152900702888316687  |
362   | 0.0007190361190052144743  | 0.0022622062518511138612  | -0.0021204192519027041143 |
363   | 0.0071329057743379159842  | 0.0076917636825018726246  | 0.00077452560059508774367 |
364   | 0.0016572311308119401681  | 0.0043540822464758948199  | -0.00097444343782316798688 |
365   | 0.00039950143225743662721 | 0.0074406194293395464326  | 8.9539586496983070694e-05 |
366   | 0.002031749663633815664   | 0.0033064543363788808164  | -0.0018744116537920811096 |
367   | 0.0070726682789956458672  | 0.0026344252249930325861  | 0.00046791122262189769557 |
368   | 0.0064056096986549442701  | 0.00011578195424206545977 | -0.00047129446105210706002 |
369   | 0.0043274286916848096057  | 0.00069697023763814070895 | -0.002195675100534711429  |
370   | 0.0021683118225644362927  | 0.0044033581148559689314  | -0.00033267772902202663848 |
371   | 0.0028684933955381245602  | 0.0054612440541051054596  | 0.00073423725963721580418 |
372   | 0.0035656164080914904725  | 0.0063190781046790307426  | -0.00098360545930973024981 |
373   | 0.0076154522173372003052  | 0.0010918473198825663553  | -0.0015819456935417676013 |
374   | 0.0076522905895085513092  | 0.0098705553611944246706  | -0.0021726588216726986855 |
375   | 0.0058146320769420752408  | 0.0017424179643231762268  | -0.0024932869065645490644 |
376   | 0.009268824618373574728   | 0.0039194347310641470053  | 0.00054521236553671439257 |
377   | 0.009899788870988657577   | 0.0053845786870372145533  | -0.00073203094245952052364 |
378   | 0.0048302291854949051461  | 0.0092338438985539224996  | -0.00042174889720867508609 |
379   | 0.0084326018802430968008  | 0.0022883311527560398074  | 0.00079282067613041854164 |
380   | 0.0043923583696876119728  | 0.00035313249114813396968 | -0.00215448123205291657   |
381   | 0.0017890872233808042743  | 0.0045381212567097619498  | -0.00105168062327276211   |
382   | 0.0021219124915672297332  | 0.0070645140476309348232  | -0.0013995011489133075099 |
383   | 0.00014286646966103514421 | 0.0090584894050188061176  | -0.0012034264770943916157 |
384   | 0.0076844849938496034153  | 0.005482486645009517108   | -1.4857632760219529862e-05 |
385   | 0.0082219222704913597771  | 0.0019368318476504237796  | -0.0020911836503378906753 |
386   | 0.0078400355142052759877  | 0.0082909027601222352877  | -0.0024732450957161808587 |
387   | 0.0053120011129582731663  | 0.0038508790335958255346  | -0.0010906224710880104735 |
388   | 0.0073973681807713064298  | 0.0053134398907039399537  | 0.0008142491830954715808  |
389   | 0.0067852584275341866135  | 0.0063294088079716712483  | -0.00041182649749751628395 |
390   | 0.0045395975365153115946  | 0.0012421479397627336466  | -0.0021222278952904268315 |
391   | 0.0055368120120706564372  | 0.0044168107993194450148  | -0.0021026664349042540995 |
392   | 0.0052760820375340657801  | 0.0038333165548337464618  | -0.0026070756324429035337 |
393   | 0.0067612257504270469391  | 0.0093275450263961799668  | -0.0019101743879850340176 |
394   | 0.00089564584706008790529 | 0.0040523445444230199453  | -0.0025460270801482731869 |
395   | 0.0066191651201948529734  | 0.0080865129776882659768  | -0.0013653338205075102839 |
396   | 0.0074476578414252037064  | 0.0047526776601069633046  | -0.0011658242909851183628 |
397   | 0.0038656523872698605147  | 0.0067798823715737666432  | 0.000742502759179712612   |
398   | 0.0054140752188831754374  | 0.0068929044436978458704  | 3.5361309836887512906e-05 |
399   | 0.002965280256621515096   | 0.0074835284083765085325  | -0.0022384538188990827159 |
400   | 0.00083186755634385002676 | 0.0082340227861265689185  | -2.9518185042258890838e-05 |
401   | 0.0050745676332425906224  | 0.0048396367611423171673  | -0.0022236743791736925807 |
402   | 0.0021047538885056388605  | 0.0016700016232076184911  | 0.00068547167225000479179 |
403   | 0.004620284580325735059   | 0.010010856710739616734   | -0.00014642366749981309019 |
404   | 0.0061452599856713814586  | 0.00036219899168428838863 | -0.0010294877523748706752 |
405   | 0.0094311862435615210348  | 0.0046491553279721974448  | -0.0020453241555697214415 |
406   | 0.0099336774542755097023  | 0.0061158082928960723346  | -0.00093572634378123655668 |
407   | 0.0096367278436990198159  | 0.0087943919462959742328  | 0.00050346306457270471445 |
408   | 0.0027256546934667905992  | 0.0078051056483694107938  | -0.00015517417518264264549 |
409   | 0.0038460331841467217465  | 0.001749410083141555777   | -0.0014632175886898622121 |
410   | 0.0013834041509026659845  | 0.0028922014818006745035  | 0.00082887932657455584001 |
411   | 0.0076973534055931177797  | 0.0039428868318521657563  | -0.0016621946108053987489 |
412   | 0.0038380160714353859022  | 0.00093142211321832631653 | -0.0014234039048480232829 |
413   | 0.0025804738431939237657  | 0.0063342894355382685367  | -0.002626320002107268483  |
414   | 0.0027373883899015861651  | 0.001444879647987512214   | -0.0022263050632080044061 |
415   | 0.0027622610493458032814  | 0.0094119610399312075844  | -9.2720341590031779902e-05 |
416   | 0.0052040661816136575199  | 0.0056507941843748563104  | 0.00072183466006745921478 |
417   | 0.0073688287440274889348  | 0.0022148997144833897609  | -3.8212561377418921994e-05 |
418   | 0.007406221304707394891   | 0.008100618567321695232   | -0.00088155312304142175849 |
419   | 0.0099564229741349267316  | 0.0067536678558949726076  | -0.0025195914520494541375 |
420   | 0.0064316389419441103228  | 0.0087487414402914933514  | -0.0021660433474893830627 |
421   | 0.0057914175352301224681  | 0.0093120425074288918493  | 0.00070358028648311217185 |
422   | 0.0024284677291765547659  | 0.00071098795698572607102 | 0.00083074516330186500696 |
423   | 0.0050981367603070018926  | 0.0076988745080869619083  | -0.001169778395007396157  |
424   | 0.00038541475713812025933 | 0.007809362862794841896   | 0.00019474552498299681907 |
425   | 0.0064054682581167329478  | 0.0041257171177976389304  | -0.0022643338383508855582 |
426   | 0.0043363178874006600219  | 0.0094110254736879516563  | 0.00059978079472459272774 |
427   | 0.0066646077508897751812  | 0.0023259883681209635869  | 0.00089099699962790748688 |
428   | 0.0082220160125071224677  | 0.0046987360762236942552  | -0.0019938918993725419579 |
429   | 0.0052323537686697462606  | 0.0037902999517885980346  | 0.00034913434863596197293 |
430   | 0.0019025014516328199194  | 0.0089115905105208170767  | -0.00027479992105724994258 |
431   | 0.006935260627501449622   | 0.0071687156965988731855  | 0.00014171678496407958629 |
432   | 0.0014823920407516114148  | 0.0055578176088746248165  | -0.0018021048708001755762 |
433   | 0.0026526260905549345868  | 0.005828152282489967688   | -0.0016611503765921577583 |
434   | 0.0025502274817648918313  | 0.0027224072465552844741  | -0.0010648066631726402394 |
435   | 0.009773136523975991044   | 0.0012150504574705088112  | 0.00030550654184811898428 |
436   | 0.0010471101694673589505  | 0.007978857736861570682   | 7.8328588560267863993e-05 |
437   | 0.0057016626664127441348  | 0.0042299158910342167864  | 0.00045333754643751399821 |
438   | 0.0085215623669101965565  | 0.0035489582466381027967  | -0.0016015101195922529839 |
439   | 0.00058761575509930046024 | 0.0074696202081813668425  | -0.00040111455373206459079 |
440   | 0.009360534817855587289   | 0.0042547442946767382796  | 0.00058312650617233906941 |
441   | 0.0017956311817065161596  | 0.0011989496784774536248  | -0.00028660930553014827985 |
442   | 0.0015345609316698932776  | 0.0027578280581529762867  | 0.000605443808876111704   |
443   | 0.0036232181687553604785  | 0.0083290491123337462992  | -0.00036858155757104124487 |
444   | 0.00050228915325271406879 | 0.00044287537723031931937 | -0.0014238279386430065417 |
445   | 0.0072016085936311893118  | 0.0071018090736360943438  | -0.00018209420990845256679 |
446   | 0.0014321978592981457305  | 0.0084719177358569333625  | -0.0011462538059221658807 |
447   | 0.0038682996269777327088  | 0.0084953050400646337725  | -0.0023664244449705849026 |
448   | 9.520592531422614115e-05  | 0.0049592761220891125665  | -0.0011557148794304628742 |
449   | 0.006200716894411921476   | 0.0070198141498700660987  | -0.00037246058939796085211 |
450   | 0.006665270309810419555   | 0.003936078732434412572   | 0.00032436587867367566457 |
451   | 0.00064654270044488639565 | 0.0097368037411869525627  | -0.0026114886566139705777 |
452   | 0.0081313748064690202777  | 0.0088216500826182424333  | -0.001739265869676024593  |
453   | 0.0058497073233257897498  | 0.0036855664838640772064  | -0.0018399899299532079637 |
454   | 0.0081402446923988531352  | 0.0066400114926623513695  | -0.0011732432229505111634 |
455   | 0.0015682735897260065457  | 0.0062096795408421853399  | 0.00024177056156737992965 |
456   | 0.00085854563028962978775 | 0.0042807720074130098387  | 0.00096827792345241091992 |
457   | 0.0023604715210961586813  | 0.0052365613441918189633  | 0.00041012168214182766895 |
458   | 0.0027490775691635153076  | 0.0092948162804335158343  | -2.308975583185573363e-05 |
459   | 0.0055882354088691299498  | 0.0010961555898830960612  | 0.00068745938072308204053 |
460   | 0.0064065976766751438556  | 0.0088015709656811495082  | -0.00021631985794908476883 |
461   | 0.0029873924596484748364  | 0.0044288818489336143416  | -0.00011927958977110805685 |
462   | 0.0037260927491481140618  | 0.0034174877191914371753  | -0.0005727825157424926367 |
463   | 0.0064677798158165626316  | 0.0039349298860464664365  | -0.0013801939519215188686 |
464   | 0.0084688244615848430608  | 0.001198153985641098665   | -0.0021360312942022277247 |
465   | 0.0092442445844991751741  | 0.00023383099668425143649 | -0.0022659686234508670359 |
466   | 4.9541038618491148456e-05 | 0.0062473641925450684731  | -0.00013539726499345270945 |
467   | 0.0070221712041886900565  | 0.0045338917856291485048  | -0.001486347556639955542  |
468   | 0.0030890323371610311012  | 0.0071179953163757782308  | -0.0016984040280187270248 |
469   | 0.0054901747707005064611  | 0.0031152821703087697248  | -0.0014190270931729817051 |
470   | 0.0046582162298300132733  | 0.00039069625681114223152 | -0.0016393407065766738874 |
471   | 0.00087874835295659520836 | 0.0083494131673333468052  | -0.0023964726201156113898 |
472   | 0.0054610735281232745952  | 0.0086087841896753843074  | -0.0023888975284062146862 |
473   | 0.006800935776344142758   | 0.0015530792059353880612  | -0.0014197533237696308411 |
474   | 0.0010314699986130398349  | 0.0018832528925536223471  | -0.00075761117384867411161 |
475   | 0.0049561139995062258867  | 0.0047153960055973387355  | -0.001796586515394209705  |
476   | 0.0081297997037797706255  | 0.0085938938763061318432  | -0.00028223005913599532191 |
477   | 0.0080454743482797144716  | 0.0079484354237121281062  | 0.000190060076858599732   |
478   | -3.8313678432859640336e-06 | 0.0080112414407702975394  | -0.0026132525691394104493 |
479   | 0.0040661327032829085518  | 0.0025317599021244551784  | -0.0012698601161550302982 |
480   | 0.00021306428900016701009 | 0.0044635320911958070722  | -0.00056887671093945656273 |
481   | 0.0033446396437100405115  | 0.0079889749995765389767  | -0.0020552369891461098536 |
482   | 0.0044480471345243110734  | 0.0048320438505781880198  | -0.0024802590389968823953 |
483   | 0.0057886566882126185007  | 0.003792110662730208831   | -0.0022563626289670139259 |
484   | 0.001978007372370178471   | 0.0061183609300573330025  | -0.0015253228212689716285 |
485   | 0.0012847789695899778425  | 0.0053036218532858539834  | -0.0022115507550613039064 |
486   | 0.0010451922677232627391  | 0.0072346647792133214963  | 1.1585467968133825839e-06 |
487   | 0.0081336380355045423407  | 0.0050706796464917210793  | -0.0006547235897412513432 |
488   | 0.0087566390219012638779  | 0.0060933353205747300269  | -0.00036240276229214374564 |
489   | 0.0042268424239915343421  | 0.0094493632440940684286  | -0.0025481593017155578472 |
490   | 0.0047181643696993140827  | 0.008624345293238728713   | -0.00049475072766437110539 |
491   | 0.0034977196728442575685  | 0.0029146970945381103606  | -0.00027382500239199442744 |
492   | 0.0073372104245208362786  | 0.0082558817059277325723  | -0.00078002553563864351991 |
493   | 0.0093927665081185215262  | 0.0071231536449351427406  | -0.00051653928763261639651 |
494   | 0.004730895907483227171   | 0.0046819827640672126087  | -0.0025575427388577101455 |
495   | 0.0076258694521186241866  | 0.0081055151631965437209  | 0.00038652954944745751466 |
496   | 0.0087892406613294966206  | 0.0056675494964841003839  | -0.0013292338651665093745 |
497   | 0.004966298293146484584   | 0.0050388385077577814777  | 0.00063662278744554766895 |
498   | 0.0052187077321233683869  | 0.00021462619305469404492 | -0.0026062982620929497218 |
499   | 0.0093804971763622527203  | 0.0051090861310121539127  | -0.00026198913907955848632 |
500   | 0.00050151525604380520207 | 0.00031305366819281237305 | 0.00095268670750130440145 |
501   | 0.0045935946207779233125  | 0.0038761206760190782157  | -0.0019297208892630468829 |
502   | 0.0055219170771217233884  | 0.0052955574604885147227  | -0.0011153550248132184861 |
503   | 0.0012487524824842037401  | 0.0026676941088465506643  | -0.00035349016369245149895 |
504   | 0.002219211141466656545   | 0.0033303381607029071063  | -0.0016619273603889035077 |
505   | 0.0070441947921228527038  | 0.0076124348112863891511  | -0.0024393320950103548374 |
506   | 0.0036473523570290573327  | 0.0022680528734728513419  | -0.0010163435932691970709 |
507   | 0.0089430204782074990827  | 0.0037359477825065143253  | 0.00030637432566670745951 |
508   | 0.0045777519196727100778  | 0.0017252310336644861594  | -0.0016534676116188706113 |
509   | 0.0013948464950151858929  | 0.0030323079215799257982  | -0.002627466301588498275  |
510   | 0.0076769219199446349713  | 0.0084696136795733012459  | 0.00022968662483528382414 |
511   | 0.002296990654272118744   | 0.0029187266101642307323  | -0.0021053856063545988916 |
512   | 0.00739791021782140127    | 0.0097589360452156135445  | -0.0021398359705310644567 |
513   | 0.0056415355856372830651  | 0.0032313699082457359932  | -0.0018709393300554977551 |
514   | 0.0069360533771802524924  | 0.0016224110400294494087  | 0.00061628693223897889827 |
515   | 0.0076384433838529120983  | 0.005634214523615262496   | -0.00049782566372378591821 |
516   | 0.0042603709238265043135  | 0.0010243689212287424885  | 0.00058846296481710868437 |
517   | 0.0075112132124662486787  | 0.0055471258403247984334  | -0.001565385006277251155  |
518   | 0.0032658349701398729607  | 0.0029183998794604583578  | -0.00064767380847732033272 |
519   | 0.0019506764926630296587  | 0.0036464271039596775001  | -0.001966866429880961397  |
520   | 0.0028282473057257410433  | 0.0033473138886583983682  | -0.002212077207334957156  |
521   | 0.0042766984008481912297  | 0.0059080361497650009384  | -0.00012630034869785445218 |
522   | 0.0029127482196087480133  | 0.0034832245678141607499  | 0.00010718426352134554182 |
523   | 0.0015086262313446351796  | 0.0083805398240906388285  | -0.00029077584319032849253 |
524   | 0.0087692849570313261692  | 0.0012649548576187333998  | -0.00071228379831348559957 |
525   | 0.0034110260274268586894  | 0.00057737212839865058572 | -0.0025466521466769335633 |
526   | 0.00032361784233952934709 | 0.0055563470933682607145  | 0.0001213741307621946043  |
527   | 0.0092125975384308774613  | 0.0053328473372470635433  | -0.0001161376860993150055 |
528   | 0.0087685822033608147585  | 0.002353951249529129524   | -0.0005197041342697194307 |
529   | 0.0066988208744882928383  | 0.0056692248256069019061  | -0.0012269129538012941635 |
530   | 0.0034331080055476628429  | 0.0065929894786455568376  | 0.0005454143468590069363  |
531   | 0.0037798825742630087071  | 0.0040103836907959501332  | -0.0010811622016277885622 |
532   | 0.0047609680884066083936  | 0.0037159936402453097939  | 0.00086857398441130603123 |
533   | 0.00028158582063523803548 | 0.0057252117358100058225  | -9.6495206739576084708e-06 |
534   | 0.0023111976119464167946  | 0.0040529130448821934496  | -0.00041363816431683430837 |
535   | 0.00040277645939466372909 | 0.0084867272743385322592  | -0.0017196892740419873931 |
536   | 0.0001773542747682818675  | 0.00015939280063456719703 | 0.00052716262023805565001 |
537   | 0.0022699610734886878187  | 0.0041909150282502596885  | -0.00029418436324348066482 |
538   | 0.0085675814051714045683  | 0.0016473434749545679771  | -0.0026038482535310652523 |
539   | 0.0092497045343737857581  | 0.0060496614286221529755  | 0.00042040394292571138133 |
540   | 0.0048345028311200808138  | 0.0060519761582540146372  | -0.0012937315651816762036 |
541   | 0.0017342134136797949205  | 0.00048038511544732618056 | -0.00068123164735599652311 |
542   | 0.006469261197987398633   | 0.0027128541363990489599  | -8.6922441886267152794e-05 |
543   | 0.0078935982937026593492  | 0.0061031043617702819548  | 0.00016236480252641686834 |
544   | 0.0045155884851332817043  | 0.0035693104695896063668  | -0.0017520623190796116679 |
545   | 0.0083503353626135611021  | 0.0085550524591268654884  | -0.0010486970419220375834 |
546   | 9.5184454399859430226e-05 | 0.008110713870739761841   | -0.0020474864651644116009 |
547   | 0.0030883509302038975389  | 0.0035178664067784569738  | 0.00050123862248203844994 |
548   | 0.0040814079038967330734  | 0.0030597641019911490066  | -0.002036744005089722101  |
549   | 0.0007698301989052988006  | 0.008588236219606760688   | -0.0022625992857650285145 |
550   | 0.0034883088771395873856  | 0.0041309817553499715223  | -8.3668721797694492562e-06 |
551   | 0.0062890968288845019302  | 0.0023790140360462137988  | -0.0019989323613858402291 |
552   | 0.0048423054236424838137  | 0.0054733923932415154065  | -0.00062054855271840073366 |
553   | 0.0031133730491326506475  | 0.0049624047696791425896  | -0.0010882741578393639436 |
554   | 0.001701352019770636893   | 0.0089193447199376503509  | -0.00096989685070186326763 |
555   | 0.007006806462676263593   | 0.0035295651667878818157  | 0.00046729711312122173541 |
556   | 0.0032381807556205481277  | 0.0078205332203948041414  | 0.00010274608174602782931 |
557   | 0.0054896848348908412404  | 0.0054174595913203367828  | -0.0020558492052673250569 |
558   | 0.0027619536471518556925  | 0.0058054756604851128279  | 0.00093965936808445334888 |
559   | 0.0070656865990785097317  | 0.0010762670373154010952  | 0.00074245434538484250155 |
560   | 0.0054966193727816270789  | 0.0036193976481445448712  | -0.0016844011652145734429 |
561   | 0.00058220959255980220606 | 0.0061366412090295046136  | 0.00085850124778529869358 |
562   | 0.0044843935545119594996  | 0.0070647633029111969391  | 0.00044759896470820178388 |
563   | 0.0070809595695690468256  | 0.0043643815532081577449  | -0.0010281856268858737598 |
564   | 0.004741788281765181752   | 0.0072516468833517941026  | -0.0017896398115196305613 |
565   | 0.0071888295948032065671  | 0.004952134795673963745   | -0.0025344881515018905654 |
566   | 0.0042214804388861623327  | 0.0089736615083733095588  | -0.0020522793082505879844 |
567   | 0.0088399763713347800226  | 0.00093709062411315906336 | 0.00043360556806624952347 |
568   | 0.0070960494121303863482  | 0.0011424474916807941631  | -0.0026338563337206283461 |
569   | 0.0049039153077117822802  | 0.0039202726248295915318  | -0.0014728649462981656393 |
570   | 0.0062658351567571627869  | 0.0098076795137168951144  | 0.00046771233587198740534 |
571   | 0.0097818201432192056904  | 0.0065320095384812752737  | -0.0023868959432585754032 |
572   | 0.004209347300411508605   | 0.00026236119919933125573 | 0.00026707742295458021791 |
573   | 0.00094246305248496401244 | 0.0069185433497657728569  | -0.00011891564896689825503 |
574   | 0.0066429524556674999711  | 0.0090471547937371506187  | -0.00032679141139992448498 |
575   | 0.005066701146074820486   | 0.00029642263054242688107 | -0.0017043314440605807428 |
576   | 0.0059343316185984590697  | 0.0027039970993769230079  | -1.5238005022314861896e-05 |
577   | 0.0024820142809046895349  | 0.0079858328533626531109  | -0.002125480826932800351  |
578   | 0.0035017291625955748909  | 0.0074050589449382916291  | -0.00042903149661256142306 |
579   | 0.0048675089105858293861  | 0.00044082268395028280459 | -0.0013771749017667308385 |
580   | 0.0064272040830419853441  | 0.0025029081973919355651  | -0.0011497105557150603082 |
581   | 0.0080580771154954121405  | 0.0070038342776757907954  | -0.00013971953155569603378 |
582   | 0.0041619267220526761503  | 0.0073151232773114877733  | 0.00073487536172540848366 |
583   | 0.0092670758580939219251  | 0.0077034422246307571527  | -0.00083092575360702361758 |
584   | 0.0053507864194843393624  | 0.008716377254301689928   | -0.0019624762232644077202 |
585   | 0.0035352160917867477864  | 0.0025498586720391729077  | -0.00059313661441227254548 |
586   | 0.0076452703835951964229  | 0.0088858706462120375796  | -0.0012119667562143145601 |
587   | 0.0018134847207476512045  | 0.0033738601156487490508  | -0.0016213188968186781954 |
588   | 0.0082194203987236459652  | 0.0041004645983058743072  | -0.0017113060986472256996 |
589   | 0.0035131037429649543749  | 0.0070343167080204145256  | -0.00073479833938346896752 |
590   | 0.00034037448045025288281 | 0.0092909325154375017181  | -0.00047351821679377501841 |
591   | 0.0030085477549960655368  | 0.0033620108103651490279  | 3.2517092703448839608e-06 |
592   | 0.0030975013205137122592  | 0.00073478279589219103272 | -0.002103252499664536642  |
593   | 0.0081400904172104267958  | 0.0081379124443127955069  | -0.0015892280132939998367 |
594   | 0.0093492729480135969289  | 0.0072903357208403806594  | 0.00038854235381273634613 |
595   | 0.0024925980164099909367  | 0.0080051707336180662894  | -0.00013803076265330179004 |
596   | 0.0099946600727878250753  | 0.0075435489695080612527  | -0.0011950540514981836202 |
597   | 0.0028700207025807362472  | 0.0080288810063014748319  | -0.0012237439217428819002 |
598   | 0.004336787793940321406   | 0.0044683325463245300926  | -0.001391826946716774073  |
599   | 0.00015482463948101658183 | 0.0069858781684991591229  | 0.00039286719843022090831 |
600   | 0.0011895029540964325524  | 0.0014765806460425091092  | -0.0016186964095334431622 |
601   | 0.001575050227638475275   | 0.00097273098196157085915 | -0.0018424099297071245846 |
602   | 0.006577560555573533016   | 0.0062976835059507380032  | -0.0011415967639029959112 |
603   | 0.0025205751889598023915  | 0.0024664720910188972156  | -0.0012701906031485714864 |
604   | 0.0092521039335700210049  | 0.0077529170796227023232  | -0.0021310421917387846642 |
605   | 0.0070369904234197462253  | 0.0075192825526956014875  | -0.0014954047532512049906 |
606   | 0.0089186268271725238632  | 0.0023894167172313343292  | -0.0020004617777502663525 |
607   | 0.0017356172674799171841  | 0.00077546880568875884224 | -0.0024665486734789833501 |
608   | 0.0040354343268696954428  | 0.0069492039208412384813  | 0.00017949699736154509479 |
609   | 0.00037681586406191182673 | 0.00013347688063409594004 | -0.00072880378526399443567 |
610   | 0.00054514918413169468139 | 0.0020064914657171354327  | -0.002571852561089286917  |
611   | 0.0047975426286434507891  | 0.0056892730333099857457  | -0.0013099341192700081609 |
612   | 0.00475331411852742379    | 0.0085596794689560603414  | 0.00078697973147508464703 |
613   | 0.0065956396483238463602  | 0.00968133891798150098    | -0.0015985495903884988297 |
614   | 0.0046361221743083328578  | 0.0030323052232194142031  | -0.0020612874914409237345 |
615   | 0.0011593576999898178113  | 0.0089113823608471341015  | 0.00030572121600529975636 |
616   | 0.00928400889086248432    | 0.0038770354984813556153  | 0.00052502440911840822513 |
617   | 0.0065573819006969581366  | 0.0030931971011431426931  | 0.0003619979097468588162  |
618   | 0.0021885068836630587434  | 0.0070129187085689881354  | -0.00029758874458344795541 |
619   | 0.0021077344323326245579  | 0.0085993930665834942412  | 0.0001996992787090503727  |
620   | 0.0077405028232932823057  | 0.0040185202404030293324  | 7.5224469246663481711e-05 |
621   | 0.0044026144182109875486  | 0.0057989362775581259832  | -0.0016725511861485900175 |
622   | 0.0019955583822791945516  | 0.0089936834469558496474  | -0.0017657668151436602469 |
623   | 0.0031116317006128109413  | 0.0027778473024622292627  | -0.00078645671372721789091 |
624   | 0.00013188338530195604188 | 0.0053154404434624623332  | 0.00029870713887350432841 |
625   | 0.0067133896699520835549  | 0.005829658298686433808   | -0.00087974989867962852599 |
626   | 0.0016426073395240672025  | 0.00028663054971339504149 | 0.00023022887931299293451 |
627   | 0.0054698703408348585409  | 0.0094995304749891339158  | -0.0015816335480054587604 |
628   | 0.0070463545667686436347  | 0.0082498672108445546269  | 0.00084976979021152664051 |
629   | 0.0075459056214119543324  | 0.0067570732023200701447  | -0.0011789147326350995961 |
630   | 0.0061425985523877162792  | 0.0094398291225329718918  | -0.00070592180132479057271 |
631   | 0.0088855298370315166645  | 0.0051864861307959302106  | -0.00087995527727974883099 |
632   | 0.0052998335687505599909  | 0.006981711107753563704   | -0.0019293251594212973074 |
633   | 0.0049406523017553874086  | 0.0018426731750560564234  | -0.00058987799486396219791 |
634   | 0.0036352187971826510106  | 0.0039087834041899582882  | 0.0002077855379442542904  |
635   | 0.0015214191609572999889  | 0.0026544717587636589354  | 0.00016985543949711394678 |
636   | 0.00076447867925259727854 | 0.0071441146387277703472  | -0.00039413010359227789933 |
637   | 0.0062142253839245478395  | 0.0027309719404343540949  | -0.0026423952837838333117 |
638   | 0.00011484482149827852828 | 0.0025480390762433668614  | -0.001595544180049735276  |
639   | 0.0070999381249281599132  | 0.0022907164582007277266  | -0.00084070893095654147201 |
640   | 0.0030966714162157906245  | 0.00049664435881415327275 | -9.2505113503420837383e-05 |
641   | 0.0058719559977842786941  | 0.0079025307546791538627  | 5.7395360431864783745e-07 |
642   | 0.00090693813046758707443 | 0.0087547176748976000132  | 0.00018447758527979129573 |
643   | 0.0089623616690723516276  | 0.0059856729912859596085  | 0.00063659530107689778732 |
644   | 0.0054125846161966447226  | 0.0093270187306952641315  | -0.0018299429250947386438 |
645   | 0.0034762392497293360602  | 0.00938708701295641601    | 0.00095987411647658043429 |
646   | 0.0023121053157756977538  | 0.0018491161916364732241  | -0.00019654905032891401484 |
647   | 0.0049155822666831459899  | 0.0037909240868216295163  | -0.0013655960293041534588 |
648   | 0.0040778716651261653556  | 0.0062581713244661300519  | -0.0015965673693544332312 |
649   | 0.0043197674297685865683  | 0.0061118488009492934546  | 0.00052467900931673304953 |
650   | 0.0033836897218355080873  | 0.0081424133209255476762  | 0.00015745867737321534862 |
651   | 0.0046738787017131773818  | 0.0065924919825796424525  | 3.1747614651653948206e-05 |
652   | 0.0026043441941141533269  | 0.0057653630654081813867  | -0.00069456763069379633471 |
653   | 0.0064669094425027174797  | 0.004792933359842994033   | 0.00063994949472259211095 |
654   | 0.0056028485252301862829  | 0.008041639397143187859   | -0.00020650921526599649988 |
655   | 0.0051124119782017633795  | 0.0047638238973729402082  | 0.00077693907820556901058 |
656   | 0.0027915628714392671378  | 0.0028959160085288036465  | 0.00081373763026371028623 |
657   | 0.0081816129523075743768  | 0.0091940087892392555885  | -0.00096900226855707875979 |
658   | 0.0056210027476028216059  | 0.0083804475506412956509  | -0.00022976438578383790367 |
659   | 0.008149717540117305814   | 0.0045064089844715059935  | -0.00079850427587961105014 |
660   | 0.0064044352090126092925  | 0.0016146327318184235285  | -0.0016484251797403842721 |
661   | 0.001093934470638810658   | 0.0042269829849281084777  | -0.00067093378008972910913 |
662   | 0.0043213053443911233695  | 0.0081414075263006018685  | 0.00061182621903884684082 |
663   | 0.0077397624126793176588  | 0.0019726822008608725471  | -0.0014290030269150418973 |
664   | 0.0044384725544399442065  | 0.0026477156354452716265  | -0.00017428420227197496733 |
665   | 0.0022003303430798977318  | 0.0056977433132012990022  | 0.00048997706618412236595 |
666   | 0.0062774303132054629431  | 0.00094232456339385037031 | -0.0014283912933021588113 |
667   | 0.0084027177272095951444  | 0.0020806676021614969006  | -0.00059077226575685569138 |
668   | 0.0055273395251904710104  | 0.0016903432712552404586  | 6.9648612228675140282e-05 |
669   | 0.0091461030373651101832  | 0.0024766596836835685046  | -0.0015426618516293625922 |
670   | 0.0020387377678487178696  | 0.0059195470708285494524  | -0.00025242464444713601712 |
671   | 0.0021745899738150301257  | 0.0079394389683924322665  | -0.0016271666067535831262 |
672   | 0.0098854942205631231994  | 0.0058482506957206262244  | -0.00091252829932439547163 |
673   | 0.0080505372794708613543  | 0.0049274525846475375479  | -0.0024398920531453704118 |
674   | 0.0072701333973458140414  | 0.0024334621027876902032  | -0.00078121940366911494201 |
675   | 0.0025626914030466027908  | 0.0040232771720307147767  | -0.0020395848637849585926 |
676   | 0.0023827263258237195084  | 0.0099096348361507168717  | 0.0004423610205376495453  |
677   | 0.0062558491750461841033  | 0.0027875012466031922481  | -0.001240261360528392828  |
678   | 0.0024136801276785600778  | 0.0029240321121860157055  | 0.00054474647649343989776 |
679   | 0.0039125842792747051249  | 0.007482455334320673411   | -0.00010769766027844225522 |
680   | 0.0015941500915950977332  | 0.0068486484397470718047  | -0.0011251863470863366929 |
681   | 0.0040257196488852993108  | 0.0013953949945364654394  | -2.107852146832806965e-05 |
682   | 0.0012859742119589352705  | 0.00086498177415430393955 | -0.00090519190459690981702 |
683   | 0.0044740687305217050757  | 0.0053555416985104015506  | 0.00028882517315891921041 |
684   | 0.00062079078347582281744 | 0.0019842754201120057014  | -0.0017159451287683817784 |
685   | 0.0059378792941804526412  | 0.0017086111760832858267  | -0.0021636946946079929459 |
686   | 0.0052763475038948726842  | 0.0037962264883295874715  | -0.0017521200982109600038 |
687   | 0.0080154684937211381768  | 0.0048724735345652848278  | -0.00046385497819001654399 |
688   | 0.0036269884282634518718  | 0.0071733285061231786064  | -0.00011631095097442003617 |
689   | 0.004938593351608988255   | 0.006657152765740111458   | 0.00045524506818252815504 |
690   | 0.0063005412951213472794  | 0.0067220429164417186407  | -0.00071514925780740009557 |
691   | 0.0077885765168367766809  | 0.004465617955136435939   | -0.00074491995425069053825 |
692   | 0.0070219387568204588712  | 0.0082416211510606129931  | -0.0012239641079236456261 |
693   | 0.0075889411068541610256  | 0.0037689054348222302167  | -0.0015123951316692576738 |
694   | 0.0077236896106073066326  | 0.0093749541635736385881  | -0.00094012607438579776434 |
695   | 0.0047793250457006568668  | 0.0082397052057704180117  | -0.0021660149406974704006 |
696   | 0.002058324469139584216   | 0.0025721612256803514686  | -0.0014634592044278354073 |
697   | 0.0063470061478266793717  | 0.0045065545160857369347  | -0.0015028209756670215472 |
698   | 0.0019234010960111551196  | 0.0088047681426258739279  | -0.0014098323277987421121 |
699   | 0.0079553315717149613445  | 0.0010350553168796856884  | -0.00094728162991978897764 |
700   | 0.0058410213830036913224  | 0.0019134700369828623167  | -3.7856685259728848562e-05 |
701   | 0.0050379924159262602645  | 0.0061829928582266399303  | -0.0018517643094761589932 |
702   | 0.0054101485980968732833  | 0.0068121360800245753936  | -0.0014617523639813051386 |
703   | 0.0040837015641039548647  | 0.0055165840267859343055  | -0.0019454681354321057447 |
704   | 0.0028234908401908289169  | 0.0089185675683055663093  | -0.00039811131255663463743 |
705   | 0.0025679927054005733007  | 0.009146100243726702772   | 0.00026340857494101056801 |
706   | 0.00096656107038248066394 | 0.0083024143501598292316  | -0.0021827091659134788271 |
707   | 0.001552941156079301133   | 0.0082220084520914608894  | -0.0022507409310221476034 |
708   | 0.0070488778538137552079  | 0.0044576038006751738177  | -0.00032364695614795250481 |
709   | 0.0046179363179277895662  | 0.0019928658863537914922  | -0.0012702645327321406346 |
710   | 0.0057745504320902661666  | 0.0091865598276204725459  | -0.00093306025307462808153 |
711   | 0.00064158769510052834645 | 0.0071001267980918660386  | -0.0012173131544812275384 |
712   | 0.004553127761448593977   | 0.0051354795521450181603  | -0.0021899822553329245482 |
713   | 0.00084257321352221162866 | 0.0060361968955404783285  | -0.0017127686423423185876 |
714   | 0.0011198262645744768914  | 0.0054089813713275262247  | -0.0022624101438179040555 |
715   | 0.0046576185220670151405  | 0.0090841238175682487155  | -0.001719180680381379115  |
716   | 0.00014198739835940115133 | 0.0075363907832943083376  | -0.0011535889856444398599 |
717   | 0.0028748394985797154008  | 0.0089545666551765542435  | -0.00020568942003788969895 |
718   | 0.0043951083768395118531  | 0.0069279633192146595697  | -0.00091646025224648651995 |
719   | 0.0092770024459524567245  | 0.0042024538629154188987  | -0.0021433785263238764457 |
720   | 0.0066478955907756489066  | 0.0078502574471425723424  | -0.0025828972994528394923 |
721   | 0.006930225813700520085   | 0.0048916662132304335533  | -0.0010193626578410158214 |
722   | 0.002142123495792107573   | 0.0067224524542493675761  | 4.8437930079536300153e-05 |
723   | 0.0042044721982976108673  | 0.0049070034857344327697  | -0.00040166373356526719829 |
724   | 0.0073168263196220400049  | 0.0054276237486987856037  | -0.0010768866852619951406 |
725   | 0.008779669178256609488   | 0.0063433447764779955086  | -0.00053989561801568407284 |
726   | 0.0030570276229197716755  | 0.0071092101353526461135  | -0.00055225423893650877737 |
727   | 0.0033193447327235533865  | 0.0030405256911549423914  | -0.00040695842757759790979 |
728   | 0.0049491248182391275531  | 0.00057880840751914851804 | 0.00044512372487970071171 |
729   | 0.0099376698723715167078  | 0.0063146476698197557056  | -0.0011432195761396334033 |
730   | 0.0084464273205183109522  | 0.0028388800845234843546  | 0.00039179626260909779841 |
731   | 0.0058236529968164916712  | 0.0018398218833439673649  | -0.00081279017230133756081 |
732   | 0.0043289857541200030266  | 0.0098860377692276506234  | -0.0025888583885780467805 |
733   | 0.00803679039122707356    | 0.0084521670476213964229  | -0.00099284110720224594444 |
734   | 0.0050812347209459587591  | 0.0043818569247689740168  | -0.0010819047333481637309 |
735   | 0.004591309586686192698   | 0.00030523677189169613928 | 9.7955927806279101112e-06 |
736   | 0.0093453723369226159023  | 0.00028204780188007970345 | 0.00066011409772554342605 |
737   | 0.0061214216212913214951  | 0.0080099570014022514197  | -0.00049146521670425324067 |
738   | 0.002297407837991679528   | 0.0072745798433341097786  | -0.0015471872005799903321 |
739   | 0.0071297701358271634367  | 0.00082036925398287546731 | -0.002372953300228047846  |
740   | 0.0066160230756246753148  | 0.0033492672789634664321  | -0.0018822601767865126954 |
741   | 0.0017625244487087781547  | 0.0068690965750107307528  | 0.00043072329870959556774 |
742   | 0.00083001837890544962612 | 0.0046607820951426216782  | 0.00056243794914335575735 |
743   | 0.0035859159262669327954  | 0.0047429312805716610998  | -0.0022037898654105624908 |
744   | 0.0089215978223899043004  | 0.0049741763304892230857  | -0.0011105380217468674344 |
745   | 0.0016842504529121528605  | 0.0064384589684974933427  | -0.0013442298840129149069 |
746   | 0.0068190076805878995989  | 0.0036368499421814770925  | 0.00029983070332424981326 |
747   | 0.0045832943563122122838  | 0.00060192669405207191446 | -0.00045657461569403493635 |
748   | 0.0086141465393848315468  | 0.0031658993752691844473  | -0.0012631605113499644755 |
749   | 0.0099593515603307886802  | 0.0041495160884722969916  | -0.0016049784044547355053 |
750   | 0.0080854619559486001767  | 0.0019047311377572958072  | 0.00018168688418640214946 |
751   | 0.0045039741306327468057  | 0.0067597228245241088376  | 0.00097729595770665571991 |
752   | 0.0020294799936897353621  | 0.0086918830200583968582  | -0.0009648513369051580366 |
753   | 0.0073635099989607204207  | 0.0089649673948163123571  | 6.133133456538413116e-05  |
754   | 0.005987839193997405822   | 0.0080346585505739493566  | -9.6215901483209532443e-05 |
755   | 0.0013649291195515487508  | 0.0081147269723997345753  | -0.00052364824607734235251 |
756   | 0.0084929403892555002664  | 0.0091025730944527295796  | -0.00017842810939428901712 |
757   | 0.0063909877823267700891  | 0.004396494379788716024   | -0.0013634797693023938299 |
758   | 0.0031028209534949410461  | 0.0023431820052514326126  | -0.0013820113677383281166 |
759   | 0.0042111218581459093288  | 0.009955807255593257174   | -0.00050457243402418964183 |
760   | 0.0015505771144257154623  | 0.0095922065577250126972  | -0.00076423116202887304751 |
761   | 0.0033827769283830719065  | 0.0088353074852891913538  | -0.0016548196035525287832 |
762   | 0.0079170498147359633784  | 0.0037858155612267561409  | -0.00076972848631426404615 |
763   | 0.0081412402434752981911  | 0.0040013862172374702053  | -0.00072339052168009221593 |
764   | 0.0065059905877809624808  | 0.0050656672845809987832  | -0.0010321308001677818866 |
765   | 0.0019860329852723341941  | 0.0050087585235516268387  | -0.00042232075281773242322 |
766   | 0.0077237710748463616825  | 0.0068509531450644586131  | -0.0022881689143188174186 |
767   | 0.0053027076450620430972  | 0.0020721547457414274743  | -0.0012695709282189104015 |
768   | 0.0036028486416595610631  | 0.00052651041230995072016 | -0.0015387269272487437421 |
769   | 0.0014569030511193744194  | 0.0056506395765876975615  | -0.00042916881137169347318 |
770   | 0.0010425164989129489905  | 0.0089157633774375744107  | 0.00030726357295486037046 |
771   | 0.0071803007296023495937  | 0.006233733600548097345   | -5.2052879591558154381e-05 |
772   | 0.0029408027720689059424  | 0.0094804014107042703513  | -0.0023089777209556031946 |
773   | 0.00050823013070412192786 | 0.0018934409226053477288  | 7.4120971583773885474e-06 |
774   | 0.0076301150915884085463  | 0.0089023428579318632931  | -0.0013974818495254535695 |
775   | 0.0085051406879194796362  | 0.0040845889584237007539  | -0.00093412813616083867872 |
776   | 0.0032524802394830695275  | 0.0056579619776801993655  | -0.0015469410794709350689 |
777   | 0.0086313933303110625811  | 0.0051934246689307773936  | 0.00030832238981921399751 |
778   | 0.0019614621889410574322  | 0.00011742153710613941679 | 0.00053409786955429302407 |
779   | 0.0049253367398810485658  | 0.0043165674097124335715  | 3.5613237695321317566e-05 |
780   | 0.0077727399934296274864  | 0.0061968725343024642221  | -0.0015702626380929905585 |
781   | 0.0020978237856721132677  | 0.0033258926485159323594  | 0.00029985700623462051197 |
782   | 0.0016842717012963805481  | 0.0032368209251352020143  | -0.0019618985709049631752 |
783   | 0.0029982348578538532864  | 0.0056067594280726522002  | 0.00030675227543454575618 |
784   | 0.0082570492256471283987  | 0.0037274519687674296728  | -0.001482539136926384676  |
785   | 0.0014457557663910727396  | 0.00061524392529132654155 | -0.0011015373634485072733 |
786   | 0.0041035482817102517453  | 0.0064919465317177169061  | -0.00043930080881296993973 |
787   | 0.0026211548388555224766  | 0.0011411891399593506683  | 0.00063560643808030763829 |
788   | 0.00083279713176103950002 | 0.006098187319790265154   | -0.0015304195501373864773 |
789   | 0.0053388603214619490336  | 0.0052509846604627792924  | -0.001909196899687768019  |
790   | 0.0049042980612186409112  | 0.0042190443778122284704  | -0.00098896489614244123198 |
791   | 0.0012816771617979883652  | 0.0091074615335443222935  | -0.00197618048446764321   |
792   | 0.003258413318093263903   | 0.0022693810452570142844  | -3.0085948708178196558e-05 |
793   | 0.0062066133925371266486  | 0.0015766534626737373388  | 0.00047609552102216952862 |
794   | 0.0094059471694120707491  | 0.0061132593144630860069  | -0.0026387602488261475975 |
795   | 0.0041671975181922964529  | 0.0070164170631561457309  | -0.0011260705769886225278 |
796   | 0.004662624098218130439   | 0.0067402208045899171529  | 0.00031058008969132074734 |
797   | 0.0019714945783003302165  | 0.006669895056858344759   | -0.0010892903580368175614 |
798   | 0.0029668031335836958159  | 0.0005202293075794237184  | 0.00055008462335656965053 |
799   | 0.0069899240289439130286  | 0.0024109755524736303095  | -0.0020355888190356306172 |
800   | 0.0070139939656385713249  | 0.0080310136654124612832  | -0.00062285774722495312623 |
801   | 1.7853393211795348764e-05 | 0.0020543931223466608584  | 0.00034641077467472276537 |
802   | 0.0031002200084683283546  | 0.0095371950483060345671  | -0.00060821616781459508436 |
803   | 0.0079192426432832599414  | 0.0083777357242322408881  | -2.1784832838146812086e-05 |
804   | 0.00090342803838210788709 | 0.0039738384011750692293  | -0.0019923122692921185414 |
805   | 0.0028647993064325224903  | 0.0040547961676211880314  | -0.00075772280883384035208 |
806   | 0.0023894578024555154436  | 0.0038957537124409912475  | 0.00025625083904577770216 |
807   | 0.0019574479827968935264  | 0.008191101743459730522   | 0.00048002727437732078042 |
808   | 7.9253376006929485251e-05 | 0.0021674588989889160065  | -0.0020876783275465974135 |
809   | 0.0031058258983214996445  | 0.0041921985689724276108  | -0.0012194519343481818093 |
810   | 0.0070306694524780262087  | 0.0035304698974479246237  | 0.00044920285597438620612 |
811   | 0.0075246387772780866723  | 0.0027243663314056145233  | -0.0025052753122188288655 |
812   | 0.0083719704195836259358  | 0.0049693288229117702631  | -0.0018105986400208688367 |
813   | 0.0062722916360741327521  | 0.0046537281300431153699  | -5.5532385690919844746e-05 |
814   | 0.0045057039182908277183  | 0.0075067688000515653962  | -0.0015339772083389935798 |
815   | 0.0041996904928543457233  | 0.0036088583720923993713  | -0.0014459947132048755081 |
816   | 0.0032422614804964253882  | 0.0041071662193728148207  | -0.0014526450917258242231 |
817   | 0.0090648197388401036828  | 0.0015143570870211774029  | 0.00024239166093241015093 |
818   | 0.0076685271190241694958  | 0.0053155886004952581161  | 0.00017704619100007560391 |
819   | 0.00335342240532304596    | 0.0059367836078372130185  | -0.00034702075086822422711 |
820   | 7.2968933844974761095e-05 | 0.001524159277972071333   | -0.00061859093266544175598 |
821   | 0.0066264846829226639255  | 0.0095653126375968219874  | 5.4536697887239501568e-05 |
822   | 0.0023224737576679429542  | 0.006643787199843745675   | -0.00042647167100905457099 |
823   | 0.0033032543316847341915  | 0.0026264578804437079679  | -0.0023574756865925470747 |
824   | 0.005890346446838582925   | 0.0016893769077551430008  | -0.0011192833684143222665 |
825   | 0.0064491194967353279027  | 0.0056246884745265596228  | -0.0015549161995524498053 |
826   | 0.0076869290295097274582  | 0.0069075922011098056172  | -0.0014601212317703127826 |
827   | 0.0090390857694956396051  | 0.0073799988936499843345  | 0.00055522866115796242099 |
828   | 0.00012880410388713323913 | 0.0050218768039732349789  | -0.0014558302555150504955 |
829   | 0.001233774756902265889   | 0.0073491671952243568453  | -0.00016376701205611258398 |
830   | 0.0028196496355934069257  | 0.0039468122560603830298  | 0.00046791603210109518948 |
831   | 0.0038969285042149953008  | 0.007605013924321696317   | 0.00069012074206793695089 |
832   | 0.00545267955501442525    | 0.0023125502406018934656  | -0.00037512656715614419193 |
833   | 0.0090613626230527950095  | 0.0048452649036533051302  | 3.8946444057641687144e-05 |
834   | 0.0047408319340543269779  | 0.0079134405138716647221  | -0.0020382644892426014273 |
835   | 0.0075124746636771426445  | 0.0094608684490098560876  | -0.0013200962539534342229 |
836   | 0.0098852052378497565904  | 0.0010963930251098920072  | -0.00036948932397215446819 |
837   | 0.008098749096058441288   | 0.0026877352630406718334  | -0.00017782487768475802557 |
838   | 0.0065929969453001726135  | 0.0013545193836234144941  | -0.0017860625578156343312 |
839   | 0.0067374438567693395799  | 0.002706959813922282538   | 0.00048443489075720210651 |
840   | 0.0092202662550953766452  | 0.00051056109914987513835 | -0.00023136457695001222293 |
841   | 0.0064129702924457703331  | 0.0011664744425472375975  | 0.00093048777581534807771 |
842   | 0.0028968068364686985934  | 0.0065664309026144482978  | 0.00047893401158178054364 |
843   | 0.0065751487113057385456  | 0.0073540234328146854639  | -0.0014156696486857754929 |
844   | 0.0038268674227379473676  | 0.0012387199671701151511  | -0.00081973112830139628366 |
845   | 0.0096545868536692617395  | 0.0025031782042867086434  | 0.00081228632843759803611 |
846   | 0.0086285608360376232079  | 0.0022909693540925841516  | -3.810966379754188025e-05 |
847   | 0.0092497560272821258143  | 0.007477368282497690033   | -0.0003995021186264700137 |
848   | 0.0043863401912231335389  | 0.0015306578277469384212  | 0.00074567337652142306331 |
849   | 0.0062845134768281709498  | 0.0051415244467787578342  | 0.00080792823391171494224 |
850   | 0.0040968493902785304769  | 0.0035704241112412583858  | -0.000617804040209868322  |
851   | 0.0050216306179524912781  | 0.0067534559454558171568  | -0.0020269779461142166041 |
852   | 0.0051599912829641330844  | 0.0088269632489146911125  | -0.0010123053898007073562 |
853   | 0.0092852042183738121156  | 0.0031690016278305265657  | -0.0012005543836371187615 |
854   | 0.0079681598204000177177  | 0.0093174281300976991016  | 4.4590885922460202123e-06 |
855   | 0.00014744126672271710065 | 0.0037225381550222581134  | 0.00059871967479324227773 |
856   | 0.0098443479901959823203  | 0.0031401080392979285882  | 0.0002217639904378321833  |
857   | 0.0082017286063706517502  | 0.0076350201351257666535  | -0.0014688875162160164312 |
858   | 0.0054884610467290546876  | 0.0030762113307149989254  | -0.00014923891576825034462 |
859   | 0.0020270645404576008441  | 0.0053621626997403691248  | -0.00099243442957562110623 |
860   | 0.0077353659626099701557  | 0.00075064819836465675879 | -0.00010094580222575360348 |
861   | 0.0011560952010163006061  | 0.0024239130194721077161  | -0.0012048529400529900575 |
862   | 0.0088408822363267094979  | 0.00068861817892061855453 | -0.0021666098174678060165 |
863   | 0.0011620342049329008844  | 0.0073099671293103459652  | 0.0003458809918988634078  |
864   | 0.0038516683086371513584  | 0.0045120791581218233635  | -0.00048628911704825969432 |
865   | 0.0057717471022446613371  | 0.004235385095667590534   | 0.00040632151636243324117 |
866   | 0.0053432909333214571174  | 0.0096609165948400056723  | -0.00040225334767206272863 |
867   | 0.0049802889721820998298  | 0.0057897927861104694566  | -0.0017978249916669861077 |
868   | 0.0069100961315544766339  | 0.0078400608743981817228  | -0.000363098164752624858  |
869   | 0.0036933261164285402338  | 0.004962072778947257054   | -0.0016582658859285524366 |
870   | 0.00018303536110919746069 | 0.0037560759482750242545  | 0.00088701838349988402707 |
871   | 0.0081376336429634394537  | 0.0017676677907383629186  | -0.0022574903406525799465 |
872   | 0.0039750210046682245973  | 0.0022591518908848945424  | -0.0023372012323708787375 |
873   | 0.0077401598722663536925  | 0.0034488511747140988307  | -0.0021485794507077869177 |
874   | 0.0058257321324132697177  | 0.0014121303490498124302  | 0.00066287285910367112901 |
875   | 0.0064593244199215443802  | 0.006437087967228617702   | -0.0010695101864229407482 |
876   | 0.0045121214314777337642  | 0.0015945854195813595998  | -1.4153514513131766686e-06 |
877   | 0.0011271619301388225223  | 0.005300612036044698161   | -0.00041728490713156433456 |
878   | 0.00041191490913152547376 | 0.003435974725853543129   | -0.0025919298252157934627 |
879   | 0.0055947761144940801048  | 0.008043153863641756135   | -0.00036367737107393294151 |
880   | 0.0061498810767919758272  | 0.0055604951947559868794  | -0.00015022306986741992938 |
881   | 0.0043073465930721175493  | 0.0044947082166913142343  | -0.0009382658623624429324 |
882   | 0.0054768939459291371419  | 0.0059539890408396934154  | -0.0011814341173906274703 |
883   | 0.007480984565003309314   | 0.0054496689094342652682  | -3.651903994385766346e-05 |
884   | 0.0081563257790627022303  | 0.0093281469920321515715  | -0.002039302423233191764  |
885   | 0.0095402877675212997138  | 0.0014629107842996499564  | -0.00081891121629414586301 |
886   | 0.0044430302559978858065  | 0.0051006300875463417982  | -8.8378830758871268145e-05 |
887   | 0.0024769049966335346391  | 0.0016619423425579208514  | -0.002223852967121772977  |
888   | 0.0078238573118684685836  | 0.0030700671905471185567  | -0.0012092296058892068947 |
889   | 0.0036783181086217768031  | 0.0096524544657492356015  | -0.0018018803078738345608 |
890   | 0.0054469302083177449994  | 0.0070766931901345133879  | -0.0024765173994416873199 |
891   | 0.0039252527913383392089  | 0.0063750318766608712537  | 0.00037467699383719217784 |
892   | 0.0057564056761718425045  | 0.009091034224434937222   | -0.00049262906497288380583 |
893   | 0.0062383114909786655661  | 0.0048733051377068655266  | -0.00042755793911192376379 |
894   | 0.0066124887669322162179  | 0.0048279119274807127254  | 0.00069988108804207565389 |
895   | 0.0045476225327633528275  | 0.0075647967889544464118  | -0.00064480153169814034483 |
896   | 0.0021838796514266965547  | 0.0014872569899932828325  | -0.0022094303140096304382 |
897   | 0.0090553940921282612131  | 0.00035349280811915406936 | -0.0013739258218697654023 |
898   | 0.0023499820398036491177  | 0.0042474725647630795847  | -0.0024719459659016426549 |
899   | 0.0019048305068666579552  | 0.0040446532826995977225  | -0.001295930787523414578  |
900   | 0.0051635671479253169441  | 0.0084098615547414205806  | -0.0017558490060672370722 |
901   | 0.0051000090580237541701  | 0.00718962741940669392    | -0.0018029891233936968034 |
902   | 0.0052459596779028082325  | 0.0010270552216363304076  | -0.00032991872197346637074 |
903   | 0.006176532226348109729   | 0.0070006581540584802634  | -0.00021714531607852719788 |
904   | 0.0037897015799940743895  | 0.009350642172479984443   | -0.0021838215056604205061 |
905   | 0.0072716305312366313549  | 0.0065867579709551482559  | -0.0011893108560931966132 |
906   | 0.0079517815366670404481  | 0.0039595599476555136051  | -0.0021675783282974247015 |
907   | 0.0036961710936520104573  | 0.0085878564894419345127  | 0.00073929937421368923517 |
908   | 0.0032223372695480605524  | 0.0048030367370129585861  | 0.0009766257096425748005  |
909   | 0.0065504197873923822315  | 0.0030353812072950060036  | 0.00078515813078735825856 |
910   | 0.0031869554811467847369  | 0.0068086114356652955096  | -0.00029728410115427433705 |
911   | 0.0097101426663897660169  | 0.0084141351241416740409  | 0.00041433336214558968546 |
912   | 0.0088518436031872534814  | 0.0044044368005236702104  | 0.00064974716648241780202 |
913   | 0.0060070058463643771773  | 0.0050262392204169937387  | 0.00086622500887118588503 |
914   | 0.0027573482049106407162  | 0.0041316297260544955494  | -0.00077500842454060350859 |
915   | 0.00433406268420951854    | 0.0034022309662079491636  | -0.0019180309396082293686 |
916   | 0.00048046877373008917578 | 0.0035345742449499365986  | -0.0025309241137610183348 |
917   | 0.002971152051320984696   | 0.00050704728353480820694 | -0.0020019026570554806187 |
918   | 0.0027298635215213403436  | 0.0033379357500801835022  | 0.00047510537333167023738 |
919   | 0.0020561088572737650643  | 0.0071692101759112296724  | -0.0025742325022092170037 |
920   | 0.0085410947388078993503  | 0.0092556370713787316368  | -0.00030424356896058127927 |
921   | 0.0033350413745925431425  | 0.0037474778538437660165  | 0.000457688129502133612   |
922   | 0.0058118446988453626931  | 0.002948261283226757349   | -0.00031942737234531739642 |
923   | 0.0056566853831458855165  | 0.0077444451290740526361  | -0.00022890511858824819417 |
924   | 0.00078434386220816874804 | 0.0075515101353510853677  | -0.00041289621269828991491 |
925   | 0.0038318083153171147819  | 0.0038704300900817218203  | -0.0022750620082256224445 |
926   | 0.0064605023460022467305  | 0.0011745613220976120015  | -0.002618559506509982298  |
927   | 0.0014192414581301853859  | 0.0067252503081501975243  | -0.00034989753538885537496 |
928   | 0.0041278612555829463301  | 0.0092088424965237319214  | -0.00059178117232632138946 |
929   | 0.0074263504865758221338  | 0.0066656324022124424991  | 0.00097080323738823939145 |
930   | 0.0062807350460606543863  | 0.0041399213719740092857  | 2.9480542217778619996e-05 |
931   | 0.0048692845881297521296  | 0.0018172409943259290165  | -0.002108406978561103845  |
932   | 0.0085523390566454374206  | 0.0053649317015002032788  | 0.00018323700979386075768 |
933   | 0.00057555725749813509747 | 0.0042080327175478930701  | 0.00010084769078065475571 |
934   | 0.0033025356211272868627  | 0.0073328260557693888608  | -0.0013023441911896053644 |
935   | 0.0025425107256187686258  | 0.0072131135908707422547  | -0.001897660772317124548  |
936   | 0.0029314546829218284668  | 0.0024966326145117795007  | -0.0021905896641641947262 |
937   | 0.0030940040396309899211  | 0.0062277280681189975051  | -0.0021504238498533706676 |
938   | 0.0062013700411176764238  | 0.0026474715060633099463  | -0.0016433874882184923861 |
939   | 0.0053201654427531223229  | 0.0036883856032836324391  | 0.00040355538258635695803 |
940   | 9.454722618874751561e-05  | 0.00024209981490885560599 | -0.002230353841412317014  |
941   | 0.00070596408690237646803 | 0.0038486517142762607761  | 0.00080840159828025111993 |
942   | 0.001800602015999119886   | 0.0033508026049131997733  | -0.0007490372223322879202 |
943   | 0.006153699811605548714   | 0.0082917173555369077381  | 0.00060526169298748451215 |
944   | 0.009242792065367721327   | 0.0072764284971889086825  | -0.0019444080994783052678 |
945   | 0.00092365954666752273297 | 0.0070976133188718872405  | -0.0002040554383506118822 |
946   | 0.0074524525416756748353  | 0.0046823019378322639286  | -0.0024940031314619986839 |
947   | 0.0083757905738287841135  | 0.0074925801166458409763  | 0.00031138449330795400088 |
948   | 0.0080683190095896927668  | 0.0066714842349016095432  | -0.0019917005357058792901 |
949   | 0.0061332573650327102538  | 0.00062262926592392250826 | -0.0018657409862681978169 |
950   | 0.0056564919986981784458  | 0.0085901999165764204164  | -0.0012418486239141835956 |
951   | 0.0038846480175459144682  | 0.005776516193199609725   | 0.00020508607899091222141 |
952   | 0.00023514715124832135241 | 0.0067669330013025935991  | -0.0018758116674380659848 |
953   | 0.0078132204283466490102  | 0.0064545498879163909836  | -0.0025568685524763662062 |
954   | 0.0027033391720339117713  | 0.0016079721523249372161  | -0.00050865368140226856382 |
955   | 0.0035041259099525810285  | 0.00034460063549829680896 | -0.00032706829242078167387 |
956   | 0.0062547179594848864234  | 0.0031386784682939524414  | -0.00091672044852431013202 |
957   | 0.0070436495087326271222  | 0.005420387380741923701   | -0.0013946207796149117514 |
958   | 0.0063987991978598397769  | 0.0087872688166382075664  | -0.00085378946160848882656 |
959   | 0.0020387051249766219643  | 0.0097202788155318717994  | -0.0008534198288287457709 |
960   | 0.0035562637205115402335  | 0.0047881803071109828654  | -0.00010224396852288959096 |
961   | 0.0032695013450186704955  | 0.0074231567226201904466  | -0.001891016632579811587  |
962   | 0.0071509025212843895652  | 0.0042454160512222305704  | -0.00078629488069679662199 |
963   | 0.0061532524649198288777  | 4.2226956807976963174e-05 | -0.0017231639172299785968 |
964   | 0.0040808799082168367364  | 0.0066421671783601851646  | -0.00063224007971999769771 |
965   | 0.00038760476739788189129 | 0.009019536327365190384   | -0.0022881805236497428264 |
966   | 0.0074585712349479462921  | 0.010003249451999211145   | -0.00035960042984907372027 |
967   | 0.0030786313848600406137  | 0.0055057858904496185734  | -0.001613643680614038978  |
968   | 0.0047233128491746059763  | 0.001711705544753966109   | 0.00060554962929609845203 |
969   | 0.0063626258657237290406  | 0.0016881909839657049249  | -0.0024522396033905330057 |
970   | 0.0031493126893988219149  | 0.0032046447235843590791  | -0.00055294498877618515273 |
971   | 0.008811168097537160071   | 0.0071179376619870194168  | -0.0015937206721003049567 |
972   | 0.0071848529131368060047  | 0.0072161445333993714038  | -0.0012792563708744074565 |
973   | 0.0055366600851172583994  | 8.0630410489724804344e-05 | -0.00073315888496635164048 |
974   | 0.0069511566711218698844  | 0.0025613270444849599479  | -0.0022236156621753379661 |
975   | 0.0012150704721350170153  | 0.0034425963900563713409  | -0.00057339896995801465165 |
976   | 0.0021391122491928272684  | 0.0074197131344271721742  | 0.00082011683514679380863 |
977   | 0.0065890132292987643389  | 0.0084936991547575248912  | -1.9438113548679423646e-05 |
978   | 0.0063949076483493386483  | 0.0049421283364757167059  | -0.00096765717244945415303 |
979   | 0.0083772884004945352004  | 0.0014120843639422546705  | -0.0025550664305163122043 |
980   | 0.0042566317795975153193  | 0.0064018805034938607371  | -0.0017358779507864873382 |
981   | 0.0094817275729108425886  | 0.0016753887004598250025  | -0.0019863564172540077064 |
982   | 0.00046391644307175249973 | 0.0068264159278404110132  | -5.3804816313417851126e-05 |
983   | 0.0046895018277560420947  | 0.0070735511785391391726  | -0.0016197154942282525943 |
984   | 0.0041889473580346671747  | 0.0059093472114220071956  | -0.0017929943224709063258 |
985   | 0.0097212239965402576225  | 0.001510695695828017434   | -0.0018481419502374386247 |
986   | 0.0012384894387318303322  | 0.0057380611750464148926  | -0.0026024105203750090218 |
987   | 0.0066626236552655513506  | 0.0059865309291794611274  | -0.0016819059755660730523 |
988   | 0.0038584605016502284899  | 0.0091645838101463636405  | 0.00034601687222646150977 |
989   | 0.0018003214706841846795  | 0.0025763231025858574982  | -0.0021002608377349088475 |
990   | 0.005108663222787471897   | 0.0042507063686138867389  | -0.0011451657951161886735 |
991   | 0.00081429774375611828439 | 0.0099803568681329085654  | -0.0023227431119595054118 |
992   | 0.0022078063398352780651  | 0.0098497520885532981877  | 0.00081079686268984677185 |
993   | 0.0016179715311404577367  | 0.0012902017266777027552  | 0.00062722114226192778735 |
994   | 0.0087188536081188264953  | 0.0046693270996278962368  | -0.00035304671386095286094 |
995   | 0.00039581993338922815805 | 0.00095091669073139265672 | -0.0012985689152325632922 |
996   | 0.0077988839212339280613  | 0.0099646498639779750028  | -0.0013877259364167562287 |
997   | 0.0056934660446338689749  | 0.0091502194210400442098  | 0.00064820744355643901066 |
998   | 0.0084325567624761715163  | 0.003600742830484834206   | -0.00080417907459996490396 |
999   | 0.003457303648561027478   | 0.0024954887838810630579  | 0.00025360831658322025278 |
