N			X			Y			Z
0     | 0.0057483770120476231427  | 0.0097605140337903850689  | -0.011833154372475134311  |
1     | 0.0047991930719295024937  | 0.0090632891803718411416  | -0.008086247040611871037  |
2     | 0.0030385033342108717751  | 0.0067374971819423607605  | -0.021361629667440009545  |
3     | 0.0036989827283228650899  | 0.00099460052876766897115 | -0.025445112672274200483  |
4     | 0.0047429465708172463892  | 0.0014765472606501754173  | 0.00086319491235980951721 |
5     | 0.0066008765613050322807  | 0.0010388729404102532879  | -0.010161670091251547368  |
6     | 0.0032238521527512623011  | 0.0079543325730684240338  | -0.031366722381329453784  |
7     | 0.0059542752891122551623  | 0.0015852032756493124929  | -0.03573646278007406446   |
8     | 0.00085062296913626666856 | 0.0071686197541273874792  | -0.011168947269496581551  |
9     | 0.0035628614288608041402  | 0.00072321313567762831459 | -0.023485336949277537538  |
10    | 0.0077837339531896879152  | 0.003022173600348536035   | -0.0060149935899319719249 |
11    | 0.004478818148571253252   | 0.0082143961390539702722  | -0.021504778300532084029  |
12    | 0.00308896944066177747    | 0.0036911368807928828829  | -0.03657847347332147947   |
13    | 0.008628127778164837447   | 0.0069948489909313913207  | -0.021164897607504860877  |
14    | 0.0058583183032473356081  | 0.009406572605322386163   | -0.0085144409000550910771 |
15    | 0.0039887250720583803526  | 0.006471816043599678582   | -0.01890622190759930904   |
16    | 0.0032554543018501534528  | 0.0084084849130822616331  | -0.0089938725147791845349 |
17    | 0.0014747818531731945145  | 0.0088964373892127628085  | -0.02599270765856779089   |
18    | 0.0046055924125830210655  | 0.0097772575093780320771  | -0.027520129512134210853  |
19    | 0.0065133168395536469863  | 0.00078159649718201806498 | -0.023959694004547414659  |
20    | 0.0041836461086868798748  | 0.0032070337036478576212  | -0.028029199012536507724  |
21    | 0.0084461866183839478389  | 0.0047993528193665587617  | -0.017255626284078583177  |
22    | 0.0062262742278921647324  | 0.001832989478646465057   | -0.012719841120628344946  |
23    | 0.005981704088388186541   | 0.0065598132600267894388  | -0.027293354145058189991  |
24    | 0.007933055353836338322   | 0.00077048049054080235045 | -0.0034218855665277387278 |
25    | 0.0076208567211165671382  | 0.0018184148358360260108  | -0.0051256352339858410327 |
26    | 0.0029285336190825149438  | 0.0091621030662737048406  | -0.015804189151613922543  |
27    | 0.0029326566324800761899  | 0.0046497924285413315751  | -0.026289300406780929942  |
28    | 0.0052751390029547335497  | 0.0073068641998806430071  | -0.033262307339675278861  |
29    | 0.0044151624802435734604  | 0.0032610495296471189372  | -0.028756330945560650697  |
30    | 0.0054035803498541524342  | 0.0019567976622386299562  | -0.027819965087267403692  |
31    | 0.0040747914031348001981  | 0.0024349364470325953608  | -0.027022349488895806846  |
32    | 0.0027884740362172188814  | 0.0054739710486891562241  | -0.018430353154466946192  |
33    | 0.0019554917971720273476  | 0.0091460344167036810442  | -0.0071613176289915137646 |
34    | 0.0036209290951133700324  | 0.0081294582073988090609  | -0.0055289499476216374257 |
35    | 0.00094756909233659105795 | 0.005568977892640093047   | -0.030211590949614470364  |
36    | 0.0093523989815970740708  | 0.0096992507212420343843  | -0.02627301530261900997   |
37    | 0.00017012937844453941564 | 0.0054831982281458744796  | -0.032012840628212371752  |
38    | 0.0060607465083735885536  | 0.0067884486306715348392  | -0.026330337464734055591  |
39    | 0.00074893542519101536942 | 0.0031949281287866801958  | -0.032163229948412287718  |
40    | 0.0060320286695463220736  | 0.0032592034179273177662  | -0.030889595379593404179  |
41    | 0.0077240640363695437648  | 0.0044134415504237410263  | -0.021714193206103640787  |
42    | 0.0066885920344882613536  | 0.0093220785239729597738  | -0.0080112035387197248065 |
43    | 0.00053907567381907299173 | 0.0030059678875068605516  | -0.0099419231105358340378 |
44    | 0.0023583440768886443882  | 0.0065933753907711032533  | -0.0089803448539781238064 |
45    | 0.0006070319302581129008  | 0.0026466008414925677218  | -0.025028194278652601129  |
46    | 0.0035413126168372622768  | 0.0016486459513393786     | -0.013998060368656016841  |
47    | 0.0033876773942596149353  | 0.0031781094170791252852  | -0.012883389576555437372  |
48    | 0.0049147350798825909304  | 0.0079050396616477860284  | -0.0051914823131392990804 |
49    | 0.0036159784202510728175  | 0.0060449157971781981163  | -0.025154628802289927259  |
50    | 0.004498722562833287926   | 0.0069817159717400073538  | -0.031079887129386002398  |
51    | 0.00076534644107172436489 | 0.0065783744326942629119  | -0.019943286422063444263  |
52    | 0.0036198030370040725455  | 0.005334742191394906824   | -0.016837775574578245363  |
53    | 0.0088767219205661967996  | 0.0081236131911516691606  | -0.026789670879793021224  |
54    | 0.0016327128190282613664  | 0.0057702662941946022968  | -0.014649866749977842953  |
55    | 0.005403939382084266968   | 0.0089013021722799366697  | -0.010545283292996870603  |
56    | 0.0087100976505416968787  | 0.0037911445752742633196  | -0.023788862578275792731  |
57    | 0.0029594739472713397187  | 0.0084404078955764277187  | -0.0072404279860359957097 |
58    | 0.0018924420949135393067  | 0.0093536562438899691074  | -0.022234458305134267159  |
59    | 0.0053606256357125970854  | 0.0076772432481152031239  | -0.032692209367281892252  |
60    | 0.0052527807511463112458  | 0.00011784659383183705261 | -0.027519752153727043004  |
61    | 0.0076432030838807516263  | 0.0062145022265207338144  | 0.00019041185795655858441 |
62    | 0.0069676683244598927591  | 0.0071906598589243754874  | -0.025548804463128450132  |
63    | 0.0082958293790701444215  | 0.0099292648484198189202  | -0.0028724506597741323796 |
64    | 0.0071202576975659846378  | 0.0073037437501697532669  | -0.013682443208776267837  |
65    | 0.0065092943027893505545  | 0.0085344167048472183157  | -0.025589306856172670118  |
66    | 0.0019540768981265409232  | 0.0064578510152785298729  | -0.034483855120642920022  |
67    | 0.0057558109772875842847  | 0.0027905488247652369092  | -0.018591101329374935813  |
68    | 0.0017682159897225852019  | 0.0075120111972575469642  | -0.0092899557732835542911 |
69    | 0.0013487572578736158144  | 0.0059239428967923241781  | -0.019656998627368044846  |
70    | 0.0088410296851637853316  | 0.0051209359649545893936  | -0.007904808452181104339  |
71    | 0.0090543526000422865779  | 0.0075041576126093304661  | -0.031508065227456291679  |
72    | 0.0068013229373134649614  | 0.0082581414933275282264  | -0.011806355501598262206  |
73    | 0.0021750077285396839447  | 0.0035417815019621740058  | -0.02857748564824850665   |
74    | 0.0041324702667445423199  | 0.0066023696774343892599  | -0.014555941811458791846  |
75    | 0.0073006426998725127905  | 0.00052835688106636863413 | -0.034019613796180576959  |
76    | 0.0060225732549122326306  | 0.0015899421786621011771  | -0.0097259810183583372822 |
77    | 0.0044682999020276325045  | 0.0047448645134999930736  | -0.0033744220092610773334 |
78    | 0.005474912537134006725   | 0.0044566668704636288809  | -0.013295588129160571672  |
79    | 0.0041878235504097648806  | 0.0067769082765420079334  | -0.023082028547897967541  |
80    | 0.0016913575397557623244  | 0.0040923302541484981795  | 0.00030523575861901488387 |
81    | 0.0078865489131710788534  | 0.0014200997836566460562  | -0.0074135828077435033182 |
82    | 0.0069112990695490367568  | 0.0047732367632693306972  | -0.033670952200640209828  |
83    | 0.0051647163763623932589  | 0.0069089845911919980925  | -0.0079349111602494814405 |
84    | 0.0096263744984133644417  | 0.0021534731221025259391  | -0.007888062504344758169  |
85    | 0.0028454968427778096554  | 0.00036469606142877468435 | -0.018904894456527914642  |
86    | 0.0017511678534461790503  | 0.0048252600515415050575  | -0.018528978866396709352  |
87    | 0.0036712885016725645831  | 0.0067816604423820339015  | -0.036874426625072904973  |
88    | 0.0060143228250391046405  | 0.00072588154182147196416 | -0.0099164632688361724344 |
89    | 0.0093358668307598029201  | 0.0070680199792721295701  | -0.021839649018466061187  |
90    | 0.0040921355421522000867  | 0.0062121159653220061822  | -0.032066485638901437438  |
91    | 0.0049455654341116752834  | 0.0024529922612951770948  | -0.016811375338746867292  |
92    | 0.0082602144410672141001  | 0.007376204627186467612   | -0.0079939293702541280168 |
93    | 0.00091124830868607304118 | 0.0074813719620120270118  | -0.010661304697296645691  |
94    | 0.0052671373269732009795  | 0.0076361636603553906602  | -0.034393682760032219525  |
95    | 0.0045534714396620306481  | 0.0096558271164935410152  | -0.015301369741618314063  |
96    | 0.0013828754592113802827  | 0.0097975057794175736403  | -0.0059639613452004006447 |
97    | 0.0056333096670086657207  | 0.0049289638136352240463  | -0.0041610437929995927608 |
98    | 0.0099626954155276302438  | 0.005076921929942566393   | -0.035503649091868177967  |
99    | 0.0044853321040691715438  | 0.0072959172703340865671  | -0.00057678690890746895856 |
100   | 0.0098257387079566591015  | 0.0048389393566985869008  | -0.02681168279326577239   |
101   | 0.006345047490143616159   | 0.0069231178255072800543  | -0.022673610028074813599  |
102   | 0.0060299538993145058996  | 0.005616974422991022689   | -0.023466013865305307418  |
103   | 0.00012517858825447403552 | 0.0084151522672865006203  | -0.01167727663860945557   |
104   | 0.003193042649827271956   | 0.0077470007349169228705  | -0.013183688709122764679  |
105   | 0.0086195850888477372476  | 0.006677492071009263723   | -0.017655483393667983222  |
106   | 0.0041018290936582031334  | 0.0084146474998160782077  | -0.036333042131228100724  |
107   | 0.0081041662075712877361  | 0.0066055427345506042072  | -0.030757988580275081453  |
108   | 0.006682412316141125852   | 0.0092383537672794894396  | -0.036335550959452830866  |
109   | 0.00060174173301609436715 | 0.0035174137526410064261  | -0.011374869177035748166  |
110   | 0.0040270336478550987358  | 0.0037360054144320396091  | -0.027387927973856383834  |
111   | 0.0065525326793738165529  | 0.0036988504731714690749  | -0.019786889224619748362  |
112   | 0.0089001882289248164526  | 0.0083612797665667554919  | -0.0023696924006678865213 |
113   | 0.0069622991369504933987  | 0.0044052529049282869444  | -0.0026973077730137553533 |
114   | 0.0085671001558255618913  | 0.0078235795734904068494  | -0.0086812667015508434426 |
115   | 0.0016831659566709259931  | 0.0022257306715454654861  | -0.0170137315536860248    |
116   | 0.0033784574130170715728  | 6.6697311015097316352e-06 | -0.029907636286107791568  |
117   | 0.0086960094340351665188  | 0.0035234570575425712066  | -0.0084397960382010944747 |
118   | 0.0053551549920367817054  | 0.0043455846608321238231  | -0.006046831839191142699  |
119   | 0.0064915506025029880502  | 0.0026582287024323786491  | -0.028752839890593885619  |
120   | 0.0024763848332057768198  | 0.0033226560215211982385  | -0.031492149587070854266  |
121   | 0.0048362860416150017795  | 0.0015488454016925248119  | -0.033623821251329899518  |
122   | 0.0096671551866164707328  | 0.0074763592220015544221  | -0.0099534914942078049627 |
123   | 0.0031313355149944536136  | 0.0024751325027246914162  | -0.02584689704270261984   |
124   | 0.003832769880556783932   | 0.0065169779810146030719  | -0.017138858056117801248  |
125   | 0.0065483723917244707896  | 0.0086646183864921948181  | -0.0084634558405097138484 |
126   | 0.0081905873514964040727  | 0.0069093261279885576087  | -0.018043079242552745312  |
127   | 0.0023074598255927807576  | 0.0073441435255755908862  | -0.011580777393532342562  |
128   | 0.0042133060468056210066  | 0.0016644406578359652749  | -0.034007665640727498257  |
129   | 0.0097192024215203426385  | 0.006112154593152130562   | -0.00082172949169008403965 |
130   | 0.0058921873404135967356  | 0.0068723140090727928911  | -0.0031572826962501625292 |
131   | 0.0036976063461816605776  | 0.0053780250004828054552  | -0.03735353256229503871   |
132   | 0.0042078140959717130407  | 0.0031126964950001752633  | -0.012903255053259950896  |
133   | 0.0034484035546790106803  | 0.0034108491004278306338  | -0.024840506793434666971  |
134   | 0.0075953210560413481414  | 0.0079253683551082192149  | -0.030784626745110007379  |
135   | 0.003709600389072397527   | 0.0060990053462660568512  | -0.027210616854386124319  |
136   | 0.0042355185997671575618  | 0.0062160375710133899951  | -0.028546839398348688305  |
137   | 0.0055988914758969355115  | 0.0062266333106391694163  | -0.013543535316914448452  |
138   | 0.0072790990552278438119  | 0.004826511752796980477   | 0.00062658311360577127573 |
139   | 0.0062089451269243724901  | 0.00082369865940254611593 | -0.015378243714324927108  |
140   | 0.0061223294341804148505  | 0.0065513140214584174303  | -0.021825833980138108908  |
141   | 0.00054453440172951158259 | 0.0074007086084465828132  | -0.032753511809984252323  |
142   | 6.5511593591391375667e-05 | 0.0069438994072832504328  | -0.018223505432656755126  |
143   | 0.0034204045156481883636  | 0.00030549766064653119347 | -0.022505882151213338349  |
144   | 0.0096915991204200527959  | 0.0056416083290888076329  | -0.018778489450722246623  |
145   | 0.0069870657443610690793  | 0.00945847171241852476    | -0.018177497410291294788  |
146   | 0.005256257391485139735   | 0.0093238426777707255483  | -0.00074615935962450013769 |
147   | 0.0043712128908378741418  | 0.00045539813169298559714 | -0.026545038895630184567  |
148   | 2.988189819746925907e-05  | 0.0081469413068534241723  | -0.0041473216917592547331 |
149   | 0.0016611954798621112774  | 0.0077959591662259374034  | -0.025085434042621562734  |
150   | 0.0041539613659412229218  | 0.0033002384294261956008  | -0.030322799151951150554  |
151   | 0.0040591854491385873094  | 0.0038269625294810732941  | -0.027098405057461756595  |
152   | 0.0074233819375694107268  | 0.0013005864150004574527  | -0.021414027162170834462  |
153   | 0.0075324801346582249267  | 0.0074447699320088029859  | -0.012091552436512333427  |
154   | 0.0042985954077611942745  | 0.0082648535449200595526  | -0.014530868659084572245  |
155   | 0.0044633738202080686444  | 0.0010522368069381092277  | -0.003848727259414127036  |
156   | 0.00086310175446221168785 | 0.0084705171793786181861  | -0.022810921790429726508  |
157   | 0.0055565676478513256406  | 0.00032409139426417836374 | -0.0030620128965229711192 |
158   | 0.0093728517729104784267  | 0.0036007854047771636202  | -0.02210333902305849571   |
159   | 0.0042017475882516206256  | 0.0028070910436937303312  | -0.030245077714842794753  |
160   | 0.0037247285870814906932  | 0.00073195697632086754569 | -0.035044544781357475638  |
161   | 0.0053877044960576221666  | 0.0076743158519117079738  | -0.011382715048363346161  |
162   | 0.0053568343810806093308  | 0.00026099814737519507965 | -0.009325187523579362564  |
163   | 0.0050218031594023541941  | 0.00027260976511674978777 | -0.013792690605273742396  |
164   | 0.0040540581399882312172  | 0.00024186432400696635816 | -0.013108952329215847396  |
165   | 0.0063267865959846627047  | 0.007543138980343200295   | -0.014947794382399489169  |
166   | 0.0074979630003270437977  | 0.0076457399542724348643  | -0.032750351426398802146  |
167   | 0.0015674491620366226736  | 0.0098478425623643554843  | -0.015047131410760987771  |
168   | 0.00073775793464968459669 | 0.0058947884641974432687  | -0.010490557658511678527  |
169   | 0.0039078194472336796536  | 0.00017940398993288554576 | -0.0077117246320160398598 |
170   | 0.009944176175118351127   | 0.0069408324839739972412  | -0.011540280741024828287  |
171   | 0.0032295832913677609277  | 0.0077560290439709052637  | -0.031936453853629746813  |
172   | 0.0037071667146434152118  | 0.0040090000895256026198  | -0.0031434586064597986287 |
173   | 0.0042597146434345126501  | 0.00076557275062700321649 | -0.0075012808685633921429 |
174   | 0.0052689255450126164584  | 0.001364255360394422403   | -0.014459966958284841548  |
175   | 0.0016628195886081572827  | 0.0076931387362448181225  | -0.037071817372126454615  |
176   | 0.0030266528270561708462  | 0.0078819616281289219678  | -0.020506453456386863204  |
177   | 0.0059886681807994794971  | 0.0062568868157796744128  | -0.0067874596823087043548 |
178   | 0.0023969461641456238019  | 0.0075836633828750225211  | -0.018293895510627190826  |
179   | 0.0083657884411772673316  | 0.0096755299474110632169  | -0.025715652165434713106  |
180   | 0.0039120989233080907116  | 0.00058398788291920194701 | -0.014714760895899101772  |
181   | 0.0068218669993471573246  | 0.0088755104618732927335  | -0.026767523703415566777  |
182   | 0.0083793197560915137073  | 0.005783137761417804501   | -0.025537329122010694188  |
183   | 0.0048180188885041837221  | 0.004228642741865645642   | -0.026456887327757413336  |
184   | 0.0029908027076632035142  | 0.0051139256480766896035  | -0.0096075894409047620653 |
185   | 0.00056266442791791349779 | 0.0028243965500718702828  | -0.032795240960980673317  |
186   | 0.004053202565220135993   | 0.0060866856164541833715  | -0.023727046662558266832  |
187   | 0.0057507254467246389854  | 0.006708492326659968967   | -0.0098725482057941162106 |
188   | 0.0055911652811096879817  | 0.00029498016802192338548 | -0.0066678436892017500445 |
189   | 0.002460185775171860878   | 0.00073631860440695918058 | -0.021999931735233128199  |
190   | 0.0029074988399193841572  | 0.0051997295900464016519  | -0.0024804170659514842429 |
191   | 0.0025074715753918490162  | 0.00053476274128440434361 | -0.022890699121409969347  |
192   | 0.0025412319603173561498  | 0.00012300497400950007867 | -0.01134823590319853498   |
193   | 0.0029694905528980671504  | 0.0050514738961053564856  | -0.01854717450875618262   |
194   | 0.0092913016564663639812  | 0.0029323994349306319041  | -0.012877022927490834256  |
195   | 0.0011336410144424586329  | 0.002744160195339354763   | -0.006459634613263758908  |
196   | 0.0063702453909790218017  | 0.0031131101629546871663  | -0.029674090094907790149  |
197   | 0.0046115109456405295116  | 0.0063843577413761828931  | -0.017437311626716300861  |
198   | 0.0088081285214954944951  | 0.0042836384101511805825  | -0.025654293180770677829  |
199   | 0.0089201254611934541888  | 0.0038737951822718007071  | -0.029385914456804333034  |
200   | 0.0033063598285639518581  | 0.0052594909348067991547  | -0.013377658399631167305  |
201   | 0.0028392980684499359058  | 0.004091879189138870887   | -0.032193146296562794029  |
202   | 0.0040858723629197445451  | 0.0074701281508344642007  | -0.0061958988187749697296 |
203   | 0.0048883299780413339702  | 0.0087650715715655008048  | -0.028009250685579519663  |
204   | 0.0021968205669123702824  | 0.0031478238075971524609  | -0.027593436663931276975  |
205   | 0.0069018931868409473182  | 0.0019833427294178233684  | -0.036764724039422227997  |
206   | 0.0063048522561755023647  | 0.0048899036796209733452  | -0.012985150871428071187  |
207   | 0.0067768598837403166979  | 0.004772829895962812756   | -0.012596263356081081192  |
208   | 0.0037273811672806013602  | 0.0091415657771282531757  | -0.020429168433647459241  |
209   | 0.0077763506155771478651  | 0.0078770967528222022441  | -0.019774114296643739708  |
210   | 0.002937177383627696467   | 0.0047188149660802218913  | -0.0034627800908105152954 |
211   | 0.0031768280096559054458  | 0.00017715232500999252528 | -0.0092899622833381573228 |
212   | 0.0053574459629271145231  | 0.0056935934396362599536  | -0.0026153468432396037406 |
213   | 0.006931734386061225682   | 0.00068094458661064195641 | -0.00054263588558927278345 |
214   | 0.0045996913286532473478  | 0.0050013619447852319944  | -0.028785485698233963248  |
215   | 9.779694529312328848e-05  | 0.0053413854767512649116  | -0.023380563564507628183  |
216   | 0.0095124567101682461212  | 0.0091088948672786648753  | -0.031890095178277309829  |
217   | 0.008285590502903120852   | 0.0081908443247560355077  | -0.028458885709846535456  |
218   | 0.00091734869914301454558 | 0.0069256347580369760283  | -0.012223936276294230033  |
219   | 0.0026892115680536123404  | 0.0045765612670642021736  | -0.035036028024344349763  |
220   | 0.0072664704618616007478  | 0.0062673099556168170021  | 0.00062115871986088836473 |
221   | 0.0069362028685790982213  | 0.0095435041427766719585  | -0.016661757623904444731  |
222   | 0.0052730519430340995479  | 0.0090336331979102464651  | -0.023792821626737903351  |
223   | 0.0031681517417170212622  | 0.0021224311690530334347  | -0.020600636774181675659  |
224   | 0.0012290049199801204166  | 0.0075540330037364138843  | -0.026752463055115294904  |
225   | 0.0089183123870410947742  | 0.00037968265859820684227 | -0.018544110457290076399  |
226   | 0.0021512513504530613936  | 0.0037868512280274328058  | 0.00059447752776787166247 |
227   | 0.0066103345829962951649  | 0.0041868655995135313844  | -0.004594864292385058592  |
228   | 0.0066154880431086903261  | 0.0030299817960349087302  | -0.016565777327254577883  |
229   | 0.0044949002818419053068  | 0.008147926017459505843   | -0.010985282049275112495  |
230   | 0.0050801055412229073269  | 0.0010257016202048247367  | -0.027119988933272175941  |
231   | 5.5900380793570134737e-05 | 0.0061120048746277563789  | -0.024165244527778916711  |
232   | 0.0058344376118021580233  | 0.0077911836023621360015  | -0.0020969959684263876284 |
233   | 0.00040972353784423320121 | 0.005866215472455037043   | -0.031934833755370803376  |
234   | 0.0050761317129320478181  | 0.0040607717257329740621  | -0.028641777961033357269  |
235   | 0.0015838340210244448818  | 0.0040586135763776053434  | -0.027677159534938121366  |
236   | 0.0036063624672850076724  | 0.0026474370299979723027  | -0.01536616202005650772   |
237   | 0.0035788127391890084059  | 0.0039947817374578519292  | -0.0022608753750599421689 |
238   | 0.0023576038014837723614  | 0.0058283647083749315701  | -0.0068331497283922477265 |
239   | 0.0098324593515138770244  | 0.0080264252266929857899  | -0.005304221305595348962  |
240   | 0.0067561367699608904439  | 0.0095487226704806631161  | -0.035521708682325646433  |
241   | 0.0056014590103240285632  | 0.0087741910545355364381  | -0.0042564643511243810403 |
242   | 0.00079422937507289106864 | 0.0048834398396205387291  | -0.01149613241290002412   |
243   | 0.0026262977253020567889  | 0.0059119657535354978167  | -0.022307351237585981707  |
244   | 0.0070781683465410477271  | 0.0050895289420692683621  | -0.0069770591969232987131 |
245   | 0.0050368300642384105509  | 0.002496323067210991925   | -0.034709568258906045579  |
246   | 0.0098955387260658868309  | 0.00083575605283000968006 | -0.015693198878605520152  |
247   | 0.0056956362329927887056  | 0.0031996380448273339936  | -0.023009846413563316003  |
248   | 0.0097653346468697076188  | 0.0050991520818893226047  | -0.015820625537277668154  |
249   | 0.0066615381994682126149  | 0.0024653307390263608928  | -0.011230265374210424492  |
250   | 0.0066568808846345335975  | 0.0054619929297962319104  | -0.0034965707339559277782 |
251   | 0.0043719783266121152801  | 0.0049506154055514207946  | -0.03258755515209554865   |
252   | 0.0072035100962679846776  | 0.0057580917434160057422  | -0.037681455213682414629  |
253   | 0.0048037373426812676747  | 0.0087839311380345664465  | -0.029812407534744341658  |
254   | 0.0023159072039853549445  | 0.001324753907598760598   | -0.018244467509805468997  |
255   | 0.0017735330113599933385  | 0.0047367053818804438423  | -0.0021314879379258728706 |
256   | 0.0047192396699371015265  | 0.0075823647793452379415  | -0.022047475485800729911  |
257   | 0.0020450092299861056568  | 0.0027075582903983543351  | -0.016653985562463401865  |
258   | 0.0033001012679866373843  | 0.006781953695709358465   | -0.015168997220470124832  |
259   | 0.0064396415253549907018  | 0.0092763866013133959576  | -0.017229415441970576117  |
260   | 0.0042584319231567992897  | 0.0006345626880526729699  | -0.0095255784105780054449 |
261   | 0.0057127240026414588536  | 0.0068442390270948465572  | -0.037373033113398915206  |
262   | 0.0010546834573649402442  | 0.00016725898442945976016 | -0.022129961517355519612  |
263   | 0.0072603933814084763848  | 0.0007134193978986823944  | -0.030246121105987028993  |
264   | 0.0062307750050575741799  | 0.0017026953100684708454  | -0.0011671559205934111964 |
265   | 0.006582079744640652319   | 0.0064934993858033768915  | -0.019383794882645681568  |
266   | 0.0039850926005821915923  | 0.0033710579692281653942  | -0.030882268980307655409  |
267   | 0.00081687698627075150046 | 0.0031362307508352063427  | -0.019040117402461587126  |
268   | 0.00605775322581889996    | 0.0064511776586948128831  | -0.0046775776908714889607 |
269   | 0.003787928823303710231   | 0.0024496145352577857086  | -0.0059674335783398806121 |
270   | 0.0094418844245803875553  | 0.0046180181533556803608  | -0.017723516496123081776  |
271   | 0.0053256658937814276011  | 0.0091257087409259019656  | -0.00071993628652896538966 |
272   | 0.0056414411192555217675  | 0.0080024653130443944987  | -0.020542604466777698857  |
273   | 0.003684105726827640627   | 0.0095500275754202054029  | -0.023902026786687909088  |
274   | 0.0061624088668630339072  | 0.0075504426793781848765  | -0.023340424145052697524  |
275   | 0.0089514347068899175613  | 0.0052761433856366645942  | -0.0074473545487650609498 |
276   | 0.0089053758891537559278  | 0.0033963064836977662798  | -0.018314378029282162713  |
277   | 0.0022910427917317648626  | 0.0048610767876586420677  | 0.00041673326305565524391 |
278   | 0.0086345792037462298224  | 0.0047154270928560001325  | -0.014683412345366053317  |
279   | 0.0039931196150545453238  | 0.0042211815349232906236  | -0.0073553506610664525292 |
280   | 0.0090393087330885735914  | 0.0036893004641942168768  | -0.034002209622020634905  |
281   | 0.0043805729235931812129  | 0.0078245270294128622945  | -0.016923020698224502945  |
282   | 0.0036845702026582984219  | 0.0012901697586941917543  | -0.027921187670930883856  |
283   | 0.0082417491972185865506  | 0.0056993029905671750007  | -0.028903471114043472606  |
284   | 0.0027693694188112558986  | 0.0044302037776757022258  | -0.030976233228811503317  |
285   | 0.0095898667155244615712  | 0.0060346860357502153313  | -0.0063913585146148374841 |
286   | 0.0013801313726228791028  | 0.0021138206868103457704  | -0.027851496559181385115  |
287   | 0.0019876597022872306668  | 0.0064214453243451015754  | -0.015058841408381675592  |
288   | 0.0023542744069801626282  | 0.0027848478045160362723  | 0.00014762526550962922628 |
289   | 0.0098981575457107850297  | 0.00016348744656666252964 | -0.031548977829438266951  |
290   | 0.0014884780584468520689  | 0.0064989458344077415813  | -0.00890188936853344992   |
291   | 1.295841665842696513e-05  | 0.0012015305457981411905  | -0.017856355844804345373  |
292   | 0.0028453509727517159456  | 0.0045293800348842781431  | -0.00092059391834863816932 |
293   | 0.0095125230326537774106  | 0.00027196131180766115959 | -0.026795653024337302145  |
294   | 0.0078062794813069553979  | 0.0073357655874461014794  | -0.0038442916890267077659 |
295   | 0.0025977480558448803535  | 0.0026216466244035263253  | -0.02285470486268616902   |
296   | 0.0072055000491451949574  | 0.0040224067680062012414  | -0.02937172265025967538   |
297   | 0.0008764536035585491873  | 0.0030065368541918350773  | -0.031874736753587082361  |
298   | 0.0022131010288848635553  | 0.0048539552182415230189  | -0.034381328872246423589  |
299   | 0.0016106540806851267576  | 0.0073012372662887058475  | -0.023435385475988484288  |
300   | 0.0044215498310519792818  | 0.007239908461408886553   | -0.027709390898256535535  |
301   | 0.0014066826341201988694  | 0.0073587181253351729993  | -0.037320227805957048584  |
302   | 0.0096044937959488350249  | 0.00209397383344881588    | -0.034984711871184057119  |
303   | 0.0080095017746470934666  | 0.0051743043810234404592  | -0.029173078626639380867  |
304   | 0.001273063791322807687   | 0.0058843152320292059498  | -0.016511949568049587994  |
305   | 0.0063262292276735684199  | 0.0072894606793281746526  | -0.030756049127025043843  |
306   | 0.0044502826510682460398  | 0.002629308062928447081   | -0.027488847119071752739  |
307   | 0.00012269199760274660774 | 0.0036358050356731183052  | -0.0088381716093967055414 |
308   | 0.0089428074006144067654  | 0.0049757135932952997054  | -0.0062027053694336427292 |
309   | 0.0061173408988325342003  | 0.0030156272793460392467  | -0.013775645156472723224  |
310   | 0.0096664524888327787999  | 0.0055354168731814703056  | -0.014740848841937702687  |
311   | 0.0087486016934148289753  | 0.0057305286804569342124  | -0.015944551109568889935  |
312   | 0.0070512706965097475542  | 0.0038299015087085060138  | -0.032333376190145667051  |
313   | 0.0069312025444479919215  | 0.0027584551005522153604  | -0.0064220923053700598726 |
314   | 0.0041862194878087592362  | 0.0068827969337612602066  | 0.00048875531094070678167 |
315   | 0.0098940592274697237996  | 0.0089176489380076457564  | -0.010683383615788645191  |
316   | 0.0054230842948689295113  | 0.0050103568206320749784  | -0.0074456045599060605156 |
317   | 0.0061310962863357380478  | 0.0018469792835070315482  | -0.036742240206033574546  |
318   | 0.0073793498213202118191  | 0.0052837790993332115277  | -0.0033107570769451218247 |
319   | 0.0024169788978772627393  | 0.0022802688598497515213  | -0.0055354032265932141821 |
320   | 0.0068271612400103648746  | 0.0044800792636882549175  | -0.037254160085695264826  |
321   | 0.0035820706589057586464  | 0.0029649491317654901555  | -0.014838277591167048017  |
322   | 0.008762838672422643832   | 0.00025632262836375655207 | -0.0061878149886063398347 |
323   | 0.0050902024614069623851  | 0.0019867704754146574102  | -0.009385947660094014558  |
324   | 0.0021935106871148546751  | 0.0044471256582187318127  | -0.018501693564668197228  |
325   | 0.0053917166021351043206  | 0.001849586246963947191   | -0.025506415154588502753  |
326   | 0.00079097418354818951197 | 0.0049460105840120702908  | -0.014069401191709482099  |
327   | 0.003955307185038038631   | 0.007126136270802383918   | -0.016236484302395545049  |
328   | 0.0099145006606574225677  | 0.0078612190526925005557  | -0.030154664556884962917  |
329   | 7.2494345917164989537e-05 | 0.0064814833498275251436  | -0.014848970108151249639  |
330   | 0.0023451420534604363113  | 0.0030501626395238803924  | -0.0053799762970470040371 |
331   | 0.0064475908594036667257  | 0.0025735773023415186439  | -0.016825105121640236     |
332   | 0.0058146553329761806531  | 0.0058933010275657934929  | -0.004547594896939424064  |
333   | 0.00090685128180478010839 | 0.0072891072180846019912  | -0.022169301408968493383  |
334   | 0.0005642793775304887462  | 0.003752869528758469124   | -0.01700649282763339043   |
335   | 0.0034375928997581162681  | 0.0096012646161463405248  | -0.00040841790597148078159 |
336   | 0.0087551247409993881304  | 0.0048076817394843143413  | -0.018619664429815552253  |
337   | 0.0024574570591300135165  | 0.0090183843126102301857  | -0.012321112749525147192  |
338   | 0.0086155819322667279853  | 0.002025505187597235416   | -0.017736280068617778227  |
339   | 0.0046148077022115079754  | 0.006249116471248512307   | -0.032014319715642704234  |
340   | 0.0044388275594306383226  | 0.0058753479623445308347  | -0.0076602207205240585228 |
341   | 0.0043161644312523167813  | 0.0086981993124284791297  | -0.028522551909456489438  |
342   | 0.0013976286115079371037  | 0.00096326071424270888477 | -0.00016403670458259872618 |
343   | 0.0017949053468203609099  | 0.0036335615017864405195  | -0.0065878656765760270145 |
344   | 0.0061041939709198574787  | 0.0074018135344357952402  | -0.0023710747091657672671 |
345   | 0.0051176490141309665186  | 0.00011385224910321714597 | -0.00026628132747829241561 |
346   | 0.0099407349923088580285  | 0.0078022033263608686279  | -0.020624829948485540881  |
347   | 0.0074436220909098503931  | 0.0056071566848112756876  | -0.02918313255345102511   |
348   | 0.0082745400524560780431  | 0.0023620683621618098098  | -0.019661580471051685187  |
349   | 0.0023703795248295011881  | 0.0021886080607530517678  | -0.02126017337536264748   |
350   | 0.002189725327942556362   | 0.0036144939853680565535  | -0.013197918336616737411  |
351   | 0.0024291060365169607829  | 0.0026634412816569702151  | -0.02820005892017014501   |
352   | 0.0030572311731252663908  | 0.0034464189513662727912  | -0.019638348595890101067  |
353   | 0.0037798322522610318386  | 0.0044516586081660407953  | -0.0082744955297982571152 |
354   | 0.0067210930017265078582  | 0.003673221383574113829   | -0.013470101288696870179  |
355   | 0.0050513777855967761238  | 0.0042395612072235666287  | -0.0050738725396047151817 |
356   | 0.0003358213498983769643  | 0.0091246330424375327039  | -0.032052656589513027485  |
357   | 0.0041122859353324072579  | 0.0043514431397231418883  | -0.037485041340411695554  |
358   | 0.0046821116590982543582  | 0.0025886555330453283989  | -0.036057089405087117129  |
359   | 0.009429974553575306076   | 0.0042382983601408135907  | -0.028304655153878144347  |
360   | 0.0065748690972925703802  | 0.00023286600171144790795 | -0.029649701214192379639  |
361   | 0.0036617501044944118956  | 0.0060574084093843070728  | -0.032550097223092655518  |
362   | 0.00071008958604862370319 | 0.0022479876064931919415  | -0.032204461269842374338  |
363   | 0.0071231793191476730151  | 0.0076958732701716573918  | -0.0013992788654368915318 |
364   | 0.0016671326367245901424  | 0.0043609210445630895714  | -0.020010103248696342604  |
365   | 0.00041738646305495218872 | 0.0074354727632990084626  | -0.0086882326053470144284 |
366   | 0.0020283552955062942626  | 0.0033002197826979516593  | -0.029586688110575437571  |
367   | 0.0070770608105430758347  | 0.0026387146777485390517  | -0.004661970323399298316  |
368   | 0.0063988855122888693011  | 0.0001199497465144584035  | -0.014656082085717244898  |
369   | 0.0043260182688075431157  | 0.00068161967216384959818 | -0.033005260684864319576  |
370   | 0.0021856322093150638321  | 0.0043942392050899444639  | -0.0131810578860025885    |
371   | 0.0028561162987487580603  | 0.0054518655272194922051  | -0.0018279881346150027473 |
372   | 0.0035496798556290632895  | 0.0063317138869403233672  | -0.020107596554522804561  |
373   | 0.007608870020584661796   | 0.0010910328774862570762  | -0.026474550328483639067  |
374   | 0.0076640887983302130246  | 0.0098572799485661648927  | -0.03276034387118849367   |
375   | 0.0058125337945369422513  | 0.0017312176990551177841  | -0.036172155544441753072  |
376   | 0.009258832988686731269   | 0.0039067357119703079518  | -0.0038394068795525944544 |
377   | 0.0098984420297458450277  | 0.0053749772897493473117  | -0.017430585669829346679  |
378   | 0.0048251355042159427972  | 0.0092420344540813225559  | -0.014128866470272961539  |
379   | 0.0084504154443970063565  | 0.0022829459520528109194  | -0.0012046004975668038461 |
380   | 0.0043851498168099795408  | 0.00036028160779388385473 | -0.032566915674173059492  |
381   | 0.0017988440194908793604  | 0.0045480027132650622385  | -0.02083198611924352503   |
382   | 0.0021208446148261433234  | 0.0070796883787304382835  | -0.024533153250898921682  |
383   | 0.00015424220776764579837 | 0.0090533182459824352445  | -0.022446717641019058725  |
384   | 0.0076960950454658507217  | 0.005472984187834376707   | -0.009799126092125229337  |
385   | 0.0082355866486870290405  | 0.0019535242700073414575  | -0.031893364484065551967  |
386   | 0.0078448914460382355301  | 0.0082755527904377051279  | -0.035958890121290484898  |
387   | 0.0053249077417873800361  | 0.0038525710972014196032  | -0.021246367320689039937  |
388   | 0.0073915340857482261794  | 0.0053021737286243018211  | -0.00097657920551093247916 |
389   | 0.0067969604335355593427  | 0.0063212162753304469709  | -0.014023281960498028623  |
390   | 0.0045536222846195208852  | 0.001232843400654949715   | -0.032223707090666922626  |
391   | 0.005540554935061952832   | 0.0044028682074600212701  | -0.032015553089441380064  |
392   | 0.0052670483223641855614  | 0.0038492341469170683436  | -0.037382984293853685487  |
393   | 0.0067488008474993182312  | 0.0093307411737878348523  | -0.029967240281991804063  |
394   | 0.00089295692982450979372 | 0.004040564638893897817   | -0.036733365083419997066  |
395   | 0.0066074516235297758512  | 0.00809915214357693862    | -0.024169577833361891028  |
396   | 0.0074414826097761012716  | 0.0047601222511477548141  | -0.02204659181415901878   |
397   | 0.003877230089163932053   | 0.0067723900350061157216  | -0.0017400347420836951694 |
398   | 0.0054132639624872450415  | 0.0068969244325506346566  | -0.0092647450363386348038 |
399   | 0.0029719291022500498971  | 0.0075005270821254859878  | -0.033460470124206859177  |
400   | 0.00083243228393083557731 | 0.0082472527920403205376  | -0.0099551294048089693928 |
401   | 0.0050705845681797518873  | 0.0048358213916804265037  | -0.033303201726885278688  |
402   | 0.0021049094209917903336  | 0.00165845003103191088    | -0.002346904000417436402  |
403   | 0.0046387379836479248132  | 0.010001583971241919876   | -0.011199123641476509128  |
404   | 0.0061433841437215051806  | 0.00036874062330020549935 | -0.020595831211236748787  |
405   | 0.0094392187320189776395  | 0.0046475451346778395151  | -0.031405372424447138002  |
406   | 0.0099196779593094686761  | 0.0061020539091612233801  | -0.019598113658183428237  |
407   | 0.0096487702186317751002  | 0.0087989217765406212146  | -0.0042836622616264745378 |
408   | 0.0027159558457274957793  | 0.0078101535683409942928  | -0.011292238017835475733  |
409   | 0.0038540347459660824134  | 0.0017410085157161800992  | -0.025211161520260150226  |
410   | 0.0013887839881281882019  | 0.0028870135633486697022  | -0.00082089947362406633265 |
411   | 0.0076810796272641498547  | 0.003938363545430600271   | -0.027328481114484569348  |
412   | 0.0038387294924436179272  | 0.00094121764097501378621 | -0.02478750309041424793   |
413   | 0.0025786700545212251287  | 0.0063356049831961112201  | -0.037587764125027012252  |
414   | 0.0027531496977969416307  | 0.0014361510507456033432  | -0.033331194903238978156  |
415   | 0.0027530157028419241332  | 0.0094219276736050884546  | -0.010627665173387073477  |
416   | 0.0051888466175607616399  | 0.005655719304788861708   | -0.0019599645146708638901 |
417   | 0.0073604416949197681158  | 0.0022216004731190346251  | -0.010047646486397721066  |
418   | 0.0074190940708921092328  | 0.0081017499155927076571  | -0.01902165502738677183   |
419   | 0.0099666771040962491568  | 0.0067672603176404753228  | -0.036452062887741297492  |
420   | 0.0064219420668672833399  | 0.008757228272371500935   | -0.032689948441191232775  |
421   | 0.0058033894958860084146  | 0.0093121592524470879482  | -0.0021542097720790667238 |
422   | 0.0024262640005765275658  | 0.00069565597659762491885 | -0.00080104505715380611413 |
423   | 0.0051104693486127153804  | 0.0077160674334182813641  | -0.022088667536788692686  |
424   | 0.0003768868481332115529  | 0.0078203983484591288455  | -0.007568733516206556898  |
425   | 0.0063987350219387685232  | 0.0041296693478708396477  | -0.033735860074226950434  |
426   | 0.0043202055155664243272  | 0.0094177252633160391665  | -0.0032587428253756990128 |
427   | 0.0066718829685299589974  | 0.0023387239879044492349  | -0.00015990372190649132208 |
428   | 0.0082257433266711265513  | 0.004698133079756095995   | -0.030858080468010067737  |
429   | 0.0052488320962501061259  | 0.0038002606082649906423  | -0.0059258780851274700519 |
430   | 0.0019069479385781760994  | 0.0089058498999277525138  | -0.012565178647399767239  |
431   | 0.0069260034706392298656  | 0.0071535484964594759846  | -0.0081330136985010379608 |
432   | 0.0014756189915618304117  | 0.0055617101279013588661  | -0.028817269778875449771  |
433   | 0.0026418329420284771339  | 0.0058365487013348109693  | -0.027317369391829420672  |
434   | 0.0025581096052506710134  | 0.0027093418577862219201  | -0.020971660646303510317  |
435   | 0.0097711503478815769919  | 0.0012224139547141650314  | -0.0063901226956749827141 |
436   | 0.0010455353516337008869  | 0.0079811749071185787707  | -0.0088075291217434119317 |
437   | 0.0056937804193287816154  | 0.0042150855979695665832  | -0.004817049185286976197  |
438   | 0.0085088322117921576238  | 0.0035356855364484371038  | -0.026682735887539953817  |
439   | 0.00057379118209453783533 | 0.0074602084585465968172  | -0.013909295892282758436  |
440   | 0.0093471982268487699419  | 0.0042555256042935817734  | -0.0034359615369535696783 |
441   | 0.001807087299891836597   | 0.0011851488115699269476  | -0.012690842610154150216  |
442   | 0.0015266419738430491923  | 0.0027553970393185923601  | -0.0031984825466361069268 |
443   | 0.0036143862442186767796  | 0.0083307721531844236562  | -0.013563111445948367734  |
444   | 0.00048393722225733936228 | 0.00045472460000603492003 | -0.02479201524415569971   |
445   | 0.0072013657055323941625  | 0.0071069033261895115175  | -0.011578694797873930605  |
446   | 0.0014266051547150500767  | 0.0084610568458078905252  | -0.02183834178116172281   |
447   | 0.0038573150778338179991  | 0.0084915450582145265979  | -0.034822208837003543191  |
448   | 0.00010164675512689400668 | 0.0049521819062569808617  | -0.021939017306726933676  |
449   | 0.0062057356831568006444  | 0.0070269074686505972674  | -0.01360438832319437602   |
450   | 0.0066519655879018705497  | 0.0039257840647276250404  | -0.0061894400089368070694 |
451   | 0.00065852035591551798168 | 0.0097449327764264469937  | -0.037429943397399835503  |
452   | 0.0081242439287544272741  | 0.008830677437209687175   | -0.028148598356534514087  |
453   | 0.0058528531487809830683  | 0.003698510312553891094   | -0.029220405664355804387  |
454   | 0.0081479563670775675965  | 0.0066395503604718929258  | -0.022125536859528536354  |
455   | 0.0015792134620872810835  | 0.006216245219015603847   | -0.0070683388960486237193 |
456   | 0.00086495621005034859213 | 0.004293410896946386196   | 0.00066244457007052625491 |
457   | 0.0023782446924196401321  | 0.0052254445851859310582  | -0.0052769103054143007281 |
458   | 0.0027625012224096268457  | 0.0092912567830142119701  | -0.0098867243249479014322 |
459   | 0.0055826583911650611708  | 0.0010986049093937954972  | -0.002325752743564919213  |
460   | 0.006408595109994297094   | 0.0087936066639018716645  | -0.011942890796046866722  |
461   | 0.0030003996427515953853  | 0.0044475377083529558236  | -0.010910282814196883838  |
462   | 0.003714456220869069656   | 0.0034241137639542265983  | -0.015736019077937958566  |
463   | 0.0064543448782878737324  | 0.0039296857321023566378  | -0.024327704873297290727  |
464   | 0.008453011425225290601   | 0.0011821243524651684886  | -0.032370589412549416464  |
465   | 0.0092563870567365057196  | 0.00024094054856344288723 | -0.033753255864384545948  |
466   | 5.2842721902509938198e-05 | 0.006234754486700762495   | -0.011081791409415795227  |
467   | 0.0070348122896239295362  | 0.0045339201715210364005  | -0.025457288102465065738  |
468   | 0.0030978226648246615441  | 0.0071029250185361166026  | -0.02771378645215538325   |
469   | 0.005484191691624960667   | 0.0031176717638885945508  | -0.024740929324658683663  |
470   | 0.0046562439809928217113  | 0.00038721804876154833873 | -0.027085292134221328891  |
471   | 0.00088236171985285659445 | 0.0083414692713945533253  | -0.035141952239785674561  |
472   | 0.0054631218189264132631  | 0.0086086167981356456064  | -0.035061345494073400952  |
473   | 0.006816305544229116567   | 0.0015708766296617664333  | -0.024748657163043693424  |
474   | 0.0010188885114103117969  | 0.0018982862300318003625  | -0.017702785568065763228  |
475   | 0.0049441388299445946514  | 0.0047199276353512079063  | -0.028758548817481521809  |
476   | 0.00811619865691529975    | 0.0085868158879457371496  | -0.012644242937079089653  |
477   | 0.0080431636495350671001  | 0.0079590981787559765548  | -0.0076185914897199001269 |
478   | 1.3054700613843046097e-05 | 0.0080134807308671514303  | -0.03744871323552265846   |
479   | 0.0040850213625682942759  | 0.0025202473590129502098  | -0.023153639697742627729  |
480   | 0.00022285145115451452887 | 0.0044515287369243042997  | -0.015694457308871687107  |
481   | 0.0033401803352498754887  | 0.0079975676084649213737  | -0.03151085514107922203   |
482   | 0.004446926090324642214   | 0.0048303399043510934774  | -0.03603352567152925956   |
483   | 0.0057899212689762075829  | 0.0037780098438135165974  | -0.033651038230615500091  |
484   | 0.0019777743259750987619  | 0.0061261609088601991918  | -0.025872024893477247459  |
485   | 0.0012799066832990691617  | 0.0052919267963255243667  | -0.033174193931892012599  |
486   | 0.0010436575702462049919  | 0.0072181026275233350561  | -0.0096286975148674510544 |
487   | 0.0081367485060349700743  | 0.0050580730002299780987  | -0.016607956147173648376  |
488   | 0.0087381199712499545151  | 0.0061019780283418636677  | -0.013497362727071872054  |
489   | 0.0042216896026075470191  | 0.0094638299287458180903  | -0.036756054108108324185  |
490   | 0.0047260784629418539984  | 0.0086094703907855854585  | -0.014905680819993338132  |
491   | 0.0034990206593683249522  | 0.002924371544329444194   | -0.012554804512461032948  |
492   | 0.0073537917365245654422  | 0.0082459683414938724638  | -0.017941297366233673743  |
493   | 0.0094107176381377933422  | 0.0071139376293934651618  | -0.01513753344537913971   |
494   | 0.0047323214402932856082  | 0.0046912284690609510826  | -0.036855903503297295087  |
495   | 0.0076415510414578223172  | 0.0081169013671753015987  | -0.0055279547942906652122 |
496   | 0.0087815135080039352644  | 0.0056782180040497809773  | -0.023785437283357382249  |
497   | 0.0049789911406424147006  | 0.0050287260799986854831  | -0.0028667062361069253588 |
498   | 0.0052064096605386293859  | 0.00022014015505109014786 | -0.037374712276889342222  |
499   | 0.0093817926315438240903  | 0.0051176041350944482047  | -0.012428858787401467906  |
500   | 0.00049743076696060731408 | 0.00030042975559371618227 | 0.0004965380413600338147  |
501   | 0.0045877552027649114164  | 0.0038706670545025413134  | -0.030175235104168932065  |
502   | 0.0055362137697660910446  | 0.0052803466202146938369  | -0.021509547059018929022  |
503   | 0.0012389147464382183408  | 0.0026803591076831551412  | -0.013402523536999520759  |
504   | 0.0022131214021422836342  | 0.0033441454654316456717  | -0.027325637296191609277  |
505   | 0.0070493462884034709809  | 0.0076158265505244697804  | -0.035598021011046754314  |
506   | 0.0036421042519831506659  | 0.0022600213453459684805  | -0.020455963877000313267  |
507   | 0.0089265454995784837555  | 0.0037445964057859237352  | -0.0063808885859690826423 |
508   | 0.0045713186562644477287  | 0.0017200901403679749128  | -0.027235616892332566163  |
509   | 0.0013868237383773563548  | 0.0030260696325611386066  | -0.037599961927110896187  |
510   | 0.0076807409690189407461  | 0.008465184088241130278   | -0.0071969243766934094808 |
511   | 0.0022968982352982560483  | 0.0029354682002425565822  | -0.032044487862912210407  |
512   | 0.0074023822571263175191  | 0.0097678421214767250508  | -0.032411075070974293411  |
513   | 0.0056422236983049841794  | 0.0032221382268698244011  | -0.029549739025279908589  |
514   | 0.0069541377335808687854  | 0.0016189262639518333959  | -0.0030831005928358360541 |
515   | 0.0076276714845201773821  | 0.005643008259243557749   | -0.014938401293413746881  |
516   | 0.0042536894575064630036  | 0.0010407740400943268997  | -0.0033791761435447947685 |
517   | 0.0075146850147874682396  | 0.0055421187396746760673  | -0.026298327631121581893  |
518   | 0.0032557488409730292109  | 0.0029118163337301622255  | -0.016532939243869154006  |
519   | 0.0019350432474703868537  | 0.0036580225380502444724  | -0.030570501753912498327  |
520   | 0.0028412235772228055034  | 0.0033511077267654966125  | -0.033179795924248113581  |
521   | 0.0042674960897147781042  | 0.0059120725106986907887  | -0.010984990890071365602  |
522   | 0.0029147432903853459987  | 0.0034863317022804491373  | -0.0085004751446378559038 |
523   | 0.0014911663948263312839  | 0.0083933676708311203557  | -0.012735178844278091659  |
524   | 0.0087687880827413931806  | 0.0012774847834489315521  | -0.01722045580269990564   |
525   | 0.0034040727020846974112  | 0.00058138713500355894588 | -0.036740016433294150899  |
526   | 0.00032141829868267913963 | 0.0055535900283515101175  | -0.0083494804034908980811 |
527   | 0.0091985289716479037153  | 0.0053298117907770187901  | -0.010876849736803381394  |
528   | 0.0087634309937548796055  | 0.0023392178715656189274  | -0.015171210659389726058  |
529   | 0.0066827223233824903717  | 0.0056795723854674348002  | -0.022696637842029982607  |
530   | 0.0034281823509845488207  | 0.0065780189492171238855  | -0.0038372575911225091823 |
531   | 0.0037918271275477017854  | 0.0039941246101366581489  | -0.021145700350762033914  |
532   | 0.0047715117354899761956  | 0.0037318942212713440525  | -0.00039850760179928481448 |
533   | 0.00027800416527624759308 | 0.0057301260004687416816  | -0.0097437064381363982374 |
534   | 0.002295342462828314431   | 0.0040410464111056577236  | -0.014042559953433238207  |
535   | 0.00038997643335840216335 | 0.0084951660315354463049  | -0.027940283300334305822  |
536   | 0.00018497641940260289655 | 0.00016086361851604737442 | -0.0040314746819992567164 |
537   | 0.0022567093093729820655  | 0.0041951465591335106164  | -0.012771448993540287717  |
538   | 0.0085590029900256721362  | 0.0016562591144236829717  | -0.037348641672473648079  |
539   | 0.00926090882798035267    | 0.0060454038741395320009  | -0.0051674965047254321771 |
540   | 0.0048331955976632905853  | 0.0060411545095694968097  | -0.023407656398582169649  |
541   | 0.0017421408806862390909  | 0.00049334186921536700605 | -0.016890029067867910056  |
542   | 0.0064515073578771831714  | 0.0027214572201669563235  | -0.010565969573990797309  |
543   | 0.0078883047063876745447  | 0.0061080877097223580316  | -0.0079132976142909858264 |
544   | 0.0045260784944166406601  | 0.0035738738092793613868  | -0.028284765703252646996  |
545   | 0.0083429050914583767484  | 0.0085606732902725295176  | -0.020800237753930216067  |
546   | 8.7031277981331395038e-05 | 0.0081219520912192318118  | -0.031428381616640646556  |
547   | 0.0030946773206270358769  | 0.0035115652120088617673  | -0.0043073326069475092667 |
548   | 0.0040820849186143735171  | 0.0030676563709539253315  | -0.031314070823713659186  |
549   | 0.0007759973825377686641  | 0.0085969267738595298023  | -0.033717402656601037914  |
550   | 0.0034990817152047246769  | 0.0041471440225607286365  | -0.00973005774224391419   |
551   | 0.0062892940396757045229  | 0.0023921584618847575691  | -0.03091171615373807316   |
552   | 0.0048383618437848954774  | 0.0054854629884852372165  | -0.016244298701873022273  |
553   | 0.003114943430084378493   | 0.0049569762194668466962  | -0.021221378859006868184  |
554   | 0.0017171671743413964833  | 0.008923636189081362094   | -0.019961722898715301283  |
555   | 0.0069952393303087242668  | 0.0035325260287730930915  | -0.0046685050784161024814 |
556   | 0.0032463451319282433764  | 0.0078245407332186642235  | -0.0085477019505943770822 |
557   | 0.0054993384321471976833  | 0.0054238730107338479006  | -0.031517369747869332375  |
558   | 0.0027620469831379744485  | 0.0057994210510780956624  | 0.00035791378859097774251 |
559   | 0.0070533078036547078651  | 0.0010721422692145324979  | -0.0017405499144768962066 |
560   | 0.0054818434971871552938  | 0.0036312818569794419292  | -0.027564781630059112527  |
561   | 0.0005679555430488373224  | 0.0061521025774189117344  | -0.00050569185049815482038 |
562   | 0.0044929805524522806875  | 0.0070663894825590562593  | -0.0048781135806078681008 |
563   | 0.0070864934733802361841  | 0.0043795398850431446758  | -0.020581975260800907529  |
564   | 0.0047525068226556685044  | 0.0072427525753026838345  | -0.028684628763747180291  |
565   | 0.0072074862769705263024  | 0.0049381023056923626854  | -0.036610579048329962293  |
566   | 0.0042099049068864205503  | 0.0089658272710690257307  | -0.03147938238230765795   |
567   | 0.0088364288529414209555  | 0.00094929838361425538263 | -0.0050270176731429232903 |
568   | 0.0070856978611887168687  | 0.0011305897393828830307  | -0.037667958423135076973  |
569   | 0.0048944174384503748299  | 0.0039141184847302570859  | -0.025313819300720553918  |
570   | 0.0062603528377090239543  | 0.0098037304020231093304  | -0.0046640866823750700906 |
571   | 0.0097996080876882954436  | 0.0065181388975435556807  | -0.035040046575195112066  |
572   | 0.0042125815203265960102  | 0.00026593008339923239524 | -0.0067990479351713569225 |
573   | 0.00095456539618262511038 | 0.0069213408518985055154  | -0.010906410110872328742  |
574   | 0.0066347146309303200312  | 0.0090342633741239634221  | -0.013118421429124121555  |
575   | 0.0050509983763139002996  | 0.00029283117087264113904 | -0.027776860238429713912  |
576   | 0.0059222711549681726281  | 0.0027023104020813312059  | -0.0098031736432527809971 |
577   | 0.0024746026394335822636  | 0.0079847064067910394902  | -0.032258321619563830318  |
578   | 0.0034875833931765688224  | 0.0074095542867412440835  | -0.014206360797564227677  |
579   | 0.0048730622982624894127  | 0.00043867044013536462318 | -0.024295579083179710822  |
580   | 0.0064356570525911944297  | 0.0024873894980943422536  | -0.021875125143948438711  |
581   | 0.0080558455698721293664  | 0.0069955002780741088603  | -0.011127784758879400231  |
582   | 0.0041791653999868894065  | 0.0073008667206959001333  | -0.0018211980739161603027 |
583   | 0.0092525892400661131215  | 0.0077030394430442246378  | -0.018482927891055388886  |
584   | 0.0053325557766655913225  | 0.0087219154507528762199  | -0.03052378545304233054   |
585   | 0.0035515904109754948235  | 0.0025371855882346046503  | -0.015952607563478663627  |
586   | 0.0076512910799584202617  | 0.0088995094336257411088  | -0.022537594969897864483  |
587   | 0.001811944046521505626   | 0.0033827534606764536433  | -0.026893521594364717259  |
588   | 0.0082179844310384889822  | 0.00410711063772382836    | -0.027851077716023322356  |
589   | 0.0035005951753832391903  | 0.0070478234020738481092  | -0.017460033611185876018  |
590   | 0.00033645276044831819032 | 0.0092876259479700157273  | -0.014679745127179538722  |
591   | 0.0030137816287379277057  | 0.0033753098809929126846  | -0.0096064241192852506401 |
592   | 0.0031059507025009568289  | 0.00072225386947633431287 | -0.032021789419187998704  |
593   | 0.0081490840572429872751  | 0.0081282480689369076415  | -0.026552041679580432043  |
594   | 0.0093546529586992915872  | 0.0072891519518842283476  | -0.0055065364915107351332 |
595   | 0.0025009409935998435683  | 0.0079984095683014021921  | -0.011109814525666247484  |
596   | 0.0099830466646368756778  | 0.0075535402288245696162  | -0.02235762644507023611   |
597   | 0.0028827580941182206174  | 0.0080228736879212180638  | -0.022662916090768040617  |
598   | 0.0043273073964656717794  | 0.0044753184934112977614  | -0.024451491869273738605  |
599   | 0.00014367434306198487355 | 0.0069684921628725329107  | -0.0054605157090133679687 |
600   | 0.0011802955758039794087  | 0.001460271871069973278   | -0.026865615639565684075  |
601   | 0.0015857321575023777468  | 0.00095989329087486170624 | -0.029246156944513015258  |
602   | 0.0065878830611373010578  | 0.0062835807991420567636  | -0.021788786077852465017  |
603   | 0.0025130580954694958958  | 0.002475513898199841259   | -0.023157156418240964352  |
604   | 0.009264479884903583512   | 0.0077639776464489222013  | -0.032317500245210850629  |
605   | 0.0070312506940015005383  | 0.0075301479794760636799  | -0.025553665964341151784  |
606   | 0.0089147768932844491385  | 0.0024053448008990348239  | -0.03092799071248774484   |
607   | 0.0017445951444053588077  | 0.00078958670660667063489 | -0.035887633319746863048  |
608   | 0.0040311432510460026152  | 0.0069642220332198634392  | -0.007730993489669694789  |
609   | 0.00039015978829254338578 | 0.00013665229670344235182 | -0.017396245407245020109  |
610   | 0.00054530649094711440995 | 0.0019969138411075619717  | -0.03700817468860718995   |
611   | 0.0047950825937601998517  | 0.0056906762114182218859  | -0.023580068192074039868  |
612   | 0.0047555658649282772296  | 0.0085668670126896207667  | -0.0012667541394357246121 |
613   | 0.0065844850292698028915  | 0.0096857018300389157578  | -0.026651232821120123678  |
614   | 0.004635045547887981475   | 0.0030443707010764479992  | -0.031575238690674391207  |
615   | 0.0011704471480327902598  | 0.008924363128913438345   | -0.0063878383426086695826 |
616   | 0.0092977025039340400331  | 0.0038671019116164793115  | -0.0040542274414851363004 |
617   | 0.0065749566854226273657  | 0.0030867829987265517008  | -0.0057889966014079826881 |
618   | 0.0021802570213270947193  | 0.0070219718002061124254  | -0.012807675102671105261  |
619   | 0.0020976425099617649131  | 0.0085903190534301551717  | -0.007516020495885253859  |
620   | 0.0077396795040406392643  | 0.0040032431988083205798  | -0.0088405601350019912682 |
621   | 0.0044084955782024799406  | 0.0058071447941719809768  | -0.027438685699075565649  |
622   | 0.0019919901821694647494  | 0.00900656354829102411    | -0.028430595597221216403  |
623   | 0.0031245510149483881647  | 0.0027853241903141108711  | -0.018009731697157891489  |
624   | 0.00014082782980116896566 | 0.0053275472119953268604  | -0.0064624753171155565473 |
625   | 0.0067125934412457354677  | 0.005845505008499458921   | -0.019002466870874503563  |
626   | 0.0016342019704485249813  | 0.00027811376909330268702 | -0.007191154232867068459  |
627   | 0.0054595682286772192343  | 0.0095048215294588501295  | -0.026471228780008196346  |
628   | 0.0070435659144316492206  | 0.0082368423977239556277  | -0.00059860351442326577287 |
629   | 0.0075370738104278620084  | 0.0067465981539320193927  | -0.022185887539806509877  |
630   | 0.0061314707742866035589  | 0.0094414726608161129995  | -0.017152757629417762081  |
631   | 0.0088836399382505645134  | 0.0051849239631891743882  | -0.019004652309420267536  |
632   | 0.0052950720748692536519  | 0.006973021496905026928   | -0.030171024132674705703  |
633   | 0.0049380457379322338293  | 0.0018484132309507252633  | -0.015917932509265281943  |
634   | 0.0036427156176885673242  | 0.0038938914415817347386  | -0.0074299744040663071032 |
635   | 0.0015176681605096912706  | 0.0026515559697182131647  | -0.0078335895541252822949 |
636   | 0.0007489503559943677365  | 0.0071367560870989818489  | -0.013834974179112554532  |
637   | 0.0062070734602290011939  | 0.0027203829090567603448  | -0.037758821608953843652  |
638   | 9.9528172128592439362e-05 | 0.002542741284862718755   | -0.026619252172047476457  |
639   | 0.0070808913456857410645  | 0.0023023254020303452437  | -0.018587030932088161039  |
640   | 0.003110926426851090467   | 0.00050321808458409129656 | -0.010625374925809892221  |
641   | 0.0058590735458091238244  | 0.0079126346606341706191  | -0.0096349181859573945763 |
642   | 0.00091425963197478527737 | 0.0087625264628825930147  | -0.0076779949258127550699 |
643   | 0.008949398804207659569   | 0.0059847755971952458498  | -0.0028669987193052086545 |
644   | 0.0054216664727086468639  | 0.0093226666974621872491  | -0.029113495228817266869  |
645   | 0.0034757760766685719643  | 0.0093696886415015195881  | 0.00057301944455848390775 |
646   | 0.0023023250667742198652  | 0.0018397862460152879412  | -0.011732509125142162598  |
647   | 0.0049191100402393838492  | 0.0038090679792175813345  | -0.024172368003887285959  |
648   | 0.0040838245525188230159  | 0.0062665805202751414388  | -0.026630139955703853449  |
649   | 0.0043273983437752605238  | 0.0061301481744196256382  | -0.0040579028495954967692 |
650   | 0.0033983773403201459305  | 0.0081530170078766804609  | -0.0079655038177597614624 |
651   | 0.0046682859425902544295  | 0.0065802213041493140544  | -0.0093031984593513489951 |
652   | 0.0026069484703482199983  | 0.0057486650223055671405  | -0.017031937608832967146  |
653   | 0.0064726720563384075244  | 0.004807218498488384506   | -0.0028313066587708599249 |
654   | 0.0056099121324019790222  | 0.0080505134570545110184  | -0.011838495495641258165  |
655   | 0.0051281646263109468414  | 0.0047752280081827351566  | -0.0013735969883014972123 |
656   | 0.0028004211543619411846  | 0.002880566306109427939   | -0.00098202265231783162497 |
657   | 0.0081726830029566193553  | 0.009186057475678409065   | -0.019952203626811059606  |
658   | 0.005622772429176696625   | 0.0083870712422806394104  | -0.012085954361464000539  |
659   | 0.0081598372826584813361  | 0.0045170757181389751059  | -0.018137930115244088602  |
660   | 0.0063856439743080273611  | 0.0016284483765371937907  | -0.027181960245522336639  |
661   | 0.0010984629067427630414  | 0.0042153858583007224742  | -0.016780449198395247512  |
662   | 0.0043393342964755604943  | 0.0081365011171944494339  | -0.0031305671563881410507 |
663   | 0.0077492844465908653634  | 0.0019618158499549068034  | -0.024847083492033236046  |
664   | 0.0044242151004188967275  | 0.0026562015025804863039  | -0.011495588306295025094  |
665   | 0.0021966774039239040511  | 0.0057029927922554075892  | -0.0044271671162109220432 |
666   | 0.0062615587784651590558  | 0.00093422820550119066354 | -0.02484057401847092339   |
667   | 0.0084138861587479737286  | 0.0020669933091421919223  | -0.015927448468686260241  |
668   | 0.0055250264460083324189  | 0.0016946661827726714009  | -0.0088998929723794525243 |
669   | 0.0091483835596477946356  | 0.0024871520674108397835  | -0.026056529959219254522  |
670   | 0.0020457995030900085094  | 0.0059244474525376750879  | -0.012327082754962567779  |
671   | 0.0021851712735629974169  | 0.0079395212231550306436  | -0.026955747226054094234  |
672   | 0.0098970160494758381564  | 0.0058424016310041080105  | -0.019351262672387337799  |
673   | 0.008063504971287821857   | 0.0049224783046904656628  | -0.035603979539881536187  |
674   | 0.0072577147772980646345  | 0.0024474449883643075061  | -0.01795400134676619977   |
675   | 0.002551870331351761053   | 0.0040288321101513086334  | -0.031344300473934376405  |
676   | 0.0023907313993255141678  | 0.0099243559060837698016  | -0.0049338506789241747333 |
677   | 0.0062499132153229566833  | 0.0027873097150245972238  | -0.022838678580067054563  |
678   | 0.0024021127730533258643  | 0.0029075373569858622806  | -0.0038443644168517834142 |
679   | 0.0039127903195579636156  | 0.0074690157188461413218  | -0.010787039205387989604  |
680   | 0.0015907207317349897693  | 0.0068367374266113285775  | -0.021614162411385650503  |
681   | 0.0040110168019799581976  | 0.00140562773780282535    | -0.0098653227285722885909 |
682   | 0.001277996469036271187   | 0.00086424620515158977283 | -0.019273195908042668745  |
683   | 0.0044739441960934215464  | 0.0053669586825186429632  | -0.0065676295675663630066 |
684   | 0.00062402160958856408256 | 0.0019909040291787977704  | -0.027900441755410450989  |
685   | 0.0059496551523739744233  | 0.0017031993728908389422  | -0.032664956365587922982  |
686   | 0.0052885241594012909541  | 0.0038015780274484054294  | -0.028285380532512255369  |
687   | 0.0080053989333473893342  | 0.0048696292191326186194  | -0.014576918357422190275  |
688   | 0.0036140635971037273974  | 0.007180201775204770806   | -0.010878693452780304612  |
689   | 0.0049455188533862994363  | 0.0066693133112441385993  | -0.004796751197489128489  |
690   | 0.0063003651052476504837  | 0.0067178694717271066061  | -0.017250947230403702176  |
691   | 0.0077830725706917649326  | 0.004457893416766063599   | -0.017567737974586963151  |
692   | 0.0070356472846434840382  | 0.0082396408816945015952  | -0.022665259097239778829  |
693   | 0.0075912945761618163404  | 0.0037613255052353585829  | -0.025734461016272046352  |
694   | 0.0077136639211600258048  | 0.0093900334468409157179  | -0.019644931304478481515  |
695   | 0.0047740852790190049099  | 0.0082345025561120048507  | -0.03268964616429877873   |
696   | 0.0020440553641739899263  | 0.0025820178397066083191  | -0.025213732559422871726  |
697   | 0.0063359328950723659002  | 0.0045151008367816884009  | -0.025632582177307159516  |
698   | 0.001912274100587465055   | 0.0088028847251056148437  | -0.02464308759062880036   |
699   | 0.0079700512111226633205  | 0.0010464217073871302788  | -0.019721073753941120027  |
700   | 0.0058455530592090134204  | 0.0019312424023503354555  | -0.010043859599545880423  |
701   | 0.0050246498909099542723  | 0.0061672767628843600321  | -0.029345697139686332394  |
702   | 0.0053955252883225394284  | 0.0068164606680563245497  | -0.02519557002670016338   |
703   | 0.0040885323363836186331  | 0.0055246859430435430946  | -0.030342801953807320425  |
704   | 0.0028109413217543952231  | 0.0089194404332948173941  | -0.013877338326079503156  |
705   | 0.0025586394119330290592  | 0.0091622174764046417084  | -0.0068380882408861625582 |
706   | 0.00095091627542067303121 | 0.008289680709247843407   | -0.032867289842803328048  |
707   | 0.001550880984282915296   | 0.0082091047891300495537  | -0.033591217599328898613  |
708   | 0.0070651393604527368969  | 0.0044663057141470091649  | -0.013084961200122610311  |
709   | 0.0046247372468176594848  | 0.0019884875521248360219  | -0.023157943105016468022  |
710   | 0.0057872169650143084549  | 0.0091853597054608188133  | -0.019569743718599288268  |
711   | 0.00063115866677709180944 | 0.0070958229852387906186  | -0.02259448613133997058   |
712   | 0.0045369561304728616563  | 0.0051425822907359810057  | -0.03294468297319450012   |
713   | 0.00085627708293041764759 | 0.0060305941246306194251  | -0.027866640680937571767  |
714   | 0.0011255626955780939115  | 0.0054234382408422697822  | -0.033715389992328849422  |
715   | 0.0046539827688261269784  | 0.009081593740599157305   | -0.027934871342625639673  |
716   | 0.00013370779033163325339 | 0.0075405625655735929527  | -0.021916395616692257997  |
717   | 0.0028874293235828956718  | 0.0089484334499356256443  | -0.011829772033605088014  |
718   | 0.0043891150002797188132  | 0.0069324803152087197816  | -0.019393102683932430391  |
719   | 0.0092725875807721687416  | 0.0041956426593282285936  | -0.032448771497895288751  |
720   | 0.0066557881941427419689  | 0.0078684450877622037074  | -0.037125702032363185057  |
721   | 0.0069384069369926807541  | 0.0048817565033170140509  | -0.020488089820564145405  |
722   | 0.0021351457382038454592  | 0.0067107288569486830271  | -0.0091255963850546198413 |
723   | 0.0042202360650394794839  | 0.0049160835962905958044  | -0.013915139729088119719  |
724   | 0.007321654019643775678   | 0.00544122828637755903    | -0.021100204471715712506  |
725   | 0.0087748543356194683152  | 0.0063603300256490505685  | -0.015386068755599611665  |
726   | 0.0030649793438572354477  | 0.0071162719723706479441  | -0.015517577158009587465  |
727   | 0.0033364434192423545085  | 0.0030313663103113631589  | -0.013971480703778396334  |
728   | 0.0049548839879396729818  | 0.00059042559344125316884 | -0.0049044526711559798676 |
729   | 0.0099350293343963506226  | 0.0062976454680212312978  | -0.021806054464259250897  |
730   | 0.0084618470233722570262  | 0.0028559671160213193422  | -0.005471911564459103032  |
731   | 0.0058299822282572941884  | 0.0018473170392636129901  | -0.018289946705647479319  |
732   | 0.0043335893281096727822  | 0.0098755799173535462054  | -0.037189134135280792204  |
733   | 0.0080522748317091597664  | 0.008447874038920345427   | -0.020205873320119513425  |
734   | 0.0050912385132937639301  | 0.004397860851854219072   | -0.021153601649600693724  |
735   | 0.0045831966962833472698  | 0.00031368871649825130982 | -0.0095367904871536766237 |
736   | 0.0093313703522334701113  | 0.00029058157525350291521 | -0.0026167346011609581534 |
737   | 0.0061300794280855497309  | 0.0080180137608546180744  | -0.014870719613379721272  |
738   | 0.0022969893278027781261  | 0.0072902435406683651839  | -0.026104684314299797521  |
739   | 0.0071392257855601446229  | 0.00080821938551607782307 | -0.034891682553493709451  |
740   | 0.0066030143512207980366  | 0.0033560343563687400001  | -0.02967020444559389028   |
741   | 0.0017500957578654898882  | 0.0068705751060577288647  | -0.0050576879753037604429 |
742   | 0.00082504082376867401722 | 0.0046443206501405372849  | -0.0036561090027716234771 |
743   | 0.0035990281928337201217  | 0.0047276280325305227586  | -0.033091610105914943951  |
744   | 0.0089200258159331559382  | 0.0049897954930480980032  | -0.021458289205910877073  |
745   | 0.0016683961748688545812  | 0.0064502766564705476399  | -0.023945010304331729167  |
746   | 0.0068297629068038712141  | 0.003643216584580266041   | -0.0064505194389066836114 |
747   | 0.0046024902084960701149  | 0.00058918485916161140482 | -0.014499447833787542858  |
748   | 0.0086035344794357614118  | 0.0031779452876757076363  | -0.023082349031028310399  |
749   | 0.0099653992532672056037  | 0.004147060927020005186   | -0.02671964199602033449   |
750   | 0.0080673778122984495659  | 0.0019134191389153381874  | -0.0077076908476659475311 |
751   | 0.0045185457461084993155  | 0.0067718648712353276403  | 0.00075840570372033382345 |
752   | 0.0020351575333820135817  | 0.0087039357364550491714  | -0.019908033456778523318  |
753   | 0.007361525187387276542   | 0.0089720183586918193092  | -0.0089883973372456068412 |
754   | 0.0059943193624235231731  | 0.0080446602168325401228  | -0.010664861515861160518  |
755   | 0.001381444448088620363   | 0.0081181728413423619867  | -0.015213180054356114854  |
756   | 0.0084791074741491865435  | 0.0091139828247269842609  | -0.011539683728042732236  |
757   | 0.0063795802910588247578  | 0.0044020195935773019646  | -0.02414984882751382983   |
758   | 0.0030996070628658469598  | 0.0023351228911100575109  | -0.024347044041120050051  |
759   | 0.0042224305383715783277  | 0.0099674011591660942322  | -0.015010193849529030255  |
760   | 0.0015362998814391632795  | 0.0096036436424981313359  | -0.017773229031821043827  |
761   | 0.0033684469153992795815  | 0.0088291099657136374451  | -0.027250003473943584104  |
762   | 0.0079206133273498954134  | 0.0037722368967191537842  | -0.017831726200716126879  |
763   | 0.0081513500219880692665  | 0.0040051833266542286732  | -0.017338642730645524581  |
764   | 0.0065243602340444330212  | 0.0050549395595595666975  | -0.020623955950592284814  |
765   | 0.0019807049204439010175  | 0.0050164330830511005485  | -0.014134951600560843876  |
766   | 0.0077194680545952581649  | 0.0068510377022407186257  | -0.033989489729641601812  |
767   | 0.0052886673866423469792  | 0.0020678228182872487005  | -0.023150562441448342688  |
768   | 0.0036020061007339316574  | 0.00052146705461480948735 | -0.026014658328586237612  |
769   | 0.0014596984047234153135  | 0.0056383820738087593941  | -0.014207821967009081135  |
770   | 0.0010473161018306124774  | 0.0089058050092941896947  | -0.0063714260825966546886 |
771   | 0.0071732366441992238479  | 0.0062337078403503481255  | -0.010194921667366123319  |
772   | 0.002946221175374664613   | 0.0094756095460799948799  | -0.034210916773943646219  |
773   | 0.00051969857705120605079 | 0.0018987107418125019013  | -0.0095621533251859878316 |
774   | 0.0076271127466559854313  | 0.0088930944904978617704  | -0.024511665834855891205  |
775   | 0.0085097588535886087291  | 0.0041028435746843262832  | -0.019581107089981050762  |
776   | 0.0032487129858691185004  | 0.0056501136111327078179  | -0.026102065332893477356  |
777   | 0.0086333704273989873151  | 0.0051968269949607993896  | -0.0063601591852681157307 |
778   | 0.0019734320812113989412  | 0.00010689324162556575507 | -0.0039576765162691977806 |
779   | 0.0049106641010805843553  | 0.0043294341472757940509  | -0.0092620642654325600202 |
780   | 0.0077693486911565787234  | 0.0061874668977699547046  | -0.026350230635710014671  |
781   | 0.0020901145556668433885  | 0.0033306267026371135821  | -0.0064502395490871064845 |
782   | 0.0016957919063763907033  | 0.0032322148693904053339  | -0.030517638638832937648  |
783   | 0.0029920803747310255501  | 0.0055991151443801874879  | -0.0063768668126766448606 |
784   | 0.0082700393576489571873  | 0.0037353752911670457491  | -0.025416762610629767966  |
785   | 0.0014423214133263684549  | 0.00060339707580906983345 | -0.021362512970091111775  |
786   | 0.0041115211644811673272  | 0.0064974373086585596529  | -0.014315636811676406281  |
787   | 0.0026360221438854049107  | 0.001132959958010595989   | -0.0028775212358578146875 |
788   | 0.00083806754001568924042 | 0.0060869227803895193177  | -0.025926259315270327316  |
789   | 0.005330570380391340575   | 0.0052585282313284071112  | -0.029956838804524828224  |
790   | 0.0049138883629058884364  | 0.0042235963352723181891  | -0.020164626459087713756  |
791   | 0.001273091634022145615   | 0.0091000238279188312013  | -0.030669612847914834441  |
792   | 0.0032646337055011317649  | 0.0022718579667763954405  | -0.0099611709927216289528 |
793   | 0.0061925676508901312395  | 0.0015660744509970933851  | -0.0045748809941613694657 |
794   | 0.009407036049127561958   | 0.006121697927343548902   | -0.037720141109392327228  |
795   | 0.0041764659132215746148  | 0.0070154709520098175457  | -0.021623571524122531251  |
796   | 0.0046675165647222290749  | 0.0067288141025232698841  | -0.0063361349431489567136 |
797   | 0.0019557967287782106192  | 0.0066738702598963086168  | -0.021232192271542819906  |
798   | 0.0029563342581453285959  | 0.00053570063601883195856 | -0.0037875610590781469411 |
799   | 0.0070010865060816983643  | 0.0024011975601627264139  | -0.031301778458422899187  |
800   | 0.0070065384397613615294  | 0.0080224350192286911915  | -0.01626887089993416316   |
801   | 2.975667337651983856e-05  | 0.0020418522693398740049  | -0.0059548597054299495443 |
802   | 0.0031162748368514675036  | 0.0095444815670079913988  | -0.016113069477720145389  |
803   | 0.0079307075226528224443  | 0.0083689339659378421399  | -0.0098728386059148531134 |
804   | 0.0008972220652588738625  | 0.0039799056757947991886  | -0.030841271583757424307  |
805   | 0.0028604120174376803168  | 0.0040451794472474364439  | -0.017703973478649139006  |
806   | 0.0023999743024549144432  | 0.0039133553687244991559  | -0.0069142538921257781781 |
807   | 0.0019437402633517399456  | 0.0082039639784985633059  | -0.0045330431058956373661 |
808   | 8.0830495821167540251e-05 | 0.0021815813001518679151  | -0.031856064254830208926  |
809   | 0.0031126589249678739135  | 0.0041802467834427849136  | -0.022617244942603427493  |
810   | 0.0070343265463620992597  | 0.0035132011819148240006  | -0.0048610465326071709835 |
811   | 0.0075236314313877651616  | 0.0027090070951939228781  | -0.036299724476060175882  |
812   | 0.0083837750750292254487  | 0.0049601481951361591285  | -0.028907652194745624835  |
813   | 0.0062641818475981259767  | 0.0046637548415900051402  | -0.010231947180975314513  |
814   | 0.0045153235379922340015  | 0.007513118431598794951   | -0.025964116448117090935  |
815   | 0.0041981904985240866765  | 0.0035996530449186841909  | -0.025027892460829148646  |
816   | 0.0032330104894106102657  | 0.0041096317930622849879  | -0.025098659309233616738  |
817   | 0.0090610826903129923493  | 0.001499461164255672975   | -0.0070617297619874576028 |
818   | 0.0076667755786972895463  | 0.0053280010629138171291  | -0.0077570725830118612831 |
819   | 0.0033606440235006852096  | 0.0059337571684892360252  | -0.013333682349097278341  |
820   | 7.9557911375305055191e-05 | 0.0015386998528405001867  | -0.01622346761662682435   |
821   | 0.006631320393987041352   | 0.0095532952254259676655  | -0.0090606992405170873328 |
822   | 0.0023346719271255403708  | 0.0066594998445548515484  | -0.014179121627529933658  |
823   | 0.0032895696622087379317  | 0.0026089775788433293424  | -0.034726984869522241339  |
824   | 0.0058919607932342793824  | 0.0016943744258238104677  | -0.021551348663673967898  |
825   | 0.0064549580974372121681  | 0.0056322598279975070665  | -0.026186928790008199425  |
826   | 0.0076917739301955870626  | 0.0068957384725278070281  | -0.025178213107728972947  |
827   | 0.0090271529803338697306  | 0.0073737595757695567275  | -0.0037328232210682762288 |
828   | 0.00012875415473203880782 | 0.0050284928243713210641  | -0.025132552718713188633  |
829   | 0.0012309693051348663193  | 0.0073549036394176181206  | -0.011383674615388202078  |
830   | 0.0028076251742955153114  | 0.0039305199091885616169  | -0.0046619191456431655421 |
831   | 0.0039105039089679851511  | 0.0076161473929004311345  | -0.0022974331293014560278 |
832   | 0.0054613516364789812044  | 0.0023298004316147035396  | -0.013632757060621321019  |
833   | 0.0090507232123095554543  | 0.0048357987040150212862  | -0.0092265955311672982753 |
834   | 0.0047327935441573596928  | 0.007908700859206054673   | -0.031330250334582497584  |
835   | 0.0075063094146924870184  | 0.0094514872949146965658  | -0.023688203727719792102  |
836   | 0.00987011865458065768    | 0.0011024395492553931003  | -0.0135727710115233699    |
837   | 0.0081056163002886857938  | 0.0026895735859750837839  | -0.011533264724169557322  |
838   | 0.0066020087369826367316  | 0.0013489635563917066943  | -0.028646563115584375292  |
839   | 0.0067435644525800416543  | 0.00269885622631358367    | -0.0044861415470327445365 |
840   | 0.0092231390965016885747  | 0.00052475979778204308573 | -0.012102982036688301679  |
841   | 0.00641623553789606553    | 0.0011606431235329228713  | 0.00026031864011388588468 |
842   | 0.0028852823193650026234  | 0.006558262669439185108   | -0.00454467654351427882   |
843   | 0.0065846733336699476632  | 0.0073692992054147712921  | -0.024705202672200391595  |
844   | 0.0038340376946109314821  | 0.0012369015166344399757  | -0.018363805596091437033  |
845   | 0.0096455093924184796828  | 0.0024904475445522338342  | -0.00099746599224570411772 |
846   | 0.0086328614717839421283  | 0.0022853736005859393195  | -0.010046551550735383432  |
847   | 0.0092615249642344060071  | 0.0074877990745766519892  | -0.013892137928831361365  |
848   | 0.0043701656319676115622  | 0.0015253076095506112094  | -0.0017062961216319746157 |
849   | 0.0062904303123772816603  | 0.0051473508388041530615  | -0.0010438405878460774601 |
850   | 0.0040827406975936656255  | 0.0035669985673392030044  | -0.016215094274190523793  |
851   | 0.0050231493007011325871  | 0.0067501979235226319473  | -0.031210149939968782895  |
852   | 0.0051464556740530879517  | 0.0088403556953491179565  | -0.020412993250389959571  |
853   | 0.009286126313797786816   | 0.003160896761504025914   | -0.022416155620602912918  |
854   | 0.0079839433888779492293  | 0.0093113773519601459455  | -0.0095935763649657359448 |
855   | 0.00016125306098120379284 | 0.0037322632388412544865  | -0.0032700342298275712587 |
856   | 0.0098432264983042867812  | 0.0031435341622965211859  | -0.0072812293324602331279 |
857   | 0.0081982809206910915722  | 0.0076435173693705556891  | -0.025271495365150272588  |
858   | 0.0054798471726047268821  | 0.0030585256867252256022  | -0.011229080770269146     |
859   | 0.0020316615948654291948  | 0.0053667967559777821768  | -0.020201545853103481526  |
860   | 0.0077234675352408441867  | 0.0007561322348528401547  | -0.010715192510974622109  |
861   | 0.0011499826166497088571  | 0.0024066964920561487     | -0.022461896669433691065  |
862   | 0.0088360810368383925495  | 0.00067577446132520186013 | -0.032695976263230411285  |
863   | 0.0011621896574973312067  | 0.0073052080720483409185  | -0.0059604971375282556414 |
864   | 0.0038696010146791921802  | 0.0045090542436620880892  | -0.014815640604652660986  |
865   | 0.0057569022496206084111  | 0.0042501411822058092829  | -0.0053173479668769917106 |
866   | 0.0053361388434617603241  | 0.0096720500352604384109  | -0.013921413827622136292  |
867   | 0.004996637833884837003   | 0.0057923516752714926392  | -0.028771727475857523937  |
868   | 0.0069065504956612074061  | 0.0078563031326042056385  | -0.013504762522205712716  |
869   | 0.0037053207531507125969  | 0.0049531799950884008304  | -0.027286675453374559935  |
870   | 0.00018539402675473175188 | 0.0037571021873517404695  | -0.00020224027814154697325 |
871   | 0.0081244363548977852757  | 0.0017707150371471991248  | -0.03366303824080226631   |
872   | 0.0039764879830772592584  | 0.0022535530392085757756  | -0.034511243883154935075  |
873   | 0.0077423506769452640069  | 0.0034388941565821305735  | -0.032504114667426239893  |
874   | 0.0058185463858228519268  | 0.001418441807759708833   | -0.0025873785505633440339 |
875   | 0.0064657218355618824995  | 0.0064237195630561551296  | -0.021021710958239171047  |
876   | 0.0045095025036493673054  | 0.0015833703993072606106  | -0.0096560864320449323051 |
877   | 0.0011374809017069781401  | 0.0053101499705471384358  | -0.014081365037351148417  |
878   | 0.000417988341290768809   | 0.0034402277153505970292  | -0.03722181737143991781   |
879   | 0.0056041466040483321406  | 0.0080511350835413275639  | -0.013510925871943267607  |
880   | 0.0061541946138550752618  | 0.0055772222325667190901  | -0.01123955317924111609   |
881   | 0.0043101325664914886399  | 0.0045006301512469744017  | -0.019625136740781073258  |
882   | 0.0054951621149650648618  | 0.0059410531347201533947  | -0.022212696377412233933  |
883   | 0.007472191287412942827   | 0.0054404327166956804873  | -0.010029625681540301971  |
884   | 0.0081512103585337329636  | 0.0093229019901389965919  | -0.031341295016306988663  |
885   | 0.0095377186926710617182  | 0.001465671187648668293   | -0.018355080891386106601  |
886   | 0.0044333883601725800408  | 0.005085256223195904271   | -0.010581467045298586713  |
887   | 0.0024813992894126722308  | 0.0016689214315025319157  | -0.033305102085775951937  |
888   | 0.0078129045911913431316  | 0.0030843612862964000891  | -0.022508468883487110085  |
889   | 0.0036838662619654064488  | 0.0096519067942300185853  | -0.028814880198790589205  |
890   | 0.0054587063653399187091  | 0.0070766912000972317237  | -0.035993710789264971028  |
891   | 0.0039259584222792682021  | 0.0063618278508823147138  | -0.0056540781424641089678 |
892   | 0.0057645861425527581551  | 0.0090912078748969921138  | -0.014883104152689155888  |
893   | 0.0062493533855760242599  | 0.0048631282804360896968  | -0.014190680634250654388  |
894   | 0.0066015867277139650415  | 0.0048229825625388357893  | -0.0021935730374867809175 |
895   | 0.0045487403681611629155  | 0.0075591202689676761581  | -0.016502375273082604823  |
896   | 0.0021729967685288247362  | 0.001483652593744941902   | -0.033151630263832845835  |
897   | 0.0090646976591899561249  | 0.00036318294192238615098 | -0.02426100554064777523   |
898   | 0.0023569560243889729409  | 0.0042453477316528312122  | -0.035945066047650998942  |
899   | 0.0019149776680571610216  | 0.004063122953495356196   | -0.023431058379870250974  |
900   | 0.0051567053259680356928  | 0.0084262679058018149364  | -0.028325059936041577235  |
901   | 0.0051080838746645372203  | 0.0071986648690297947578  | -0.028826679133155848345  |
902   | 0.0052403952450394645363  | 0.0010176122211846896914  | -0.013151699221075337926  |
903   | 0.0061714212143219567344  | 0.007015513919653453348   | -0.011951674517107576182  |
904   | 0.0038036997052483638437  | 0.0093395566139726753779  | -0.03287912627838496249   |
905   | 0.0072784697053853084081  | 0.0065883441534586029142  | -0.02229651295613031825   |
906   | 0.0079573223165131431317  | 0.0039630156516461505223  | -0.032706282211098176849  |
907   | 0.0036798360205906855379  | 0.0085879146055504295559  | -0.0017741220436384244098 |
908   | 0.0032377724613791266164  | 0.004789370626962043305   | 0.00075127357688435062073 |
909   | 0.006553339482828858531   | 0.003031262865512762434   | -0.0012861378390398728669 |
910   | 0.0032011919598965354536  | 0.0067946196009277303254  | -0.012804433384197838955  |
911   | 0.0097162228823451241011  | 0.0084197385362957018196  | -0.0052320937105438860421 |
912   | 0.0088467387172739345158  | 0.0043969061999096512375  | -0.0027270493823509035954 |
913   | 0.0060108787334543778424  | 0.0050384145704781982747  | -0.00042350311072197801415 |
914   | 0.0027509399911822491128  | 0.0041361780571694210101  | -0.01788791015870250245   |
915   | 0.0043455022298322272534  | 0.0033877864626998639361  | -0.030050842049690263541  |
916   | 0.00047372743290659431997 | 0.0035274719096260692512  | -0.036572654030937470915  |
917   | 0.002959816520451114593   | 0.00048827624737923103074 | -0.03094332314559290753   |
918   | 0.002716006834439805423   | 0.0033529421771978031204  | -0.0045854171811717456264 |
919   | 0.0020446032945512322351  | 0.0071537382803620926802  | -0.037033499702692485034  |
920   | 0.0085369355901903989925  | 0.0092383516143088630079  | -0.012878489259631632075  |
921   | 0.0033323160728740714581  | 0.0037369888601103081784  | -0.0047707545193736060687 |
922   | 0.0057972465968432950953  | 0.0029525616448477006587  | -0.013040060500758012332  |
923   | 0.0056487683431239842785  | 0.0077434297968711120891  | -0.012076810877441482642  |
924   | 0.00076751162318858018492 | 0.0075662441235329423034  | -0.014034664827354995792  |
925   | 0.0038205241606796168027  | 0.0038836175625486376792  | -0.033850018805741316497  |
926   | 0.006467261538183915158   | 0.0011862555287207347202  | -0.037505184492326176793  |
927   | 0.001409393568513171973   | 0.0067406188854635283245  | -0.013364294286716467061  |
928   | 0.0041395518721280468583  | 0.0092125560717184785953  | -0.015938184269479203914  |
929   | 0.0074132906925961934014  | 0.0066519920938138236977  | 0.00068931650041331640061 |
930   | 0.0062671304267904494323  | 0.0041238133129392713291  | -0.0093273224354353551774 |
931   | 0.0048780957231449560696  | 0.0018302982227694987623  | -0.032076638361273376865  |
932   | 0.0085513186894913082586  | 0.005351771266458856674   | -0.0076911959213691056397 |
933   | 0.00056558254395795205284 | 0.0041924450678532424949  | -0.0085679027775370786291 |
934   | 0.0032980158197556549114  | 0.0073184710548140716885  | -0.023499303572771614024  |
935   | 0.0025287807506512226079  | 0.0072065463529552833619  | -0.029834082577883374449  |
936   | 0.0029468060963731782659  | 0.0024850489360004764626  | -0.032951146425811914109  |
937   | 0.0030771895940727685484  | 0.0062318790937566240565  | -0.032523740966327152613  |
938   | 0.0062012793754319126341  | 0.0026411363915642164721  | -0.027128354041190010093  |
939   | 0.0053210540877316981831  | 0.0036763537232612493282  | -0.0053467824674469878118 |
940   | 8.6163568440446157036e-05 | 0.00022373758813016729127 | -0.033374278055757301831  |
941   | 0.00070219163860798454024 | 0.0038650482791086908547  | -0.0010388035054591704311 |
942   | 0.0017839367186879202289  | 0.0033519479168327153025  | -0.01761154993014873299   |
943   | 0.0061423298319278401766  | 0.0082745642495776119268  | -0.0032004204464683599397 |
944   | 0.009237995317684356833   | 0.0072786951771884409595  | -0.030331522083924200572  |
945   | 0.0009274640397256178918  | 0.0070819609538705927468  | -0.011812384792925303967  |
946   | 0.0074691243021739453165  | 0.0046718318624546584586  | -0.036179776911761246661  |
947   | 0.0083728026254937769346  | 0.0074878162769894231546  | -0.0063275752636371505183 |
948   | 0.0080848954224023161785  | 0.0066598433755047196925  | -0.030834762110069205421  |
949   | 0.0061356230689510633802  | 0.00061719997648734521798 | -0.029494423315924191836  |
950   | 0.0056640622777336885676  | 0.0085792529241793223649  | -0.022855568690673462584  |
951   | 0.0038982960240710562254  | 0.0057861865692548650544  | -0.0074586994159614034006 |
952   | 0.00024661863756569114879 | 0.0067518043361291428875  | -0.029601585691768791259  |
953   | 0.0078084382642856619422  | 0.0064507703346346487519  | -0.036848729469024614491  |
954   | 0.002718087175738462518   | 0.00160881314746291618    | -0.015053622507285495738  |
955   | 0.0034937735505330192766  | 0.00034693189521592827235 | -0.013121367726952604116  |
956   | 0.006246660579234544243   | 0.0031393347330778420545  | -0.019395871439412799841  |
957   | 0.0070621446858092334214  | 0.0054117889780246845183  | -0.024481221116507766167  |
958   | 0.0063963273780412964464  | 0.0087882611194984271152  | -0.018726221193843525792  |
959   | 0.0020313960334095580891  | 0.0097118354952568427402  | -0.018722287922102093249  |
960   | 0.0035682770591618537086  | 0.0047788090265291948214  | -0.010729006331925392687  |
961   | 0.0032815739955825038929  | 0.0074376094164907372713  | -0.02976338211656392313   |
962   | 0.0071461898064104720923  | 0.0042486914037453823653  | -0.018008009628141273539  |
963   | 0.0061447577290993232735  | 3.795521301297609851e-05  | -0.027977257068265693613  |
964   | 0.004064748109505042159   | 0.0066303421634123773862  | -0.016368708540477252406  |
965   | 0.00038230536218497080964 | 0.0090224411914718617711  | -0.033989613264272015847  |
966   | 0.0074642417581285806782  | 0.0099932694717481743152  | -0.013467543035742365887  |
967   | 0.0030659113101581371777  | 0.0054883355032419641611  | -0.026811849421683082995  |
968   | 0.0047343283884754222904  | 0.001710671324649060002   | -0.0031973565087802537608 |
969   | 0.0063467325581424687692  | 0.0016742819906029801896  | -0.035735370137985437988  |
970   | 0.0031445640492289293928  | 0.0031975405326306557442  | -0.015524927444564372292  |
971   | 0.008815372702112645939   | 0.007128899753516919173   | -0.026599848177242129549  |
972   | 0.0071829240660161589385  | 0.007214198168130427774   | -0.023253625485041666543  |
973   | 0.0055270522906564331297  | 7.4724691811837808445e-05 | -0.017442588135273169592  |
974   | 0.00695472951490111891    | 0.002553814096909997125   | -0.033302576918500081948  |
975   | 0.0012005826875091435337  | 0.0034375314330376263369  | -0.015742578783145538129  |
976   | 0.0021472307555939844879  | 0.0074352825349540780861  | -0.0009141413695921000223 |
977   | 0.0066041465236237797271  | 0.0084799526612347689986  | -0.009847867105718935074  |
978   | 0.0063991185811814602427  | 0.0049308650960971792468  | -0.019937890424804639161  |
979   | 0.0083748163233232676694  | 0.0014031162946008999236  | -0.036829553042086474179  |
980   | 0.0042713448992564261031  | 0.0063993734278902638865  | -0.028112547425090433223  |
981   | 0.0094968215509535595931  | 0.0016837303731769854426  | -0.030777895209417663325  |
982   | 0.00045668299606215298101 | 0.0068205140882654068796  | -0.010213564070938284389  |
983   | 0.0046848419837907870344  | 0.0070845862368845982301  | -0.026876459746720385291  |
984   | 0.0042038866458643294605  | 0.0059161942884641289392  | -0.028720324200605638204  |
985   | 0.0097179299440231618756  | 0.001516150578635085339   | -0.02930715152181065028   |
986   | 0.0012461388049720687528  | 0.005725498928701617217   | -0.037333342716514152093  |
987   | 0.0066566721011894125146  | 0.0059963686412918331889  | -0.027538230252601915427  |
988   | 0.0038729523181853259955  | 0.0091618135740145437845  | -0.0059590512314965935273 |
989   | 0.0017888027748153708611  | 0.0025607725862094228055  | -0.031989955068181898101  |
990   | 0.0051207827750251707147  | 0.0042500264123090502472  | -0.021826764229817236657  |
991   | 0.00081905231944365156169 | 0.0099645090385687695722  | -0.03435739465316735991   |
992   | 0.002222545213333253656   | 0.0098413416286837109709  | -0.0010133154354714601995 |
993   | 0.0016316024547288843303  | 0.001290878324790359832   | -0.0029667493836251866007 |
994   | 0.0087241884871990960787  | 0.0046800533183218410993  | -0.013397804775912309366  |
995   | 0.00038315647348420713925 | 0.00094160558823917132974 | -0.023459130764340273279  |
996   | 0.0078117694864866180082  | 0.009966440764211636702   | -0.024407852912814678725  |
997   | 0.0057078624210513831741  | 0.0091480372993806603754  | -0.0027434336134376726031 |
998   | 0.0084209674791056801646  | 0.0035854945368656598349  | -0.018198315793447574634  |
999   | 0.0034483380050210113953  | 0.0024944153829379151453  | -0.0069423730415687891562 |
