N			X			Y			Z
0     | 0.0057451782060809431993  | 0.0097591534561296943567  | -0.0063906599881174653774 |
1     | 0.0048095832110802358428  | 0.0090566505152147817187  | -0.004232802512538818597  |
2     | 0.0030494860336959077329  | 0.0067465049245104720399  | -0.011878143350551232868  |
3     | 0.0037068223001446905934  | 0.00098420130049794020237 | -0.014229835972713182277  |
4     | 0.0047508061950611536403  | 0.0014768853836971203471  | 0.00092121345555179392356 |
5     | 0.006586729449466865137   | 0.0010349689659009857559  | -0.0054280461489858164784 |
6     | 0.0032146074963731517508  | 0.0079597820348429482867  | -0.017640112407544067397  |
7     | 0.005939076784681556441   | 0.0015909304095868710954  | -0.020156661697256456761  |
8     | 0.00085062313484493166579 | 0.0071855398397184617673  | -0.0060081407166680022083 |
9     | 0.0035727367570215391723  | 0.00073603600791906115697 | -0.013101194050572858435  |
10    | 0.0077842768151899256746  | 0.0030264585917490404929  | -0.0030399601638483432844 |
11    | 0.0044737466599482971982  | 0.0081993931372162029425  | -0.011960583165972055869  |
12    | 0.003101229198547005711   | 0.0036965872710933204114  | -0.020641578699314398759  |
13    | 0.0086348355710785806849  | 0.0070119306835563551678  | -0.011764844646154593369  |
14    | 0.0058545047494758545997  | 0.0093890340415326133811  | -0.0044794009038940747411 |
15    | 0.0039985884424807022208  | 0.006482913825522835724   | -0.010464065146790657579  |
16    | 0.0032599397749179951159  | 0.0084207555280250596941  | -0.0047555073037613476358 |
17    | 0.0014823434255839080739  | 0.0089007265494381489213  | -0.014545197904664271607  |
18    | 0.0045974785865713222247  | 0.0097849023152232084827  | -0.015424845671183609955  |
19    | 0.0065175636521955186004  | 0.00079762812927403970234 | -0.013374377992731011772  |
20    | 0.004163865393039057998   | 0.0032091255622302985138  | -0.015718020635791616485  |
21    | 0.0084508930532279612213  | 0.0047841196097424638564  | -0.0095134811612255544555 |
22    | 0.0062215449460022035147  | 0.0018488041326578294986  | -0.0069013060911723937002 |
23    | 0.0059713694050027299465  | 0.0065689209706050145574  | -0.015294244917279941481  |
24    | 0.0079363064004337700863  | 0.00077476487482397774203 | -0.0015465798804695347034 |
25    | 0.0076243949644256908335  | 0.0018245802166623110475  | -0.0025277754720621813458 |
26    | 0.0029207127598857474289  | 0.009157194162873444343   | -0.008677593270563421432  |
27    | 0.0029225364295134038939  | 0.0046504021516492214869  | -0.014716006740369462144  |
28    | 0.0052642324309015425116  | 0.0073124790313772707745  | -0.018731786636348890518  |
29    | 0.0044181461120400616557  | 0.0032654834967552020912  | -0.016136778544277776554  |
30    | 0.0053958811462031701714  | 0.0019485211763163093595  | -0.015597522062587356254  |
31    | 0.0040910473153324116574  | 0.0024274304411903827906  | -0.015138172356180860934  |
32    | 0.0028072391470141907534  | 0.0054703476906416666561  | -0.01019001061196571703   |
33    | 0.0019618470975692830181  | 0.0091457595212101946286  | -0.0037001323212677455533 |
34    | 0.0036315834264426262966  | 0.0081207015198605809331  | -0.0027600458734586669728 |
35    | 0.00095122853514074923956 | 0.0055539711507761246531  | -0.016974868041187102935  |
36    | 0.0093456669823391656099  | 0.0096779638140177676187  | -0.014706628089949781366  |
37    | 0.00018394085478246418827 | 0.0054753663045559262251  | -0.01801221424104504365   |
38    | 0.0060566357117254922271  | 0.0067726367693275741494  | -0.014739640130371368248  |
39    | 0.00075102161209808092519 | 0.0032072606763211748172  | -0.018098823994582072944  |
40    | 0.0060284271109284281662  | 0.003265061301096403544   | -0.017365333242405578407  |
41    | 0.0077325818466592180847  | 0.0044031642247627832479  | -0.012081185966885525998  |
42    | 0.0067092060996560834094  | 0.0093143145178477080443  | -0.0041895846886224824904 |
43    | 0.00055733472093967193449 | 0.0030077446441785548117  | -0.0053014930684226035246 |
44    | 0.0023532771128772626314  | 0.0066051054294192675098  | -0.0047477166749208951288 |
45    | 0.00060372137842835754077 | 0.0026287953466361847765  | -0.013989731162865889219  |
46    | 0.0035371749753322534633  | 0.0016382440059433420274  | -0.0076374371761198534686 |
47    | 0.0033940657485850289632  | 0.0031893414588678903505  | -0.00699549423810319395   |
48    | 0.0049241374743094938962  | 0.0078956549843757235091  | -0.0025656970429456605123 |
49    | 0.0036004860383171085648  | 0.006050369008695787032   | -0.014062545261822254061  |
50    | 0.0044874052096208500579  | 0.00697867468948903686    | -0.017474922949149956919  |
51    | 0.00077358002408457683836 | 0.0065845773027676983771  | -0.011061314349255505635  |
52    | 0.0036241381118967304353  | 0.0053356741832857167845  | -0.0092728394273343655446 |
53    | 0.0088869669989421577749  | 0.0081381622402561318297  | -0.015004171904579968397  |
54    | 0.0016291184956476307231  | 0.0057807253774270293128  | -0.0080128148272579375472 |
55    | 0.005398778315649722416   | 0.0089092391426272080079  | -0.0056489703783817509647 |
56    | 0.0087129357000319818116  | 0.0037895641292142305014  | -0.01327599555693953666   |
57    | 0.0029575677034008938764  | 0.0084237440479075619687  | -0.0037456922618394326331 |
58    | 0.0018753522540574370323  | 0.0093544840633134583585  | -0.012380808517774103197  |
59    | 0.0053637229771694681923  | 0.007678914805220587482   | -0.018403465153463492709  |
60    | 0.0052671850583934747003  | 0.00011571574362826016463 | -0.015424628348448061327  |
61    | 0.0076490188980076626382  | 0.0062204272311603492698  | 0.00053375526278451584233 |
62    | 0.0069628861180841272738  | 0.0071950110738579348135  | -0.014289552449843636803  |
63    | 0.0082957941825598079805  | 0.0099358950166283759031  | -0.0012301583317689643738 |
64    | 0.0071156076436572563218  | 0.0073130450184041122241  | -0.0074556721128863513021 |
65    | 0.0065166108890868535558  | 0.0085297613477160888484  | -0.014312877924706708666  |
66    | 0.0019590187333205109563  | 0.0064788152051334828643  | -0.019435280418798876745  |
67    | 0.005756825250541741136   | 0.0027901405578419501315  | -0.010282586066696653218  |
68    | 0.0017574530154246213991  | 0.0075194482003743574883  | -0.0049260227224529450768 |
69    | 0.0013353316699077769688  | 0.0059324608650607015339  | -0.010896440173480738747  |
70    | 0.008829178572501634667   | 0.0051308802611419544043  | -0.0041283113736049377451 |
71    | 0.0090426824208544916844  | 0.007512208157485986311   | -0.017721512263543775373  |
72    | 0.0067807638506000430731  | 0.008261431275198845986   | -0.0063752264214070961806 |
73    | 0.002181733936461255699   | 0.0035463892653760991855  | -0.016033780891130982454  |
74    | 0.0041350255664318455104  | 0.0066223546286104661984  | -0.0079587231156780097185 |
75    | 0.007313565319242046163   | 0.000519898250056652334   | -0.019167922162220157878  |
76    | 0.0060328350901186870991  | 0.0015923555926430903607  | -0.0051771312370088315782 |
77    | 0.0044716599317262085631  | 0.0047543021422266039389  | -0.0015192454463172284148 |
78    | 0.0054682571998261571625  | 0.0044489681149425149009  | -0.0072328808744324436797 |
79    | 0.0041876915355127187005  | 0.0067670556831560448735  | -0.012868927284365467428  |
80    | 0.0016915752158028294488  | 0.0040831933154640669137  | 0.00059988276219263749617 |
81    | 0.0078824540656681988532  | 0.0014149422248553456937  | -0.0038454127495973176865 |
82    | 0.0069099227410034614813  | 0.004763705166544491762   | -0.01896712668916388303   |
83    | 0.0051548018907257176641  | 0.0069102619523487831751  | -0.0041456476321294465776 |
84    | 0.0096427881457034677476  | 0.0021487073139169711108  | -0.0041186673218045997957 |
85    | 0.0028473334250977131756  | 0.00037894319277272792276 | -0.01046330066294757187   |
86    | 0.0017582967330562789942  | 0.0048203775522685059218  | -0.010246809515725990511  |
87    | 0.0036724373725363843035  | 0.0067742359429316363964  | -0.020812019188949155979  |
88    | 0.0060155314090874828156  | 0.00071900749214821760118 | -0.0052868306535644562019 |
89    | 0.009347585923182837736   | 0.0070663889545703583578  | -0.012153436422794022115  |
90    | 0.0040931185866572078122  | 0.0062223110696762026425  | -0.018043108596823141665  |
91    | 0.0049324038111458702247  | 0.0024595945550157632259  | -0.0092576354360587170822 |
92    | 0.0082685234944410122837  | 0.0073799008912091524845  | -0.0041796364325891290428 |
93    | 0.0009219943160940057697  | 0.0074839139006640633192  | -0.0057157875245136251924 |
94    | 0.0052549741867020868802  | 0.0076358085317454436891  | -0.019383349830532949076  |
95    | 0.0045476364431181730968  | 0.0096407503810163105301  | -0.0083880177548479699368 |
96    | 0.0013873079715755862098  | 0.0097823296284572838072  | -0.0030105705097067821628 |
97    | 0.005626151824232480253   | 0.0049355633440755037819  | -0.0019722637747649489522 |
98    | 0.0099612756430025282961  | 0.005063929495515756031   | -0.02002258345311211038   |
99    | 0.0044892703219938630624  | 0.0073077251833471188955  | 9.1922719931170619083e-05 |
100   | 0.0098252706359628350086  | 0.0048496008007971247097  | -0.015016848644482265474  |
101   | 0.0063366255637828730607  | 0.006920706581601556405   | -0.012633717582591318107  |
102   | 0.0060340979255194323455  | 0.0056000400964226551559  | -0.013090065816141853439  |
103   | 0.00012465739776071577214 | 0.0084284047421392584848  | -0.0063008894375894035703 |
104   | 0.0031939646180644981101  | 0.0077310454508669060672  | -0.0071684375939127017302 |
105   | 0.0086394808041661622089  | 0.0066691906469118489298  | -0.0097437603159875839365 |
106   | 0.0041054507512247500126  | 0.0084068675894004955829  | -0.020500233901862376096  |
107   | 0.0081106915948997750088  | 0.0066186371188015945613  | -0.017289540411312216001  |
108   | 0.0066681670096936157197  | 0.0092392380202531623062  | -0.020501678745349791178  |
109   | 0.00059130498994665499357 | 0.0035214602402530567268  | -0.0061267318874539044779 |
110   | 0.0040176830570526362446  | 0.0037396612882687348643  | -0.01534871032736672726   |
111   | 0.0065485001545966042488  | 0.0036915831878468669848  | -0.010971244637862268001  |
112   | 0.0089146015199873546858  | 0.0083601775047155296727  | -0.00094061803317141770564 |
113   | 0.0069716709725708521025  | 0.0044042404809933087886  | -0.0011292929102426163632 |
114   | 0.0085814281277088420852  | 0.0078145545916838161232  | -0.0045754764859778536412 |
115   | 0.0016831018333565018596  | 0.0022137358760920076289  | -0.0093741731115009122033 |
116   | 0.0033847708268085071291  | 1.0977547221222816692e-05 | -0.016799819451495640044  |
117   | 0.0086892022771677453891  | 0.0035278833583625756123  | -0.0044364126580654777987 |
118   | 0.005363413473758247077   | 0.0043435462903993003053  | -0.0030582959266452565579 |
119   | 0.0065018946503045300933  | 0.0026487267842596976669  | -0.016134768033109682384  |
120   | 0.0024681459457963047036  | 0.0033021974166127779013  | -0.01771234638870408315   |
121   | 0.0048312793634845340937  | 0.0015312540812725493593  | -0.018939983804924565014  |
122   | 0.0096647328586252495564  | 0.0074613313362667894532  | -0.0053081553424668467128 |
123   | 0.0031350015598162537904  | 0.0024909541999362356211  | -0.014461225043556109535  |
124   | 0.0038314912358224837395  | 0.0065058369690472149516  | -0.0094462339166518811961 |
125   | 0.0065569661012091010055  | 0.0086634729783116280755  | -0.0044500384238617520308 |
126   | 0.0081838515189051538878  | 0.0068911715288417175682  | -0.0099669781660879346735 |
127   | 0.0023121785158633895683  | 0.0073448930165331384814  | -0.0062453151736081404313 |
128   | 0.0042323993115621965852  | 0.0016625479002821356295  | -0.019161041176350396276  |
129   | 0.0097073709655874119984  | 0.006116003559868661045   | -4.9140598828971483758e-05 |
130   | 0.0058927070033704632632  | 0.0068770210685656389324  | -0.0013941941311069840689 |
131   | 0.0037177100674305866602  | 0.0053694143484870867147  | -0.021087938029786763849  |
132   | 0.0042155306688538294116  | 0.0031271662023751476897  | -0.0070069348379004879612 |
133   | 0.0034507785512107370419  | 0.003399274026666176951   | -0.013881641261838471163  |
134   | 0.0075885301398093234215  | 0.0079278088094321980811  | -0.017304881426708992181  |
135   | 0.003718740705632115999   | 0.0061049038238383630459  | -0.01524659621284734333   |
136   | 0.00422914060463750862    | 0.0062097831213134826664  | -0.016016131605402727373  |
137   | 0.0056041832255533333834  | 0.0062453884148661927694  | -0.0073756745560060871236 |
138   | 0.0072929666415649432171  | 0.0048305479800788194561  | 0.00078494786542836962433 |
139   | 0.0062010344751586305573  | 0.00082798740140944862131 | -0.0084322897537117778161 |
140   | 0.0061275669975521416741  | 0.0065699498937621825939  | -0.012145480292044822518  |
141   | 0.00053194074647775380256 | 0.0074110333361282511311  | -0.01843876945208886356   |
142   | 5.016281665376465769e-05  | 0.0069465035419106931081  | -0.010070886261347927054  |
143   | 0.0034228145185729217347  | 0.00029799527709613055516 | -0.012537122491906567065  |
144   | 0.0096829501504793417249  | 0.0056277826425307339239  | -0.010390503563296403164  |
145   | 0.0070004717321789401707  | 0.0094533945496908487749  | -0.010044390074771085419  |
146   | 0.005238980380492475053   | 0.0093227355915938177333  | -5.6194866274554369393e-06 |
147   | 0.0043780469312451131617  | 0.00044216433889972516771 | -0.014863287460048443117  |
148   | 2.8992099081822447976e-05 | 0.0081577003742718985635  | -0.0019643611670574442386 |
149   | 0.0016448131432948767932  | 0.0078030774014461977417  | -0.014022695749855179637  |
150   | 0.0041587315411076375762  | 0.0032859475705096052693  | -0.017038913246238428234  |
151   | 0.0040624069428257950434  | 0.0038226935938793808398  | -0.015181973033100320744  |
152   | 0.0074045231079417567557  | 0.0013062587396364538916  | -0.011908319257043383649  |
153   | 0.0075327510732607731725  | 0.007428003958101393224   | -0.0065394723670970109422 |
154   | 0.0043027118528407405987  | 0.0082760438419696331913  | -0.0079442833964378008899 |
155   | 0.0044681210520300133557  | 0.0010557501065341621822  | -0.001792399554217534571  |
156   | 0.00085445686336481081573 | 0.0084592477042889271249  | -0.012712795922599627596  |
157   | 0.0055378674485018746648  | 0.00033227133044714043941 | -0.0013393279090710941918 |
158   | 0.009382556141500582314   | 0.0036176823558349349708  | -0.012305296449330869676  |
159   | 0.0041985766371925624732  | 0.0028115427606792342194  | -0.016994153189977035529  |
160   | 0.0037159425869677498687  | 0.00073491444918635318376 | -0.019758183621141383463  |
161   | 0.0053857220148928264605  | 0.007665959576383802633   | -0.00613125035315269587   |
162   | 0.0053450840550189641573  | 0.00027095900658679624535 | -0.0049463128148246075441 |
163   | 0.0050265982087247503343  | 0.0002865551136219162613  | -0.0075191639872869316108 |
164   | 0.0040477308746340520673  | 0.00023223040325862735474 | -0.007125396642752289747  |
165   | 0.0063442962248153106017  | 0.0075427603372383907748  | -0.0081843924272984331508 |
166   | 0.0075044045517092478406  | 0.0076630885408293467759  | -0.018436949375479672747  |
167   | 0.0015545190985821219325  | 0.0098397420176839396622  | -0.0082416009811732294371 |
168   | 0.00072985752658246859023 | 0.0058845738911389288556  | -0.0056174536876078878453 |
169   | 0.0039084118219185207468  | 0.00017023258236030324288 | -0.0040171137037373211287 |
170   | 0.0099397383603814035841  | 0.0069414051305596883787  | -0.0062219930051774759508 |
171   | 0.0032196797335939408326  | 0.0077646320179717079335  | -0.017968222822016145096  |
172   | 0.0037232138407834042271  | 0.004001417794831985987   | -0.0013862327878132302793 |
173   | 0.0042552044432642181435  | 0.00075329515602264539558 | -0.0038959183796461998445 |
174   | 0.005270998416653647177   | 0.0013824334952498463103  | -0.0079034508506373273018 |
175   | 0.0016618420279495226509  | 0.0076999498052626319522  | -0.020925697233347730075  |
176   | 0.0030449000425661863767  | 0.0078776613884234923668  | -0.011385644279638394358  |
177   | 0.0059970117022534463747  | 0.0062667919442448306172  | -0.003484826178429373169  |
178   | 0.0024039836544166859333  | 0.007571564547543888947   | -0.010111424161555956913  |
179   | 0.0083494080630076451116  | 0.0096828722655407616082  | -0.014385640644674303409  |
180   | 0.0039235699486361757041  | 0.00059901977026916399579 | -0.0080501876003318574571 |
181   | 0.0068218955096794511167  | 0.0088887819576204639416  | -0.014991417265015899787  |
182   | 0.0083803684800987619796  | 0.0057795688873315065673  | -0.014282943759214685245  |
183   | 0.0048200622672735851659  | 0.0042155469290685301451  | -0.014812520654046059526  |
184   | 0.003000824328193022264   | 0.0051242890844995425334  | -0.0051089490997163530123 |
185   | 0.0005656737682830237238  | 0.0028214330227296748402  | -0.018462801420903882099  |
186   | 0.0040469609041967604876  | 0.00608749543948518268    | -0.013240395547864332315  |
187   | 0.0057460032611936322222  | 0.0066874519950478909444  | -0.0052615398101333614098 |
188   | 0.0056037693639262933787  | 0.00029891218748796848309 | -0.0034159388956417069405 |
189   | 0.0024755421502106241677  | 0.00073814441748663189337 | -0.012245743818633471681  |
190   | 0.0029068630428263730718  | 0.0052006843768479891349  | -0.0010043847681062750745 |
191   | 0.0024974619325654162476  | 0.00052486756205190885412 | -0.012758739975795581334  |
192   | 0.0025342474698824384027  | 0.00011592441344408239273 | -0.0061113936887696521105 |
193   | 0.0029642990686385255195  | 0.005065768129557210453   | -0.010257288452033531956  |
194   | 0.0093011568039337785829  | 0.002935761380052560876   | -0.0069918276617466175102 |
195   | 0.0011456604789356716716  | 0.0027427535173898476631  | -0.0032960305363359189597 |
196   | 0.0063644167923614805918  | 0.003103508835538454011   | -0.016665319355843088989  |
197   | 0.0046099856821646464228  | 0.0063880572475095544552  | -0.0096181144067642200535 |
198   | 0.0088016304417066221905  | 0.0042909933281498292487  | -0.014350303783313120981  |
199   | 0.0089232501024759745129  | 0.0038572758004508582268  | -0.01649935796435137228   |
200   | 0.0033079902475878870602  | 0.0052698960660893749003  | -0.007280145439947075317  |
201   | 0.0028459597668197521292  | 0.0041110265598171972026  | -0.018116052927611554085  |
202   | 0.0040781273862578936926  | 0.0074524037683281378966  | -0.0031441441389627872161 |
203   | 0.0048932985307635640942  | 0.008762138020344343442   | -0.015706532322191154444  |
204   | 0.0021874052666155099564  | 0.0031508528962626877572  | -0.015467063524521824924  |
205   | 0.0069047725433623420924  | 0.0019767314175860627515  | -0.020748841073265304052  |
206   | 0.0062959190163731125825  | 0.0048890023968855781528  | -0.007054098935441501135  |
207   | 0.0067841131753418985884  | 0.0047799494618577104132  | -0.0068301372100283714445 |
208   | 0.0037359807508670146887  | 0.0091561526740588268514  | -0.011341135555578156849  |
209   | 0.0077539515491980379874  | 0.0078836223757594303674  | -0.010963887510760148003  |
210   | 0.0029380371506754010894  | 0.0047267374256740974856  | -0.0015701311847964903937 |
211   | 0.0031714671855185183787  | 0.0001814987309157311407  | -0.0049260264716805409954 |
212   | 0.005348484528474335177   | 0.0056980978978500868709  | -0.0010820913145600480169 |
213   | 0.0069456769111165403072  | 0.00068374516778554373948 | 0.00011159041770091172169 |
214   | 0.0046039866020914435585  | 0.0049944496011917515269  | -0.016153568871911709592  |
215   | 0.00010807798779970989621 | 0.0053355745898095875007  | -0.01304085467942000913   |
216   | 0.0095125901643108023986  | 0.0091192697847334493882  | -0.017941524693020780012  |
217   | 0.0082867140750359415818  | 0.0082094449709099875934  | -0.015965478758538240861  |
218   | 0.00092606021686487353245 | 0.0069247668453454886556  | -0.006615712698970978474  |
219   | 0.0026755824459230624981  | 0.0045829478969861550328  | -0.019753278789997767706  |
220   | 0.0072779062839619301437  | 0.0062794160899687714861  | 0.00078182393745969273099 |
221   | 0.0069347992319607016862  | 0.0095386922394893498833  | -0.0091714700533005941163 |
222   | 0.0052857424969203785012  | 0.0090459023295975781592  | -0.013278275587254756082  |
223   | 0.0031805409020015840312  | 0.0021167743895025791477  | -0.011439884792752050627  |
224   | 0.0012257078361209167855  | 0.0075713298073651529377  | -0.014982743783478236904  |
225   | 0.0089114627018466695263  | 0.00037730101365076397545 | -0.010255523853619587238  |
226   | 0.0021646808884906356546  | 0.0037766579806502312625  | 0.00076645814249984745188 |
227   | 0.0066222556289082263464  | 0.0041928023482631932711  | -0.0022221025683978037554 |
228   | 0.0066198363857624198739  | 0.0030344437830623267362  | -0.0091161946535408787395 |
229   | 0.004493917054277510488   | 0.0081326881821880692147  | -0.0059023672524916451568 |
230   | 0.0050831113737138571354  | 0.0010430770674510645921  | -0.01519440326486783642   |
231   | 6.8792638688866254541e-05 | 0.0061123255507791766569  | -0.013492755281990001168  |
232   | 0.0058417091599904822849  | 0.0078021195898638545305  | -0.00078357117219060112932 |
233   | 0.00039592879137034597088 | 0.0058587351840872353703  | -0.017967289801263209431  |
234   | 0.0050821971095958082265  | 0.0040595835137462064554  | -0.016070807066456874179  |
235   | 0.0015841583938538406073  | 0.0040452990604653103063  | -0.015515279828292238493  |
236   | 0.0035999969418537168184  | 0.0026418536284313911232  | -0.0084253318619922704102 |
237   | 0.003577573951746961748   | 0.0039860146896756815452  | -0.00087794991478786464645 |
238   | 0.0023555267356385432842  | 0.0058389501654799863539  | -0.0035111392411699992623 |
239   | 0.009823533556436364611   | 0.0080213867762258736493  | -0.0026306238362349926123 |
240   | 0.0067648327663795849302  | 0.0095390321095400482793  | -0.02003298403613756537   |
241   | 0.0055837402312779865765  | 0.0087754188012457053081  | -0.0020272168190814811133 |
242   | 0.00079346641533105746486 | 0.0048968524685629108428  | -0.0061965678232151358631 |
243   | 0.0026223802017735857971  | 0.0059173451853886289975  | -0.01242278782139208046   |
244   | 0.0070863752627996368788  | 0.0051103511606010081428  | -0.0035940172242245132204 |
245   | 0.0050345369832446055722  | 0.0025067273044299307437  | -0.019565269431032223518  |
246   | 0.0099065291031879797179  | 0.00083643479614342749161 | -0.0086136735710152546874 |
247   | 0.0056979119613443929282  | 0.0032116179968246392692  | -0.012827357332372398002  |
248   | 0.0097550418038735552811  | 0.0051042587378403387124  | -0.0086870590443602797859 |
249   | 0.0066478107421191392351  | 0.0024713949526976295747  | -0.0060434540348423843731 |
250   | 0.0066676696132650899521  | 0.0054501510949665696315  | -0.0015895913383536792833 |
251   | 0.0043786393139066404068  | 0.0049424804305739991617  | -0.018343194412941844079  |
252   | 0.0072163070522179451755  | 0.0057532269391236791692  | -0.021276789869842247654  |
253   | 0.0047906522284670034068  | 0.0087884582052353693582  | -0.016744976869096813571  |
254   | 0.0023042300924010728977  | 0.0013256290067085200676  | -0.010082958397128562178  |
255   | 0.0017829814690086575376  | 0.0047462442584530291009  | -0.00080343522209099676491 |
256   | 0.0047209644324252000511  | 0.0075817702706629293979  | -0.012273124436371032897  |
257   | 0.0020402408762436401689  | 0.0026917329792632430432  | -0.0091669940949703140887 |
258   | 0.0032910838499756946314  | 0.0067736655945444205346  | -0.0083117839414377989171 |
259   | 0.0064319550787400470854  | 0.0092544131902567768749  | -0.0094983862425946138236 |
260   | 0.0042555629793648661746  | 0.00062361193911824447638 | -0.0050617186508600357786 |
261   | 0.0057269407927445390924  | 0.0068459398875696372486  | -0.021099168467977002378  |
262   | 0.0010408543084179529802  | 0.00016764759693064175991 | -0.01232062844020681211   |
263   | 0.0072661863136856963408  | 0.0007296015277235793229  | -0.016994754082416924784  |
264   | 0.0062327705844896896109  | 0.0016960675450525648181  | -0.00024807292776601489815 |
265   | 0.0065852571539452729385  | 0.0064961638097547009033  | -0.010739101149251584211  |
266   | 0.0039913514499962821774  | 0.003380614080998923382   | -0.017361113942808478056  |
267   | 0.00081731379870258287143 | 0.0031516906668506553847  | -0.01054117604633397591   |
268   | 0.0060472355289544208259  | 0.006451878915297607972   | -0.002269737513510039148  |
269   | 0.0037913104037195759916  | 0.0024627079092370339312  | -0.0030125701811995150327 |
270   | 0.009447893418294583609   | 0.0046123043667480314797  | -0.0097829408254560580593 |
271   | 0.0053272573932867236732  | 0.0091284156038244322617  | 9.4824759492041833819e-06 |
272   | 0.005639919724731755693   | 0.0080098432902456738469  | -0.011406463777130400328  |
273   | 0.0036885954327288768446  | 0.0095626956479444372161  | -0.013341167233509748993  |
274   | 0.0061597006577289283372  | 0.0075634054323586536947  | -0.013017738242544187044  |
275   | 0.0089601494692628080169  | 0.0052618980781837841956  | -0.003864862017301263445  |
276   | 0.008891253542254683867   | 0.0033988369097292213394  | -0.010123220118107298729  |
277   | 0.0022958721700517205518  | 0.0048586818932584516922  | 0.00066409457800072676376 |
278   | 0.0086327624483780347753  | 0.004711879501136515512   | -0.0080321338567763463784 |
279   | 0.0039937064928645387568  | 0.0042069467383904638261  | -0.0038118766457724728887 |
280   | 0.0090301940190287456611  | 0.0036927537239880084408  | -0.019157899035061737303  |
281   | 0.0043729907898583516776  | 0.0078365512481687292501  | -0.0093219324022191362572 |
282   | 0.0036918240325138421132  | 0.0012839327579700953244  | -0.015655816513759027858  |
283   | 0.008250901220065557512   | 0.0057078407389230447627  | -0.016221517099328525841  |
284   | 0.0027675423457522514877  | 0.004436246633144417563   | -0.017415228293153242611  |
285   | 0.0095832958120223837167  | 0.006042562439362576289   | -0.0032567100843690455041 |
286   | 0.0013651686961898921308  | 0.0021158538714736788156  | -0.01561568115096888254   |
287   | 0.001981022228465433889   | 0.0064219874066412975522  | -0.0082483448109280897709 |
288   | 0.00235438813839358458    | 0.0028021831291444123692  | 0.0005091143095344611777  |
289   | 0.0098986843317520768065  | 0.00016104338747551256842 | -0.017745073978576324236  |
290   | 0.0014910548436092890996  | 0.0065156379517656640155  | -0.004702533877358887858  |
291   | 2.4545861375381317375e-05 | 0.0011986345322059996105  | -0.0098594434864942188945 |
292   | 0.002859366096874220789   | 0.0045314146470363724992  | -0.00010607697948354363542 |
293   | 0.0095075580771486600112  | 0.00028155610260222204647 | -0.015007617042694623016  |
294   | 0.0078016963198106721936  | 0.0073259030020136513273  | -0.0017898450931956135304 |
295   | 0.0025882315764427232807  | 0.0026232708614127285031  | -0.012738010752245917598  |
296   | 0.0071898488208763334725  | 0.0040190059434751434705  | -0.016491184851683333978  |
297   | 0.00087314347206004334304 | 0.0030209609431194883733  | -0.017932679720497599063  |
298   | 0.0022122525213018398582  | 0.0048655917072487038857  | -0.019376235181933595259  |
299   | 0.0016136152598465495437  | 0.0073128459880340427116  | -0.013072426816533488231  |
300   | 0.0044156438810732416209  | 0.0072276366105885466937  | -0.015533841986841632338  |
301   | 0.0013957873257035172208  | 0.0073548321981641816281  | -0.021068757700313283515  |
302   | 0.009593386466944150634   | 0.0020982758442361186535  | -0.019723725631577138789  |
303   | 0.0080069054915492682278  | 0.0051892446357800735279  | -0.016376785040668927901  |
304   | 0.0012855101026600689387  | 0.0058897599078434961783  | -0.0090851950524558737488 |
305   | 0.0063098580316772925197  | 0.0072872745279669165486  | -0.017288423472896198574  |
306   | 0.0044636017720000942602  | 0.00262877290618724474    | -0.015406830027608026806  |
307   | 0.00010641995195652449876 | 0.0036381420519943303074  | -0.0046658385895300726054 |
308   | 0.0089487878024784913572  | 0.0049870513351408813502  | -0.0031480640561232960117 |
309   | 0.006120411383066146592   | 0.0030263042181573073831  | -0.0075093474516756877207 |
310   | 0.0096587142563081523211  | 0.0055285171989828138864  | -0.0080652117427194459226 |
311   | 0.0087497125343969570088  | 0.0057261594095129753762  | -0.0087584282293705142952 |
312   | 0.007061216301914692399   | 0.0038264794978526174563  | -0.018196811830161994938  |
313   | 0.0069293275739770003596  | 0.0027711602497708532483  | -0.0032744097854623477675 |
314   | 0.0041748501698838031207  | 0.0068961850283581560897  | 0.00070557233569838295056 |
315   | 0.0098911509600297740225  | 0.0089222474081659848555  | -0.0057285028534352468513 |
316   | 0.0054285413749143480999  | 0.005009310899548093457   | -0.0038638541923576848018 |
317   | 0.0061233074067594799733  | 0.0018558709331625692675  | -0.02073589255241766946   |
318   | 0.0073970787571716670183  | 0.0052821997262536305937  | -0.0014825805816591284669 |
319   | 0.0024153098965978337699  | 0.0022717218756864629957  | -0.0027637623401256840305 |
320   | 0.0068249211295666363519  | 0.0044753292404120046527  | -0.021030709061209958838  |
321   | 0.0035834819943468126935  | 0.0029549366222226124308  | -0.0081213213117048207307 |
322   | 0.0087727532289664372778  | 0.00026743541822239882749 | -0.003139488631992444663  |
323   | 0.0050974635989479285744  | 0.0019903140219418732036  | -0.0049813047970658367106 |
324   | 0.0021973637736759561202  | 0.0044678720729682888657  | -0.010231095811853725686  |
325   | 0.0053825532552777520523  | 0.0018344398779875782483  | -0.014265140293848056069  |
326   | 0.00077951280596793410226 | 0.0049517101304278887675  | -0.0076785226140316433646 |
327   | 0.0039640780208589727548  | 0.0071183441975965428342  | -0.0089265536104167157033 |
328   | 0.0099209158026411815856  | 0.0078775660124190214489  | -0.016942083925857037013  |
329   | 6.6066833181430207928e-05 | 0.0064922735097919185426  | -0.0081274791707620867159 |
330   | 0.0023409456592368101981  | 0.0030341074799301939735  | -0.0026742514096274013283 |
331   | 0.0064567502564381916777  | 0.002580073303935922005   | -0.00926554246778197102   |
332   | 0.0058133113663246084937  | 0.0059016237032671718665  | -0.0021948799526579601711 |
333   | 0.00091158536409821177941 | 0.0072870793117131632197  | -0.012343284425767191842  |
334   | 0.00055308513246992764036 | 0.0037606233745746875038  | -0.0093700043031016977402 |
335   | 0.0034335260525987644324  | 0.009583834741148987077   | 0.00018888703728282742883 |
336   | 0.0087524668586609014748  | 0.0047942346392877248362  | -0.010299035659553645861  |
337   | 0.0024426325892139329893  | 0.0090238742190068155918  | -0.0066716769810518262301 |
338   | 0.0086173703382877164803  | 0.002040486702339955067   | -0.009790291412895732806  |
339   | 0.0046054884790442361664  | 0.0062353036681774519356  | -0.018013066052910673559  |
340   | 0.004445639021177861909   | 0.0058879175239733762964  | -0.0039874524149281281513 |
341   | 0.0043016577137980471085  | 0.0087044960009987661087  | -0.016002144352396968641  |
342   | 0.0013785936928002815588  | 0.00097104367115336074484 | 0.00032962705446928138725 |
343   | 0.0017927809756029717842  | 0.0036478536255432499578  | -0.003369879269206085045  |
344   | 0.0061006292781353001556  | 0.0074134038227244413582  | -0.00094141410961880763863 |
345   | 0.0051091362419071976314  | 0.00012220411836804610231 | 0.00027074400658174996477 |
346   | 0.0099233465781403892847  | 0.0078064476035605975465  | -0.011453817729396425021  |
347   | 0.0074427148843699874117  | 0.0056191134175282023491  | -0.016382575133527994132  |
348   | 0.0082809522035197959122  | 0.0023466056094207229585  | -0.010899078873622194963  |
349   | 0.0023640901065729072981  | 0.0021774144530811116033  | -0.011819714305529166465  |
350   | 0.0022036519455431533704  | 0.0036056201388429665565  | -0.0071766324877261707116 |
351   | 0.0024282360952907863956  | 0.0026732836722194218762  | -0.01581641947483542962   |
352   | 0.0030533010677095055556  | 0.0034570041408990589797  | -0.010885699552678842345  |
353   | 0.0037973415701502144515  | 0.0044538425991246521907  | -0.0043412154979001783828 |
354   | 0.0067116316474509982171  | 0.0036817183083679540581  | -0.0073333836337159535868 |
355   | 0.0050497714810311625927  | 0.0042386702325979061512  | -0.0024979651493260285333 |
356   | 0.0003247602990144397286  | 0.009132493012824727599   | -0.018035144397372585706  |
357   | 0.0041053071324741660653  | 0.0043354533685184106287  | -0.021163674410572951012  |
358   | 0.0046825245095590767655  | 0.0025723995916578385607  | -0.020341311729676309766  |
359   | 0.0094318132581908201151  | 0.0042435476626672824496  | -0.015876656823644808014  |
360   | 0.006582347359702124534   | 0.00022513812650717682988 | -0.01665127371106208537   |
361   | 0.0036416115147886434639  | 0.0060650149835547399052  | -0.018321622256188496713  |
362   | 0.00071341480816684052068 | 0.0022640085983880314791  | -0.018122569261626454706  |
363   | 0.0071334544377358527836  | 0.0076954333121140349253  | -0.00038175337070040405059 |
364   | 0.0016604241228372960786  | 0.0043513098924873603104  | -0.011099794401053575399  |
365   | 0.000399312826746579916   | 0.0074340823363302300023  | -0.0045794881751046751656 |
366   | 0.0020293310341150138688  | 0.0033070647514826189382  | -0.016614984237198676675  |
367   | 0.0070745121167871856394  | 0.0026333050824235300878  | -0.0022607491741976114621 |
368   | 0.0064064405614602457084  | 0.00011843482842596454426 | -0.0080163942612782226188 |
369   | 0.0043220807571327972754  | 0.00069610869221794504334 | -0.018583752539147818661  |
370   | 0.0021667218891015800446  | 0.0043966660403260979587  | -0.007166922493228653282  |
371   | 0.0028642196307370046057  | 0.0054646370275512187384  | -0.00062864858836243818572 |
372   | 0.003568524275566590815   | 0.0063256065457889887674  | -0.011155941148147703254  |
373   | 0.0076145997526114424583  | 0.0010940164349309781239  | -0.014822692840026576236  |
374   | 0.0076488033410155023203  | 0.0098653795313699086528  | -0.018442704060997752724  |
375   | 0.0058106366080916309683  | 0.001742153260006576573   | -0.02040757873519377652   |
376   | 0.0092636291842800155133  | 0.0039217255939543813753  | -0.0017870319137695618757 |
377   | 0.0098964032612299506625  | 0.0053841979608344565575  | -0.0096142409037564425384 |
378   | 0.0048325717238961434646  | 0.0092362933965567453609  | -0.0077127688828812603419 |
379   | 0.0084323258418948689868  | 0.002281797536701058067   | -0.00026963739498532573102 |
380   | 0.0043941616140940626539  | 0.0003562107813226540699  | -0.018331308063015892135  |
381   | 0.0017933031574315376391  | 0.0045356640746847089532  | -0.011573119716892782752  |
382   | 0.00212698384778782024    | 0.0070662036966055623635  | -0.013704635245966649559  |
383   | 0.00014210063559261826185 | 0.0090541656528248457003  | -0.012503049436626095109  |
384   | 0.0076822654516897972976  | 0.0054777046004778253557  | -0.0052192557494893793146 |
385   | 0.0082287978731172880392  | 0.0019336399513586975674  | -0.017943407498284054402  |
386   | 0.0078352354426026865619  | 0.0082879084709160198013  | -0.020284758407185340956  |
387   | 0.0053137050179006351316  | 0.0038466340570694665911  | -0.011811763348422339021  |
388   | 0.0073930237849425765179  | 0.0053144409360899496145  | -0.00013831910871416156243 |
389   | 0.0067834927635063140688  | 0.0063247099495317574483  | -0.0076519623820737328948 |
390   | 0.0045376563941588446069  | 0.0012365613345165099319  | -0.018133652999217871743  |
391   | 0.0055323936773938996864  | 0.0044143183306398561805  | -0.018013776357565899205  |
392   | 0.0052807101777867567621  | 0.0038377823890766507575  | -0.021104899388512468605  |
393   | 0.006761227682249753082   | 0.0093320532589182547678  | -0.016834145608446517139  |
394   | 0.00089140147408741667555 | 0.0040522302078529401359  | -0.020730781337212643434  |
395   | 0.0066224432214253611123  | 0.0080916043691501640667  | -0.013495250848812230873  |
396   | 0.0074496519616272585673  | 0.0047554300760255050623  | -0.012272615526852161463  |
397   | 0.0038641141758750515919  | 0.0067752870158579994384  | -0.00057799591169361793676 |
398   | 0.0054153725477339726552  | 0.0068935318949409369466  | -0.0049115037679134110338 |
399   | 0.0029716469579495088764  | 0.0074827510610815991393  | -0.018845909300535871461  |
400   | 0.00083641983305344743457 | 0.0082349868392137572093  | -0.0053090986211030118461 |
401   | 0.0050729209389941080227  | 0.004840658972472223695   | -0.018755337862207399624  |
402   | 0.0021008358196894067436  | 0.0016689391129820531096  | -0.00092749411108412449078 |
403   | 0.0046187413120528323512  | 0.010003765562173048964   | -0.0060255193982349571774 |
404   | 0.0061473225310403707342  | 0.00036340916559873402865 | -0.011437117251615648572  |
405   | 0.0094313402183107790389  | 0.004646280690697132329   | -0.017662371107143214066  |
406   | 0.0099277725446241475021  | 0.0061193710239861804148  | -0.010862528106816485979  |
407   | 0.0096393220684131107612  | 0.0087906891364745564504  | -0.0020428801940464906377 |
408   | 0.0027265251373639184593  | 0.0078088478889631026195  | -0.0060791443042946362307 |
409   | 0.0038438729662645825837  | 0.0017459524267007323073  | -0.014095102658755685396  |
410   | 0.0013821085893211937888  | 0.0028899170099668516562  | -4.8662588424438727602e-05 |
411   | 0.0076943915964435361313  | 0.0039480304001111863124  | -0.015314474666027052749  |
412   | 0.0038414123958163525624  | 0.00093203539465333030967 | -0.013851116237514256649  |
413   | 0.0025807639530695206803  | 0.0063350183419393860801  | -0.021222832833241271622  |
414   | 0.00273579504321769338    | 0.0014387523285197794786  | -0.018771459233530098792  |
415   | 0.0027648452450593106675  | 0.0094159788088184464411  | -0.0056964144010539343246 |
416   | 0.0052044123361966593277  | 0.0056564047054914936424  | -0.00070465426266718680839 |
417   | 0.0073703763898240841346  | 0.0022183399286402638063  | -0.0053623795427527147506 |
418   | 0.0074077314069335865182  | 0.0080963361113750124953  | -0.010530543497602004588  |
419   | 0.0099619454391456415537  | 0.0067513657334210977826  | -0.020568778385880472775  |
420   | 0.0064336800150478871962  | 0.0087527835598395480748  | -0.01840216307812509236   |
421   | 0.005792503582795702384   | 0.0093079779734751965509  | -0.00081652080848509489379 |
422   | 0.0024230567876980333569  | 0.00071039804276880704793 | -3.7228358217134432148e-05 |
423   | 0.0051050663181283380265  | 0.0076961796378411688122  | -0.012296847087306835011  |
424   | 0.00038842544563110604052 | 0.0078132298614004436904  | -0.0039347646033093116799 |
425   | 0.0064062249619554253316  | 0.0041283542326710723908  | -0.019004507368221807556  |
426   | 0.0043371900338945454725  | 0.0094170949685632842491  | -0.0014526253861648701863 |
427   | 0.0066695782361978093664  | 0.0023246252530787500992  | 0.00033200725412673451559 |
428   | 0.008222136534432359159   | 0.0046974147598066850334  | -0.017347183690974193188  |
429   | 0.0052371841001647330416  | 0.0037855619732735531179  | -0.0029886382224893069844 |
430   | 0.0019009362056242450501  | 0.0089095754071181684774  | -0.0068122354136584684081 |
431   | 0.0069292893221048418653  | 0.0071705408652888314586  | -0.0042597355998557498782 |
432   | 0.0014831249420005309086  | 0.0055604630558114143818  | -0.016171873438936786027  |
433   | 0.0026545405799732781083  | 0.0058325596242208167103  | -0.015308075384697953161  |
434   | 0.0025464694624624394266  | 0.0027185826380817902995  | -0.011653558782045641412  |
435   | 0.009775469153958195323   | 0.0012163700128846701484  | -0.0032559983717469708452 |
436   | 0.0010477611996613763259  | 0.0079795962502420859919  | -0.0046481914701109565413 |
437   | 0.0056959261924933958163  | 0.0042313025446035698596  | -0.002350059651297925576  |
438   | 0.0085159323344868274874  | 0.0035521310461861686433  | -0.014942587656039497263  |
439   | 0.00058320417773424912053 | 0.0074735029363000079344  | -0.0075863173933866890827 |
440   | 0.0093596351647049959993  | 0.0042593517769420408473  | -0.001554686282696783519  |
441   | 0.0017919351936535813773  | 0.0011938443584038681104  | -0.0068846057440680357223 |
442   | 0.0015330414254955328657  | 0.002760310864980404337   | -0.0014179212738185079535 |
443   | 0.0036230327341695177032  | 0.0083322057055710951196  | -0.0073869485194738744582 |
444   | 0.00050471821326081094897 | 0.0004501571657398845106  | -0.013853714803535133876  |
445   | 0.0072033212289825693936  | 0.0071023369642667800311  | -0.0062441157991468517266 |
446   | 0.0014280124973066212184  | 0.0084728720419199442943  | -0.012152683579794787763  |
447   | 0.0038660598760553682544  | 0.0084987150941701460755  | -0.019630139547321231314  |
448   | 9.3354270128653360581e-05 | 0.0049564639297717451999  | -0.012210662978943229162  |
449   | 0.0062035697797684736729  | 0.0070187259057475498425  | -0.0074107200222365762765 |
450   | 0.0066606036587473129579  | 0.0039397073614163358526  | -0.0031404244870980244086 |
451   | 0.00065035628243814193068 | 0.0097334375185383729956  | -0.021131943305761766855  |
452   | 0.0081338241103289261186  | 0.0088248660877614151093  | -0.015786783150171367074  |
453   | 0.0058543877777292420775  | 0.0036856270319690184918  | -0.016404040852814889828  |
454   | 0.0081407617196628621198  | 0.0066373464709225246314  | -0.012318080263683502465  |
455   | 0.0015714643735973447478  | 0.0062065299020259969906  | -0.0036465855329672154303 |
456   | 0.00086340762611146308625 | 0.0042796947237454018367  | 0.00080560060782374886407 |
457   | 0.0023582411782260758945  | 0.0052295405555038022155  | -0.0026148953325158819094 |
458   | 0.0027490392564339309438  | 0.009289936360864515727   | -0.0052697038883125950706 |
459   | 0.0055885816369636229228  | 0.0010982678282735784062  | -0.00091531302582258295981 |
460   | 0.006404061542685939544   | 0.0088001950703227114353  | -0.0064538575910628405083 |
461   | 0.0029948788944141485104  | 0.0044260852317723475835  | -0.0058591749219609927726 |
462   | 0.0037273309710712828995  | 0.0034220273856169053893  | -0.0086383338785847932351 |
463   | 0.0064648207605430395989  | 0.0039390442341890562206  | -0.013586316782423743174  |
464   | 0.0084619866575733667519  | 0.0012021351178909092834  | -0.018218243059280520013  |
465   | 0.0092477255829726181385  | 0.00023031957782682993758 | -0.019014525666649434443  |
466   | 4.5537797641044002362e-05 | 0.0062451383929063219655  | -0.0059579473418264273024 |
467   | 0.0070232856575850113878  | 0.0045295917882521609388  | -0.014236847846987870855  |
468   | 0.003084671307866335057   | 0.007113686371619522622   | -0.015536373402558754583  |
469   | 0.0054904651821560132921  | 0.0031175273945476499049  | -0.013824294237769542762  |
470   | 0.0046568600298954885078  | 0.00039106354022369729838 | -0.015174421253183512787  |
471   | 0.00087636039186688721118 | 0.008347489061551435427   | -0.019814280928292845457  |
472   | 0.0054611955696193432985  | 0.0086080724106545863233  | -0.019767859212475518554  |
473   | 0.0068083365194224329184  | 0.0015494034425523179038  | -0.013828744727640557635  |
474   | 0.0010354871124933497876  | 0.0018888489536656350061  | -0.0097710018090470564245 |
475   | 0.0049566097770245166193  | 0.0047198678854113995662  | -0.016138055825260178011  |
476   | 0.0081262019732166838881  | 0.0085979044893753475004  | -0.0068577688239893448349 |
477   | 0.0080489015405006466425  | 0.0079501537775919246115  | -0.0039634779904908100032 |
478   | -1.5934198846180473174e-06 | 0.0080056898611908563351  | -0.021142752923663018366  |
479   | 0.0040638651428616607078  | 0.0025243248593105230108  | -0.012910168404217532354  |
480   | 0.00020983423479493357416 | 0.0044591519085889893756  | -0.0086143983054657730092 |
481   | 0.0033471744659068817206  | 0.007991243722764827459   | -0.017723118984645871293  |
482   | 0.0044473692091748307301  | 0.004832276485820622379   | -0.020327741290309012806  |
483   | 0.0057839679003918401806  | 0.0037904478858918465994  | -0.018955658162018780566  |
484   | 0.0019806417799334138583  | 0.006119121943167804209   | -0.014475696263640903949  |
485   | 0.0012803726556429343656  | 0.005304258056522783045   | -0.018681041806575354042  |
486   | 0.0010394211004575522241  | 0.0072337396425702559996  | -0.0051211053157971895416 |
487   | 0.0081296191244681903498  | 0.0050685191947939826559  | -0.0091404855883762750612 |
488   | 0.0087579621172732130541  | 0.0061003937498102338288  | -0.0073490835945053548453 |
489   | 0.0042313159163733359697  | 0.009452381385250127957   | -0.020743848028302907388  |
490   | 0.0047137932643360460835  | 0.0086203516577020994349  | -0.0081601390746478645599 |
491   | 0.0035011261389504503422  | 0.0029150998122659927368  | -0.0068062609120464858184 |
492   | 0.0073352855002185848518  | 0.0082493717475453521432  | -0.0099083616157654118284 |
493   | 0.0093911986490790456267  | 0.0071162384059559220806  | -0.0082936638396242465948 |
494   | 0.0047341673323847803523  | 0.0046823056206520960107  | -0.020801351656112992972  |
495   | 0.0076311153457912896461  | 0.008101172948362236198   | -0.0027594727610777097619 |
496   | 0.008792196429954355491   | 0.005671111879763712782   | -0.013274022917325069976  |
497   | 0.0049639657764432585166  | 0.0050336346168286284775  | -0.00122685009743535604   |
498   | 0.0052195096323637262675  | 0.00021929382756112858173 | -0.021100135503777282808  |
499   | 0.0093835095549922586944  | 0.0051093896615644080611  | -0.0067337283138505102734 |
500   | 0.00049686165090779394436 | 0.0003133405602341980678  | 0.00071005443827722430211 |
501   | 0.0045912280969037152362  | 0.0038776315313254041198  | -0.016953930577979184346  |
502   | 0.0055179894526653262832  | 0.0052893621045004739559  | -0.01196332951091352674   |
503   | 0.0012522033118521869958  | 0.002672149330320862208   | -0.0072944653621114154823 |
504   | 0.0022233783257165616078  | 0.0033336175603825295329  | -0.015312836900769313114  |
505   | 0.0070457994182855001458  | 0.0076109778925731105814  | -0.020076932582088535817  |
506   | 0.0036441601042875894356  | 0.0022691371703194049107  | -0.011356567148449001059  |
507   | 0.0089445242325850698312  | 0.0037423110151165845348  | -0.003250680414503159376  |
508   | 0.0045754399346809582205  | 0.0017269713397208774023  | -0.015260993825079378558  |
509   | 0.0013920220871992423223  | 0.0030344933133004785286  | -0.021229857591553272927  |
510   | 0.0076757480519907749991  | 0.0084679267079188543649  | -0.0037206383759958057411 |
511   | 0.0023026806896131188709  | 0.0029202212291695693602  | -0.018030439998082362085  |
512   | 0.007401332303122606926   | 0.0097581923203722727156  | -0.01824155889635196634   |
513   | 0.0056384536598953240161  | 0.0032303288838666059657  | -0.016593705125333091388  |
514   | 0.0069364478275115229455  | 0.0016159513492962468938  | -0.0013514723896205873589 |
515   | 0.0076404949598177810885  | 0.0056386493573077683603  | -0.0081789829135601368332 |
516   | 0.0042653705764190098446  | 0.0010280767601422919396  | -0.0015219833694447141605 |
517   | 0.0075098124370422516052  | 0.0055455065838896783204  | -0.01472120555117163547   |
518   | 0.0032627127194604166674  | 0.0029212573794842201097  | -0.0090972830826135681753 |
519   | 0.0019532567787843859407  | 0.0036527613891688807436  | -0.017181566070323266854  |
520   | 0.0028306726502728184539  | 0.0033432288974233389384  | -0.018684268014080875758  |
521   | 0.0042772679496172289967  | 0.0059115209836393947315  | -0.0059021995727922983016 |
522   | 0.0029139801167274354855  | 0.0034828170861091372126  | -0.0044713579748474818407 |
523   | 0.0015114663389024078112  | 0.0083876035109917389254  | -0.0069101391416331739773 |
524   | 0.0087735061760429774308  | 0.0012662190491753901739  | -0.0094932263537977224638 |
525   | 0.0034117848625621100163  | 0.0005800896385714988425  | -0.020734611873367433943  |
526   | 0.00032248722340369446017 | 0.0055568547637851340576  | -0.0043843995576242807133 |
527   | 0.0092103348202732197164  | 0.0053373703708707379012  | -0.0058399206917350158022 |
528   | 0.0087631173994396523164  | 0.0023544168462571539967  | -0.0083130586689154888774 |
529   | 0.0067009357719370159223  | 0.0056756084204268352281  | -0.012646979383619102663  |
530   | 0.0034275821983530971662  | 0.0065933575798913998667  | -0.0017857941307939247891 |
531   | 0.0037753926044000116202  | 0.0040048972882232112408  | -0.011753788876592525386  |
532   | 0.0047673014402035774131  | 0.0037137947012178510083  | 0.0001945944172811465674  |
533   | 0.00028294539788864764372 | 0.0057268602678829756344  | -0.0051873393703269132446 |
534   | 0.0023057730321779123552  | 0.00405727234386161692    | -0.0076630646480174867061 |
535   | 0.00040452996402058925612 | 0.0084918213705323583596  | -0.015666813756423463716  |
536   | 0.00017852102954585931036 | 0.00015692709755194030464 | -0.0018976444554555942264 |
537   | 0.0022702431398975504891  | 0.0041957951778632002898  | -0.0069310272516974391274 |
538   | 0.0085698661757116403187  | 0.0016510423956129698184  | -0.021085121348673244862  |
539   | 0.0092492346680204656079  | 0.0060454758749473687038  | -0.0025518835292423626242 |
540   | 0.0048307053622134964177  | 0.0060514753050490092262  | -0.013056457540410463386  |
541   | 0.0017393161680152831924  | 0.00047881932938994729507 | -0.0093029324030032261444 |
542   | 0.0064706376841187638119  | 0.0027196486580783798409  | -0.0056608836823641602021 |
543   | 0.0078948317663197903338  | 0.0061053415990344342759  | -0.0041332003127265088196 |
544   | 0.0045180584430191154596  | 0.0035661389464519753327  | -0.015865202416793879048  |
545   | 0.0083515990673026403723  | 0.0085580726451423977386  | -0.011554835718358911698  |
546   | 9.8296895525123507194e-05 | 0.008114471044996528909   | -0.017675622184034751189  |
547   | 0.0030867591834048235637  | 0.0035151624722818001004  | -0.002056512031441879839  |
548   | 0.0040841532595832187244  | 0.0030602234355743976671  | -0.017609790184975916694  |
549   | 0.00077332708025669558063 | 0.0085868967050589349588  | -0.018993877674365024916  |
550   | 0.0034947513261732797256  | 0.0041287276802037548712  | -0.0051794790371679994348 |
551   | 0.0062935878580011655678  | 0.0023800956965044453052  | -0.017378072676179041195  |
552   | 0.0048460690749204575825  | 0.0054757895500729784899  | -0.0089310539512038600307 |
553   | 0.0031116626521314706341  | 0.0049613958413624904831  | -0.011797372403050319228  |
554   | 0.0017041948460458453823  | 0.0089143369872326273795  | -0.011071931982537492473  |
555   | 0.0070068032800468336291  | 0.003533760888124357416   | -0.0022645125631952710103 |
556   | 0.0032402582809202616458  | 0.007818104664477512275   | -0.0044985560631196396322 |
557   | 0.0054927113799758146492  | 0.005414734437915577972   | -0.017726870770528219828  |
558   | 0.0027599010775082540893  | 0.0058049147386772569426  | 0.00063022023005600887741 |
559   | 0.0070632008378634881726  | 0.0010801197512957081987  | -0.00057829260136343972956 |
560   | 0.0054993728767953609093  | 0.0036254653598866036154  | -0.015450560986881205564  |
561   | 0.0005862262128197339708  | 0.0061428439465295711294  | 0.00013286662104146533601 |
562   | 0.0044856975129264039029  | 0.0070619827836757983683  | -0.0023852268572992661386 |
563   | 0.0070866024556898790654  | 0.0043638228436044283406  | -0.011429137559713472422  |
564   | 0.0047396978119381262887  | 0.0072472214208422636866  | -0.016095484998628964424  |
565   | 0.0071856840794747101411  | 0.004944558472206514281   | -0.020660068415584858376  |
566   | 0.0042178023377042054079  | 0.0089769166300368175709  | -0.017704993709393719581  |
567   | 0.0088438213219447607549  | 0.00093936496650429785957 | -0.0024709812623649718942 |
568   | 0.0070911088528210798609  | 0.0011449343803201941869  | -0.021269017019506446242  |
569   | 0.0049009906202292941729  | 0.0039229674353832514472  | -0.014154223645379361562  |
570   | 0.0062640119122459054363  | 0.0098092003175362634665  | -0.0022619679929644443198 |
571   | 0.0097786537892900690649  | 0.0065247430408257103829  | -0.019755593088109597855  |
572   | 0.0042108446549805386011  | 0.00026157232028304868094 | -0.0034914998952166572191 |
573   | 0.00094447290879288818555 | 0.006914668729013042324   | -0.0058569446179783518636 |
574   | 0.0066378448139363761468  | 0.0090488319221345842047  | -0.007130849931456523759  |
575   | 0.005064106394806621933   | 0.00030145329100365056765 | -0.015572697823779390117  |
576   | 0.0059327034923567995364  | 0.0027079545469012181527  | -0.0052215867487163105873 |
577   | 0.0024809831325424912783  | 0.0079882570072774480852  | -0.018153587631702293448  |
578   | 0.0035020228855010401489  | 0.0074102664315171618351  | -0.007757398145894007363  |
579   | 0.0048672617290052852881  | 0.00043874445170215763774 | -0.013567815423778066888  |
580   | 0.0064226609532397936977  | 0.002498674885821601608   | -0.012173867251601223904  |
581   | 0.0080550455525933602197  | 0.0070038654332113840437  | -0.005984435078056826382  |
582   | 0.0041585810149246281095  | 0.0073080099983593308291  | -0.00062473816788003312499 |
583   | 0.0092656726827276755798  | 0.0077083376403695464535  | -0.010220288592671430278  |
584   | 0.0053510780795669203244  | 0.0087230661972362427692  | -0.017154661983544629289  |
585   | 0.0035323337879494156981  | 0.002543177974047461376   | -0.0087630679703953797549 |
586   | 0.0076504386267548718167  | 0.0088850134499792680215  | -0.012555386018945024346  |
587   | 0.0018163769801804788544  | 0.0033751617455143952291  | -0.015063979906151677909  |
588   | 0.008221556923649517637   | 0.0041015341829856340194  | -0.015615439937943165899  |
589   | 0.0035166076264669427105  | 0.0070397545265008928603  | -0.0096312000797322931678 |
590   | 0.00033890632174305319055 | 0.009291978315297188748   | -0.008030021892682009943  |
591   | 0.0030135316073870341801  | 0.0033613917242851496826  | -0.0051082779867708252505 |
592   | 0.0030939754664234316722  | 0.00073081200234595346428 | -0.018017367882580893196  |
593   | 0.008137587098762943949   | 0.0081340067618589709242  | -0.014867320389041330242  |
594   | 0.0093493402407306656909  | 0.0072884011403442552218  | -0.0027471378830209616621 |
595   | 0.0024910259590439891991  | 0.0080017402402753658175  | -0.0059740859556929402224 |
596   | 0.0099970456886850547068  | 0.0075483748762658828269  | -0.012451741494980309022  |
597   | 0.0028690892804017352653  | 0.00802402072846908343    | -0.012627558905039117099  |
598   | 0.0043383369502477484719  | 0.0044721698135270207194  | -0.01365760616059200766   |
599   | 0.00014793269416790174155 | 0.0069881537631463824453  | -0.0027206343480830823094 |
600   | 0.0011831474565427132009  | 0.001478289102126101014   | -0.015047908766228678193  |
601   | 0.0015716144012534695104  | 0.00096797334068640628838 | -0.016418871107554768723  |
602   | 0.0065736627600218042536  | 0.0062929376386554707057  | -0.012124144271224284244  |
603   | 0.0025229956577820511487  | 0.0024698208104039238303  | -0.012912193696119286107  |
604   | 0.0092569500918384013677  | 0.0077496715011682740584  | -0.018187668815885953133  |
605   | 0.0070401869095691634037  | 0.0075221857130528101826  | -0.014292352205687558486  |
606   | 0.0089237115848792292194  | 0.0023921191336774782175  | -0.017387445253386861477  |
607   | 0.0017412070286389959468  | 0.00077364698626684966914 | -0.020243721357897859897  |
608   | 0.0040401708152939305035  | 0.0069519769542062022361  | -0.004028210708502159669  |
609   | 0.00037906285624092256239 | 0.00012921270813727079533 | -0.0095944642225154284226 |
610   | 0.0005419031234876661024  | 0.0020056008702933384412  | -0.020889045182109447496  |
611   | 0.0047978052102262023701  | 0.005690232956142917374   | -0.013155750115444569612  |
612   | 0.0047559572429710060548  | 0.0085595412412268947339  | -0.00030543190198995266889 |
613   | 0.0065961497152379443276  | 0.0096855167725179071997  | -0.014924444925640314649  |
614   | 0.0046401346467802471671  | 0.0030337261459748030359  | -0.017760197704014532571  |
615   | 0.0011647449751902929933  | 0.0089087424721113125936  | -0.0032546828045099942747 |
616   | 0.0092818247076968639353  | 0.0038715066204211686859  | -0.0019107478518293641735 |
617   | 0.0065567348001600118598  | 0.0030866548324162508196  | -0.0029098076812950194638 |
618   | 0.0021908671514776038858  | 0.0070165178169726864429  | -0.0069518899987906050686 |
619   | 0.002103764028052781173   | 0.0086020348791546793338  | -0.0039044069842959915236 |
620   | 0.0077352312241416396749  | 0.0040174652960875707058  | -0.0046672141499954269278 |
621   | 0.0044059222372305906906  | 0.0057976519844649592253  | -0.015377941884209090501  |
622   | 0.0019996303614227889031  | 0.0089960235891198021135  | -0.015949186379830389976  |
623   | 0.0031153056179632244993  | 0.002774103584222410452   | -0.0099477731943770943135 |
624   | 0.00013678572217298083885 | 0.0053134542361932459581  | -0.0032976665079293195765 |
625   | 0.006718713615982192626   | 0.0058313142542660671708  | -0.010519492968883574144  |
626   | 0.001638973992656035444   | 0.00028874703297091175924 | -0.0037173153293527110182 |
627   | 0.0054707708137306174101  | 0.0095034992898832427316  | -0.014820779948006915228  |
628   | 0.0070416777646054567324  | 0.0082496780186828069098  | 7.9358457958198227121e-05 |
629   | 0.0075415684952602661875  | 0.006759163681348987103   | -0.012352836438557520879  |
630   | 0.0061421854080151950736  | 0.0094437601766494509714  | -0.0094542387312253044901 |
631   | 0.008884832971455831202   | 0.0051869928418682032661  | -0.010520751571009611183  |
632   | 0.0052964598614630743756  | 0.0069825722688165014346  | -0.016951505464057891465  |
633   | 0.0049423781626023672101  | 0.001844061999803754898   | -0.0087430984813643038145 |
634   | 0.0036308054169247793927  | 0.0039049302992228258034  | -0.0038548527290039272947 |
635   | 0.0015200989266721488466  | 0.0026554936059123750505  | -0.0040872961528508680584 |
636   | 0.000760617019057633942   | 0.0071487566928767109012  | -0.007543515250268516617  |
637   | 0.0062099962798911360548  | 0.00273248069679374447    | -0.021321345456966858678  |
638   | 0.0001117030545242317797  | 0.0025527891898851112935  | -0.014906027154758635239  |
639   | 0.0071022246767813591167  | 0.0022982137433292582941  | -0.010280241910278035966  |
640   | 0.0031001546720505254034  | 0.0004923670937857820484  | -0.0056950954391952728767 |
641   | 0.0058742690431845901236  | 0.0079077984339852389756  | -0.0051246878228113973072 |
642   | 0.00091023578059467365881 | 0.0087529082168535266711  | -0.0039976886440291365538 |
643   | 0.0089609233203726910283  | 0.0059900065598008488815  | -0.0012270185395428397351 |
644   | 0.0054118970988790843224  | 0.0093235473055691131528  | -0.016342470746212124644  |
645   | 0.0034702771174028785618  | 0.0093857240927502152972  | 0.00075410035481801845209 |
646   | 0.0023080750424597077687  | 0.0018516295563733989934  | -0.0063326980264087609149 |
647   | 0.0049220659787391415896  | 0.00379130910593552823    | -0.013496857718102956564  |
648   | 0.0040812540554103909907  | 0.0062568801572170365186  | -0.014912297468490549879  |
649   | 0.0043266626627330708951  | 0.0061108508772581724908  | -0.0019128645326272686929 |
650   | 0.0033885824105873338895  | 0.0081383410211514958105  | -0.0041632660540649466321 |
651   | 0.0046692135040239599042  | 0.0065933230960280092212  | -0.0049336492332382473128 |
652   | 0.0025988885088930979532  | 0.0057630173248083118101  | -0.0093846580445728217112 |
653   | 0.0064722751200186985285  | 0.0047922204928441498525  | -0.0012064633528679035834 |
654   | 0.0056064862086292509627  | 0.0080400108166631019391  | -0.0063937359601856126601 |
655   | 0.005117670176902646556   | 0.004759459062212070303   | -0.00036696308483227932026 |
656   | 0.0027871126840026366582  | 0.0028915595156415426284  | -0.00014145400940651018913 |
657   | 0.0081781262192406976169  | 0.009196353236997948169   | -0.01106644979962968442   |
658   | 0.0056234118302181156437  | 0.0083804241179658671423  | -0.0065362484154873638428 |
659   | 0.0081542324689043346048  | 0.0045038969020032874543  | -0.010021603126505226888  |
660   | 0.0064074951601227649045  | 0.0016222358995342293052  | -0.015230092768235430761  |
661   | 0.001090383082220849377   | 0.0042244281480541424206  | -0.0092398249600394721792 |
662   | 0.0043212110902184144856  | 0.0081348424464346997392  | -0.001378808555112108437  |
663   | 0.007736896173801067339   | 0.0019684916270339674477  | -0.013885428805959975848  |
664   | 0.0044401147185165459538  | 0.0026533098942935796904  | -0.006196254470304089941  |
665   | 0.0022017977828160477903  | 0.0056994454039017211286  | -0.0021255251585122806289 |
666   | 0.0062732875400695609081  | 0.00094701894986990028339 | -0.013881679976902564985  |
667   | 0.0083990396764984445732  | 0.0020756712603373153603  | -0.0087485787568058730884 |
668   | 0.005528608701099956696   | 0.0016915083524679142175  | -0.0047013841455546311401 |
669   | 0.0091498735011912839948  | 0.0024768004947616816327  | -0.014581953398297818267  |
670   | 0.0020410228196176783896  | 0.0059175718401938406585  | -0.0066751151287657711775 |
671   | 0.0021755427428959356675  | 0.0079358447408636022952  | -0.015099815872277157561  |
672   | 0.0098845104246378899526  | 0.005843817973664990062   | -0.010720365731800509876  |
673   | 0.0080499775863855163593  | 0.0049226042069573754112  | -0.02008036412054711381   |
674   | 0.0072738072169649470658  | 0.0024389109246990081994  | -0.0099156778840320085322 |
675   | 0.0025636363350424072258  | 0.0040274456809051405876  | -0.017627199549816178342  |
676   | 0.0023884363595692431614  | 0.0099081968320198967465  | -0.0024173260536356146362 |
677   | 0.0062552652013281627788  | 0.0027895048510376608576  | -0.012728781158013971475  |
678   | 0.002407055075818905366   | 0.0029265275479427544855  | -0.0017898869774013641352 |
679   | 0.0039080280232917843225  | 0.0074812106259861703081  | -0.0057881984821964221552 |
680   | 0.0015897963828564337131  | 0.0068487746593882429733  | -0.012023577870528982803  |
681   | 0.0040279174479993708896  | 0.0014012935174525064774  | -0.0052573786316152046338 |
682   | 0.001285026625869839555   | 0.00086763276599477533006 | -0.010675406800042426536  |
683   | 0.0044779436936800559588  | 0.0053565818939983692731  | -0.003358225220867332942  |
684   | 0.00062332923931827000259 | 0.0019837551068611824698  | -0.015643868866019591118  |
685   | 0.0059370665245266464674  | 0.0017041302087731535937  | -0.01838777005149565269   |
686   | 0.0052792331384461594138  | 0.0037925497900477716552  | -0.01586555649918494626   |
687   | 0.0080136203632154654614  | 0.0048756521925402210305  | -0.0079708035843221655692 |
688   | 0.0036281982009241714113  | 0.0071783282617219881447  | -0.0058409824943999799282 |
689   | 0.0049433375424357620109  | 0.0066558584191107736036  | -0.0023383699667783980868 |
690   | 0.0062991054367656923452  | 0.0067217381375885686817  | -0.0095107864773306179801 |
691   | 0.0077854663903912718279  | 0.0044668161591797563709  | -0.0096932274119759468528 |
692   | 0.0070224628421151425242  | 0.0082367822922030202448  | -0.012628908251174311705  |
693   | 0.0075865669129712978366  | 0.0037674419531769608172  | -0.014396472730086123937  |
694   | 0.0077279457313241105981  | 0.009379684357297708025   | -0.010889490558514602556  |
695   | 0.0047770963494674946459  | 0.0082410338998941297384  | -0.018401988995600759152  |
696   | 0.0020604321578581038209  | 0.0025778792490767639227  | -0.01409658332970534049   |
697   | 0.006348947177095581873   | 0.004511070294130961611   | -0.014337800338163151498  |
698   | 0.0019217875969778873673  | 0.0088083906852409344507  | -0.013767946829489291147  |
699   | 0.0079604866502680816931  | 0.0010310387765201365663  | -0.01093334127046825463   |
700   | 0.0058474663813537887738  | 0.0019134809007745829171  | -0.0053601986609655930677 |
701   | 0.005031477241728320865   | 0.0061861605376142582424  | -0.016476196665719821527  |
702   | 0.0054103424682496563392  | 0.0068174911773112301105  | -0.014086123461239739851  |
703   | 0.0040868813003152575786  | 0.0055156479236520778234  | -0.017050432932440219569  |
704   | 0.002822691136251653625   | 0.0089229151668008040849  | -0.0075679129153470321018 |
705   | 0.0025726608645063446003  | 0.0091506922965614630877  | -0.0035139833484410772438 |
706   | 0.00096085978322775630282 | 0.0083066262799289108942  | -0.01850429463228823318   |
707   | 0.0015483692551484444337  | 0.0082215819048432840083  | -0.018921207243951271293  |
708   | 0.0070532608141997323731  | 0.0044528296083465538496  | -0.0071115800645429171761 |
709   | 0.0046170405028164900399  | 0.001990168491616366598   | -0.012912646751943439652  |
710   | 0.0057752489785632566549  | 0.0091821438011872157786  | -0.010846189755958930007  |
711   | 0.00063921139846316555547 | 0.0071033002477997779847  | -0.012588149844076110956  |
712   | 0.004554131875257617576   | 0.0051416044327696483821  | -0.018548865615868419948  |
713   | 0.00084186394898771532789 | 0.0060310430266890769843  | -0.015624402705691280493  |
714   | 0.0011252481035445196633  | 0.0054082924245816895586  | -0.018992718573663396747  |
715   | 0.0046564396397265591168  | 0.0090851401496082149351  | -0.015663696990085091559  |
716   | 0.00014268368011110583614 | 0.0075395734043879293271  | -0.0121976350659113459    |
717   | 0.0028738523331011812771  | 0.0089497456004783444011  | -0.0063887120868403955015 |
718   | 0.0043961219640077289078  | 0.00693039797671251602    | -0.010744461545789864981  |
719   | 0.0092742983614601311876  | 0.0042033612136041179769  | -0.018263268404828187502  |
720   | 0.0066547756655616976951  | 0.0078491606906139193417  | -0.020956729604186874472  |
721   | 0.0069275679825283164454  | 0.0048880156348134907313  | -0.011375068595530158505  |
722   | 0.0021375234562198289559  | 0.0067238027744262714516  | -0.004831367556693673404  |
723   | 0.0042089403883984310289  | 0.0049024317217472041658  | -0.0075896828801113357457 |
724   | 0.0073218786414363740481  | 0.0054271696034516592189  | -0.01172758763540397188   |
725   | 0.0087850294192705138951  | 0.0063464679991090278827  | -0.0084367962232357301272 |
726   | 0.0030601261225187861674  | 0.0071071208966766831819  | -0.008512532387373572193  |
727   | 0.0033177216487382085904  | 0.0030339055367378550514  | -0.0076221298510815629207 |
728   | 0.0049535821391440224698  | 0.00057786354187546633884 | -0.0024003956346913529057 |
729   | 0.0099316522840341460443  | 0.0063140604543786482336  | -0.012134089197459441839  |
730   | 0.0084535906410000676708  | 0.0028351252393385645637  | -0.0027271972624713907568 |
731   | 0.0058267571788082235529  | 0.0018383227405926274613  | -0.010109150030341899906  |
732   | 0.0043258286923264716375  | 0.0098835569277871404559  | -0.020993260381266826836  |
733   | 0.0080366825294917766664  | 0.0084465216186595283576  | -0.011212539092938829041  |
734   | 0.0050875560656208585961  | 0.0043798507610500400644  | -0.011758339263379949391  |
735   | 0.0045934772210035994255  | 0.00030873672257359741165 | -0.0050681757263206315273 |
736   | 0.0093470531334442167465  | 0.00028755929688588371821 | -0.001082890529322749892  |
737   | 0.0061249204591511778595  | 0.0080077143948359807285  | -0.0081400047895581282426 |
738   | 0.0023027025059361135376  | 0.0072760912451542677018  | -0.014609685665246676181  |
739   | 0.0071264612413648696643  | 0.00081608909896133585617 | -0.019670149711546767307  |
740   | 0.0066171893732239923935  | 0.0033542863073637491957  | -0.016663081596353785524  |
741   | 0.0017619414472355653632  | 0.0068734559823788645566  | -0.0024886444002079634828 |
742   | 0.0008239805926442626393  | 0.004661037559651922714   | -0.0016814700039681196829 |
743   | 0.0035818533350035724853  | 0.0047371309757882106364  | -0.018633481482874292984  |
744   | 0.0089267765205912896764  | 0.0049760764402984594343  | -0.011933809928199271     |
745   | 0.0016868870670405666529  | 0.0064448879080269061079  | -0.01336592159694639792   |
746   | 0.0068221145837919407867  | 0.0036337457538037089798  | -0.0032907810745047261745 |
747   | 0.0045806352459051716611  | 0.00059427965974629477948 | -0.0079261880295441507899 |
748   | 0.0086173189850009684898  | 0.0031705640368237491926  | -0.012869111851604404101  |
749   | 0.0099590444794628255748  | 0.0041472431420415600475  | -0.014963842016990686404  |
750   | 0.0080868384767672218949  | 0.001911645501981074774   | -0.0040147906328192525804 |
751   | 0.0045093802721400694927  | 0.0067558244550740111437  | 0.00086086497154384637991 |
752   | 0.0020340784161007475356  | 0.0086910040017619122343  | -0.011041012039015963425  |
753   | 0.0073657363753697651168  | 0.0089662591713492480194  | -0.0047523541292080395335 |
754   | 0.0059918096750247911222  | 0.0080333270967171653554  | -0.0057178359090893117467 |
755   | 0.0013675453331825975726  | 0.0081094070279259314327  | -0.008337228995162973208  |
756   | 0.0084956148131614291075  | 0.0091082783952984719411  | -0.0062216491832190580838 |
757   | 0.0063918713461758990685  | 0.0044008598826825772246  | -0.013483888842734681815  |
758   | 0.0030997970957646631823  | 0.0023435715326440881463  | -0.013597454279126465135  |
759   | 0.0042160562649334095559  | 0.009952971542013567402   | -0.0082203285059474166113 |
760   | 0.0015532220165996718769  | 0.0095980654758403040339  | -0.0098115704544072205456 |
761   | 0.0033794151618748921595  | 0.008839643157136334653   | -0.015269279109019663274  |
762   | 0.0079127396652579323061  | 0.0037834159622059807329  | -0.0098452591854409597649 |
763   | 0.0081434161787465233345  | 0.0039982771420190273484  | -0.009561290632784527968  |
764   | 0.0065039447853160251012  | 0.0050584774820224311098  | -0.011453314390728920602  |
765   | 0.0019881794165618276414  | 0.0050112426990978290592  | -0.0077162733312833133373 |
766   | 0.0077234237836855479734  | 0.0068524250969068415881  | -0.019150573603116612803  |
767   | 0.005300006169005406359   | 0.0020765548447048620337  | -0.012908396201210904641  |
768   | 0.0036010584655493359241  | 0.00052635640278235690595 | -0.01455783937455110838   |
769   | 0.0014529754331575981275  | 0.0056486168911186775132  | -0.0077582396389679073381 |
770   | 0.0010395465720841215278  | 0.0089132594695809051755  | -0.0032452309247378483513 |
771   | 0.0071796745825639125133  | 0.0062361356580347797329  | -0.0054471958518901185051 |
772   | 0.0029396453806215376049  | 0.0094781384265349901547  | -0.019278094238547462125  |
773   | 0.00051102605602849448911 | 0.0018899981259916051081  | -0.0050827822763815184645 |
774   | 0.0076267049519676017449  | 0.0089025564472400339072  | -0.013692260564929973829  |
775   | 0.008511757382509465078   | 0.0040846125321943463696  | -0.010852733962606110965  |
776   | 0.0032494797488835836137  | 0.0056585582645688019265  | -0.014608177384482926367  |
777   | 0.0086327241270129206202  | 0.0051930491035278589576  | -0.0032387422777419116841 |
778   | 0.0019589249448017970363  | 0.00011242736327478944055 | -0.0018551438250307670814 |
779   | 0.0049284336767167992097  | 0.0043226858541142694839  | -0.0049099599023180538065 |
780   | 0.0077692423325386970878  | 0.0061972047630138261606  | -0.014751096679677789744  |
781   | 0.0020987612897050084496  | 0.0033289302784570316482  | -0.0032906198848756964236 |
782   | 0.0016837108298937918625  | 0.0032324973909309555505  | -0.017151122011521795219  |
783   | 0.0029950951916909609833  | 0.0056081860607521622289  | -0.0032483642607965142711 |
784   | 0.0082608812792368483541  | 0.0037237231642690926496  | -0.014213509070015752783  |
785   | 0.0014414234597914762134  | 0.00061537745210945053124 | -0.011878652047928241198  |
786   | 0.0041061139099539721922  | 0.0064897127846411132787  | -0.0078203305975715273202 |
787   | 0.0026196533384100781708  | 0.0011354097477272123793  | -0.0012330784948439890009 |
788   | 0.00082942378772520443213 | 0.0060954090148207006397  | -0.014506930063520839108  |
789   | 0.005340703310998489578   | 0.0052544654824500649712  | -0.016828155359473136177  |
790   | 0.0049066855134037379652  | 0.0042161780814176244916  | -0.011188784876428641696  |
791   | 0.0012783953400249009093  | 0.0091097336428664597852  | -0.017238644507526018623  |
792   | 0.0032597999977133206712  | 0.0022674803700185033536  | -0.0053125779934116660469 |
793   | 0.0062017852002460753871  | 0.0015805094519034347186  | -0.0022105941147475562623 |
794   | 0.0094089144726523764317  | 0.0061136262158135706163  | -0.02129906921728183869   |
795   | 0.0041676855321955081149  | 0.0070131798155307987358  | -0.012028996612780116712  |
796   | 0.0046591693372163289766  | 0.0067375587100499583285  | -0.0032249066298418462527 |
797   | 0.0019714756214509908047  | 0.0066755853457791652222  | -0.011803599886479382644  |
798   | 0.0029711539564093963732  | 0.00052514460617298589634 | -0.0017571737183972688679 |
799   | 0.0069875715899164851652  | 0.002406321761992344984   | -0.017602710967926961383  |
800   | 0.0070104225757911227748  | 0.0080328014563061829467  | -0.0089452051688510957755 |
801   | 1.46253399258534478e-05   | 0.0020492457290416099536  | -0.0030053288423798961253 |
802   | 0.003104103166705466689   | 0.0095323674991498741349  | -0.008855478566820545322  |
803   | 0.0079172489010783109187  | 0.008373064328979849813   | -0.0052617070525478445639 |
804   | 0.00090495069299164764172 | 0.0039764809069329411922  | -0.017337503393997578255  |
805   | 0.0028611427555580966689  | 0.0040554489390138507426  | -0.0097716859310575162473 |
806   | 0.0023963677540543297691  | 0.0038937126818620539266  | -0.0035578474222700091564 |
807   | 0.001960627718158404649   | 0.00819689137757996511    | -0.0021864995236744425196 |
808   | 8.4197865398368099241e-05 | 0.002168156370197379338   | -0.01792192616118695736   |
809   | 0.0031023552135072485561  | 0.0041888283531502472357  | -0.012601256725898409006  |
810   | 0.0070251115480986893805  | 0.0035277159482804843621  | -0.0023753978826265760051 |
811   | 0.0075193231192737493632  | 0.002723366838233539939   | -0.020481046143889913153  |
812   | 0.0083698774219957902676  | 0.0049645086705632024762  | -0.016223924998984239759  |
813   | 0.0062749955239811052582  | 0.0046573646547606725385  | -0.005468518978999007199  |
814   | 0.004508705783213605954   | 0.0075040496362718030893  | -0.014528732122822225412  |
815   | 0.0041964263031064380147  | 0.0036085643878828775957  | -0.013989557344986414122  |
816   | 0.003242292146812770625   | 0.0041105303398114639499  | -0.014030312228699669957  |
817   | 0.0090594232050427471459  | 0.0015143271586238941755  | -0.0036427793086830318955 |
818   | 0.007672598704615053028   | 0.0053172695601113465283  | -0.0040432297526067605131 |
819   | 0.0033530234836546715486  | 0.0059340611801422292818  | -0.0072548194732229738524 |
820   | 7.8493772443396174878e-05 | 0.0015231874768885692809  | -0.0089190572539527817469 |
821   | 0.0066228171023893986358  | 0.0095626164859624693954  | -0.0047939930565358600603 |
822   | 0.0023288877442568705137  | 0.0066410087079715974731  | -0.0077417110095756034097 |
823   | 0.0032961087956780779629  | 0.0026295878247811709481  | -0.019575299720316068075  |
824   | 0.0058921884745539642933  | 0.0016892642218717033014  | -0.011987403206516537152  |
825   | 0.006452206733454169188   | 0.0056233629806701612014  | -0.014657050556179081549  |
826   | 0.0076833179629286086493  | 0.0069049072271694569153  | -0.014076127548491700753  |
827   | 0.0090359192866581831971  | 0.0073835150012466913352  | -0.0017256499995911332799 |
828   | 0.00013105154540303897803 | 0.0050224720243794125987  | -0.014049831565937687811  |
829   | 0.0012354820062864140841  | 0.00735062339716624491    | -0.0061318029713140556614 |
830   | 0.0028130535250457215646  | 0.003949480961005769758   | -0.0022607197007187456242 |
831   | 0.0039019043036304336056  | 0.0076013664752398110713  | -0.00089900365759367504084 |
832   | 0.005459308686532052951   | 0.0023111062532564217477  | -0.0074270576808446783085 |
833   | 0.0090572108866689478995  | 0.0048480587816687095021  | -0.0048895333299969773871 |
834   | 0.0047385162301935542309  | 0.0079157622025190759601  | -0.017619108023947414876  |
835   | 0.0075087429011196048234  | 0.0094621469487799637205  | -0.013218025761508447879  |
836   | 0.0098859446918269141408  | 0.0011020562925687427992  | -0.0073925114982013526155 |
837   | 0.008099974954171485983   | 0.0026855586278021164985  | -0.0062179524555639595004 |
838   | 0.0065918935851696780492  | 0.0013509665976311232942  | -0.016073562854444209402  |
839   | 0.0067352206676602466295  | 0.0027041683994002258494  | -0.0021594887463853447949 |
840   | 0.009225349954932335339   | 0.00051082423098797560043 | -0.0065460547151177635519 |
841   | 0.0064112709363362855794  | 0.0011648534549732073116  | 0.00057401483129329371972 |
842   | 0.0028930195160974682932  | 0.0065696394708017018249  | -0.0021931992623714568688 |
843   | 0.0065811803457309489204  | 0.0073521167193467988274  | -0.013803719129209362712  |
844   | 0.0038268751606549741145  | 0.0012361205900488871946  | -0.010151685632526500497  |
845   | 0.0096494605459870250175  | 0.0025051551585229502039  | -0.00015034788468965608961 |
846   | 0.0086270321461631820081  | 0.0022890165521890983198  | -0.0053617489653157938273 |
847   | 0.0092543347862964631806  | 0.0074742742650790458883  | -0.0075764360602336051909 |
848   | 0.0043831056017398836028  | 0.0015356953548299871228  | -0.00055856571824147347415 |
849   | 0.0062870136417003058896  | 0.0051400198208927843149  | -0.00017705518191531442783 |
850   | 0.0040944504269984794559  | 0.0035749267174063829693  | -0.0089142350157049663611 |
851   | 0.0050206544565453738171  | 0.0067526543104787358981  | -0.017549941772348080782  |
852   | 0.0051633665212630274963  | 0.0088327406429084664302  | -0.011331820209331010252  |
853   | 0.0092825262610670353225  | 0.0031679794460277238902  | -0.012485448658762648283  |
854   | 0.0079674798329161834742  | 0.009311527267262227972   | -0.0051008789186202298932 |
855   | 0.00015195837265597270105 | 0.0037186871606815921978  | -0.0014591281467877222425 |
856   | 0.0098454160791897945421  | 0.00314078917921983055    | -0.0037691899047380748693 |
857   | 0.0082043193798937586597  | 0.0076369362102640132167  | -0.014129849137723976202  |
858   | 0.0054816887930126583298  | 0.0030775974495480030481  | -0.0060427718171379317044 |
859   | 0.0020290435410259474724  | 0.005361003063730207345   | -0.011210046888975210705  |
860   | 0.0077361926051805751658  | 0.00075517719588416825759 | -0.0057468217110501467609 |
861   | 0.0011497012193199842005  | 0.0024244888069075622855  | -0.012511791094071111549  |
862   | 0.0088360911807961999703  | 0.00068912979787368142549 | -0.018405634522400196595  |
863   | 0.0011604280139498842402  | 0.0073094982929897134305  | -0.0030085754599041085976 |
864   | 0.0038522060221781776433  | 0.0045057112730994344774  | -0.0081082845890520869464 |
865   | 0.0057754720407170497681  | 0.0042417272775009179017  | -0.0026381835279368735792 |
866   | 0.0053464552037433138443  | 0.0096643238851162778513  | -0.0075932961561940891596 |
867   | 0.004982588747604349555   | 0.0057844519804300439242  | -0.01614564546172423537   |
868   | 0.006915314415383916162   | 0.0078426871788714082323  | -0.0073533451634372601    |
869   | 0.0036913476922288764211  | 0.0049572131218713483269  | -0.015290398634254307245  |
870   | 0.0001835907886003554498  | 0.0037553628507474173283  | 0.00030762547836884910008 |
871   | 0.0081375173912474080967  | 0.0017724258962340420573  | -0.018962569010890963778  |
872   | 0.0039732436073570539734  | 0.0022581632724918234735  | -0.019451053705991958737  |
873   | 0.0077369624039638979288  | 0.0034472353068235586301  | -0.018295140736419284594  |
874   | 0.0058272522675218317231  | 0.0014151276682187311808  | -0.001065984273697860021  |
875   | 0.0064553335083854194304  | 0.0064337422064126136706  | -0.011682382937223040331  |
876   | 0.0045080754378498460663  | 0.0015944966308844930186  | -0.0051368786922389685079 |
877   | 0.0011313100765642971745  | 0.0052979334910585656679  | -0.0076854126359787861    |
878   | 0.00041389324196277661348 | 0.0034342792907094466838  | -0.021012082775288983688  |
879   | 0.0055983115282461923604  | 0.0080406620887932267472  | -0.0073568946586201914781 |
880   | 0.0061559512262052669754  | 0.0055604889452479534101  | -0.0060488029152907882985 |
881   | 0.0043096056487447898659  | 0.0044942775508554225553  | -0.010878090797667255146  |
882   | 0.0054740877054180328912  | 0.0059466407884856513355  | -0.012368275744937807376  |
883   | 0.0074770724593818029685  | 0.0054518545455456476206  | -0.0053520012960381301015 |
884   | 0.0081540935354352320208  | 0.0093294296626534947703  | -0.01762546869615019135   |
885   | 0.0095410027600591369723  | 0.0014640264369367855801  | -0.010146661043478924849  |
886   | 0.0044369549860466721627  | 0.0051025681429055190497  | -0.0056698087320316533158 |
887   | 0.0024796731637619388519  | 0.001661022630818280053   | -0.018756432285718101921  |
888   | 0.0078277651690632551323  | 0.0030750442825895215292  | -0.012538612200264189975  |
889   | 0.0036786165965200247861  | 0.0096505182497354478899  | -0.016170497271428004027  |
890   | 0.0054479587309743428281  | 0.007072684922181359142   | -0.020304811755534255685  |
891   | 0.0039208203825782488028  | 0.0063736377191113014612  | -0.0028321076531752846332 |
892   | 0.0057571797269246344914  | 0.0090882651243496502536  | -0.008147137090390091721  |
893   | 0.0062358127570430813003  | 0.0048686575287288395494  | -0.0077483678832110164034 |
894   | 0.0066098582197452026427  | 0.0048311916982866761824  | -0.00083919025533123723943 |
895   | 0.0045457881864941276917  | 0.0075639202157552487549  | -0.0090796811813582331552 |
896   | 0.0021817017404251542144  | 0.0014906460390143607374  | -0.018668047308861193678  |
897   | 0.0090595052973697631771  | 0.00035117316461942945033 | -0.01354790439567096598   |
898   | 0.0023498683434499340397  | 0.0042449132184402046247  | -0.020276797073172959929  |
899   | 0.0019120036139486438868  | 0.0040428138208653714714  | -0.013069934826077655998  |
900   | 0.005168551457374638558   | 0.0084136308865961715459  | -0.015888408011633672889  |
901   | 0.0051037907288111888926  | 0.0071876689467603839881  | -0.016177292320376131241  |
902   | 0.005242259375007869357   | 0.0010281238244282701541  | -0.0071500147321321115557 |
903   | 0.0061811417990480623311  | 0.0070036960695992866305  | -0.0064589161677284520971 |
904   | 0.0037871519289833272155  | 0.0093449089728697889295  | -0.018511111278174841033  |
905   | 0.0072727681219199964355  | 0.0065845688396431031539  | -0.012416546015667761019  |
906   | 0.007953441955851198869   | 0.0039579761239925421307  | -0.01841156975536684462   |
907   | 0.0036947632386112347173  | 0.0085934213202937797388  | -0.00059762691188481665335 |
908   | 0.0032190349057186012048  | 0.0047965888898704430246  | 0.00085675755392012578789 |
909   | 0.0065492732545630741661  | 0.0030340275389384211389  | -0.00031659504465576289315 |
910   | 0.0031834374908913470013  | 0.0068025431112223640889  | -0.0069500230813682260106 |
911   | 0.0097125812175129448006  | 0.0084125554028824170438  | -0.0025890852935229933217 |
912   | 0.0088488343613977223784  | 0.0044055161313051221031  | -0.0011464212105436403632 |
913   | 0.0060114882868671556254  | 0.0050259851455441133944  | 0.00018019941333981625924 |
914   | 0.0027583362017019035645  | 0.0041342083147585997199  | -0.0098776157299406142087 |
915   | 0.0043301461817311882527  | 0.0033970750348536718662  | -0.016882292168375268721  |
916   | 0.00047746227376766294838 | 0.0035362479832080954099  | -0.02063822726102568228   |
917   | 0.002963772512654939701   | 0.00050926487655260008463 | -0.017396275257341345388  |
918   | 0.0027337600277245930301  | 0.0033439634821412472093  | -0.0022166619429062005796 |
919   | 0.0020498373429796742755  | 0.0071717739751732765413  | -0.020903629949280685268  |
920   | 0.0085348480207299032979  | 0.0092555419696147105124  | -0.0069926721277861932091 |
921   | 0.0033312331922162288951  | 0.0037474887227051719568  | -0.0023233983858578074674 |
922   | 0.0058120325264586387981  | 0.0029536056835650329085  | -0.0070857215895508999723 |
923   | 0.0056556478830225749566  | 0.0077470510098299142504  | -0.0065309826498481755516 |
924   | 0.00078788758788565066947 | 0.0075585268061457121236  | -0.0076585178163585251529 |
925   | 0.0038353105595442041342  | 0.0038754232724169017724  | -0.019070251793933599288  |
926   | 0.0064650732803146490971  | 0.0011732828234675047891  | -0.021175274924558316197  |
927   | 0.0014236115811757110456  | 0.0067299452699213268073  | -0.0072724489989748420174 |
928   | 0.004130146919813269292   | 0.0092051880718423562816  | -0.0087547615431590938839 |
929   | 0.0074205665302122412672  | 0.0066688852696031291484  | 0.0008210762496356207793  |
930   | 0.0062740635581576484348  | 0.0041431440004752453574  | -0.0049475423181879777876 |
931   | 0.0048744987695668751809  | 0.0018153832271129736672  | -0.018048955586614751773  |
932   | 0.0085477706373494610759  | 0.0053641288086760628706  | -0.0040052911450841627988 |
933   | 0.00056938013702409625248 | 0.0042100653654661797029  | -0.0045101897924199330081 |
934   | 0.0032972547835003994388  | 0.0073331098174587976829  | -0.013109237479280812233  |
935   | 0.0025390755644747182822  | 0.0072172127235064966605  | -0.016757459604765084088  |
936   | 0.0029288537666613046785  | 0.0024903952800276081547  | -0.01855258794182632065   |
937   | 0.0030939473381165535221  | 0.0062338137643455516362  | -0.0183064435927167736    |
938   | 0.0061992059185029466106  | 0.002646948695174778949   | -0.015199220761314982675  |
939   | 0.0053161479765282846841  | 0.0036870315976201576899  | -0.0026551349631476995825 |
940   | 8.7564813186738436478e-05 | 0.00024334844679507454542 | -0.018796270976710417744  |
941   | 0.00071121506731933853938 | 0.0038513687017965813307  | -0.00017415430796159509495 |
942   | 0.0017995353347591202739  | 0.0033565748473802178332  | -0.0097184588753799986544 |
943   | 0.0061468679356140804373  | 0.0082940880755703518673  | -0.0014190373173503406136 |
944   | 0.0092431443240840946429  | 0.0072782592033112866736  | -0.017043936814840288108  |
945   | 0.00091866466026878953847 | 0.0070949504654824850636  | -0.0063786987120118690889 |
946   | 0.0074503460419904042611  | 0.004675712539870432484   | -0.020411967908223794393  |
947   | 0.0083739080315353275202  | 0.0074931807399390374519  | -0.0032199770794720506371 |
948   | 0.008065805692615972064   | 0.0066648249662343414176  | -0.017333754564911166285  |
949   | 0.0061316162252177440831  | 0.00062134957949507854062 | -0.016561848608121789578  |
950   | 0.0056534277355625231487  | 0.0085866665877942123519  | -0.0127385082336766986    |
951   | 0.0038891321887796290874  | 0.0057727161638218282835  | -0.0038713955671840754452 |
952   | 0.00023100058127700781401 | 0.0067617064050891646093  | -0.016623563808276949766  |
953   | 0.0078115160855755259514  | 0.0064558472081743343424  | -0.020797220103791033002  |
954   | 0.002704914340627559248   | 0.0016030260707371566005  | -0.0082453392270836079608 |
955   | 0.0035040146053956174911  | 0.0003483278754081364976  | -0.0071325467151470440391 |
956   | 0.0062542371333028029881  | 0.0031414782072340823905  | -0.010746056082092532782  |
957   | 0.0070423394064037933213  | 0.0054133409491632323782  | -0.013674727341790116411  |
958   | 0.0063989209053286390944  | 0.0087881968413170089699  | -0.010360402085163573568  |
959   | 0.0020351925921192107714  | 0.0097220285935951233219  | -0.010358136899817451879  |
960   | 0.0035541240712338301178  | 0.0047832724655636231145  | -0.0057547771404908611148 |
961   | 0.0032754755289219070549  | 0.0074203108361091630815  | -0.016716742953547074346  |
962   | 0.0071516054326695903745  | 0.0042473063110971829084  | -0.0099467814483847564327 |
963   | 0.006151056134429313399   | 4.4744859825738308892e-05 | -0.015688107082409964016  |
964   | 0.0040754453153702191112  | 0.0066466242742421006648  | -0.0090027020269566569721 |
965   | 0.00038813030563054836146 | 0.0090215938916817870613  | -0.019150644747318267685  |
966   | 0.0074556700680513997639  | 0.010000447231758122224   | -0.0073319103265613166931 |
967   | 0.0030715803330403084088  | 0.0055085901429119425374  | -0.015016944606728482511  |
968   | 0.0047239235697496013283  | 0.0017078659444043785189  | -0.0014172727845605768981 |
969   | 0.0063565028202386417502  | 0.0016923847744748931905  | -0.020156032441182684944  |
970   | 0.0031464797137812409132  | 0.0032056400706329023567  | -0.0085167654440097204094 |
971   | 0.0088152665884511701572  | 0.0071174646497712129589  | -0.014894852323785606057  |
972   | 0.0071840218793444831497  | 0.007216630923104152065   | -0.01296775058038538396   |
973   | 0.0055338103424064505331  | 8.3384346091708134931e-05 | -0.009621153166915094937  |
974   | 0.0069489118446023926887  | 0.0025594543945817453852  | -0.018754978032305802405  |
975   | 0.0012120803921322673407  | 0.0034470847430316418555  | -0.0086421116364078127969 |
976   | 0.0021451209316333320377  | 0.0074183106641382296625  | -0.00010236093333147704826 |
977   | 0.0065856571215004433562  | 0.0084873470351872135065  | -0.0052473258753556548811 |
978   | 0.0063914421515443064006  | 0.0049397107446034569517  | -0.011058206774631932495  |
979   | 0.0083740200059843322017  | 0.00141214197025383713    | -0.020786176330514504612  |
980   | 0.0042570643610989116964  | 0.0063966536838183894742  | -0.015766021288182201915  |
981   | 0.0094858858845233463841  | 0.0016709804003835972315  | -0.017301004710730608083  |
982   | 0.00046127553131950399566 | 0.0068283620773835346229  | -0.0054579320794561824934 |
983   | 0.0046928504278204814446  | 0.0070761016179177391172  | -0.015054153926108615816  |
984   | 0.0041925834545349935714  | 0.005904860938123068434   | -0.016116042129989380932  |
985   | 0.0097227927124120157309  | 0.00151229358871113914    | -0.016453998105329572382  |
986   | 0.0012348823250592864259  | 0.0057343597601664684713  | -0.021076310624887496792  |
987   | 0.0066654518390092450802  | 0.0059894163663724610258  | -0.015435269952960916501  |
988   | 0.003858784173486501292   | 0.0091594093130516387319  | -0.0030077427573791523305 |
989   | 0.0017940220494675684308  | 0.0025788845005834410556  | -0.017999034364602768676  |
990   | 0.0051094910067652323307  | 0.0042465219716250656237  | -0.012146016026530826945  |
991   | 0.00080931936398806903626 | 0.0099773535647448216568  | -0.019362451378551883557  |
992   | 0.0022062319157117810456  | 0.0098440005657200787409  | -0.00015947563633128908019 |
993   | 0.0016193931167303304841  | 0.0012856214830046796844  | -0.0012844653076790142534 |
994   | 0.0087229706006535651097  | 0.0046684487763415105643  | -0.0072917478105557695378 |
995   | 0.00039154408967518401687 | 0.00095441302246986004995 | -0.013086101813768145907  |
996   | 0.0078006196249939705953  | 0.009960420694598634897   | -0.013632474328188162738  |
997   | 0.0056939815440024878906  | 0.0091451288070289026705  | -0.0011558569484639773066 |
998   | 0.0084263540356710742163  | 0.0036033546667537537898  | -0.010056379457088728685  |
999   | 0.0034561547396233789457  | 0.0024984464888481452104  | -0.0035740413419402773318 |
