N			X			Y			Z
0     | 0.0057464783524783522375  | 0.0097584543145654411428  | -0.01373493508061769848   |
1     | 0.0048090255976976029745  | 0.0090618568613359228026  | -0.0094327631684183229493 |
2     | 0.003043584753047388989   | 0.0067477542119980232077  | -0.024675461533937150665  |
3     | 0.0037081882836860393521  | 0.00098956047612893402801 | -0.029364087200813987488  |
4     | 0.0047486077098862367746  | 0.0014794008818007967337  | 0.00084292138732397405704 |
5     | 0.0065917789882066644622  | 0.0010313159199725177497  | -0.011815748911986447348  |
6     | 0.0032152552204847864407  | 0.007955271070213794718   | -0.036163236661941960959  |
7     | 0.0059412129692211429824  | 0.0015843721925835490584  | -0.041180540999657934409  |
8     | 0.00084501453369717710682 | 0.0071810483090692846936  | -0.012972297286536113234  |
9     | 0.0035658648240862967846  | 0.00073590547160748041259 | -0.027113886882579870535  |
10    | 0.0077827123473163291323  | 0.0030255010473601491074  | -0.0070545649291600580691 |
11    | 0.0044800660262387832777  | 0.0082016947528102211035  | -0.024839823759401535169  |
12    | 0.0030961680789225324087  | 0.0036992041998405835249  | -0.042147331590091027809  |
13    | 0.0086273928028557968217  | 0.0070096196524418270465  | -0.024449575204794869732  |
14    | 0.005861330657063569885   | 0.0093924257162110186964  | -0.0099244122622618655138 |
15    | 0.003992291505268945849   | 0.0064832372659413698215  | -0.021856180093774164874  |
16    | 0.0032546816850021384991  | 0.008418985000042277303   | -0.010474892176583712466  |
17    | 0.0014789143974294513377  | 0.0089020944137289167303  | -0.029992831805528395034  |
18    | 0.0045970984237980825476  | 0.0097801834173070634898  | -0.031746606536099217233  |
19    | 0.0065111222399007193454  | 0.00079478009663370844436 | -0.027658540224630899507  |
20    | 0.0041684229626959262011  | 0.0032020134802289894685  | -0.03233111645668315659   |
21    | 0.0084546930914535141366  | 0.0047897234568959048615  | -0.019960978131153044035  |
22    | 0.0062175582394172739659  | 0.0018430383627899074583  | -0.014753022395125737001  |
23    | 0.0059710938744501765654  | 0.006563077576762198391   | -0.031486224699082979162  |
24    | 0.0079340232223763535596  | 0.00077470518257369334978 | -0.0040771770420398451007 |
25    | 0.0076214120472818148999  | 0.0018241163953824409555  | -0.0060334100940045154449 |
26    | 0.0029244160463343027087  | 0.0091559048682063031571  | -0.0182944485079844614    |
27    | 0.0029250208194744409598  | 0.0046468857178820063489  | -0.030333377454987209276  |
28    | 0.0052652665094971677628  | 0.0073073732871734202801  | -0.038339733608167170242  |
29    | 0.0044158843388768182284  | 0.003265295455552780484   | -0.033166004085781651545  |
30    | 0.0054006684019182790019  | 0.0019481661616252766208  | -0.032090875576088570553  |
31    | 0.0040892200811968324251  | 0.0024348113778671579693  | -0.031175059111975177151  |
32    | 0.0028034588298315233669  | 0.005477529676724933981   | -0.021309791031393406774  |
33    | 0.0019602511476923857592  | 0.0091479391072398653223  | -0.0083707659040843807735 |
34    | 0.0036316577488589999248  | 0.0081265576863183541095  | -0.0064964931326274479723 |
35    | 0.00095523143859104246104 | 0.0055591678301300743309  | -0.034836923102275173247  |
36    | 0.0093545100928464249013  | 0.009681383132586060189   | -0.03031467901613695004   |
37    | 0.00018287055069321223868 | 0.005482023493665045405   | -0.036905104961961102128  |
38    | 0.0060629681692355259434  | 0.0067754715475635898803  | -0.030380495908275562816  |
39    | 0.00074637990479926950155 | 0.003204678408407244522   | -0.037077780892905400079  |
40    | 0.0060274414442925946037  | 0.0032623124538357461781  | -0.035615402887364269735  |
41    | 0.0077337273783683671557  | 0.0044087158582389448722  | -0.025080272440262244005  |
42    | 0.0067063074756867060641  | 0.0093232085544586694448  | -0.0093465987619071131537 |
43    | 0.0005518987487896226396  | 0.0030133253756880707883  | -0.011563437017296991291  |
44    | 0.0023507339880492273201  | 0.0066003120240163042423  | -0.010459359814273689812  |
45    | 0.00061050224025540418462 | 0.0026324246122445653373  | -0.028885384515134889666  |
46    | 0.0035417213161772652039  | 0.0016396337760425548028  | -0.016220664495536184224  |
47    | 0.0033886467814030840975  | 0.0031884773836577955282  | -0.01494080754993505622   |
48    | 0.0049247522962404966657  | 0.0079012628725358743237  | -0.0061090152342853322118 |
49    | 0.0036027910332030030002  | 0.0060437860942533661729  | -0.029030555721290221549  |
50    | 0.0044914176045605866405  | 0.0069757306238329005663  | -0.03583389449877292382   |
51    | 0.00076933826102264354831 | 0.0065856599095367417129  | -0.023046930072395221956  |
52    | 0.0036226783976700625139  | 0.0053368637395605229151  | -0.019481204966759868569  |
53    | 0.0088794247309616821523  | 0.0081376960374461501657  | -0.030907899214870433041  |
54    | 0.0016266057332355488181  | 0.00577675749941820426    | -0.016969063870700993452  |
55    | 0.0053975174721281257706  | 0.0089054214481305432605  | -0.01225621081713794934   |
56    | 0.0087127061905491586663  | 0.0037909244102476203665  | -0.027462392815892671533  |
57    | 0.0029635973537274918482  | 0.0084275357438653216574  | -0.008461599844206954546  |
58    | 0.0018796145026000572135  | 0.0093485994848625103559  | -0.025677637066128664728  |
59    | 0.0053623466840259309887  | 0.0076794977617760931329  | -0.037685151237067719687  |
60    | 0.0052640676283289295628  | 0.00012105604028836444252 | -0.031746173256093308812  |
61    | 0.0076455110579482128685  | 0.0062207821738430382763  | 7.0436747745906318555e-05 |
62    | 0.006962713285123841786   | 0.0071922708316888165139  | -0.029483145365497859941  |
63    | 0.0082936058018314804535  | 0.0099341233134428042623  | -0.0034463198539350292302 |
64    | 0.0071137589189977376916  | 0.0073090345460560248933  | -0.015858275154198311907  |
65    | 0.006516211763628051469   | 0.0085334224064657748093  | -0.029529649920268050828  |
66    | 0.0019507578098151995023  | 0.0064748881630816912044  | -0.039742305940088235028  |
67    | 0.0057566913323808194605  | 0.002790585140424199119   | -0.021494360924003995394  |
68    | 0.0017578449734331627954  | 0.0075139063435094551394  | -0.010814852833729588638  |
69    | 0.0013360721310178348166  | 0.0059257494710607755764  | -0.022718216496082816597  |
70    | 0.0088290282856219159252  | 0.0051243121324230332669  | -0.009224436692602221155  |
71    | 0.0090431118316508518618  | 0.0075062027163353434861  | -0.036325525496096175426  |
72    | 0.0067851309660791970027  | 0.0082537431846702712795  | -0.013704164810869607152  |
73    | 0.0021784210546989478917  | 0.0035473956525959027264  | -0.032960655208264001692  |
74    | 0.0041277227612809760937  | 0.0066178964612036124751  | -0.016861219935268553782  |
75    | 0.0073129387068517721568  | 0.00052642717178269125486 | -0.039209267407258226179  |
76    | 0.0060293110133081331131  | 0.0015951164553840977735  | -0.011315493868091261453  |
77    | 0.0044676396600364402453  | 0.0047529106008938467806  | -0.0040226797286926048794 |
78    | 0.0054725758498156435589  | 0.004448805750489458026   | -0.015414090948284320942  |
79    | 0.0041909924519929345546  | 0.0067696273813322794047  | -0.026650811091631573801  |
80    | 0.0016945460832966650379  | 0.0040856909500260746304  | 0.00020227672043710365007 |
81    | 0.0078852506721667596501  | 0.0014149540114651631886  | -0.0086604149587425401785 |
82    | 0.0069134475696558039468  | 0.0047657791965412289736  | -0.038808936683700064052  |
83    | 0.0051570103670024996373  | 0.0069066364779969144708  | -0.00925900040445051635   |
84    | 0.0096400107369503853366  | 0.0021554131259951792542  | -0.009205209116425552146  |
85    | 0.0028421233440566041721  | 0.00037576994447839618101 | -0.021854655924040577303  |
86    | 0.001758022727551902982   | 0.0048240366881372167759  | -0.021423032361091307735  |
87    | 0.0036745934182340956632  | 0.0067765876616826979315  | -0.042487142859854783172  |
88    | 0.0060174891439728492651  | 0.00072123288249169976126 | -0.011534204211104414489  |
89    | 0.0093450156281925187557  | 0.0070707064910470306812  | -0.025224319897067370294  |
90    | 0.0040894782236285840901  | 0.0062199305425706232289  | -0.036966699775362127367  |
91    | 0.0049337091954512919678  | 0.0024534791910361111386  | -0.019450892407015737962  |
92    | 0.0082650925701694341607  | 0.0073816739150184837795  | -0.009326764686540476787  |
93    | 0.00091829910901168631306 | 0.0074868011355734460921  | -0.012389425754831621604  |
94    | 0.0052583207149578207323  | 0.0076318710471187725664  | -0.03963877068710156687   |
95    | 0.0045541829300387659876  | 0.0096428184873380111408  | -0.017717114896086360448  |
96    | 0.0013911618115076873538  | 0.0097878275308891406203  | -0.0069959700746322775813 |
97    | 0.0056258643682208829898  | 0.0049314388066606070285  | -0.0049258731744184908186 |
98    | 0.0099659591796481174913  | 0.0050669078348070826709  | -0.040913226005410779917  |
99    | 0.0044843108791210988667  | 0.0073058960831757866622  | -0.00081045533034771908773 |
100   | 0.0098218609053853100921  | 0.0048466154732817968639  | -0.030933173135039192941  |
101   | 0.0063396605012815384142  | 0.0069185550235118737153  | -0.02618186789958644109   |
102   | 0.0060386111349688756378  | 0.0056059090965689204605  | -0.027091700257536710517  |
103   | 0.00012040291035783122291 | 0.0084247139953488869857  | -0.013555957393541344033  |
104   | 0.0031990086246615374865  | 0.0077355865292709248549  | -0.015285608843130826448  |
105   | 0.0086369510122106269573  | 0.0066779892320328101268  | -0.020420091173652895472  |
106   | 0.0041070681831942802351  | 0.0084101333179685943547  | -0.041865529097739419273  |
107   | 0.0081046189342389111238  | 0.0066173240911866458569  | -0.03546429291204335893   |
108   | 0.0066716554453353504872  | 0.0092342813483197189878  | -0.041868409716375107332  |
109   | 0.00059273421247914271325 | 0.0035169265625100468685  | -0.013208735332202131349  |
110   | 0.0040189534289602974262  | 0.003735591332900522598   | -0.031594813685585976248  |
111   | 0.0065519795350609628601  | 0.0036921756782444183249  | -0.022867355940902479861  |
112   | 0.0089111407554811668946  | 0.0083652477314440677747  | -0.0028690564552188739175 |
113   | 0.0069695187278911198414  | 0.0044076157514194901424  | -0.0032452220574479885042 |
114   | 0.0085806161823161909014  | 0.0078216996930927668724  | -0.0101159604417357437    |
115   | 0.0016870948102773576736  | 0.0022168987449024892163  | -0.019683236350245027213  |
116   | 0.0033816669494088620433  | 1.1926727843162341464e-05 | -0.034487924555020560424  |
117   | 0.0086895420961613459993  | 0.0035244519668963755245  | -0.0098387055716007559836 |
118   | 0.0053618968525702597264  | 0.0043468248602216005491  | -0.0070911213768137110192 |
119   | 0.0065022983642950889921  | 0.0026546779280305901269  | -0.033161995681518369183  |
120   | 0.0024771145128914887068  | 0.0033048973618067974123  | -0.03630725127244454481   |
121   | 0.0048384394838458287882  | 0.0015342642717550885115  | -0.038754821268113581745  |
122   | 0.0096703572302676722022  | 0.0074645176836129730272  | -0.011576719751718863444  |
123   | 0.0031287839052634106723  | 0.0024879693873123636359  | -0.029825413110608010869  |
124   | 0.003835523611681779417   | 0.0065083706120574241413  | -0.019826905695760722176  |
125   | 0.0065550644976886621867  | 0.0086666256225122837581  | -0.0098658715856209684009 |
126   | 0.0081916573704077511042  | 0.0068937580780262398134  | -0.020865125925671468288  |
127   | 0.0023106774617522108164  | 0.0073462581775541801674  | -0.013445157657880856678  |
128   | 0.0042279582351107437843  | 0.0016693792575258323881  | -0.039195548620829974429  |
129   | 0.0097092358998291730665  | 0.0061110600056641138991  | -0.001091696633227578735  |
130   | 0.0058910087895697243673  | 0.00687594379262459858    | -0.0037733619391837162904 |
131   | 0.0037152275592725494784  | 0.0053783639692929294945  | -0.043037248833864255593  |
132   | 0.0042086859145692044268  | 0.0031258829293825535212  | -0.014963616946695217774  |
133   | 0.003453984915761829002   | 0.0034031339798448823411  | -0.02866988310135038312   |
134   | 0.0075895239027392218459  | 0.0079249099617268361356  | -0.035494878660346729227  |
135   | 0.0037143591401696653478  | 0.0061063677922652565694  | -0.031391226339917074895  |
136   | 0.0042329068828417127507  | 0.0062093292847098455201  | -0.032925467405542876986  |
137   | 0.0055965616671505924798  | 0.0062421637813422142446  | -0.015698782116890949712  |
138   | 0.0072879474670616032836  | 0.0048340732630957443383  | 0.00057124543044048833006 |
139   | 0.0062017128236593757964  | 0.00082422674700896808933 | -0.01780538103598085925   |
140   | 0.0061199993455783134599  | 0.0065667389500928298463  | -0.025208457570088309979  |
141   | 0.00053186147116598189027 | 0.0074041180854558684074  | -0.037755538258526004369  |
142   | 5.3374083341513507694e-05 | 0.0069407245412205663057  | -0.021072289972631146754  |
143   | 0.0034246616021722025777  | 0.0003007857025139769238  | -0.025989283963982465209  |
144   | 0.0096898289420392202248  | 0.0056285858897711432344  | -0.02170951861024889018   |
145   | 0.0069985959388212349783  | 0.009459186054662505061   | -0.021019463894156410755  |
146   | 0.0052439336846020739163  | 0.0093173026089480720513  | -0.0010049275538828641302 |
147   | 0.0043806194244957212189  | 0.00044794266777189756679 | -0.030627014539327489934  |
148   | 2.5661960152297899352e-05 | 0.0081545493404931151254  | -0.0049101175568774923369 |
149   | 0.0016468024735119932318  | 0.0077957574955853300991  | -0.028951106798332543191  |
150   | 0.0041622022947741567356  | 0.0032913223905943916371  | -0.034964611556504175682  |
151   | 0.0040629668072954981325  | 0.003824894659639966471   | -0.03126238556597568663   |
152   | 0.0074076491258290742478  | 0.0012985017720529051961  | -0.024735623958648228493  |
153   | 0.0075382366234707327488  | 0.0074325444422981643694  | -0.01403162586985916456   |
154   | 0.0042979098212234155899  | 0.0082744377709384909353  | -0.016832431123020803743  |
155   | 0.0044656962924527667663  | 0.0010563910510002388118  | -0.0045672735882186180773 |
156   | 0.00086048725622622388928 | 0.0084593737347337279175  | -0.026339528272654448571  |
157   | 0.0055401201502298961718  | 0.00032390127702435042752 | -0.0036639738438523062301 |
158   | 0.0093743791428045446235  | 0.0036164136509206721432  | -0.025527086854219002005  |
159   | 0.0041979427685830657604  | 0.0028093099275258298642  | -0.03487537236382255712   |
160   | 0.0037172945846072513905  | 0.00073121703725736780701 | -0.04038608575495571118   |
161   | 0.005389018164456282553   | 0.0076675206835997485738  | -0.013217743904928431348  |
162   | 0.0053449015232489328897  | 0.00026441988913814858239 | -0.010855305674580085357  |
163   | 0.0050207028095538251689  | 0.00028444262915389227197 | -0.015984860417803919974  |
164   | 0.0040526038907038952966  | 0.00023269049254387254625 | -0.015199797071916714905  |
165   | 0.0063397736498903003652  | 0.0075486648264027024144  | -0.017311142224512684334  |
166   | 0.0074969439914223008625  | 0.0076606184084047302882  | -0.037751909529036828395  |
167   | 0.0015606366122213246456  | 0.0098376064073113726055  | -0.017425200282625050163  |
168   | 0.00073534061798180290048 | 0.0058846666648305154951  | -0.012193375239253628414  |
169   | 0.0039112946478798210279  | 0.00017286356959825657006 | -0.0090027392460605305119 |
170   | 0.0099407266002736228983  | 0.0069397820992453812528  | -0.013398659694144127857  |
171   | 0.0032194570636706869998  | 0.007759065517537129357   | -0.036817398219790180292  |
172   | 0.0037214673184635333261  | 0.0040087497760451108048  | -0.0037574892192255029098 |
173   | 0.0042604714107784156726  | 0.00075505934044309871555 | -0.008761109238190074866  |
174   | 0.0052644225876990130911  | 0.0013782950510984402336  | -0.016751022302613622489  |
175   | 0.0016598438422806512972  | 0.0076978177117812537564  | -0.042713785489074847235  |
176   | 0.0030414815734627204113  | 0.0078848513902207428838  | -0.023693554390406667415  |
177   | 0.005991513555137999332   | 0.0062669281956138226178  | -0.0079415049123642538625 |
178   | 0.0024061259319787938957  | 0.0075771090301773695586  | -0.021153111351497562442  |
179   | 0.0083513225958417817291  | 0.0096754935240570081462  | -0.029674718691154969297  |
180   | 0.0039155421942496885374  | 0.00059883176252081219814 | -0.017043574859975155894  |
181   | 0.006817488794436899098   | 0.0088852683727308600509  | -0.030882469987299657893  |
182   | 0.0083812730736719364549  | 0.0057808639003970501216  | -0.029469969461876788924  |
183   | 0.0048238607471134025209  | 0.0042197006533584314331  | -0.030525799546113254607  |
184   | 0.0029947287980483859419  | 0.0051248599190822701974  | -0.011179557514672302729  |
185   | 0.0005658572426923781434  | 0.0028232172332144744691  | -0.03780345136845068843   |
186   | 0.0040483493732884718794  | 0.006085211520656641157   | -0.027391416228204158723  |
187   | 0.0057542311157254191073  | 0.0066914720576043322867  | -0.011483781253141481932  |
188   | 0.0055991201396599814613  | 0.00030204631566384639507 | -0.00780416269377764895   |
189   | 0.0024708604570103653852  | 0.00074274996815261570739 | -0.025408355353817666661  |
190   | 0.0029067153343951880086  | 0.0052002201705104210763  | -0.0029961897154826225981 |
191   | 0.0025033990683518774455  | 0.00052417639476758917313 | -0.026431128027466267022  |
192   | 0.0025384485813228037029  | 0.00011548883821743968845 | -0.013178155199717718482  |
193   | 0.0029609390366087560628  | 0.0050602527609428932243  | -0.021443924466076881574  |
194   | 0.0092974262731830535633  | 0.002938135640717267575   | -0.014933497409569741407  |
195   | 0.0011429360825707148008  | 0.0027471110643787744442  | -0.0075650985378720664656 |
196   | 0.0063691466291388356552  | 0.0031041255673621105313  | -0.034219768506569603339  |
197   | 0.0046091642891461165679  | 0.0063865695968919828154  | -0.020169587927842458353  |
198   | 0.0088009174549744627336  | 0.0042868869602980929495  | -0.029604266748656328512  |
199   | 0.0089278963735030629489  | 0.0038626967509460667129  | -0.033888887322314965866  |
200   | 0.0033041084149716543061  | 0.0052676743728770573233  | -0.015508323439511464623  |
201   | 0.0028378445176107120612  | 0.0041081518971782943206  | -0.037112130627588793552  |
202   | 0.0040860585185880917911  | 0.0074545416083723241643  | -0.0072622790051999341898 |
203   | 0.0048929519787314981749  | 0.0087645637000537800904  | -0.032308211931877155176  |
204   | 0.0021889005787969033345  | 0.0031469278770606626955  | -0.031830777277986284368  |
205   | 0.0069061996664077276303  | 0.0019794408783775610701  | -0.042361183144353456442  |
206   | 0.0062985891746620637291  | 0.0048862805195487076654  | -0.015057649133164293168  |
207   | 0.0067798277790404289436  | 0.0047804637831952269747  | -0.01461113129914382372   |
208   | 0.0037288627484096839408  | 0.0091551309865688483558  | -0.023604816286027934663  |
209   | 0.0077577345084449819343  | 0.0078744653985609244784  | -0.022852687860916313933  |
210   | 0.0029351828338646896929  | 0.0047249193289246654501  | -0.0041241318392066482479 |
211   | 0.0031714495457980723322  | 0.00017856796898757469464 | -0.010814860308434426361  |
212   | 0.0053493703123137252217  | 0.0056939316732454213835  | -0.0031511151103634257691 |
213   | 0.0069410474272039108037  | 0.0006876233041192531632  | -0.00077124337224466544584 |
214   | 0.0046051376415361033531  | 0.0049977083122120201375  | -0.033199479361977250746  |
215   | 0.00010727494867730286892 | 0.0053405250322926221818  | -0.026993586839694494461  |
216   | 0.0095091157292703822057  | 0.0091165599081092386219  | -0.036764169524384902876  |
217   | 0.0082802501947592255238  | 0.0082048796999457575957  | -0.032824479616281466987  |
218   | 0.00092403535775691190285 | 0.0069278848762165719938  | -0.014183628037665667668  |
219   | 0.0026770834187925321435  | 0.0045767348193528987338  | -0.040376306876118865652  |
220   | 0.0072708576836786340328  | 0.0062799930801623170956  | 0.00056501718075676070265 |
221   | 0.0069367668572683878134  | 0.0095395043334427966769  | -0.019279102428221384785  |
222   | 0.0052783067877758983039  | 0.0090468519608404036197  | -0.027466938566718557269  |
223   | 0.0031791271619780580443  | 0.0021223827076483634327  | -0.023801694994965323648  |
224   | 0.0012208496468956654864  | 0.007565645323295980447   | -0.030865177459693016876  |
225   | 0.0089140704628303812918  | 0.00037566275427618764718 | -0.021440406344506342251  |
226   | 0.0021644946891485384623  | 0.0037838154015718290096  | 0.00053438202887005057697 |
227   | 0.0066171232085009612164  | 0.0041951778948946753106  | -0.0054239827356722886478 |
228   | 0.0066172030502398820201  | 0.003034700668981630059   | -0.019168898545439700537  |
229   | 0.0044992289967237253379  | 0.0081364072859002843641  | -0.012761414208378426063  |
230   | 0.0050765539516305427381  | 0.0010394609554294565509  | -0.031287168016269635562  |
231   | 6.5263979816384618394e-05 | 0.0061165138641629743232  | -0.027894551849503467639  |
232   | 0.0058361538753289145601  | 0.0078016268600817149231  | -0.0025559483830419329684 |
233   | 0.00040207024429725579618 | 0.0058561483018573544726  | -0.036815538034789083155  |
234   | 0.005080980857277232407   | 0.0040619094523172399186  | -0.033034475176862573842  |
235   | 0.0015884856931941599995  | 0.0040489410367933196047  | -0.031926907273341874338  |
236   | 0.0036035374753057079593  | 0.0026412257895695361379  | -0.017791508921880090643  |
237   | 0.0035808088413174445248  | 0.0039879313546370247223  | -0.002744113533052741985  |
238   | 0.0023525693142965884222  | 0.0058354516708265949734  | -0.0079939658929447082042 |
239   | 0.0098275730992323593466  | 0.008019765614188554062   | -0.0062384613304002460576 |
240   | 0.0067657365001558486539  | 0.0095444870451091377156  | -0.040933961897069735814  |
241   | 0.0055880368717653675775  | 0.0087692195823402332988  | -0.0050354343694234623974 |
242   | 0.00078922302089218601424 | 0.0048930390674023424569  | -0.013347968903078126154  |
243   | 0.0026216370046554982216  | 0.0059146186132973711802  | -0.025761332203970976895  |
244   | 0.0070772946545082848421  | 0.0051075440933877518448  | -0.0081592017043975520463 |
245   | 0.0050316969745839339526  | 0.0025032053129282983914  | -0.040001468133418774387  |
246   | 0.0099033866255832728176  | 0.00083989763469082109795 | -0.018167010278489666153  |
247   | 0.0056933368146192776457  | 0.0032091921564323488796  | -0.026567932086761746058  |
248   | 0.0097560814093332285518  | 0.005099491328121793024   | -0.018313320647226207644  |
249   | 0.0066494446913266166271  | 0.0024652348677918684873  | -0.013042702291055483302  |
250   | 0.0066687309027897642699  | 0.0054568707900364311902  | -0.004162930011417033567  |
251   | 0.0043795676234949249689  | 0.0049468478709072550431  | -0.037564988023629064529  |
252   | 0.0072145225405690098161  | 0.0057587601938577145239  | -0.043413767251704184214  |
253   | 0.0047926251851012858715  | 0.0087829190890032580313  | -0.034378583590914016388  |
254   | 0.002307039812384012803   | 0.0013215260528589003672  | -0.02109635847830052674   |
255   | 0.0017773114095947317812  | 0.0047468439914920409692  | -0.0025955518130827059595 |
256   | 0.0047207036428231242964  | 0.0075824998009929867049  | -0.025462944744550311538  |
257   | 0.0020467523463164522847  | 0.002694353365223460875   | -0.019270178603845316417  |
258   | 0.0032962248874328311556  | 0.0067728767103147650627  | -0.017565125724395662388  |
259   | 0.0064412791134082509475  | 0.0092576983734609340215  | -0.019930883031525244153  |
260   | 0.0042599544469783699394  | 0.00062556793340412368293 | -0.011085393042524909618  |
261   | 0.0057226030308472931873  | 0.006850200865987400578   | -0.043059639225293502851  |
262   | 0.0010443965629890392382  | 0.00016296044223473800426 | -0.025557654609654641836  |
263   | 0.0072592845843467640812  | 0.00072722604156438505098 | -0.034876570378093496583  |
264   | 0.0062344377677304996244  | 0.0016984884249496804299  | -0.0014883127618282477201 |
265   | 0.0065835304972048395641  | 0.0064965097414273441367  | -0.022404525931651146642  |
266   | 0.0039865223871407918024  | 0.0033801519687317151466  | -0.035606990768585713991  |
267   | 0.00081207329311613462436 | 0.00314773148780602861    | -0.022009917933153905212  |
268   | 0.0060497950962551255705  | 0.00644820642453199349    | -0.0055189536619743868179 |
269   | 0.003786072629140374915   | 0.0024603530616532699217  | -0.0069999568676976757498 |
270   | 0.0094481922459368587741  | 0.0046158129628429932223  | -0.020498206289977588535  |
271   | 0.0053259376628757605643  | 0.0091282245828984455438  | -0.00097481841092103983359 |
272   | 0.0056378779896015815756  | 0.0080073804395761408181  | -0.02373506271912604465   |
273   | 0.0036832044725811832059  | 0.009560821014420779404   | -0.027592327141963919612  |
274   | 0.0061561227687392900895  | 0.0075590666564311313758  | -0.026947499048486069084  |
275   | 0.0089625579984568999603  | 0.0052685683316992682618  | -0.0086991914276566238706 |
276   | 0.0088941636747334306551  | 0.0033934840044867304286  | -0.021176629231198378783  |
277   | 0.0022953840127174574351  | 0.0048609184491727932403  | 0.00033029734902655354806 |
278   | 0.0086344206541236374897  | 0.0047122190346124718727  | -0.017007580680994498212  |
279   | 0.0039982691564323215652  | 0.0042109200247064590417  | -0.0085935532289779514858 |
280   | 0.0090314689365317106506  | 0.0036888157411500313403  | -0.039189284060077295146  |
281   | 0.0043710178261001019981  | 0.0078308460383777651892  | -0.019579082801658195812  |
282   | 0.0036919658389775200126  | 0.001287992875839560989   | -0.03220709861505627325   |
283   | 0.0082456416991840055658  | 0.0057086079700228069614  | -0.033334949363503521558  |
284   | 0.0027660243129289246999  | 0.0044340368780017985761  | -0.035714879839851179644  |
285   | 0.0095824292984110319427  | 0.0060382934994477480486  | -0.0074867044149453535265 |
286   | 0.0013684667237892310637  | 0.0021103544164956860793  | -0.032127079784210185731  |
287   | 0.0019826045184606010639  | 0.0064196433605587521765  | -0.017438645617150968364  |
288   | 0.0023486117495630288478  | 0.002797619013642398296   | 2.1309491601925541242e-05 |
289   | 0.0098993546321745271022  | 0.00016186679998769263841 | -0.036372501050051957161  |
290   | 0.0014848378215493603614  | 0.0065120610179268210299  | -0.010369277793006378974  |
291   | 2.2429823509640689369e-05 | 0.0012032442334088870681  | -0.020650731470009304341  |
292   | 0.002854971239205145693   | 0.0045355201812407363107  | -0.0012052120532468374881 |
293   | 0.0095056956509866653848  | 0.00027736333062654608666 | -0.030914767870206572714  |
294   | 0.0078061821444123302358  | 0.007327001916269334364   | -0.0045621806983166751995 |
295   | 0.0025902194183682215184  | 0.0026196852342669097596  | -0.026389799679686597178  |
296   | 0.0071951308597552176421  | 0.0040147207574723290519  | -0.033872592392375840131  |
297   | 0.00086924097476102186403 | 0.0030160347214964132977  | -0.036746535091854146127  |
298   | 0.002208620579313475777   | 0.0048622214412316813043  | -0.039624586042103275563  |
299   | 0.0016089812071024454324  | 0.0073107459026423736101  | -0.027056532962052303598  |
300   | 0.0044212794587423021389  | 0.0072289366164305507434  | -0.031963915091663894219  |
301   | 0.0013999676624054571     | 0.00735225224752802161    | -0.042999008553099613006  |
302   | 0.0095949090032944519407  | 0.0020934520542635129403  | -0.04031738604013761218   |
303   | 0.0080026424017044378578  | 0.0051844180151049178498  | -0.033644510760601903376  |
304   | 0.0012804013549801431752  | 0.0058924401910455444925  | -0.019107093901623527915  |
305   | 0.006314928560559804338   | 0.007282428246183306024   | -0.035462066045557433247  |
306   | 0.0044602434843601093326  | 0.0026333299016550373167  | -0.031710688318645721684  |
307   | 0.00010996485104075274131 | 0.0036321279212528276813  | -0.010296117522508280162  |
308   | 0.0089434420931171036695  | 0.0049860239755588698154  | -0.0072700942374369741106 |
309   | 0.0061160571755236861277  | 0.0030244877144595954006  | -0.015965288956756504973  |
310   | 0.0096630554962113517775  | 0.0055277837604762051008  | -0.017073528851039538462  |
311   | 0.0087508659486864419363  | 0.0057276874850867394093  | -0.018455611093274572332  |
312   | 0.0070597104588046629553  | 0.0038306846037084252635  | -0.037273141577693090498  |
313   | 0.0069256138832309820097  | 0.002767166053424834158   | -0.0075219927313712464656 |
314   | 0.0041734304590170679533  | 0.0068888624151615899388  | 0.0004129925437668597113  |
315   | 0.0098903987149791348227  | 0.0089200626907065226623  | -0.012414776609451906239  |
316   | 0.005427439439953879799   | 0.0050113974250103662106  | -0.0086971821031872949964 |
317   | 0.0061224276886229457226  | 0.001850928760665409515   | -0.042335367369367174484  |
318   | 0.0073928959752351391943  | 0.0052884956541826844134  | -0.0039495801136465525163 |
319   | 0.0024185860449951641915  | 0.0022734375184095944461  | -0.0065039027408986295475 |
320   | 0.0068270902926369208402  | 0.0044758476390057483005  | -0.042923150074633653617  |
321   | 0.0035864262228435801576  | 0.0029580623510294737355  | -0.017185395836689168481  |
322   | 0.0087664377292186474594  | 0.00026777184148696510499 | -0.0072529972098094907043 |
323   | 0.0050943614749301233818  | 0.0019917802298005829291  | -0.010925070024094945056  |
324   | 0.002189464054713379567   | 0.0044636419500965881721  | -0.021391703575023773148  |
325   | 0.0053900063637184521953  | 0.0018354232097641776881  | -0.02943447426785860202   |
326   | 0.00078066608183503523148 | 0.0049463979946664229578  | -0.016302577512886683164  |
327   | 0.0039643325898009278141  | 0.0071233199701603872739  | -0.018790806674876783106  |
328   | 0.0099137942655450530388  | 0.0078753530166378246657  | -0.034771560629984425705  |
329   | 6.4196422701324917684e-05 | 0.006487278617834317529   | -0.017197672907295760009  |
330   | 0.0023473814862578963082  | 0.0030369784705137625735  | -0.0063254426639578311201 |
331   | 0.0064521655626170902262  | 0.0025813849790228605464  | -0.019466656844437300183  |
332   | 0.005810909389045109015   | 0.0058989688866771961689  | -0.0053697083575832312008 |
333   | 0.00091100085718772848449 | 0.0072891868593351139341  | -0.025602824388965210456  |
334   | 0.00055348655019107656939 | 0.0037548544542709144656  | -0.019674924897285089864  |
335   | 0.0034403831717081554895  | 0.0095871136034275002136  | -0.00061713525830246870798 |
336   | 0.0087576297720267821945  | 0.0047969232732210905293  | -0.021527156869560692964  |
337   | 0.0024447481176046101381  | 0.0090175029586082276756  | -0.014295205361804176961  |
338   | 0.0086119296175562951023  | 0.0020371025363532676254  | -0.020512861331838834478  |
339   | 0.0046125409246880293146  | 0.0062358813243121660741  | -0.036906803239432552088  |
340   | 0.00443966438424978245    | 0.0058868386411815437631  | -0.0089436028273089992341 |
341   | 0.0043034214652265777301  | 0.0086980158996423848072  | -0.03289758068633646948   |
342   | 0.0013810668367690557591  | 0.0009626680488297532489  | -0.00033653852947857859851 |
343   | 0.0017886074507404065882  | 0.0036433554831476915904  | -0.0077123325177787917586 |
344   | 0.0060977336857111685484  | 0.0074091454781339913943  | -0.0028706436118669160541 |
345   | 0.0051086276102475756955  | 0.00011716528421615779107 | -0.00045393506637086484179 |
346   | 0.0099265556209503311852  | 0.0077995571272451869743  | -0.023829473422769521102  |
347   | 0.0074389923722864206151  | 0.0056156386828622121415  | -0.033656054606665042339  |
348   | 0.0082843755317902265101  | 0.0023528357902541153536  | -0.022723477336177636682  |
349   | 0.0023694700704201565079  | 0.0021783011202853876619  | -0.024558970152519590119  |
350   | 0.0022028964458602820486  | 0.003612592081820101015   | -0.015301947198598286892  |
351   | 0.0024252045388421807591  | 0.0026703825607371327322  | -0.032527296567387502246  |
352   | 0.0030508356407170649123  | 0.0034528914840731097548  | -0.022696802665082296824  |
353   | 0.0037919696329141842385  | 0.0044590667114630770651  | -0.0096489087227626425813 |
354   | 0.0067113267432029688822  | 0.0036763265382958720123  | -0.015614465696545315465  |
355   | 0.005050493223038212548   | 0.0042383743025230522297  | -0.0059739765424577789821 |
356   | 0.00032509118170430742478 | 0.0091267400711379613465  | -0.036950821360796158588  |
357   | 0.0041124598998388871632  | 0.0043373847069163766824  | -0.043188246261654128499  |
358   | 0.0046878033258387933821  | 0.0025768517232313882005  | -0.041548682172050932504  |
359   | 0.0094295851540722921275  | 0.0042427636706767928379  | -0.032647393206772179486  |
360   | 0.0065829237737024129742  | 0.00022966840353032673167 | -0.03419176536983935949   |
361   | 0.0036444361041083677896  | 0.0060563203460773954931  | -0.03752197910073246101   |
362   | 0.00070722156712631483334 | 0.0022608579075997546973  | -0.037125122398111096156  |
363   | 0.0071308726514733118337  | 0.007698956030652561941   | -0.0017548346491019189541 |
364   | 0.0016653907974764966139  | 0.0043516375639065518754  | -0.023123648669889695917  |
365   | 0.00040457152197113780724 | 0.0074284605089424042904  | -0.010123958642051013659  |
366   | 0.002026803091102399694   | 0.0033055711256273234179  | -0.034119414180235757561  |
367   | 0.0070769818265576473967  | 0.0026338962830812131383  | -0.0055010333954580332982 |
368   | 0.0064049371621383516598  | 0.00012134127408716126784 | -0.016976200274370651516  |
369   | 0.0043183232804842007491  | 0.00069095727425820530326 | -0.038044594497520740906  |
370   | 0.0021709373688052415081  | 0.0043897535487002550814  | -0.015282588151102659627  |
371   | 0.0028578351181931418816  | 0.0054639327588883110365  | -0.0022470755328606859848 |
372   | 0.0035655462792323969201  | 0.0063334742159054839908  | -0.023235589778909559316  |
373   | 0.0076120897751073323192  | 0.0010951236767287673545  | -0.030546080075855932406  |
374   | 0.0076501762044311498109  | 0.0098581627043809270244  | -0.037763382782135826443  |
375   | 0.0058075153860918183116  | 0.0017386214524312243023  | -0.041680800281470697932  |
376   | 0.0092573872458278430586  | 0.0039193362088431682802  | -0.0045565719954370068404 |
377   | 0.0098938880636952331038  | 0.0053810744551802654548  | -0.02016186523313822157   |
378   | 0.0048325007214312801565  | 0.0092402823193040942856  | -0.016370855115938203611  |
379   | 0.0084375085550888878627  | 0.0022761061728326353187  | -0.0015313063544262397325 |
380   | 0.0043931187236391855758  | 0.00036027858850165008983 | -0.037541289924662636646  |
381   | 0.0017988639576618052629  | 0.0045371028268345586082  | -0.024067328640519494026  |
382   | 0.0021298239469104167029  | 0.0070718183161184869703  | -0.028316981985539120548  |
383   | 0.00014504282997357707341 | 0.0090499160938316610542  | -0.025921351701076827262  |
384   | 0.007684371948115490368   | 0.0054718673838753733793  | -0.011399478512989461021  |
385   | 0.0082371911346867006387  | 0.0019366681206168872512  | -0.036767923317165336627  |
386   | 0.0078337031350799064822  | 0.0082814278391929556367  | -0.041435930464571543719  |
387   | 0.0053186468499924434081  | 0.0038444966923835200735  | -0.024543118140629836821  |
388   | 0.0073885620790451293771  | 0.0053116782935019824993  | -0.0012694939552333433901 |
389   | 0.0067859098151689589348  | 0.0063193183495118846957  | -0.016249623745064108865  |
390   | 0.0045406622843164063524  | 0.0012302821093448297086  | -0.037147220310519382669  |
391   | 0.0055307647445525806931  | 0.0044085735554300307937  | -0.036908219390233094892  |
392   | 0.0052808794704086500088  | 0.0038453508996904930961  | -0.043071065098845076613  |
393   | 0.0067574939484074669771  | 0.0093358241187054911286  | -0.034556361432122685573  |
394   | 0.00088794755847751948019 | 0.0040486178878462245057  | -0.042325177017744561314  |
395   | 0.0066209654558159808033  | 0.0080985773071899826853  | -0.027899527319397751657  |
396   | 0.007449038666232256703   | 0.0047593835774752740395  | -0.025461930119025446423  |
397   | 0.0038666356385492223896  | 0.0067701704113160843246  | -0.0021460880833766727421 |
398   | 0.0054159373409772247621  | 0.0068951314136747382175  | -0.010785906047819680126  |
399   | 0.0029776141325721550319  | 0.0074873763389432896817  | -0.038567262684388786687  |
400   | 0.0008394271393187844937  | 0.0082395647104997905147  | -0.011578600388888039482  |
401   | 0.0050706971997799511406  | 0.0048401492387117875035  | -0.038386688247781242112  |
402   | 0.0020984403420431282233  | 0.0016648044036997125279  | -0.0028428909787924288785 |
403   | 0.0046233264652351434634  | 0.0099965580762927854636  | -0.013006945578782423689  |
404   | 0.0061480442875296104424  | 0.0003661299183194531722  | -0.023796177282451914242  |
405   | 0.0094338507685476028636  | 0.0046440048312807249986  | -0.036207614362449687395  |
406   | 0.0099198836039771087769  | 0.0061174571826762167912  | -0.022650605200164073555  |
407   | 0.0096445590636493570835  | 0.0087897427533679337031  | -0.0050666628136058038112 |
408   | 0.0027241522238088552131  | 0.0078126979313627616108  | -0.013113858832510257718  |
409   | 0.0038449317254359315944  | 0.0017412716630522094563  | -0.029095466179251766592  |
410   | 0.0013829182175357514727  | 0.0028869335478294419137  | -0.0010907436124872667716 |
411   | 0.0076876535125743154786  | 0.003949876811278080907   | -0.03152655723144527633   |
412   | 0.003843743865301838588   | 0.00093536221364367037531 | -0.028609024632762825036  |
413   | 0.0025804025652108571534  | 0.0063358681425520479991  | -0.043306191820997708142  |
414   | 0.0027395397347430221029  | 0.0014323091912598910538  | -0.038418829810186280738  |
415   | 0.0027636768790415184617  | 0.0094214791650940703238  | -0.012350801096673937746  |
416   | 0.0052000530871879604641  | 0.0056613823804758369937  | -0.00239860985843731115   |
417   | 0.0073688199212041801886  | 0.0022224985552856497614  | -0.011684827833238556338  |
418   | 0.0074125422577725162687  | 0.0080940068332434125797  | -0.021988719567624062656  |
419   | 0.0099684701320353411025  | 0.006754016669887077072   | -0.042002187869925620978  |
420   | 0.0064320373771122795956  | 0.0087578542646860151055  | -0.037682555258782737817  |
421   | 0.0057967793266713862899  | 0.009305479540873032307   | -0.0026216408587910557983 |
422   | 0.002419021568769357932   | 0.0007054215260669025175  | -0.0010679469150239419891 |
423   | 0.0051130928739825873275  | 0.0076996680676222079703  | -0.025510241159833569463  |
424   | 0.00038773858570777833222 | 0.0078189575367225792185  | -0.008838557880656445695  |
425   | 0.0064046726171019729631  | 0.0041311860569492840634  | -0.03888346343491870527   |
426   | 0.0043328902699822594707  | 0.009422892200743777924   | -0.0038898577260164193294 |
427   | 0.00667486340228987899    | 0.002327603928967035378   | -0.00033179306864493211815 |
428   | 0.0082233320930712450192  | 0.0046964098887130522816  | -0.035579217693685265267  |
429   | 0.0052451483687261588051  | 0.0037856028551650632193  | -0.0069522431507652374116 |
430   | 0.0019012971667418678522  | 0.0089065937093017414489  | -0.014575440061481327245  |
431   | 0.006922784546800654637   | 0.0071671192636258316752  | -0.0094864603067366191219 |
432   | 0.0014815457925634856716  | 0.0055632821244752618181  | -0.033235973613761723988  |
433   | 0.0026524894983683908883  | 0.0058378308029341414997  | -0.031513798831848210957  |
434   | 0.0025464963685310824763  | 0.0027122711947332148359  | -0.024227701922643587323  |
435   | 0.0097763260944304236633  | 0.0012194059994590751919  | -0.0074852854565930094372 |
436   | 0.0010476936113758099356  | 0.0079807531278622365761  | -0.010260934039785434696  |
437   | 0.0056899810927836290755  | 0.0042277088800304115507  | -0.0056790938235842863477 |
438   | 0.0085085962965345107029  | 0.0035501189422760324847  | -0.030785117229784813436  |
439   | 0.00057629865038335680721 | 0.0074730939572543808938  | -0.016118745765476553966  |
440   | 0.0093550653959360418471  | 0.0042624585989897894114  | -0.0040933389695546294751 |
441   | 0.0017930751116696187417  | 0.0011865135298455846587  | -0.014719726515081972551  |
442   | 0.0015297138325862749166  | 0.0027611276942943966534  | -0.0038206673095889098768 |
443   | 0.0036202622629563784191  | 0.0083346912373170756877  | -0.01572125928672397227   |
444   | 0.00050071569903270064014 | 0.0004582579756913217903  | -0.028614205454906175424  |
445   | 0.0072043157452830906481  | 0.007104197349087208388   | -0.013442766436665042756  |
446   | 0.0014237224834036767748  | 0.0084702020907051547849  | -0.025222818936829503877  |
447   | 0.0038613618167207385684  | 0.0084997104124553985588  | -0.040130801230841395277  |
448   | 9.4136206621015118936e-05 | 0.004952578491320114816   | -0.025338413847476239094  |
449   | 0.0062068567077994832651  | 0.0070201798343844214537  | -0.015768653098798990353  |
450   | 0.0066536954052925575964  | 0.0039388745899485710922  | -0.007254863046397518056  |
451   | 0.00065633387900878258341 | 0.0097337828632327871858  | -0.043124983202413293137  |
452   | 0.008133207274214867763   | 0.0088295843363113257068  | -0.03246820992012163648   |
453   | 0.0058582508609242769232  | 0.003689555700714745954   | -0.033698851323167369753  |
454   | 0.0081434021327286224695  | 0.0066355466790366263857  | -0.025552574249553931113  |
455   | 0.001576741805810620697   | 0.0062065403022065106578  | -0.0082640083951161496384 |
456   | 0.00086836525698352274357 | 0.0042828224883127733943  | 0.00061242129551471267274 |
457   | 0.0023621935821210365489  | 0.0052218226126346809282  | -0.0062071030374214186676 |
458   | 0.0027530505384662693445  | 0.009285824595815403773   | -0.011500058170762744725  |
459   | 0.0055871209926580990557  | 0.0011003207074471740932  | -0.00281860525855184927   |
460   | 0.0064030811369798186841  | 0.008796943363211700076   | -0.013860933648898400919  |
461   | 0.00300345534953474309    | 0.004429949999562235799   | -0.012675300628772145917  |
462   | 0.0037246048341429941093  | 0.0034268488694578240136  | -0.018216176122030115769  |
463   | 0.0064589377515603526789  | 0.0039400324130802180309  | -0.028081087643687763916  |
464   | 0.0084529710680822465335  | 0.0011997981343383479214  | -0.037315869530310991076  |
465   | 0.0092535454159494556076  | 0.00023026796037470362733 | -0.0389034371554246583    |
466   | 4.4034966056974900097e-05 | 0.0062399605060607047508  | -0.012872225558033670648  |
467   | 0.0070277802470940257604  | 0.0045269200245346002953  | -0.029378066941736925843  |
468   | 0.0030845953497020085418  | 0.0071064703516496140895  | -0.031968962034754827561  |
469   | 0.0054888476834893369996  | 0.00311964521347264526    | -0.028555548971462590968  |
470   | 0.0046554218164240497579  | 0.00039024692446663737395 | -0.031247329402311247587  |
471   | 0.00087595809727331888032 | 0.0083439017751073246004  | -0.040497928294972292129  |
472   | 0.005461887359376979903   | 0.0086075784228237771367  | -0.040405376211790841601  |
473   | 0.0068175697560588837884  | 0.0015524621697737724102  | -0.028564422019732856745  |
474   | 0.0010342090732549998489  | 0.0018968561553204955471  | -0.020474403188404686343  |
475   | 0.0049533190599188514289  | 0.0047240175329480915342  | -0.03316855063010432092   |
476   | 0.0081198709292294290324  | 0.0085982767551640582049  | -0.014666221107278063288  |
477   | 0.0080503431973255878962  | 0.0079544301054112354771  | -0.0088958044455069162915 |
478   | 4.8775181062559586675e-06 | 0.0080029025547700537863  | -0.043146534594231823745  |
479   | 0.0040681296648954409778  | 0.0025162297283325332081  | -0.026733034496332363367  |
480   | 0.00021076289128175792358 | 0.0044528134105168235696  | -0.018168455199266367317  |
481   | 0.0033474140118601126634  | 0.0079952408216568023047  | -0.036328728854414252258  |
482   | 0.0044466096542642771089  | 0.0048319092853141539304  | -0.041521626463533883866  |
483   | 0.0057814253951992897185  | 0.0037851727152715185058  | -0.038786071606858103789  |
484   | 0.0019822138184694155366  | 0.0061219409830570890516  | -0.029854264727219987502  |
485   | 0.00127616147527202968    | 0.0053011390724230509144  | -0.03823856243022709378   |
486   | 0.001035362455144306533   | 0.0072281843825976795775  | -0.011203793652547052936  |
487   | 0.0081280490466016670076  | 0.0050633829606777083429  | -0.019217327961753412346  |
488   | 0.0087532199911316260071  | 0.0061073914527529984952  | -0.015645767083061961483  |
489   | 0.0042325554135613343079  | 0.0094586113681461130021  | -0.042351228391956693975  |
490   | 0.0047134476285792120676  | 0.0086133909139457353471  | -0.017262787736839018543  |
491   | 0.0035036405527981476747  | 0.0029182589854454834243  | -0.014563528554651343147  |
492   | 0.0073390700051113181082  | 0.0082423339596449894662  | -0.020748260710857526629  |
493   | 0.0093956174903712143254  | 0.007109157620223471169   | -0.017528999244947475467  |
494   | 0.0047366350103880986919  | 0.00468528613326546408    | -0.042465874745075439523  |
495   | 0.0076390991444163077947  | 0.0081018890406880806482  | -0.006495350504737869117  |
496   | 0.0087917160450368594254  | 0.0056765393667133502015  | -0.027458459916942536821  |
497   | 0.0049663273424965280814  | 0.0050273510949989047916  | -0.0034397241481995475924 |
498   | 0.0052163126645872288575  | 0.00022386078395693960897 | -0.043061567228857476619  |
499   | 0.0093857766614751734352  | 0.0051121393801682440267  | -0.014418918583536850103  |
500   | 0.00049273314033007283887 | 0.00030972462676296812255 | 0.00042192861856769924879 |
501   | 0.0045879976482590453107  | 0.0038769339214756010602  | -0.034795179583163450554  |
502   | 0.0055198388653495914641  | 0.0052809279897580805457  | -0.024845299213694421042  |
503   | 0.0012513970675171407626  | 0.002678733493011705661   | -0.015536873410620037628  |
504   | 0.0022241452548889956153  | 0.003339812182038067942   | -0.03152329197984707343   |
505   | 0.0070483481669720128918  | 0.0076110893186247998571  | -0.041021583161245600557  |
506   | 0.0036405927073232891358  | 0.0022673987545970414326  | -0.023635582620215686567  |
507   | 0.0089405091657995382909  | 0.0037488771627216823344  | -0.0074746829186231765127 |
508   | 0.00457206497098592516    | 0.0017265107587055431634  | -0.031419931202775634727  |
509   | 0.0013878499142437122297  | 0.003033980287147629816   | -0.043320197249172069653  |
510   | 0.0076761643604574434849  | 0.0084655436365497251094  | -0.0084116493144897955259 |
511   | 0.0023061996505569803441  | 0.0029261854011807136335  | -0.03694144208840673127   |
512   | 0.0074048096743812167123  | 0.0097604059132180651798  | -0.037362354870237479698  |
513   | 0.0056367394653875991031  | 0.0032269049347126892505  | -0.034076989507363597554  |
514   | 0.0069421298735822993889  | 0.0016108773344455241516  | -0.003688186584290988404  |
515   | 0.007638535715234664146   | 0.0056440571062671245073  | -0.017300357147888939524  |
516   | 0.0042664785303381325479  | 0.001035319344226334759   | -0.0040281383913165474259 |
517   | 0.007509982925659817142   | 0.0055429921212542020495  | -0.030343742448848021187  |
518   | 0.0032577346417507428017  | 0.0029210595108398801009  | -0.019131194095858849308  |
519   | 0.0019501657672138983293  | 0.003660195307348379154   | -0.035249021892983747883  |
520   | 0.00283608510847408379    | 0.003341823051069128369   | -0.038244994597033211969  |
521   | 0.0042748567399489801819  | 0.0059149065023170951938  | -0.012761079901506948778  |
522   | 0.0029153477094241895227  | 0.0034834971001766437855  | -0.0099083768829452880528 |
523   | 0.0015079882054271857156  | 0.0083958625480467057034  | -0.014770633058554583084  |
524   | 0.008775988007151838341   | 0.0012707735595606304679  | -0.019920595638368569086  |
525   | 0.0034101676871808243689  | 0.00058299044594937023209 | -0.042332814049404907109  |
526   | 0.00032112129519814273547 | 0.0055563424310820360916  | -0.0097350058126077342741 |
527   | 0.0092046953861583194478  | 0.005339277203275345253   | -0.012636913011116210001  |
528   | 0.0087581625910165463583  | 0.0023502781965571446082  | -0.017567667178961361707  |
529   | 0.0066974148004849218957  | 0.005682697962311062008   | -0.026208308269258785012  |
530   | 0.0034226571671217322079  | 0.0065890868708422135197  | -0.0045541041979986910185 |
531   | 0.0037761844376483564949  | 0.0039965899798931848672  | -0.024427533053471714442  |
532   | 0.0047744186083589568517  | 0.0037172037774394375668  | -0.00060575631869203667382 |
533   | 0.00028271620748412490095 | 0.0057293650721697546996  | -0.011335846066944826535  |
534   | 0.0022976256817742674379  | 0.0040564224828449294696  | -0.016271758597146444153  |
535   | 0.00040177526719853889686 | 0.0084975333475307383846  | -0.032229024078559660726  |
536   | 0.00018153952129844593629 | 0.00015583229208489997601 | -0.0047771028577510360816 |
537   | 0.0022664354657069866669  | 0.0042001091002218486625  | -0.014812278181741056135  |
538   | 0.0085687116506702170476  | 0.0016560280758782053388  | -0.043031633149256176551  |
539   | 0.0092523098101393412562  | 0.0060415870889921601677  | -0.0060814749023808158113 |
540   | 0.0048279453486491027969  | 0.0060479101124466033354  | -0.027024694635954669281  |
541   | 0.0017448798475185110617  | 0.00048173814842814932993 | -0.019541202050370579807  |
542   | 0.0064661588608187336308  | 0.0027264699497891449302  | -0.012279962655439877889  |
543   | 0.0078940093632994257078  | 0.0061082341245838021881  | -0.0092341838872808459926 |
544   | 0.0045227513369787532629  | 0.0035655338006736736998  | -0.032624556283464091477  |
545   | 0.0083501532194365252898  | 0.0085616448304183662144  | -0.024030875397135713356  |
546   | 9.7786105560064909281e-05 | 0.0081201912063227511124  | -0.03623403335019327598   |
547   | 0.0030876687267404521152  | 0.0035115828965619605949  | -0.0050938409330474878831 |
548   | 0.0040860680201378410392  | 0.0030628821735371731909  | -0.03610278252418167716   |
549   | 0.00077736063582107737223 | 0.0085886741410671103847  | -0.038862270760833962646  |
550   | 0.0035020053924145681627  | 0.0041321810518190364367  | -0.011320174732938054554  |
551   | 0.0062964465111923616919  | 0.0023847211499686072136  | -0.03564080180032981604   |
552   | 0.0048472296094782462914  | 0.0054809121909924589378  | -0.018799779112103287559  |
553   | 0.0031110685767036403912  | 0.0049591351234465263706  | -0.0245144265695556203    |
554   | 0.0017107209021452072714  | 0.008912505561282573624   | -0.023068098701811524248  |
555   | 0.0070033242049087028602  | 0.0035372662248035029176  | -0.0055085365539051999936 |
556   | 0.0032440074742247850155  | 0.007817795546758701461   | -0.0099626023601381060585 |
557   | 0.0054974997824642143907  | 0.0054149636613994604414  | -0.036336208879574609376  |
558   | 0.0027586497160997512819  | 0.0058027450804821276847  | 0.00026276125364723106753 |
559   | 0.0070579303223261714156  | 0.001081281335513008127   | -0.0021466796005886763093 |
560   | 0.0054966475624366158484  | 0.0036328199220887267933  | -0.031797875775205250437  |
561   | 0.00058444509202646593472 | 0.0061513579713512109293  | -0.00072882449821912891671 |
562   | 0.0044890915630069290129  | 0.0070607384472799235992  | -0.0057492075208223610353 |
563   | 0.0070917833054813346136  | 0.0043680311952565172018  | -0.023780267980214982865  |
564   | 0.0047416167733983355381  | 0.0072417892810083747679  | -0.033083676158766860131  |
565   | 0.0071893316175777530197  | 0.0049356177789441520176  | -0.04218419497965850834   |
566   | 0.0042120300684410456535  | 0.0089765906498510527473  | -0.036292592061046652363  |
567   | 0.0088451515888852399322  | 0.00094445228580379179603 | -0.0059201781234999913822 |
568   | 0.0070849175915516553539  | 0.0011429200686133467353  | -0.0433982703343218576    |
569   | 0.0048963125201347086277  | 0.0039227972380524176246  | -0.029213337100740345564  |
570   | 0.0062612274475946014252  | 0.0098089611659720483267  | -0.0055034633835408649713 |
571   | 0.0097820271947654680728  | 0.006516044121767831411   | -0.040380920947102834362  |
572   | 0.004212750203429901745   | 0.00026215340229577535538 | -0.0079548104604964375158 |
573   | 0.00094936367916897480054 | 0.0069130945123029212754  | -0.012670854018941938787  |
574   | 0.0066321847941587762365  | 0.0090460021450887873745  | -0.015210669424047742679  |
575   | 0.0050577687530841781635  | 0.00030350943193423667943 | -0.032041382900368099718  |
576   | 0.0059280632531237284835  | 0.0027099143006445473511  | -0.011404125881968650222  |
577   | 0.0024781124451373837472  | 0.0079894294324559730902  | -0.037186964462309408941  |
578   | 0.0034979537382277274722  | 0.0074148636930632299061  | -0.016459833542324903838  |
579   | 0.0048687770082851038536  | 0.00043680207065784738092 | -0.028044201043709263144  |
580   | 0.0064223700770679572128  | 0.0024913712200016163538  | -0.025265053327922039339  |
581   | 0.0080524850983674130245  | 0.0070013796447931661918  | -0.012925034789356188228  |
582   | 0.004161677514980826123   | 0.0072992905777431726921  | -0.0022392792342600903281 |
583   | 0.0092604433566448388082  | 0.0077112679996187427633  | -0.021370156963930669186  |
584   | 0.0053457797295371070959  | 0.0087289003709286119848  | -0.035195382574125723407  |
585   | 0.0035354593118490217768  | 0.0025352041855052657657  | -0.018464861455583573419  |
586   | 0.0076554699499659234485  | 0.008888578970864606868   | -0.026025696393034522536  |
587   | 0.0018177166700662364743  | 0.0033786464323866676092  | -0.031027139854734615138  |
588   | 0.0082224570200926348773  | 0.0041041986879867247556  | -0.032126598871431849558  |
589   | 0.0035150315975312524004  | 0.0070472041810330033132  | -0.020195677146324485934  |
590   | 0.00033681230860919464994 | 0.0092916362312382792116  | -0.017003370007415891108  |
591   | 0.0030182114755419758335  | 0.0033650035460198362072  | -0.011178219500817279664  |
592   | 0.0030943176053709674049  | 0.00072457069927288103757 | -0.03691537989971245548   |
593   | 0.0081387302144033980833  | 0.008128667131017890124   | -0.030635055085081311366  |
594   | 0.0093509994224583638939  | 0.0072868394255424275008  | -0.0064707581643861028856 |
595   | 0.0024925539632568599092  | 0.007997569514550401798   | -0.012904401497598519052  |
596   | 0.0099950417012199272576  | 0.0075543863676999405479  | -0.025819057833880068586  |
597   | 0.002872337573903121187   | 0.0080191853892288712108  | -0.026169589198345003661  |
598   | 0.0043364527615767133398  | 0.004476661661252510048   | -0.028223218977744029407  |
599   | 0.00014028498123624404581 | 0.0069843459482101704142  | -0.0064179174345657119538 |
600   | 0.0011764181680882401966  | 0.0014744515920456220497  | -0.03099509843904518433   |
601   | 0.0015726837628141322398  | 0.0009611487606657599745  | -0.033728418756623260166  |
602   | 0.0065743361212817737552  | 0.0062857401326871127634  | -0.025165919436418562882  |
603   | 0.0025222447512234470388  | 0.002474626127542761244   | -0.026737072369493391361  |
604   | 0.0092636910473050393389  | 0.0077509732676921518427  | -0.037254912932556949468  |
605   | 0.0070404539915153900934  | 0.0075272614838793492839  | -0.029488727306168652231  |
606   | 0.0089257237483816274926  | 0.0023985916153951023291  | -0.035659488131434928515  |
607   | 0.0017473900259984851899  | 0.00077675525523879793751 | -0.041354113920052053277  |
608   | 0.0040418332860913050442  | 0.0069582199149645961381  | -0.0090248636092253951141 |
609   | 0.00038447465969618178829 | 0.00012750927532418325364 | -0.020122435991846709946  |
610   | 0.00053992705880671269629 | 0.0020021666964168014988  | -0.042640711419570889729  |
611   | 0.0047972293950362581219  | 0.0056912530969086402508  | -0.027222656610896268925  |
612   | 0.0047582816461069011096  | 0.0085616156630949763473  | -0.00160267071672501424   |
613   | 0.0065931145633590171676  | 0.0096894324299965414043  | -0.030748945636882917681  |
614   | 0.0046423120868609403164  | 0.0030382387373433018297  | -0.036402653581315981557  |
615   | 0.001171436498304708352   | 0.0089109989946495118951  | -0.0074826625789329226021 |
616   | 0.009284579564888827824   | 0.0038650742856847176629  | -0.0048032274117341703865 |
617   | 0.0065616144436268005607  | 0.0030806487862564766594  | -0.006795076820652000936  |
618   | 0.0021898584490833588635  | 0.0070214826000045381382  | -0.014853872738417754629  |
619   | 0.0020982555334233079537  | 0.0086009539301466330502  | -0.0087780331718099371269 |
620   | 0.0077316978131931309373  | 0.0040122154290815675512  | -0.010298860010525030459  |
621   | 0.0044097519665003224315  | 0.0057993189404082880548  | -0.031653093338893031894  |
622   | 0.0020010959240162884409  | 0.0090013540296879739067  | -0.032791997113374521389  |
623   | 0.0031214792216258629813  | 0.0027740175902744865569  | -0.020826836514890954138  |
624   | 0.00014253018085936603647 | 0.0053158554897187607416  | -0.0075683602135073382161 |
625   | 0.0067217928183530804842  | 0.0058371099895384703088  | -0.021966687865036107347  |
626   | 0.0016341825739644797594  | 0.00028750613763126514405 | -0.0084050240770419983038 |
627   | 0.0054682352761302472494  | 0.0095075636482129972926  | -0.03054226629800864401   |
628   | 0.0070379243245328858974  | 0.0082456448188604029859  | -0.00083550499909178493202 |
629   | 0.0075362102043799441761  | 0.0067573179197093959786  | -0.025621868464390674253  |
630   | 0.0061385828637316054018  | 0.0094467045507965717588  | -0.019842865085149211796  |
631   | 0.0088838304921851213303  | 0.0051868390985139369714  | -0.021969197169588800672  |
632   | 0.0052929256351079726969  | 0.0069804969466354636898  | -0.034790344576537964028  |
633   | 0.0049426703994479171539  | 0.001846653155636020097   | -0.018425047808787498732  |
634   | 0.0036303079975687387038  | 0.0038980520234068523518  | -0.0086792356711313297518 |
635   | 0.0015181484370174163755  | 0.0026552540599033684111  | -0.0091426636687751486332 |
636   | 0.00075354211991784274868 | 0.007149438214181636983   | -0.016033410111630199552  |
637   | 0.0062052102976795572853  | 0.0027302380693807141304  | -0.043502598787062932151  |
638   | 0.00010514051231845824555 | 0.0025541575339407861581  | -0.030712225686598378094  |
639   | 0.0070979244615708824567  | 0.002306376649658121742   | -0.021489687323094752713  |
640   | 0.0031066109432104078818  | 0.000491677035294608533   | -0.012348171450962159776  |
641   | 0.0058718383448863476631  | 0.0079141191550525288173  | -0.011210936182106764902  |
642   | 0.00091449213940907470976 | 0.0087541276654530802287  | -0.0089640110413223717672 |
643   | 0.008956130111560812318   | 0.0059924380245369055983  | -0.0034400599753135270749 |
644   | 0.0054141985670058054292  | 0.0093200752534989498438  | -0.033576097533818495544  |
645   | 0.0034664215400525728861  | 0.0093796445827880100404  | 0.00050974401284847609822 |
646   | 0.0023026229192743192555  | 0.0018503916090484527884  | -0.013619374935181699504  |
647   | 0.0049271678917693247091  | 0.0037970031698702196368  | -0.027902730973025070826  |
648   | 0.0040851518281523474529  | 0.0062586031526885421011  | -0.030724726961178956686  |
649   | 0.0043332544951384241103  | 0.0061157296559137515682  | -0.0048074474887638725396 |
650   | 0.0033960472590863705414  | 0.0081389901329406502684  | -0.0092941266726872112658 |
651   | 0.0046646243800641277663  | 0.0065901525719884827825  | -0.010830057990067006382  |
652   | 0.002596270691028836064   | 0.005756535717558547427   | -0.019704140411117052056  |
653   | 0.0064773519291702634157  | 0.0047960702715848547995  | -0.0033990786094130862223 |
654   | 0.005610876995446648606   | 0.0080416632325832505118  | -0.013741067719678316111  |
655   | 0.0051256830058973934863  | 0.0047601664375303597357  | -0.0017253469034269346052 |
656   | 0.0027870015787430295166  | 0.0028842298684349973979  | -0.0012757440815173654372 |
657   | 0.0081732684992738922208  | 0.0091954244176187076298  | -0.023057168742559096958  |
658   | 0.0056254454400352345636  | 0.008382400599988586512   | -0.014025198200516529601  |
659   | 0.0081600887421284743622  | 0.0045055374883952743065  | -0.020974033012024578815  |
660   | 0.0064037538410650586204  | 0.0016311281415932693626  | -0.031358323028771790952  |
661   | 0.0010895306648046796348  | 0.0042193495463271118648  | -0.019415383236229794006  |
662   | 0.0043265718598853421598  | 0.0081292753956041189506  | -0.0037426873494564080053 |
663   | 0.007737971907724761414   | 0.0019626131012103775232  | -0.02867743441930292389   |
664   | 0.0044368525160485543929  | 0.0026593477965507926128  | -0.013347344163790304805  |
665   | 0.0022016143978314246625  | 0.0057020843584046831606  | -0.0052314340502518479059 |
666   | 0.0062659342464538997364  | 0.00094751130594514622676 | -0.028669960288678048022  |
667   | 0.008400104296423061695   | 0.0020684464088983243145  | -0.01843597396480339129   |
668   | 0.0055287044965056002591  | 0.0016935340483373048735  | -0.010366985545389261966  |
669   | 0.0091529092533840974294  | 0.0024800422866798261558  | -0.030066112109768505789  |
670   | 0.002044569914406329722   | 0.0059178136887902341168  | -0.014302060078889289318  |
671   | 0.0021793173769074228666  | 0.0079336290942836791562  | -0.031098586875243194871  |
672   | 0.0098873606729497163365  | 0.005839296711903699949   | -0.022367172682876485662  |
673   | 0.0080535268164728512214  | 0.0049180868177378473868  | -0.041028424700307819517  |
674   | 0.0072723641518036737097  | 0.0024465105815848053189  | -0.020762847329331427654  |
675   | 0.002560972510172198225   | 0.0040317138372008209588  | -0.036137491989608687415  |
676   | 0.0023944019001951376106  | 0.0099117256559164441249  | -0.0058132044542696355641 |
677   | 0.0062531168405086361844  | 0.0027906961735081926845  | -0.026371398417947864573  |
678   | 0.0023994483561857720549  | 0.0029231246762526932013  | -0.0045622642039324697721 |
679   | 0.0039052499302219198518  | 0.0074763948063848641862  | -0.012533793208094133609  |
680   | 0.0015860517377344403745  | 0.0068452728730449049349  | -0.024965417805003758261  |
681   | 0.0040248677012911689144  | 0.0014080461878347035574  | -0.011475485012452178724  |
682   | 0.0012820378542807084332  | 0.00086906408313952208076 | -0.022277536988395026107  |
683   | 0.004480321620532093374   | 0.0053606622305964008943  | -0.0076890975637140352925 |
684   | 0.0006258827122029110351  | 0.001985423348903261366   | -0.032183278304735288278  |
685   | 0.005940099739267019896   | 0.0016997103157734688977  | -0.037653859538226204517  |
686   | 0.0052846921416366109819  | 0.0037918666894136564445  | -0.032625262225840827301  |
687   | 0.0080094414572597812108  | 0.0048767785260182671542  | -0.016885305053704301181  |
688   | 0.0036250670657464348183  | 0.0071835108465921762924  | -0.012639029952483362557  |
689   | 0.0049483765285534952322  | 0.0066587070921888934921  | -0.0056557878206864144535 |
690   | 0.0062981574672805098331  | 0.0067202936196906429972  | -0.019955605675538130167  |
691   | 0.0077818732787285497046  | 0.0044652410261000812994  | -0.02031934251777206199   |
692   | 0.0070269103145616405512  | 0.0082331708388285532174  | -0.026172279421291064216  |
693   | 0.0075857944733744037819  | 0.0037642511939872608587  | -0.029696314877615030692  |
694   | 0.0077275849463697247888  | 0.0093871656533757452667  | -0.022704360883208409005  |
695   | 0.0047741320680365125634  | 0.0082402981867833232504  | -0.037682208185931674593  |
696   | 0.0020574566263257022813  | 0.0025844063447492721282  | -0.029098418227732333885  |
697   | 0.0063468284388421775458  | 0.0045164541245707092582  | -0.029579338331326230499  |
698   | 0.0019174370767095138754  | 0.0088100825500365687049  | -0.028443207799740546221  |
699   | 0.0079681246784523863252  | 0.0010319519139910680785  | -0.022791787093336467879  |
700   | 0.005852845937277190505   | 0.001918830062895005668   | -0.011680479757005292341  |
701   | 0.0050234053936467418233  | 0.0061834107582079446408  | -0.033842710089396217665  |
702   | 0.0054060675311447276697  | 0.0068221291195737655128  | -0.029077564139062754556  |
703   | 0.0040903154447726203929  | 0.0055174998709851211937  | -0.034987578629230693672  |
704   | 0.0028184202631274298673  | 0.0089258875183911706719  | -0.016082052318994219386  |
705   | 0.002572759036336305042   | 0.0091583994945581698177  | -0.0079996362572912187855 |
706   | 0.00095260318681436573478 | 0.0083054239367810339667  | -0.037886177373750364039  |
707   | 0.0015449001846175541928  | 0.0082174371734814958407  | -0.038717385990554603614  |
708   | 0.00706088104850607131    | 0.0044524695378761400266  | -0.015172250631033714838  |
709   | 0.004618526484609855251   | 0.0019871710060558448775  | -0.026737975637482327973  |
710   | 0.0057794919723639162634  | 0.0091790304229161720495  | -0.022618031040888799538  |
711   | 0.00063459521685211705156 | 0.0071039846084790941871  | -0.026091018413602042048  |
712   | 0.0045498965565375316597  | 0.0051475573151333739105  | -0.037975039606954835714  |
713   | 0.00084554124313311932425 | 0.0060261462921471558793  | -0.032144468155331604176  |
714   | 0.0011303520489583747301  | 0.0054122087358861193512  | -0.038859959834646608245  |
715   | 0.0046546119017182576924  | 0.0090850131113217862805  | -0.032222810107763164011  |
716   | 0.00014062883175713005867 | 0.0075428112540252599885  | -0.02531243978642536141   |
717   | 0.0028770215217569106853  | 0.0089448968682914187234  | -0.013731051503639341363  |
718   | 0.0043949521435222528229  | 0.0069332733734043579948  | -0.022415213081635656373  |
719   | 0.0092712857247671080774  | 0.0042018793336423745227  | -0.037405637635529530305  |
720   | 0.0066614367135713501919  | 0.0078539442772712440149  | -0.042775655466344188194  |
721   | 0.006928370543171956733   | 0.004882761268934025442   | -0.023672469396257764251  |
722   | 0.0021325586150576841468  | 0.0067211203381267702051  | -0.010626136572237564193  |
723   | 0.004216464157489737026   | 0.0049023115163687961543  | -0.016125455616656712149  |
724   | 0.0073264790920868731738  | 0.0054309760606518417414  | -0.024375295013949645206  |
725   | 0.0087869232459326720996  | 0.0063535205648947669019  | -0.017814365691816866355  |
726   | 0.0030644477903771596451  | 0.0071079414167765824287  | -0.017965362688453959117  |
727   | 0.0033218498215801962187  | 0.0030270257090824178106  | -0.016190145916456177844  |
728   | 0.0049580917114572927926  | 0.00058076672082142232877 | -0.0057794498742708682454 |
729   | 0.0099271076215303004353  | 0.0063085835496985388435  | -0.025185746872828502357  |
730   | 0.0084626908966595609796  | 0.0028379211282832327544  | -0.0064310020733693946601 |
731   | 0.0058305946667120758797  | 0.0018396413384146955046  | -0.021148577362075281216  |
732   | 0.0043252446551377225076  | 0.0098788669163828342346  | -0.042848487748459333779  |
733   | 0.0080412699345419631075  | 0.0084417121981369830364  | -0.02334843045053534849   |
734   | 0.0050945034685719176037  | 0.0043834110648977341398  | -0.024436605267425241805  |
735   | 0.0045923896192013452522  | 0.00031345899271670193921 | -0.011098266667785678177  |
736   | 0.0093438918058828014657  | 0.00029356001102003438739 | -0.0031527085239907866841 |
737   | 0.0061297039180195781252  | 0.0080087383915305055543  | -0.017222645531931018298  |
738   | 0.0023058770010962606825  | 0.007281741862701044711   | -0.030121402592235974049  |
739   | 0.0071272411017771408401  | 0.00080976890828870270317 | -0.040210570449969486317  |
740   | 0.0066140059205556040248  | 0.0033594489841339437303  | -0.034215307032118127961  |
741   | 0.0017578419711029435058  | 0.0068766177585472265665  | -0.0059553935427378032821 |
742   | 0.00081872083061711674844 | 0.0046562484706085737959  | -0.0043461106983799261891 |
743   | 0.0035832625798418310525  | 0.0047289153285348332206  | -0.038143740278543010469  |
744   | 0.0089295319867845716899  | 0.004981955962116999502   | -0.024786445317156693968  |
745   | 0.0016837647234423807913  | 0.0064524476363607176366  | -0.027641680506060126166  |
746   | 0.0068272842262627284754  | 0.0036337246540367293575  | -0.0075546325605481134957 |
747   | 0.0045847480474684202886  | 0.00058568286282481422152 | -0.016796353958565771874  |
748   | 0.008616106454545873275   | 0.0031770926507982367656  | -0.026651179068156550384  |
749   | 0.0099606710106556074075  | 0.004145088333409983547   | -0.030827492556874443869  |
750   | 0.0080822603855213916851  | 0.001918567020815258083   | -0.0089981076841038551417 |
751   | 0.0045171302980408847838  | 0.006757044414461001354   | 0.00072260317547518596992 |
752   | 0.0020386514024719687779  | 0.008694079145903485864   | -0.023006452872534111087  |
753   | 0.0073665274954927417728  | 0.0089691838948119696762  | -0.010468605617249845605  |
754   | 0.0059962325207173934605  | 0.0080355036787106079443  | -0.012393509668227459947  |
755   | 0.0013741406089001714265  | 0.0081071268042776159501  | -0.017615856134699174607  |
756   | 0.0084931236610285322508  | 0.0091152644289511728509  | -0.013397974208162272136  |
757   | 0.0063889929906978575394  | 0.0044052418951430992455  | -0.027876874617649725907  |
758   | 0.0030969461504945397338  | 0.0023413917572589950516  | -0.028103292736362125992  |
759   | 0.0042225314051819165181  | 0.0099546891091740440094  | -0.017382788841588388967  |
760   | 0.0015505789004382412692  | 0.0096051554857910902835  | -0.020555285864425423131  |
761   | 0.003373012072289012335   | 0.0088404827100183290545  | -0.031436449771895157157  |
762   | 0.0079111242360375907956  | 0.0037778384719096909546  | -0.020622451890712847206  |
763   | 0.0081478115032707579962  | 0.0039974805920289764941  | -0.020056297015007627793  |
764   | 0.0065081915188396240179  | 0.0050507711325524159984  | -0.023828469904846147354  |
765   | 0.0019879157196757250847  | 0.0050150981283191833557  | -0.016377842018448596911  |
766   | 0.0077219138162637644338  | 0.0068533680194914695094  | -0.039174679171580732706  |
767   | 0.0052941017555755490176  | 0.0020779953554486353846  | -0.026729501212894947459  |
768   | 0.003599689335114613243   | 0.00052474436650374451079 | -0.03001803540629452427   |
769   | 0.0014513675361037215936  | 0.0056436714830315204416  | -0.016461511246488133575  |
770   | 0.0010391381073147653614  | 0.0089087052255983796567  | -0.0074638181405871743823 |
771   | 0.0071771608183675388026  | 0.0062376251773559798428  | -0.011853928131243508803  |
772   | 0.0029405527267582420511  | 0.0094752874123680691509  | -0.03942892010307356282   |
773   | 0.00051621625283370168018 | 0.0018894362570662339481  | -0.011127388095080731692  |
774   | 0.0076236768183207499414  | 0.0088999095145157556402  | -0.028292310290010166257  |
775   | 0.0085172699598358558165  | 0.0040901145818552928426  | -0.022631078381765659668  |
776   | 0.0032464770274783861029  | 0.0056565707185126370624  | -0.030118395496684664814  |
777   | 0.0086341479634001218335  | 0.0051938377467023412112  | -0.0074508815705798727563 |
778   | 0.0019609415780443583723  | 0.0001061495531434851746  | -0.0046923683373033160671 |
779   | 0.0049259534657574060093  | 0.0043303673883581901213  | -0.010782828005952685771  |
780   | 0.0077660427237245593587  | 0.0061945845059689268533  | -0.030403337103284744369  |
781   | 0.0020970282574602101822  | 0.0033322467709281018179  | -0.0075543111931155254926 |
782   | 0.0016868242095745965715  | 0.0032284178384193590317  | -0.035188324846671774349  |
783   | 0.0029912881151259508063  | 0.0056067774376233701222  | -0.0074700651475665767048 |
784   | 0.0082671747410554153462  | 0.003723780665093791558   | -0.029331535864851532996  |
785   | 0.0014376906541989683663  | 0.00061189950817058704879 | -0.024676475735421692093  |
786   | 0.0041101097869585294028  | 0.0064899709668208684435  | -0.016585303471718736146  |
787   | 0.0026231865418690409643  | 0.001129333606992922014   | -0.0034521418527578471257 |
788   | 0.00082890538740723292751 | 0.0060902910958540211819  | -0.029916536298125972343  |
789   | 0.0053393601283330338961  | 0.0052589027711600630846  | -0.034544418531062777433  |
790   | 0.0049110565264995969734  | 0.0042157597696380784413  | -0.023301071103028241777  |
791   | 0.0012737688798867029868  | 0.0091089141241687248546  | -0.035362820535039335423  |
792   | 0.0032625342045569808228  | 0.0022670401963611232221  | -0.011585537296400407609  |
793   | 0.0061945535028200705147  | 0.0015797329257222459623  | -0.0054010380571383551779 |
794   | 0.0094110913857222179557  | 0.0061163915699570360965  | -0.043458186116888244954  |
795   | 0.0041707758122294874906  | 0.007010877555705672011   | -0.024976221280074567543  |
796   | 0.0046584865779945288516  | 0.0067324704937305884789  | -0.0074232971094582936994 |
797   | 0.0019667450162204310263  | 0.0066803271959486919609  | -0.024526842451550782964  |
798   | 0.0029707189795187606031  | 0.00053285913193565012397 | -0.0044970429991430388439 |
799   | 0.0069894607070545098498  | 0.0024004816632344785042  | -0.036088668519447461569  |
800   | 0.0070059553002653129558  | 0.0080313370818971014514  | -0.018827992732297006012  |
801   | 1.6191350783660393871e-05 | 0.0020422674365930667748  | -0.0069855196376889172258 |
802   | 0.0031113497340722467976  | 0.0095315487009714587596  | -0.018649102665534652429  |
803   | 0.0079194525053768050765  | 0.0083675067136274022123  | -0.01148411468848343879   |
804   | 0.00090403428031418826827 | 0.0039799518759484949632  | -0.035559917854221231859  |
805   | 0.0028575447120352832214  | 0.0040529650322771188647  | -0.02047576713858762637   |
806   | 0.0024038361709321181929  | 0.0038977315312817869923  | -0.0080870891074641387125 |
807   | 0.0019584891733066237159  | 0.0082043666026400674518  | -0.0053530000962740660955 |
808   | 8.7753973791190477264e-05 | 0.0021728363291774739456  | -0.036725095463280323094  |
809   | 0.0031022458628529076159  | 0.0041831348943977535865  | -0.02611714991605432884   |
810   | 0.0070227464924788301354  | 0.0035208083496685374514  | -0.0057296112597639246855 |
811   | 0.0075157069267466685911  | 0.0027181268275373988118  | -0.041827274007194277516  |
812   | 0.0083721212949386860508  | 0.0049587444426330735958  | -0.03333975005028391031   |
813   | 0.0062742431149746162936  | 0.0046626454314214922647  | -0.011896440558317946876  |
814   | 0.0045134685882501747803  | 0.0075042634185447680203  | -0.029960003584533195092  |
815   | 0.0041939407517506237244  | 0.0036056140097597941425  | -0.028885037970058285994  |
816   | 0.0032395304049130826778  | 0.0041133684345831351623  | -0.028966291953852012914  |
817   | 0.0090549360493115352982  | 0.0015098307745201194636  | -0.008256419835159173673  |
818   | 0.007674610111608332931   | 0.0053220485428963982058  | -0.0090548074355796970974 |
819   | 0.0033549456512439366183  | 0.0059314544718354423117  | -0.015457830456301779876  |
820   | 8.3918196438254855063e-05 | 0.0015269526398793017118  | -0.018775861010402128404  |
821   | 0.0066219846266588047387  | 0.0095573234609438971476  | -0.010551622140108730258  |
822   | 0.0023365525251535794633  | 0.0066440000404839804835  | -0.016428557724068437035  |
823   | 0.0032875411782626643396  | 0.0026262842020386501299  | -0.040021465759727807565  |
824   | 0.0058938219308790036968  | 0.0016906962407544873055  | -0.024893295513679074282  |
825   | 0.0064558861748622350246  | 0.0056248127232758748234  | -0.030215835104670078076  |
826   | 0.0076825234761752269827  | 0.0068996703729359955617  | -0.029057635050333128351  |
827   | 0.009030358530127595082   | 0.0073838311345011059875  | -0.0044341934092147388194 |
828   | 0.00013243741747605584707 | 0.0050248318224481620942  | -0.029005208121499301277  |
829   | 0.0012357028562279552715  | 0.0073532554652177232329  | -0.013218845672834565741  |
830   | 0.0028053274385467213276  | 0.0039462469365020812206  | -0.0055009746335368337258 |
831   | 0.0039090866245595949982  | 0.0076024396600297278193  | -0.0027860888821799804742 |
832   | 0.0054660476271692157862  | 0.0023153916039391712195  | -0.01580122587799716663   |
833   | 0.0090514247876361565714  | 0.0048469547272364877158  | -0.010742103061761782562  |
834   | 0.0047346564458383370161  | 0.0079157846246253188438  | -0.036121359721537370235  |
835   | 0.0075045635197474071243  | 0.0094601238857371632712  | -0.027346817051091182327  |
836   | 0.0098818705703791198669  | 0.0011074039407358445518  | -0.015732350330088355067  |
837   | 0.0081028033506949526804  | 0.0026847544779735814206  | -0.013390603954392536409  |
838   | 0.0065939147864530825438  | 0.001347081969630723559   | -0.033039969456835058259  |
839   | 0.0067356747550564553817  | 0.0026999924941257351374  | -0.0052991480654007369622 |
840   | 0.0092293823318787323456  | 0.00051525639040553468384 | -0.01404474925416891555   |
841   | 0.0064111932209033398178  | 0.0011620901524272641246  | 0.00015070320967051228597 |
842   | 0.002887194502893533285   | 0.0065691840731770612463  | -0.0053663575252772535359 |
843   | 0.0065878031260286342916  | 0.0073555201290861323485  | -0.028514527887506916498  |
844   | 0.003829035374644947174   | 0.0012339537048810900015  | -0.021233381605944928738  |
845   | 0.0096435364956932011909  | 0.0025025605950428604987  | -0.0012934760127864149398 |
846   | 0.008627372050625182337   | 0.0022861172326463026667  | -0.011683570635981433208  |
847   | 0.0092607265959636312497  | 0.0074754811925034116149  | -0.016099045115869781847  |
848   | 0.0043762273123766660954  | 0.0015372270913620819134  | -0.0021073496432815253844 |
849   | 0.0062903506639289518548  | 0.0051408333688772386849  | -0.0013467229882160654687 |
850   | 0.0040887140059858093077  | 0.0035767035832516428165  | -0.018766246799172693616  |
851   | 0.0050205025081048104338  | 0.0067511752666442777226  | -0.035983461316299425459  |
852   | 0.0051614015749055011661  | 0.0088403676204552843892  | -0.023586244057250026901  |
853   | 0.0092811342056932071704  | 0.0031649059636336528828  | -0.025886260610042139546  |
854   | 0.0079718005357618127588  | 0.0093060302411654121507  | -0.011163467802183057662  |
855   | 0.00015892583731466774252 | 0.0037192101087518232225  | -0.0039028224349879759962 |
856   | 0.0098457447243692347572  | 0.0031422436468001653694  | -0.0085084476552154189588 |
857   | 0.0082048978965157913501  | 0.0076406848250433557004  | -0.029164741063967072193  |
858   | 0.0054748781378918731297  | 0.0030731451303740112829  | -0.013041342137414427965  |
859   | 0.0020316589809278658325  | 0.0053616732352768014733  | -0.023343461684213990398  |
860   | 0.007733131193364078948   | 0.00075964874072110806849 | -0.01245129935303804225   |
861   | 0.0011438782408181558635  | 0.0024196724046889935694  | -0.025938780151733682733  |
862   | 0.0088316615500795680321  | 0.00068558786874288685318 | -0.037689476360168241986  |
863   | 0.0011594735638948761632  | 0.0073077754782395329056  | -0.0069919924964707844475 |
864   | 0.003857931781565840032   | 0.0045008327179107575008  | -0.017159404212376723475  |
865   | 0.0057733315113326832621  | 0.0042501162130679373888  | -0.0062535332679839079895 |
866   | 0.0053462776478832999341  | 0.0096697944579666288145  | -0.016132659491217733738  |
867   | 0.0049889367393322441024  | 0.0057818921264749956884  | -0.03318368227056887193   |
868   | 0.0069175012813523393748  | 0.0078492066592552485471  | -0.015654263474278274498  |
869   | 0.0036937200902050224341  | 0.0049515107958144630521  | -0.031478556273674830612  |
870   | 0.00018464601773349602104 | 0.0037552268475905042563  | -0.00038040359646553551518 |
871   | 0.0081334778109030756582  | 0.0017763077483506030298  | -0.038799849931936046532  |
872   | 0.0039725766860442537562  | 0.0022558640214754466409  | -0.039773753518924953587  |
873   | 0.0077356278995628817777  | 0.0034432350063073502607  | -0.037469182262636055447  |
874   | 0.0058260397635118282844  | 0.0014188932033365856972  | -0.003119002118899862671  |
875   | 0.0064547689422323481848  | 0.0064276381541284533308  | -0.02428516932930931474   |
876   | 0.0045047662159611564017  | 0.0015910700405712724544  | -0.011235241409306675336  |
877   | 0.0011369976135558823669  | 0.0052991309990402055835  | -0.016316314313967059113  |
878   | 0.00041695206624622389467 | 0.0034345009361408567264  | -0.042886014403617660207  |
879   | 0.0056033320189242579248  | 0.0080415080653647788567  | -0.015661340187966703991  |
880   | 0.0061610315565158143072  | 0.0055655132137302316606  | -0.013053366481701031768  |
881   | 0.004311851241318775084   | 0.0044957892453360284377  | -0.022681632908403231291  |
882   | 0.0054778299346226171779  | 0.0059381718918700525378  | -0.025652650178034964307  |
883   | 0.0074719906776666540973  | 0.0054504404989315332133  | -0.011664136475394054279  |
884   | 0.0081511644213986145929  | 0.0093286525308121839156  | -0.036134041145649317683  |
885   | 0.0095406761664785129373  | 0.0014655516312449697568  | -0.021223363963097631457  |
886   | 0.0044302697541106468918  | 0.0050991547828791112043  | -0.012297756740037834797  |
887   | 0.0024827496207881780479  | 0.0016625472723288453516  | -0.038388870226503536698  |
888   | 0.0078269086361977303901  | 0.0030824434484630152363  | -0.02599225403131784698   |
889   | 0.0036804704318683604397  | 0.0096491467269868898965  | -0.033233229914886038003  |
890   | 0.0054521397593630289979  | 0.0070701858697188165945  | -0.041475911304190177242  |
891   | 0.0039182696640400966129  | 0.0063687995625481908304  | -0.006640164421371433888  |
892   | 0.0057601212684433569441  | 0.0090865912741012258569  | -0.017236865370627275917  |
893   | 0.0062375744376545836506  | 0.0048627013838596407774  | -0.016441829692143406644  |
894   | 0.0066049413698315373802  | 0.004831754290010681005   | -0.0026668374755476056612 |
895   | 0.0045449808147316698298  | 0.0075616674581563949817  | -0.019096100765549441081  |
896   | 0.002177072788442071128   | 0.0014916750334864820656  | -0.038212654989575781106  |
897   | 0.0090648645764020759769  | 0.00035264013618568315796 | -0.028004503952102740433  |
898   | 0.00235189386025290827    | 0.0042426791865737825335  | -0.041420057763164631892  |
899   | 0.0019195250386516145118  | 0.0040472192391679245177  | -0.027051564621678458877  |
900   | 0.0051695956324447180433  | 0.0084209121711760481777  | -0.032670821830221359605  |
901   | 0.0051085752371473362385  | 0.007189164847701710534   | -0.033246777366223362327  |
902   | 0.0052382802091495324348  | 0.0010259513362428844367  | -0.015248878744200385776  |
903   | 0.0061824786864559527766  | 0.0070100553364794860461  | -0.013871019053964485715  |
904   | 0.003789770517533361683   | 0.0093380029955665490998  | -0.037899767883572021976  |
905   | 0.0072755330732634758417  | 0.0065836811070369462284  | -0.025748887767712405616  |
906   | 0.0079561425007526522662  | 0.0039580276748636305031  | -0.037701309574890658205  |
907   | 0.0036889753481754469604  | 0.0085969074891228351026  | -0.0021852268766242035312 |
908   | 0.0032216162930530896705  | 0.0047884617384580099517  | 0.00071441411899969054812 |
909   | 0.0065494362551155177465  | 0.0030319457858205799139  | -0.0016249269404786962842 |
910   | 0.0031855241385231390476  | 0.0067945546126967739167  | -0.0148501506207136761    |
911   | 0.009715928946652031481   | 0.0084132551140633747566  | -0.006155644947199929648  |
912   | 0.0088454240915754253627  | 0.0044039251994105127821  | -0.0032793711582949189483 |
913   | 0.0060154464984564790311  | 0.005029486696443853655   | -0.00063445598134818492059 |
914   | 0.0027570257296314960339  | 0.0041371828467602423177  | -0.020686961905116457716  |
915   | 0.0043311436658298148664  | 0.0033895191812181916201  | -0.034652352377220592416  |
916   | 0.00047356179304576306649 | 0.003535156297414068869   | -0.042140649749116979028  |
917   | 0.0029557651888621242452  | 0.00050500456620749427979 | -0.035677092719781713925  |
918   | 0.0027320234843536085265  | 0.0033522316658779541254  | -0.0054131356309446293507 |
919   | 0.0020424695669120792284  | 0.0071687211887894921464  | -0.042669789417663084308  |
920   | 0.0085297040400467722537  | 0.0092502866649581318853  | -0.014935181041498078042  |
921   | 0.0033280402279673064816  | 0.0037443424957447901669  | -0.0056259386228119561205 |
922   | 0.0058077614003678237897  | 0.0029582296756677410945  | -0.015120695972571861557  |
923   | 0.0056526213131051217253  | 0.0077483701110087994587  | -0.014014699718333462411  |
924   | 0.00078503669370917779878 | 0.0075673295248640621777  | -0.016262693470460550665  |
925   | 0.0038341015685383031571  | 0.0038824998157316980944  | -0.039014539664980946165  |
926   | 0.0064699542784608420412  | 0.0011760011930777056026  | -0.043211374483072689801  |
927   | 0.0014233753035441114483  | 0.0067374915671099535816  | -0.015492978861684906719  |
928   | 0.0041350858426202775214  | 0.0092040264813433910612  | -0.018448300733505833271  |
929   | 0.0074130354578297820087  | 0.0066668125736116462879  | 0.00064327545167938617737 |
930   | 0.0062658154900217168798  | 0.0041403106475639550599  | -0.010857756965041683375  |
931   | 0.0048803975358551058075  | 0.0018181502497371761825  | -0.036978357058501706844  |
932   | 0.0085446163033037376977  | 0.0053596723057097407292  | -0.0089791683289914010074 |
933   | 0.00056253137376361327885 | 0.0042066467032769901124  | -0.0099857968035865357637 |
934   | 0.0032926044478305853055  | 0.0073289715659042038026  | -0.027129923258849365786  |
935   | 0.0025328070981816969143  | 0.0072177936978512517371  | -0.034403470719058228122  |
936   | 0.0029318472000495750078  | 0.0024830253274127750927  | -0.037982460896444567022  |
937   | 0.0030888575558237797714  | 0.0062388549342823956464  | -0.037491717036830907173  |
938   | 0.0061978297122382364562  | 0.0026447184723682897779  | -0.031296772772502361171  |
939   | 0.0053139109163102766012  | 0.003682570816900810045   | -0.0062873297487788413693 |
940   | 8.0692363764225033323e-05 | 0.00023860704709885560541 | -0.038468297574856070986  |
941   | 0.00071335413386320288553 | 0.0038579910919288168403  | -0.001340939446632620621  |
942   | 0.0017938608408035621768  | 0.0033605171132135469754  | -0.020369647088331548079  |
943   | 0.0061391916283990337691  | 0.0082904095645493329492  | -0.0038228923921544860111 |
944   | 0.0092419219887503976929  | 0.0072800816947234201632  | -0.034974627164088459286  |
945   | 0.00091669485625654994598 | 0.0070885855257143163752  | -0.013711087599608123844  |
946   | 0.0074540445552848380237  | 0.0046684578874261464451  | -0.041689551080317660547  |
947   | 0.0083718364153655532717  | 0.0074921231086789875225  | -0.0074134689473202581428 |
948   | 0.0080692219648515872005  | 0.0066571748227977380064  | -0.03555244372424940652   |
949   | 0.0061313043943996559104  | 0.00061891986902448616233 | -0.034013476409843777792  |
950   | 0.0056537933365557934903  | 0.008581173498430268512   | -0.026390791520878094378  |
951   | 0.0038960298896584520147  | 0.0057732544344283511645  | -0.0087122175221342433582 |
952   | 0.00023186425992311807793 | 0.0067539008446020976431  | -0.034136519475192396433  |
953   | 0.0078090162026452627705  | 0.0064555197231090143475  | -0.042457637571080668326  |
954   | 0.0027103294472060886038  | 0.0016001958576125558439  | -0.017432653312421188957  |
955   | 0.0035008332970785376211  | 0.00035135193676949180198 | -0.015214052341861183937  |
956   | 0.0062515153658476057055  | 0.0031434206287883400405  | -0.022418392146537881315  |
957   | 0.0070470824550165353864  | 0.0054063640428029758819  | -0.028257353884377854614  |
958   | 0.0063982537371961968956  | 0.0087890735896591042076  | -0.021649504575569758491  |
959   | 0.0020308060219331510593  | 0.009720581203933903458   | -0.021644988421231969866  |
960   | 0.0035564015953807163496  | 0.0047773962683294981038  | -0.012467160282341436389  |
961   | 0.0032828284386376338153  | 0.0074228814173905683857  | -0.034322292960459015176  |
962   | 0.0071506269283103142398  | 0.004249469131810412921   | -0.020824859247772102566  |
963   | 0.0061471335804670510991  | 4.5030241751182543183e-05 | -0.032271477091732322928  |
964   | 0.0040672085624243528579  | 0.0066458478831556118752  | -0.01894262558923586956   |
965   | 0.00038686488043224577342 | 0.0090237496282812527243  | -0.039174821013441878115  |
966   | 0.0074555662625622656087  | 0.009995700545540031276   | -0.015611528329007334781  |
967   | 0.0030633615681300292548  | 0.0055050925005256318503  | -0.030933364456454150171  |
968   | 0.0047276155291571574438  | 0.001705161737332854888   | -0.0038193744010582265057 |
969   | 0.0063479086281103408451  | 0.0016908178125716053289  | -0.041179286435447763626  |
970   | 0.0031432864029183123396  | 0.0032041249687265326192  | -0.017973802234735564848  |
971   | 0.0088190851892035685561  | 0.0071204650248136627105  | -0.030689946160126085201  |
972   | 0.0071829240617397758714  | 0.007216349022736359177   | -0.026847837454621568953  |
973   | 0.0055291459136509700512  | 8.3325678613972232241e-05 | -0.020175646377057383785  |
974   | 0.0069485865880989346535  | 0.0025560287253813167643  | -0.03838597084748274213   |
975   | 0.00120586155778609652    | 0.003448359915315740102   | -0.018223707927960530045  |
976   | 0.0021513067255451187414  | 0.0074221166461794774172  | -0.0011978032833990790492 |
977   | 0.0065881142581809947617  | 0.008479255389828457487   | -0.011455442592405709265  |
978   | 0.0063905478307368030269  | 0.0049348180576720976701  | -0.023040734427673587731  |
979   | 0.0083712396246395561622  | 0.0014094820672847490489  | -0.042435619336186905515  |
980   | 0.0042617567782194552481  | 0.0063926420462351984247  | -0.032426816501223212907  |
981   | 0.0094930151293578478311  | 0.0016707401110354982727  | -0.035487149559811151378  |
982   | 0.00045745500332467474046 | 0.0068278010625950139034  | -0.011875333204325495828  |
983   | 0.0046935369408221145476  | 0.0070810085202987231232  | -0.03100754956472855095   |
984   | 0.0041993406895220134617  | 0.005904122769178811285   | -0.033124661401599204968  |
985   | 0.0097227803370660143001  | 0.0015149293386623335651  | -0.033798452289501478008  |
986   | 0.0012349333273474268503  | 0.0057282763515895882001  | -0.043014066998531420849  |
987   | 0.0066654256741006858572  | 0.0059941721578679703006  | -0.03176738967553669607   |
988   | 0.0038633421805369392091  | 0.0091553511831362135998  | -0.0069903323176390983265 |
989   | 0.0017866329304763220974  | 0.0025758065839334128369  | -0.036878827927267023024  |
990   | 0.0051136501346231676146  | 0.0042437093361794272009  | -0.025209525675775296821  |
991   | 0.00080764544474355996935 | 0.0099707176570885316241  | -0.039597104945149473598  |
992   | 0.0022096810573633274277  | 0.0098378873043632134726  | -0.001311674228933770248  |
993   | 0.0016243766957812762024  | 0.0012829698879492216525  | -0.0035545929669813774304 |
994   | 0.0087271404955548814025  | 0.0046711256071910569124  | -0.015531455363247698848  |
995   | 0.00038507220025938798625 | 0.00095379344746944288123 | -0.02708379713059132915   |
996   | 0.0078055749463567551324  | 0.0099583228932928428284  | -0.0281731130432381488    |
997   | 0.0056986304325870639279  | 0.0091412997513362296426  | -0.0032981834139690639936 |
998   | 0.0084190039700671528977  | 0.003600399038003963912   | -0.021043367410982057736  |
999   | 0.0034527435145440400592  | 0.0024999674353888157868  | -0.0081193753115868794179 |
