N			X			Y			Z
0     | 0.0057448299161824180337  | 0.0097599678345887137115  | -0.0086016733318101269018 |
1     | 0.0048078968961831631407  | 0.0090539997376321637579  | -0.0057982643520596852463 |
2     | 0.0030517867613124795463  | 0.0067437110424084399304  | -0.015730809666644054307  |
3     | 0.0037041764995493107679  | 0.00098219851962856683653 | -0.018786042131909846953  |
4     | 0.0047508963086812933119  | 0.0014748829019945205836  | 0.00089764342238005025848 |
5     | 0.006585727580820425163   | 0.0010385717190766214496  | -0.0073510808755312693    |
6     | 0.0032159913762558308206  | 0.0079621403415141515231  | -0.023216547709394380616  |
7     | 0.0059405284170818539041  | 0.0015948059115810516665  | -0.02648595588700823969   |
8     | 0.00085493441528291939154 | 0.0071855483204113388893  | -0.0081047183787546130812 |
9     | 0.0035760090314716224021  | 0.00073352620855629091338 | -0.017319752103259752202  |
10    | 0.0077853689152215070635  | 0.0030263224275646188194  | -0.0042485674931948174196 |
11    | 0.0044699213027655261554  | 0.0082006778080196112563  | -0.015837912439526268676  |
12    | 0.0031026241471354279802  | 0.0036934661994049095349  | -0.027115942201420654978  |
13    | 0.0086391914081332694259  | 0.0070102301253747350065  | -0.015583616161703140249  |
14    | 0.0058500339583737520285  | 0.0093899969101696734164  | -0.0061186359023560647416 |
15    | 0.004001421153556657638   | 0.0064804062040663204525  | -0.013893691330965587949  |
16    | 0.003263068617864110614   | 0.0084196187991123251637  | -0.0064773431707373435237 |
17    | 0.0014834401232786120772  | 0.0088988020022923615404  | -0.019195748742187577346  |
18    | 0.0045994224152608063558  | 0.0097869735893033691504  | -0.020338554731575791273  |
19    | 0.0065216506915512255024  | 0.00079655410612193870094 | -0.017674662622454338778  |
20    | 0.0041643884400053661141  | 0.0032141667920187865642  | -0.020719436851344228551  |
21    | 0.0084470139638174335933  | 0.0047829127251003853913  | -0.012658727617332349996  |
22    | 0.0062255721773961190252  | 0.0018500171316675382248  | -0.009265085946888873894  |
23    | 0.0059736848668155836592  | 0.006571558861616822074   | -0.020168883041064854938  |
24    | 0.0079373997099262249416  | 0.00077393865808843915945 | -0.0023084228154306800883 |
25    | 0.0076259677012325329665  | 0.0018236817689703385334  | -0.0035831560003145588103 |
26    | 0.0029194580194649459234  | 0.009159184464770013176   | -0.01157277284723394993   |
27    | 0.0029226866907875658982  | 0.0046529811119396542046  | -0.019417657292349121967  |
28    | 0.0052656576102720438134  | 0.0073152608816410055054  | -0.024634810672075235782  |
29    | 0.0044192774009111385897  | 0.0032647254933307091884  | -0.021263471707298944174  |
30    | 0.0053937683985676417378  | 0.0019504787837690681571  | -0.020562889541364440249  |
31    | 0.0040891429545309001051  | 0.0024232846129923165703  | -0.01996611931634630771   |
32    | 0.002806325358556781193   | 0.0054655644680823315881  | -0.01353764976994129357   |
33    | 0.0019617802547720213958  | 0.0091441400362193090562  | -0.0051062388525305261316 |
34    | 0.0036293575671947574633  | 0.0081179823585650276452  | -0.0038849131535873735431 |
35    | 0.00094740662289854104487 | 0.0055530311564139477054  | -0.022352286722735720953  |
36    | 0.0093402396338370854284  | 0.0096796684218031243258  | -0.019405472895096656516  |
37    | 0.00018195221801804083118 | 0.0054718431605914339202  | -0.023699968710858804188  |
38    | 0.0060526047390223108521  | 0.0067736762459644824647  | -0.019448360922456209982  |
39    | 0.00075416502706577019828 | 0.0032067353227514397776  | -0.023812488913293381604  |
40    | 0.0060299179001272896344  | 0.0032659819379971858321  | -0.022859564735638132627  |
41    | 0.007729967448794620305   | 0.0044009886884306360574  | -0.015994595157817884101  |
42    | 0.006707238195004615669   | 0.0093090580913554408365  | -0.0057421173464744868289 |
43    | 0.00055779664037920435957 | 0.0030030930880400124282  | -0.0071866677730311034206 |
44    | 0.002356263403910041198   | 0.0066064024131969835071  | -0.0064672218726628946314 |
45    | 0.0005991828259891660317  | 0.0026296299146564071185  | -0.018474106803654240933  |
46    | 0.0035345224492936903708  | 0.0016392930477779404583  | -0.010221440348087669839  |
47    | 0.0033969309189915719051  | 0.0031877193478800098375  | -0.0093874517193494183553 |
48    | 0.0049217509710779410587  | 0.0078932545034224067815  | -0.0036324223089314712845 |
49    | 0.0036018677265653034972  | 0.0060543192534377298503  | -0.018568704200086175171  |
50    | 0.004486624582525294315   | 0.0069815568476027977177  | -0.023001939647370850395  |
51    | 0.00077516467836301610351 | 0.0065824824895967526395  | -0.014669615503954337027  |
52    | 0.00362437776942003834    | 0.0053345700647614490916  | -0.012346094737191960419  |
53    | 0.0088906792938465671605  | 0.0081355590971117011656  | -0.019792030863279370251  |
54    | 0.0016317816858370517638  | 0.0057816464884687295347  | -0.010709117170862899118  |
55    | 0.0054007980759405620555  | 0.0089105581933103337328  | -0.0076380974999441433176 |
56    | 0.0087125344279725281532  | 0.0037888401909719772974  | -0.017546847784276380783  |
57    | 0.0029533207529079479568  | 0.0084242213697945187573  | -0.0051654286497942866405 |
58    | 0.0018755545761040557165  | 0.009358839014722243263   | -0.016383853743769802996  |
59    | 0.0053641504543030932295  | 0.0076781264368189451261  | -0.024208267490377292919  |
60    | 0.0052666493680816241912  | 0.00011204441657872244516 | -0.020338272394336640719  |
61    | 0.007650531533606289708   | 0.0062189483316159319473  | 0.00039427200457465877599 |
62    | 0.0069639924097171582162  | 0.0071962317838435724965  | -0.018863623580240591188  |
63    | 0.0082974835483618971516  | 0.0099359073245087210086  | -0.0018973395900210639643 |
64    | 0.0071179752878856228024  | 0.0073142345490291226992  | -0.0099852978705812413945 |
65    | 0.0065154283778644369804  | 0.0085278947181524379639  | -0.018893927178156941921  |
66    | 0.001964362950891329531   | 0.0064775665730949279902  | -0.025548763891316404739  |
67    | 0.0057567217340085208646  | 0.0027898819128158555865  | -0.013657920392159706227  |
68    | 0.0017593425610382736751  | 0.0075221943794256153348  | -0.0066988705243108872395 |
69    | 0.0013374953069594272374  | 0.0059358860292692298619  | -0.014455417045486628272  |
70    | 0.0088317064345814055154  | 0.0051339049635480242528  | -0.0056625133117795371784 |
71    | 0.0090447278414782106976  | 0.0075151858036749978262  | -0.023322299405133233713  |
72    | 0.0067815917393547467049  | 0.0082666714393049341852  | -0.0085816226102347573784 |
73    | 0.0021829113942631061564  | 0.0035446777316880360986  | -0.021129660948709976659  |
74    | 0.0041401190693893382896  | 0.006621713598561924409   | -0.010638843210838952458  |
75    | 0.0073114165481198796145  | 0.00051660127340041590936 | -0.025201421888424058171  |
76    | 0.0060334552031189210564  | 0.0015897420669037246391  | -0.0070251014606820686229 |
77    | 0.0044740663557570744743  | 0.0047534507520939567674  | -0.0022729109250237663001 |
78    | 0.0054662921851617298982  | 0.0044506600336380068225  | -0.0096958556966657456766 |
79    | 0.0041851810034455256063  | 0.0067670843579761006184  | -0.017017999672773384545  |
80    | 0.0016892472104978715781  | 0.004083133248638770238   | 0.00048018241699085330992 |
81    | 0.0078811378440769574993  | 0.0014159830043515061332  | -0.0052949818357207511024 |
82    | 0.0069074933729121471351  | 0.0047640510573022749538  | -0.024940555803119452555  |
83    | 0.0051551223714765784939  | 0.0069127888316461915882  | -0.0056850359404282107406 |
84    | 0.0096415820736085993542  | 0.0021445226747019712106  | -0.0056499841147115391349 |
85    | 0.0028509645551044533913  | 0.00037848240348574841959 | -0.013892698141685968713  |
86    | 0.0017570562508942319351  | 0.0048185586364257789599  | -0.013611440814435970745  |
87    | 0.0036705461701118558167  | 0.0067739394679084043854  | -0.027337372209874429008  |
88    | 0.006013780492728761258   | 0.00071869607932574812361 | -0.0071676189035185912737 |
89    | 0.0093471762370802170122  | 0.0070634020787799841473  | -0.016088460289785787988  |
90    | 0.0040957168200575488903  | 0.0062220657229001673921  | -0.023740105520196334854  |
91    | 0.0049340794624690405626  | 0.0024629514953227568848  | -0.012326342271525778105  |
92    | 0.0082694694972105121239  | 0.0073777855853830636226  | -0.0057291929385155345236 |
93    | 0.00092264742138884056014 | 0.0074811770713704567326  | -0.0077249038759567272699 |
94    | 0.0052548775722724800838  | 0.0076389075515871113914  | -0.025481297583142027696  |
95    | 0.0045437919138272527333  | 0.0096422295584165495369  | -0.011196566999473422238  |
96    | 0.0013834432828770213287  | 0.0097811925686935759228  | -0.0042103855366535528418 |
97    | 0.0056278297956644475139  | 0.0049373905047019103071  | -0.002861455657165553907  |
98    | 0.0099579644228792833782  | 0.0050642847126297430363  | -0.026311766368856761428  |
99    | 0.0044922809916635528943  | 0.0073067276633503397756  | -0.00017974056678541792606 |
100   | 0.0098279869629520656693  | 0.004849725437056928018   | -0.019808500017406870802  |
101   | 0.0063360069305145325438  | 0.0069228512950334540957  | -0.016712423888677007539  |
102   | 0.0060297851039398647072  | 0.0055989756580362695301  | -0.01730529471102593142   |
103   | 0.00012803389914485251177 | 0.0084285442182695340108  | -0.0084850467379528320827 |
104   | 0.0031898996359786217086  | 0.0077308024941118306042  | -0.0096121333594667898031 |
105   | 0.0086373756022199103116  | 0.006664116987061381725   | -0.012957897816295246146  |
106   | 0.0041034702347746317141  | 0.0084059408630816484509  | -0.026932312245042201726  |
107   | 0.0081140313638741693586  | 0.006616981029551200974   | -0.022761097479953380091  |
108   | 0.006668385143987876941   | 0.0092428682055682390845  | -0.026934189332169802822  |
109   | 0.00059233078801195632179 | 0.0035241215869105924595  | -0.0082587876613465279613 |
110   | 0.0040186098728579632347  | 0.0037420456838390962935  | -0.020239642496261471549  |
111   | 0.006546646400775340581   | 0.0036926070246529473125  | -0.014552600251349606664  |
112   | 0.0089143279210998575129  | 0.0083565044066836562109  | -0.0015211794949674280458 |
113   | 0.0069714177251488712236  | 0.0044018520037375739873  | -0.0017662989482433914899 |
114   | 0.0085791357568780531734  | 0.0078108992423931182178  | -0.0062434537610281358455 |
115   | 0.0016800454970139423912  | 0.0022137461729049004097  | -0.012477743728638614196  |
116   | 0.0033858716493546884424  | 9.3710434273322518758e-06 | -0.0221248700405568266    |
117   | 0.0086903266808736438775  | 0.0035296200686471333567  | -0.0060627871562455720733 |
118   | 0.0053628982517745825767  | 0.0043414409817308999284  | -0.0042723886411170225452 |
119   | 0.0064994787481225807513  | 0.0026460863086025456122  | -0.021260859725212639948  |
120   | 0.0024629288917638022041  | 0.0033042864005174278456  | -0.023310391438049301444  |
121   | 0.0048267945288646149984  | 0.0015325209344221914221  | -0.024905292767526732156  |
122   | 0.0096609024953869179764  | 0.007461940981745220948   | -0.0071953231541687766998 |
123   | 0.0031390348146947718959  | 0.0024900280521374901048  | -0.019086654293172321262  |
124   | 0.0038286518338852379602  | 0.0065061571590360640915  | -0.012571362473309911217  |
125   | 0.006556678577112453124   | 0.0086612827025659335639  | -0.0060804892493548689039 |
126   | 0.0081792222884465234922  | 0.0068928786911632913825  | -0.013247894228327490238  |
127   | 0.0023123718649231302102  | 0.0073436910599174645004  | -0.0084128467004523470318 |
128   | 0.0042319266497585807107  | 0.0016576819349998137259  | -0.025192482365095747454  |
129   | 0.0097083457322926572375  | 0.0061190201833764947328  | -0.00036300483655069828385 |
130   | 0.0058939066357277681424  | 0.0068768910281582851587  | -0.0021104488606964004471 |
131   | 0.0037155261782139360413  | 0.005364287532439594719   | -0.027695835808432080205  |
132   | 0.0042192214736377258236  | 0.0031252072888226694117  | -0.0094023149253902697786 |
133   | 0.003447830389633889641   | 0.0033986630410294928553  | -0.01833368038404942571   |
134   | 0.0075891485530155053385  | 0.0079295403812597864412  | -0.022781027962309404605  |
135   | 0.0037202482566718935927  | 0.0061025778193522558362  | -0.020106979598483940008  |
136   | 0.0042275437424296735678  | 0.0062114051000445123091  | -0.021106731646287024001  |
137   | 0.0056089647388086740984  | 0.0062440495109913219524  | -0.0098813679901251089133 |
138   | 0.0072940020677490060089  | 0.0048270165173214790028  | 0.00072061218500043904521 |
139   | 0.0062021232726853434136  | 0.00083000521567826092851 | -0.011254083550210869716  |
140   | 0.0061323181029191310004  | 0.0065686247366298590109  | -0.016078123977702401398  |
141   | 0.00053456516942872222067 | 0.0074142474318826326329  | -0.024254133535035974495  |
142   | 5.0818625282368478778e-05 | 0.0069504157606132439817  | -0.013382887799692138459  |
143   | 0.0034209041063361137446  | 0.00029737742322120670584 | -0.016586931103499943929  |
144   | 0.009679422974155414347   | 0.0056299794576019470196  | -0.013798122830063151364  |
145   | 0.0069991848111580802494  | 0.0094499761128374760305  | -0.013348464929748317387  |
146   | 0.0052386895894460062603  | 0.0093271372597810101729  | -0.0003064638100310196735 |
147   | 0.0043746783699793864372  | 0.00044041634214812364154 | -0.019608998980729885203  |
148   | 3.1733088307966281986e-05 | 0.008157932516836908024   | -0.0028511888802244035081 |
149   | 0.0016466186354849436137  | 0.007807255247565358762   | -0.01851693318129152277   |
150   | 0.0041550925971339429735  | 0.0032847249193500211752  | -0.022435491895434221676  |
151   | 0.0040613208300176234164  | 0.0038218705988566528502  | -0.020023023542997155089  |
152   | 0.0074059589310301772447  | 0.0013110668740864521442  | -0.015770013093359652734  |
153   | 0.0075284791974272501427  | 0.0074279264769769558219  | -0.0087950048952969862165 |
154   | 0.0043055652421859543638  | 0.008275000598142677119   | -0.010620083659388051753  |
155   | 0.0044690186408572977333  | 0.0010545422696337186739  | -0.0026277826844536503886 |
156   | 0.00085158101820562322453 | 0.0084614447676644392177  | -0.016815159556405605279  |
157   | 0.005539942297222555552   | 0.00033704030862712075229 | -0.0020391686852072716217 |
158   | 0.0093868664153624568891  | 0.0036152181695788552021  | -0.016285751244907716723  |
159   | 0.0041997093486159549347  | 0.0028123529693830830872  | -0.022377341278203750213  |
160   | 0.0037166917328427359797  | 0.00073715463383394199369 | -0.025968267842479169499  |
161   | 0.0053835918162690376762  | 0.0076664605083810099737  | -0.0082646578855820225507 |
162   | 0.005347616188167281584   | 0.00027395803665656768243 | -0.0067252306652990740884 |
163   | 0.0050301539339323861691  | 0.00028534034749070643191 | -0.010067784175852549297  |
164   | 0.0040452729402586677307  | 0.00023383775362209921868 | -0.0095562161403989261815 |
165   | 0.0063442085654781864637  | 0.0075382986490556006323  | -0.010932024471558237158  |
166   | 0.0075088282598989135319  | 0.0076614559560980463951  | -0.024251768958717574015  |
167   | 0.0015524485463504183579  | 0.0098430325499922425442  | -0.01100634771819325626   |
168   | 0.00072725084812141254156 | 0.0058865817897375515011  | -0.0075971521757875531619 |
169   | 0.0039060752225959453204  | 0.0001700770240174462127  | -0.0055180493933505506132 |
170   | 0.0099398820367736385323  | 0.0069425361853645622609  | -0.0083825473979196769847 |
171   | 0.0032218668044222804024  | 0.0077671598028497242441  | -0.023642816678609169384  |
172   | 0.0037212899362218765202  | 0.0039973251274184528822  | -0.0021001057766383986712 |
173   | 0.0042520738094273449054  | 0.00075443818194776063931 | -0.0053605968907685496577 |
174   | 0.0052756312952624657628  | 0.0013819144789585173071  | -0.010567035519369129964  |
175   | 0.0016635770130490651515  | 0.0077002023210201572465  | -0.027485058539547697898  |
176   | 0.0030438135220881169102  | 0.0078730097859292698381  | -0.015090973007559694771  |
177   | 0.0059995397566572966283  | 0.0062646709833688750055  | -0.0048265210393687854248 |
178   | 0.0024009043856472321761  | 0.0075697652829514617406  | -0.013435553147035234067  |
179   | 0.0083512706530727981447  | 0.0096870497255295180683  | -0.018988457824983220879  |
180   | 0.003927405889468688939   | 0.00059610449597171017745 | -0.01075767050165605046   |
181   | 0.0068252771345283175589  | 0.0088887813781795849827  | -0.019775460505596257482  |
182   | 0.008379459650266663992   | 0.0057792998721186792516  | -0.018855037812807329961  |
183   | 0.0048167264505256206231  | 0.004215019674451172399   | -0.019543044615266593617  |
184   | 0.0030034700059019311252  | 0.0051217407706163290554  | -0.0069365217383241441901 |
185   | 0.00056492016991687517193 | 0.0028206647424617982758  | -0.024285354984060078531  |
186   | 0.0040471641051176990636  | 0.0060890862383293168497  | -0.017500597563208743213  |
187   | 0.0057406397531525148181  | 0.0066886446214462040583  | -0.0071347619708705426952 |
188   | 0.0056047776012499144621  | 0.00029570261611371414677 | -0.0047370252180118080018 |
189   | 0.0024760151072242345127  | 0.00073423249420389853463 | -0.016208382659752083171  |
190   | 0.0029071060046431231386  | 0.0052008468604873934332  | -0.0016040228891058912111 |
191   | 0.0024949355739993031578  | 0.00052741305985468328946 | -0.016874848378598861914  |
192   | 0.0025324398070475056914  | 0.00011770051257877274943 | -0.0082388608383813857761 |
193   | 0.0029679386602321031902  | 0.0050670981330328511427  | -0.013625054662577108788  |
194   | 0.0093020184001989057038  | 0.0029332519571619686087  | -0.0093826882384299269829 |
195   | 0.001145308108252106544   | 0.0027396902190477672584  | -0.0045812446925878541962 |
196   | 0.0063619674140354513792  | 0.0031049891407812562835  | -0.021950132468588123835  |
197   | 0.0046109275573305574802  | 0.0063884477519783071028  | -0.012794663277427249098  |
198   | 0.0088035012201209163207  | 0.0042926527600084876668  | -0.018942549475989368946  |
199   | 0.0089190424963810615439  | 0.0038564713129202953489  | -0.021734521539410387586  |
200   | 0.0033106423224705406466  | 0.005269485872452185117   | -0.0097572600798345645451 |
201   | 0.0028508419206182307459  | 0.0041093387871563007846  | -0.023834872108714755951  |
202   | 0.0040736072677593380617  | 0.0074543682798038062715  | -0.0043839194776138512566 |
203   | 0.0048925535572749232621  | 0.0087608705429409513415  | -0.020704511657317677814  |
204   | 0.00218817234338785499    | 0.0031532534642534572507  | -0.02039340261240691482   |
205   | 0.006903089414860790092   | 0.0019759944200816175093  | -0.027255293528095723282  |
206   | 0.0062956848674513643874  | 0.0048912781548597654077  | -0.0094635887844128647323 |
207   | 0.0067859309122324448782  | 0.0047781048911576260232  | -0.0091726259568931690913 |
208   | 0.0037397018606309092095  | 0.0091539688261891467846  | -0.015033148912162676639  |
209   | 0.0077556030115659389812  | 0.0078893330012558895992  | -0.014543042142642181869  |
210   | 0.0029400562463794679621  | 0.0047265223455372189915  | -0.0023390198028555172181 |
211   | 0.0031725719603401996219  | 0.00018286687173948084706 | -0.0066988753951664472761 |
212   | 0.0053496277617370120369  | 0.0057003835628493407586  | -0.0017049763730861175297 |
213   | 0.0069463975293132095706  | 0.00068019398803986731369 | -0.00015418901801060900603 |
214   | 0.0046022274831600323494  | 0.0049933516728620074704  | -0.02128528508260512514   |
215   | 0.00010660253791969556952 | 0.005332952027291074093   | -0.0172413614139868554    |
216   | 0.0095152337865890487811  | 0.0091192410062929524228  | -0.023608131452633476788  |
217   | 0.0082914541324087646934  | 0.008209168051346055206   | -0.02104092533250723554   |
218   | 0.00092584345865852953755 | 0.0069225466915432565945  | -0.0088940535272972343767 |
219   | 0.0026772029100813120144  | 0.004586423848622487448   | -0.025961895666451066667  |
220   | 0.0072809967178411611616  | 0.0062765083117939752741  | 0.00071655369281017845719 |
221   | 0.0069335724398692892556  | 0.0095390474657971822264  | -0.012214399378892744352  |
222   | 0.0052888750949585307953  | 0.009042674924713020243   | -0.017549809915713865394  |
223   | 0.0031791057809648342464  | 0.0021136147508995358976  | -0.015161440285207836501  |
224   | 0.0012301134443851698477  | 0.0075721786252976258993  | -0.019764192237580791717  |
225   | 0.0089108524024300323624  | 0.00037904513098962854109 | -0.013622762161273359316  |
226   | 0.002162090388099354929   | 0.0037732309660888987968  | 0.00069659101776498228743 |
227   | 0.0066237743322376686078  | 0.0041897678262237452937  | -0.0031860370187856241683 |
228   | 0.006620975501605943711   | 0.0030333380619938510314  | -0.012142587614768395737  |
229   | 0.0044900339202672851641  | 0.0081329310355045154879  | -0.0079673013886849292781 |
230   | 0.0050875401954487229489  | 0.0010423199260627708396  | -0.020039172442644009181  |
231   | 6.888084181356734473e-05  | 0.0061090407325792911095  | -0.017828454038019313915  |
232   | 0.0058444993398989236386  | 0.0078002722897315326239  | -0.0013171499956613223672 |
233   | 0.00039401584645215137308 | 0.0058622463522359771412  | -0.023641604532619420881  |
234   | 0.0050818974054304202892  | 0.0040580374369034999393  | -0.021177763992378570435  |
235   | 0.0015807659851114843914  | 0.0040452097027196117981  | -0.020456043459113858185  |
236   | 0.003598571070678764118   | 0.0026434727678695331583  | -0.011245044113705866817  |
237   | 0.0035753394619303141728  | 0.0039863259197296593839  | -0.0014397633830233961399 |
238   | 0.0023582228904751798004  | 0.0058394847391430599465  | -0.0048607060016040374434 |
239   | 0.0098222452505233627529  | 0.0080236585533083552152  | -0.0037167728081626372032 |
240   | 0.0067623679673964234155  | 0.00953681146649697567    | -0.026325278423514644061  |
241   | 0.0055840441389966724919  | 0.0087799342091364473983  | -0.0029328486289739090324 |
242   | 0.00079688360259697651588 | 0.0048970536287777600634  | -0.0083495159377193466782 |
243   | 0.0026237489212176281876  | 0.0059183460899395728266  | -0.016438391709338306956  |
244   | 0.007091684950393242412   | 0.0051082705061838975732  | -0.0049683780256333945693 |
245   | 0.005037186853988237685   | 0.0025073168280126990892  | -0.02571764082985596514   |
246   | 0.0099067075847182727716  | 0.00083363476231100791872 | -0.011489730727226189072  |
247   | 0.0057009656295575715512  | 0.0032110441700103249663  | -0.016963993521705821033  |
248   | 0.0097563378079821520134  | 0.005106883952420933348   | -0.011585070432101166743  |
249   | 0.0066493490042729306785  | 0.0024748957979887089252  | -0.0081505961415224790351 |
250   | 0.0066646577184278606512  | 0.0054473961348629673304  | -0.0023643017178170927343 |
251   | 0.0043765698570718426091  | 0.0049407790965461037547  | -0.024129965963269623536  |
252   | 0.0072150739338814988411  | 0.005749963792090250457   | -0.027941185165582808209  |
253   | 0.0047917991453933711857  | 0.0087917946055955584206  | -0.022053620577016121856  |
254   | 0.0023044471879082083568  | 0.001328604804903816064   | -0.013398571474073937837  |
255   | 0.0017854167580832085768  | 0.004743841572569350816   | -0.0013429566378977046779 |
256   | 0.0047208138189083967418  | 0.0075813304973806503947  | -0.016243954550201847309  |
257   | 0.0020362061452778787429  | 0.0026929399963263804356  | -0.012208584378605287502  |
258   | 0.0032889674787416481663  | 0.0067759590804800009373  | -0.01109752683604468132   |
259   | 0.0064263523265651054453  | 0.0092563606478260618271  | -0.012639116854841097801  |
260   | 0.0042527712558679472976  | 0.00062433743714429773899 | -0.0068751616782454609555 |
261   | 0.0057273813374932331516  | 0.0068423182704535233031  | -0.027710425980179653055  |
262   | 0.0010409463618985335519  | 0.00017117149460629991846 | -0.016305670002798474533  |
263   | 0.007270312479047332313   | 0.00072813362520854861808 | -0.022378121935742279619  |
264   | 0.0062310828185030220708  | 0.0016955557278848978203  | -0.00062145039360239867458 |
265   | 0.0065859376563793215961  | 0.0064953555399867718423  | -0.01425100797833507571   |
266   | 0.0039937895239863952651  | 0.0033790241239954185368  | -0.022854083176792518856  |
267   | 0.00082125324420696029643 | 0.0031515871533498098118  | -0.013993870972260817262  |
268   | 0.006047408912969343131   | 0.0064545592041396829264  | -0.0032479225855432617559 |
269   | 0.0037946483316888541919  | 0.0024618528693843753051  | -0.0042129834362603750531 |
270   | 0.0094464405579249167283  | 0.0046107703819150179861  | -0.013008799691730094789  |
271   | 0.0053279479104231253217  | 0.0091280114492382161823  | -0.00028684389630705164117 |
272   | 0.0056417988855243569185  | 0.0080102346618004718198  | -0.015118020932299615355  |
273   | 0.0036918255509982840327  | 0.0095615580407007998848  | -0.017631516426909972506  |
274   | 0.0061630022356156102456  | 0.007564102020400266177   | -0.017211329390438269427  |
275   | 0.008956524118868004411   | 0.0052596703592303253177  | -0.0053202496082094784258 |
276   | 0.0088918911875201216838  | 0.0034024365938456228517  | -0.013450878019522086518  |
277   | 0.0022952643775710733498  | 0.004857450149172670012   | 0.00056360404380429145882 |
278   | 0.0086318575979588245406  | 0.0047123406279943194988  | -0.010734215742765914822  |
279   | 0.0039900797265338865463  | 0.0042067900301558146595  | -0.0052514129644856523751 |
280   | 0.0090310693270817306993  | 0.0036950779155113791172  | -0.025188400211013789454  |
281   | 0.0043760507717914114145  | 0.0078384892516999340323  | -0.012409874522471315769  |
282   | 0.0036902384829154803725  | 0.001282081322206708382   | -0.020638623546360094357  |
283   | 0.0082530812698343100631  | 0.0057055130810880977724  | -0.021373560917806472964  |
284   | 0.0027690811601948491991  | 0.0044367152198363634524  | -0.022924386548264411023  |
285   | 0.0095852994295997431817  | 0.0060442406895669245973  | -0.0045301610091751801437 |
286   | 0.0013656792198169418438  | 0.0021196674232001628396  | -0.020586481160555211711  |
287   | 0.0019811570089966045599  | 0.0064236789247164062522  | -0.011015109053643609011  |
288   | 0.002358805279987234195   | 0.0028021628821725728074  | 0.00036225938539937319743 |
289   | 0.009898061844700328446   | 0.00016090792995638897745 | -0.023352909917988988464  |
290   | 0.0014953093350523068671  | 0.0065149897885114407131  | -0.0064085220456485533433 |
291   | 2.381378660988524068e-05  | 0.0011956805633872411194  | -0.013108189132057707776  |
292   | 0.0028598915808072241859  | 0.0045278445830350200554  | -0.00043697448589754390134 |
293   | 0.0095100003530420810366  | 0.00028282601879793604601 | -0.019796506660217972479  |
294   | 0.0077991809996315322392  | 0.0073270658351464621957  | -0.0026244640227519955636 |
295   | 0.0025886406425150356586  | 0.0026256965024477455818  | -0.016847917734612270768  |
296   | 0.0071889743984621936809  | 0.004022992202744032908   | -0.021723903332354972673  |
297   | 0.00087681709882267975294 | 0.0030218116385913058181  | -0.023596640390190201653  |
298   | 0.0022152171005542947192  | 0.0048658137705986466079  | -0.025472054493726716679  |
299   | 0.0016165746829305998374  | 0.0073120973196352193751  | -0.017282378772026384811  |
300   | 0.0044125140077057468241  | 0.0072291352799675979643  | -0.020480158732101221702  |
301   | 0.0013947916935493013656  | 0.0073576063927420585348  | -0.027670917430731061665  |
302   | 0.0095944770351724228269  | 0.0021011081865872156989  | -0.02592350129141745077   |
303   | 0.0080107109982397693704  | 0.0051899137008851710731  | -0.021575279309969424418  |
304   | 0.0012869036891528255664  | 0.0058865912989877772904  | -0.012102314074415820161  |
305   | 0.0063092927483818905116  | 0.0072914448486732169954  | -0.022759646394886041965  |
306   | 0.0044634721217694699538  | 0.0026253788911157148987  | -0.020315149471015165467  |
307   | 0.00010700723310390469604 | 0.0036422893873335518942  | -0.0063608488788813831449 |
308   | 0.0089516797000330963069  | 0.0049855332247085984085  | -0.0043890120896556243657 |
309   | 0.0061231334405745180618  | 0.003025527229197299238   | -0.010055030894258253776  |
310   | 0.0096569523041022346105  | 0.0055304854446124821626  | -0.010777189314276862733  |
311   | 0.0087485997927219810721  | 0.0057258741635663129924  | -0.011677790649451104399  |
312   | 0.0070603493747033478287  | 0.0038239436088658529216  | -0.023939791101367340065  |
313   | 0.0069325639334928993926  | 0.0027716443967468586476  | -0.0045531558091566615154 |
314   | 0.0041782557631458135464  | 0.0068990887029496596877  | 0.00061749041939057700695 |
315   | 0.0098923211968484983658  | 0.0089229907583450104869  | -0.0077414231631413145743 |
316   | 0.0054282776204098064435  | 0.0050079198949836457866  | -0.005318940279174212693  |
317   | 0.0061255690980676104351  | 0.0018578600381290231829  | -0.027238471286528894572  |
318   | 0.0073966852592861663876  | 0.0052776815532635064018  | -0.0022252772828690631397 |
319   | 0.0024131312628390497871  | 0.0022721428361575494483  | -0.0038897414502531181546 |
320   | 0.0068237096833126875337  | 0.004475897633523795438   | -0.027621486039723499445  |
321   | 0.0035809314926507564321  | 0.0029545719669433851903  | -0.010850084800236350566  |
322   | 0.0087755897898852235073  | 0.00026491476197329212562 | -0.0043778712143668395765 |
323   | 0.0050983701610636394941  | 0.0019884656507788561752  | -0.0067706909602153414821 |
324   | 0.0022026519531822361803  | 0.0044669007471222843889  | -0.013591026148848321664  |
325   | 0.0053786893066535166816  | 0.0018367670923417408081  | -0.018831908206023862534  |
326   | 0.00078095929144843397821 | 0.0049546333892072184912  | -0.01027481703621326535   |
327   | 0.0039620969990221653612  | 0.0071161054415839674822  | -0.01189621295403311442   |
328   | 0.0099250842804933098185  | 0.0078759396523337913548  | -0.022309694807212131912  |
329   | 6.8812955432254489449e-05 | 0.0064939166913740376322  | -0.010858084864076434153  |
330   | 0.0023368526504110335648  | 0.0030351686444915395441  | -0.0037734521451416149287 |
331   | 0.0064584100677125113113  | 0.0025777427386792905323  | -0.012336614795911891168  |
332   | 0.0058154313280433826347  | 0.0059019703416132475449  | -0.0031506703987723050538 |
333   | 0.00091107103308799334239 | 0.0072858720341522154387  | -0.016335103825071632666  |
334   | 0.00055505519316215916423 | 0.0037634796020994567937  | -0.012472327766192697895  |
335   | 0.003429082828086171212   | 0.0095848622043267911463  | -5.3768095913680939246e-05 |
336   | 0.0087490391649002047236  | 0.00479490510087296571    | -0.01367929109738326432   |
337   | 0.0024440239638474025273  | 0.009027654296571223716   | -0.0089667602619941128711 |
338   | 0.0086211885667640802272  | 0.0020400385584156363085  | -0.013018349304282814463  |
339   | 0.0046019642478484440798  | 0.0062376712719454949566  | -0.023701075353422643849  |
340   | 0.0044488452081286669615  | 0.005886188277880276612   | -0.0054795145390764748647 |
341   | 0.0043032548186152114883  | 0.0087081955208256831003  | -0.021088559922452398965  |
342   | 0.0013805672216007783878  | 0.00097589773670269915409 | 0.00012907615235444296758 |
343   | 0.0017964215745945135479  | 0.0036484021198407864083  | -0.0046771862472152316362 |
344   | 0.0061035807171430462789  | 0.0074143179536216435865  | -0.0015222137281762520601 |
345   | 0.0051112600311784810864  | 0.00012437740110532203045 | 5.2577464620000616789e-05 |
346   | 0.0099244192718228804728  | 0.0078108803531241437212  | -0.015179541443401377634  |
347   | 0.00744576103295738808    | 0.0056193505988317380556  | -0.021582801585371725467  |
348   | 0.0082770154851424769527  | 0.0023449639883722029135  | -0.014458845147463650349  |
349   | 0.0023612347791116604194  | 0.0021790113742698727015  | -0.015654900802795159581  |
350   | 0.0022013978821935490174  | 0.0036020671317621702143  | -0.0096227798638188200009 |
351   | 0.0024307435229517265936  | 0.0026735102931997006652  | -0.020847272999502657748  |
352   | 0.0030559962209626870093  | 0.0034580108735692408929  | -0.014441463226369671141  |
353   | 0.003797906876259427196   | 0.0044493822810099054391  | -0.0059391105108587728678 |
354   | 0.0067137919194197948417  | 0.0036841333652639918217  | -0.0098264251810519509522 |
355   | 0.0050495436493349418056  | 0.0042390790742421659981  | -0.0035444275266267449842 |
356   | 0.00032675746760629645945 | 0.0091353153555950115244  | -0.023729758725458047902  |
357   | 0.0041012293832309552888  | 0.0043372235307333412493  | -0.027794229726009471448  |
358   | 0.0046783826627770849771  | 0.0025722862079464838339  | -0.02672584641046370571   |
359   | 0.0094331517198590151413  | 0.0042430818002647261236  | -0.020925531145302100899  |
360   | 0.0065803820445877181378  | 0.00022322875378753508752 | -0.021931884884208767417  |
361   | 0.003643539544886912826   | 0.0060701501784029554543  | -0.024101940211493311228  |
362   | 0.00071749867215395034432 | 0.002263169393458967435   | -0.023843337889930545093  |
363   | 0.0071333475110568703853  | 0.0076928149644469624724  | -0.00079512310294235690605 |
364   | 0.0016579717979361113366  | 0.0043530143974048448111  | -0.014719607370408449576  |
365   | 0.00039894943848122550907 | 0.0074386868439281416884  | -0.0062486655998906254911 |
366   | 0.0020310756408681378792  | 0.0033068195787509528823  | -0.021884738935757985789  |
367   | 0.0070731324544783692049  | 0.0026339517711021641529  | -0.0032362452660412788577 |
368   | 0.0064060583621201854648  | 0.00011650901981146233126 | -0.01071376743995657542   |
369   | 0.0043257706124882550416  | 0.00069711927844306065954 | -0.024442490223284762951  |
370   | 0.0021673307273934691065  | 0.0044014856599023030603  | -0.0096101649965236058543 |
371   | 0.0028674779229126024643  | 0.0054625787113922168875  | -0.0011158802790275424745 |
372   | 0.003566977601917593714   | 0.0063208018638394912816  | -0.014792551156987588865  |
373   | 0.0076153628567075751926  | 0.0010925579876683007372  | -0.019556259944737221929  |
374   | 0.0076508594355530323144  | 0.0098692783842178975068  | -0.024259245233887741233  |
375   | 0.0058134220608768534186  | 0.0017426421762990005476  | -0.026811938064105672597  |
376   | 0.0092674510598218431262  | 0.0039205110618984609708  | -0.0026208092436189188608 |
377   | 0.0098987516844476347577  | 0.0053847220887774712578  | -0.01278963096491625602   |
378   | 0.004831112633744871071   | 0.0092343957372219582364  | -0.010319308527759139468  |
379   | 0.008432024110755597171   | 0.0022864062344302594348  | -0.00064946615541018311388 |
380   | 0.0043931288966583400754  | 0.00035391250217443610392 | -0.024114523655048489964  |
381   | 0.0017901564502753434822  | 0.0045370696851020422824  | -0.015334534192847771097  |
382   | 0.0021235510093040033119  | 0.0070646326121612638971  | -0.018103720685534681334  |
383   | 0.00014231044108428418031 | 0.0090572597827977829876  | -0.016542664644660736578  |
384   | 0.0076834612585150140196  | 0.0054812307934935652551  | -0.0070798280761851933862 |
385   | 0.008223727879111976044   | 0.0019353597323974005336  | -0.023610577523757787788  |
386   | 0.0078383788371744391593  | 0.0082903750686235729711  | -0.026652374416040555682  |
387   | 0.0053121866021565147462  | 0.0038494855487038745837  | -0.015644571212009149297  |
388   | 0.0073961502506361418222  | 0.0053140675361764214135  | -0.00047886227303333442308 |
389   | 0.006784376176598595938   | 0.0063281433055390953757  | -0.010240310960808603549  |
390   | 0.0045385956907830855497  | 0.0012406313563347319724  | -0.023857737473834763481  |
391   | 0.0055353070866164385752  | 0.0044164036072242927183  | -0.023701998154917438416  |
392   | 0.0052777991227867370599  | 0.00383429554552961252    | -0.027717871381307337963  |
393   | 0.0067615682644343068353  | 0.0093288875310946501457  | -0.022169465319574289952  |
394   | 0.00089437310688369976372 | 0.0040526324180182359339  | -0.027231830983939379898  |
395   | 0.0066205275810282265825  | 0.0080877806703759762275  | -0.017831696186357867684  |
396   | 0.0074484604986398486592  | 0.0047533461411087543289  | -0.01624329339369492628   |
397   | 0.0038648457271868714817  | 0.0067786304427996683583  | -0.0010500741865318147499 |
398   | 0.0054145091827483881122  | 0.0068929929132428933297  | -0.0066800080331697805902 |
399   | 0.0029671174409687988208  | 0.0074828139980948503093  | -0.024783074635227251431  |
400   | 0.00083329644602208089409 | 0.008233964623115316156   | -0.007196548626983556747  |
401   | 0.0050741547436110338506  | 0.0048400660960801825117  | -0.024665407557232787994  |
402   | 0.0021035064122076206801  | 0.0016699823603542084723  | -0.0015041293786257825191 |
403   | 0.0046192871142666470582  | 0.010008861863279105292   | -0.0081272961219892234097 |
404   | 0.0061459660460401657062  | 0.0003624029690669354248  | -0.015157844797577084417  |
405   | 0.0094310140662724143562  | 0.0046482875188801585364  | -0.023245465392292323503  |
406   | 0.0099321890663969254059  | 0.0061173172261995943655  | -0.014411359737172130951  |
407   | 0.0096372196118399092862  | 0.0087930924019958573573  | -0.0029531979090113044499 |
408   | 0.0027261977708952101623  | 0.0078061541491859362182  | -0.0081969636254206022785 |
409   | 0.0038451275685652819281  | 0.0017485441640471516105  | -0.018611001571241875263  |
410   | 0.0013828450323158270486  | 0.0028916193808803686977  | -0.00036238382303537615588 |
411   | 0.0076968614407738941002  | 0.0039446433462391305297  | -0.020195164785712919897  |
412   | 0.0038390740877856598633  | 0.00093134715888452837638 | -0.018294023396504877077  |
413   | 0.0025806155301320854445  | 0.0063344845158236542243  | -0.027871086170337087962  |
414   | 0.0027364491135204670712  | 0.0014431756484500986217  | -0.024686351849420248156  |
415   | 0.0027633354180814024073  | 0.0094129616151781472094  | -0.0076997350273142724578 |
416   | 0.005204594818718777556   | 0.0056524388664900221749  | -0.0012146240525435117279 |
417   | 0.0073695505991558333397  | 0.0022158069010096109568  | -0.0072657692385493279075 |
418   | 0.0074063462324517100738  | 0.0080992286197040623541  | -0.01398005755657706628   |
419   | 0.0099578930757041658056  | 0.0067525633671940811856  | -0.027021362714761434226  |
420   | 0.0064325534037094518613  | 0.0087497904622556802595  | -0.02420657588182071121   |
421   | 0.005791432698992492363   | 0.0093107496253271287284  | -0.0013599569499424348819 |
422   | 0.002426811487703698679   | 0.00071122267448762164013 | -0.00034752889215847350543 |
423   | 0.0050999961362147546232  | 0.0076975463257962575825  | -0.016274774144785609381  |
424   | 0.00038660470927803287271 | 0.0078102861868631591122  | -0.0054110644741738175498 |
425   | 0.0064058936400971915742  | 0.0041264451146768195422  | -0.024989119404952676168  |
426   | 0.0043370379885781032425  | 0.0094127669530960841882  | -0.0021863605958317108326 |
427   | 0.0066659846821823772259  | 0.0023252054029156751097  | 0.00013216842011347821142 |
428   | 0.008221951687904587372   | 0.0046983334177092212283  | -0.022835985506645017223  |
429   | 0.0052334329837284655415  | 0.0037885225080294500019  | -0.004181891916686060473  |
430   | 0.0019018824460189105285  | 0.0089111090883888521841  | -0.0091493686023343522712 |
431   | 0.0069336206755456460463  | 0.0071697121813990571937  | -0.0058332548274406615177 |
432   | 0.0014828109657625974851  | 0.0055585498925957987915  | -0.021309065702036868173  |
433   | 0.0026535305541329655063  | 0.0058293196767573831132  | -0.020186851075095112867  |
434   | 0.0025488181731932735286  | 0.0027215532304612839905  | -0.015439037664542739486  |
435   | 0.0097739313178339514571  | 0.0012152665258069899647  | -0.0045292363783427259244 |
436   | 0.0010473600751148026168  | 0.0079790283033734626245  | -0.0063379223910866415437 |
437   | 0.0057000593921336419057  | 0.0042307639649390715864  | -0.0033522741494809772146 |
438   | 0.0085201262681650381803  | 0.003550330200934465226   | -0.019712022875107631376  |
439   | 0.00058659638557027752107 | 0.007471111177981302337   | -0.010155027408563216743  |
440   | 0.0093606163477995135702  | 0.0042561847412073937347  | -0.0023189543547290046577 |
441   | 0.0017941432084955339851  | 0.0011977095332586069031  | -0.0092433894708865496637 |
442   | 0.001534296704135467912   | 0.002758682743779841684   | -0.0021412742908870352476 |
443   | 0.003623402362296487475   | 0.0083300032802926544245  | -0.0098960147083541373514 |
444   | 0.00050356488723996028524 | 0.0004448598162888529493  | -0.018297399357595948294  |
445   | 0.0072021586935104775148  | 0.007101836391825508063   | -0.0084112885173264310967 |
446   | 0.0014310237478864175267  | 0.0084725193989909509257  | -0.016087482223970127337  |
447   | 0.0038678912241396747398  | 0.008496490509255159515   | -0.025801917696254669105  |
448   | 9.4441163431153822561e-05 | 0.0049585790327241162367  | -0.016162806924478113901  |
449   | 0.0062014840059682104639  | 0.0070192736621937923402  | -0.0099268977695006824224 |
450   | 0.0066641557008874727913  | 0.0039375133726299426512  | -0.0043790870428450298646 |
451   | 0.00064742314944975622518 | 0.0097355119546448185691  | -0.027753005842801607012  |
452   | 0.0081323481895657738494  | 0.0088224221061375656533  | -0.020808770577756395548  |
453   | 0.0058511058584579467637  | 0.0036852295151411471226  | -0.021610689057503386368  |
454   | 0.0081401965390055751326  | 0.006639178575040805691   | -0.016302359505745548512  |
455   | 0.0015689849830601821333  | 0.0062084994954990594535  | -0.0050366728367259158347 |
456   | 0.00085991193064394026192 | 0.0042800823977726873415  | 0.0007474434674865021791  |
457   | 0.0023592747656747581515  | 0.005234639564424978242   | -0.0036963389152558645545 |
458   | 0.0027486960285441068737  | 0.0092933658385279671599  | -0.0071453684406399655196 |
459   | 0.0055884987314795157506  | 0.0010967584005568496025  | -0.0014883041611635991486 |
460   | 0.0064057380015787998215  | 0.0088013535533576423009  | -0.0086837773306324712169 |
461   | 0.0029894099685501746878  | 0.0044274811263777030454  | -0.0079111875032519263229 |
462   | 0.0037268058418406958127  | 0.0034187458159497482492  | -0.011521768490822016651  |
463   | 0.0064672106072749431516  | 0.0039363796670746579315  | -0.017950005694341120838  |
464   | 0.0084670899718885736518  | 0.0011998582858603512764  | -0.023967633765296009196  |
465   | 0.0092450149700005097853  | 0.00023252119316968716052 | -0.025002134809395060167  |
466   | 4.8179963446436617621e-05 | 0.0062470049365148296733  | -0.0080395089942846085368 |
467   | 0.0070221769684967400363  | 0.0045325266228042511429  | -0.018795151700775482306  |
468   | 0.0030874067031443218519  | 0.0071170427911062868892  | -0.020483447453957383949  |
469   | 0.0054904315565416092829  | 0.0031159288206643069238  | -0.018259177241878060682  |
470   | 0.0046578401811030768764  | 0.0003909085064493146469  | -0.020013212548605125579  |
471   | 0.00087789122657166485976 | 0.0083490212472768325636  | -0.026041147398460830903  |
472   | 0.0054610558880379958188  | 0.0086085629496051759013  | -0.025980838014374656869  |
473   | 0.0068028610832279725815  | 0.0015514231537261005504  | -0.01826495915452308258   |
474   | 0.0010330908317239041218  | 0.0018846148346662212891  | -0.012993288961148406063  |
475   | 0.0049566008344037477268  | 0.0047166902266399853699  | -0.021265131103350098929  |
476   | 0.0081290324155728083816  | 0.00859536120473278209    | -0.0092085239324320531523 |
477   | 0.0080466253748598722678  | 0.0079486872431091606939  | -0.0054483678495526278659 |
478   | -3.5859315592795243338e-06 | 0.0080094183147421029595  | -0.027767049300544601603  |
479   | 0.0040648934434666522675  | 0.0025297175711912118536  | -0.01707157861721210132   |
480   | 0.00021177008112517505933 | 0.0044624725679620128038  | -0.011490672275599425611  |
481   | 0.00334556664698356385    | 0.0079894584152450341674  | -0.023324386798206305643  |
482   | 0.0044478628782090960658  | 0.0048321645535102097924  | -0.02670821619533084515   |
483   | 0.0057871341459827408543  | 0.0037919710844163123653  | -0.024925656314886197873  |
484   | 0.0019788496781575726051  | 0.0061183877630503246195  | -0.019105454769475355842  |
485   | 0.0012835149264660819426  | 0.00530414553704934566    | -0.024568884857485245171  |
486   | 0.0010434033172339865145  | 0.0072348269823378453733  | -0.0069523146467194586046 |
487   | 0.0081322772499275389896  | 0.0050703410410582452558  | -0.01217414550288770797   |
488   | 0.0087575684339239560916  | 0.006095337123083708307   | -0.0098468219920968391018 |
489   | 0.0042284036476303134625  | 0.0094499228094840573983  | -0.027248806748053255172  |
490   | 0.0047165596502578297292  | 0.0086234874382649425589  | -0.010900515408694463199  |
491   | 0.0034987647388701557244  | 0.0029145586604555247245  | -0.0091416067497148961046 |
492   | 0.0073361433747534772129  | 0.0082540888974402849831  | -0.013171741764393143231  |
493   | 0.0093917750607078968189  | 0.0071212130523865824205  | -0.011073985866962171923  |
494   | 0.0047318946979787845225  | 0.0046818307881251689656  | -0.027323513344204852782  |
495   | 0.0076271024485024324288  | 0.0081038240672042446966  | -0.0038841685871068005846 |
496   | 0.0087903911527749678534  | 0.0056683862649207590254  | -0.017544285003525696837  |
497   | 0.0049652089154557229808  | 0.0050374655899161138728  | -0.0018930416537706810758 |
498   | 0.0052193005846549421489  | 0.00021595549549138822322 | -0.027711682317854056945  |
499   | 0.0093814173513232321927  | 0.0051089480473917670347  | -0.009047375068764924172  |
500   | 0.00050015106972185264297 | 0.00031349207581278444893 | 0.0006233134020296156666  |
501   | 0.0045930044124624560403  | 0.0038767501372836497137  | -0.022325085541743769357  |
502   | 0.0055202774408532571948  | 0.0052940102475657136241  | -0.015841480389692279979  |
503   | 0.0012501181335979700757  | 0.0026687592350438443453  | -0.0097758639956443335595 |
504   | 0.002220700955612648405   | 0.0033309987673917022116  | -0.02019303706140962093   |
505   | 0.0070445621814326751797  | 0.0076118792016519210702  | -0.026382374756213827771  |
506   | 0.0036464838749782147245  | 0.0022686179257684932313  | -0.015053197069422971643  |
507   | 0.0089439509654694136082  | 0.0037377288375509817517  | -0.0045223274841422076917 |
508   | 0.0045771953575322035443  | 0.0017259246937867006068  | -0.020125684446162007968  |
509   | 0.0013941710807239627093  | 0.0030331730040911004075  | -0.027880212477681107913  |
510   | 0.007676444363369406762   | 0.0084692002972333018523  | -0.0051328795637792072604 |
511   | 0.0022987986357589744457  | 0.0029187401651286286157  | -0.023723646943169487966  |
512   | 0.0073988729806580885023  | 0.0097584549905344597498  | -0.023997924842332939849  |
513   | 0.0056405387608655550846  | 0.0032312936248972638081  | -0.021857093897186485876  |
514   | 0.0069356809010901673829  | 0.0016204572833326308552  | -0.0020549463471925284025 |
515   | 0.007639390760032047957   | 0.0056353797079089886293  | -0.010924996630375665915  |
516   | 0.0042621411615246310167  | 0.0010250939858494770643  | -0.0022764679339333927614 |
517   | 0.0075106732138724378173  | 0.0055467498354623131704  | -0.019424411396122998053  |
518   | 0.0032651218294743873487  | 0.002919487721339444463   | -0.012118018398093359858  |
519   | 0.0019519253992650407049  | 0.0036481178854675458401  | -0.02262082119178139214   |
520   | 0.0028286597900755374065  | 0.0033459133314492220737  | -0.024573076227652364961  |
521   | 0.0042771323413764231192  | 0.0059090308113519925473  | -0.0079670835454369193923 |
522   | 0.0029130841992667895132  | 0.0034830097743083232066  | -0.0061081868250748216562 |
523   | 0.0015100078418853329909  | 0.0083824281306978543765  | -0.0092765615208326712704 |
524   | 0.0087706380152008586726  | 0.0012650111924091425684  | -0.012632413317465453553  |
525   | 0.0034114581419462633623  | 0.00057812390711992848319 | -0.027236807475837662706  |
526   | 0.00032331962463581629579 | 0.0055565840435776066297  | -0.0059952136512743912922 |
527   | 0.0092122667122807328638  | 0.0053343660183318005949  | -0.0078861731162230466058 |
528   | 0.0087669899784465019771  | 0.0023545044068420048489  | -0.011099182915045647732  |
529   | 0.0066999349180803160347  | 0.0056709655912249275558  | -0.01672965313234852161   |
530   | 0.0034314902177117719353  | 0.006593518226602776075   | -0.0026192011615524123276 |
531   | 0.0037781292315342916016  | 0.0040090902724150495953  | -0.015569252912828072249  |
532   | 0.0047626875161898250821  | 0.0037148583780280738237  | -4.635327796959891214e-05 |
533   | 0.00028211576999130996181 | 0.0057255995843870435835  | -0.0070383634916245168753 |
534   | 0.0023099126946879819551  | 0.0040546227818234418377  | -0.010254734615846881896  |
535   | 0.0004036850668312330203  | 0.0084881114095657003715  | -0.020652910758637243321  |
536   | 0.00017751474242339230331 | 0.00015856996423153633708 | -0.0027645129849901352477 |
537   | 0.0022704152267860582687  | 0.0041923470505339397937  | -0.0093036985843210958519 |
538   | 0.0085685424146000332968  | 0.0016482718008403861743  | -0.027692176480217160078  |
539   | 0.009249247133547694108   | 0.0060484505165280463834  | -0.0036144763005622640266 |
540   | 0.0048333338724822179702  | 0.0060521150220517487203  | -0.017261632076542719055  |
541   | 0.0017356143654979835651  | 0.00047953175804741260185 | -0.012385190423063142592  |
542   | 0.006470186494200088137   | 0.0027147732918470436798  | -0.0076535748258374815267 |
543   | 0.0078941353381952843182  | 0.0061036771044918622722  | -0.005668864841487077956  |
544   | 0.0045160835406942018144  | 0.0035681785795413827403  | -0.020910650001917753527  |
545   | 0.0083509407956776672555  | 0.0085558560882500675482  | -0.015310780295170895934  |
546   | 9.6396380806688974126e-05 | 0.0081115967689968128396  | -0.023262680703530897591  |
547   | 0.0030876717858763741247  | 0.0035171818455534843012  | -0.0029709078902410419702 |
548   | 0.0040822603708145456178  | 0.0030596926730070018313  | -0.023177154194463124581  |
549   | 0.00077077004843192063223 | 0.0085875720524900486796  | -0.024975309698481547999  |
550   | 0.0034900566145466853027  | 0.0041298217976136059049  | -0.0070281516361050894517 |
551   | 0.0062905163979146703004  | 0.0023789955445917354906  | -0.022876115338937397931  |
552   | 0.0048436081407434534649  | 0.005473820855535049823   | -0.011902059631142200558  |
553   | 0.003112787130323757534   | 0.0049622340180680160962  | -0.015625875025635411336  |
554   | 0.0017018188516641111034  | 0.0089176376849459376012  | -0.014683409542234727302  |
555   | 0.0070071237502597697594  | 0.0035308149866715935611  | -0.0032411345225037339716 |
556   | 0.0032386152883778578614  | 0.0078196523674698530104  | -0.0061435215799062513689 |
557   | 0.005490379510491034086   | 0.0054164184242285568979  | -0.023329260980063427217  |
558   | 0.0027612998019957641152  | 0.0058054642880852663431  | 0.00051959573821083997885 |
559   | 0.0070652385036356667516  | 0.0010776029996874274437  | -0.0010504596348235462761 |
560   | 0.0054978996485373441555  | 0.0036209959000225127972  | -0.020371963123172229237  |
561   | 0.00058387629361448471332 | 0.0061381838702104993266  | -0.00012654775802013000226 |
562   | 0.0044845710063877667478  | 0.007063836300736326887   | -0.0033979620886675629063 |
563   | 0.0070825977689066088941  | 0.0043637871577146001081  | -0.015147477875780242934  |
564   | 0.0047408300329165927595  | 0.007250487440010044797   | -0.02120982465320823962   |
565   | 0.0071873181448236815247  | 0.0049501169790240268434  | -0.027139963360137558251  |
566   | 0.0042206319123150107253  | 0.0089749099306921965857  | -0.023300839107756744772  |
567   | 0.0088412939859915055246  | 0.00093747634319372129263 | -0.0035093710542435144727 |
568   | 0.0070947666290042572801  | 0.0011435628716695931534  | -0.027931086964536409878  |
569   | 0.0049032486661226212799  | 0.0039212970294943590155  | -0.018687809380361720957  |
570   | 0.0062654075036068625562  | 0.0098082707314267256193  | -0.003237828710517945581  |
571   | 0.0097803259865916047228  | 0.0065300855753593700995  | -0.025964902317238088003  |
572   | 0.0042097334110941520002  | 0.00026201268286613483812 | -0.0048351912864482539736 |
573   | 0.0009427677513584203136  | 0.0069172369593235132068  | -0.0079082899743963246814 |
574   | 0.0066415584933252362274  | 0.0090480416820426911445  | -0.0095633008523839848486 |
575   | 0.005066309935413673346   | 0.00029811767803005650339 | -0.0205306388047295299    |
576   | 0.0059341468895832026262  | 0.0027052992041475330647  | -0.0070828564246217520436 |
577   | 0.0024818910484300728443  | 0.0079866330300833732192  | -0.023883635814235575079  |
578   | 0.0035022116151822370485  | 0.0074065875712830677932  | -0.010377289223133485258  |
579   | 0.0048672776654998311727  | 0.00044022248861539151586 | -0.017925969410409983706  |
580   | 0.0064255299520685768902  | 0.0025019920092442748082  | -0.016115003270367279919  |
581   | 0.008057176612175342631   | 0.0070040734932870158183  | -0.0080739208859554271319 |
582   | 0.0041603907713536622884  | 0.0073132585496153397833  | -0.0011108000047138730671 |
583   | 0.0092670292670665992824  | 0.0077050066150671277926  | -0.013576985807725715921  |
584   | 0.0053513806226424438794  | 0.0087183472475316266953  | -0.022585868393028070422  |
585   | 0.0035338509630557872997  | 0.0025480876284755260563  | -0.011683818430074160641  |
586   | 0.00764674458427720867    | 0.0088852233553420468387  | -0.016610658405381104052  |
587   | 0.0018144448250067830679  | 0.0033740283988039705861  | -0.019869731216988224115  |
588   | 0.0082201378284814108355  | 0.0041006210939365517198  | -0.020586167785288513737  |
589   | 0.0035145597224073596258  | 0.0070356704492805319934  | -0.012811663701885311201  |
590   | 0.00034001655177984800062 | 0.0092913553340657588364  | -0.010731471956696631009  |
591   | 0.0030099851001207096439  | 0.0033614484195575171539  | -0.0069356498531048102127 |
592   | 0.0030961500680817019386  | 0.00073386763347785331606 | -0.023706664131800187639  |
593   | 0.0081390486369994387295  | 0.0081369391165338807864  | -0.019614238413322840349  |
594   | 0.0093491462559618446204  | 0.0072897544560458996804  | -0.0038681435676839663433 |
595   | 0.002491869628277651981   | 0.0080042682937238318619  | -0.0080604756871797047374 |
596   | 0.009995736595395179197   | 0.007544805287867547422   | -0.016476007255954341901  |
597   | 0.0028693746640190329576  | 0.0080275041543571915015  | -0.016704422761633200972  |
598   | 0.0043375402144570718646  | 0.0044693578694492983386  | -0.018042622229677878626  |
599   | 0.00015294466435616420265 | 0.0069870786284370158328  | -0.0038337111509610106823 |
600   | 0.0011877397288580630354  | 0.0014775715113080516768  | -0.019848852183539541366  |
601   | 0.0015736661069249595953  | 0.00097157465052736906568 | -0.021629955978819056378  |
602   | 0.0065760397432664315781  | 0.0062965657203255332233  | -0.016050405005166981653  |
603   | 0.0025215500504040186391  | 0.0024672858268397265119  | -0.017074209801885214394  |
604   | 0.0092533010571714206099  | 0.0077515829051426577909  | -0.023927912834011709486  |
605   | 0.0070381626053767944173  | 0.0075199047321360375576  | -0.018867260920097675414  |
606   | 0.0089203461521610676044  | 0.0023898358898140317948  | -0.022888291846146595343  |
607   | 0.0017371438411679725362  | 0.00077450225759342211651 | -0.026599060592399016018  |
608   | 0.0040370552856979317891  | 0.0069496705400951576392  | -0.0055324662133514708115 |
609   | 0.00037716164066641715089 | 0.00013203648688861238897 | -0.012763937828755506435  |
610   | 0.0005441148860377237155  | 0.0020064724326743599118  | -0.027437441544124155368  |
611   | 0.0047976936390927548554  | 0.0056895390033464372445  | -0.017390629334075292933  |
612   | 0.0047540908151248268895  | 0.00855943782700995838    | -0.00069596906095229752083 |
613   | 0.006596108437803776571   | 0.0096825444879857294755  | -0.019688452508157327364  |
614   | 0.0046374249508342674578  | 0.0030324240689490232839  | -0.023372558104833421333  |
615   | 0.0011607619202836912207  | 0.0089101875317169447477  | -0.0045275272418625811185 |
616   | 0.0092829390406777064632  | 0.0038755545415492470909  | -0.0027815364351270214713 |
617   | 0.0065566929644089513851  | 0.0030912977500410360188  | -0.0040794781800909110311 |
618   | 0.0021894828073266091838  | 0.007013811581873102656   | -0.0093308026972154164969 |
619   | 0.0021067523334129993964  | 0.0086004810023999327812  | -0.0053716249733790832552 |
620   | 0.0077388528096209510676  | 0.004018605892887517142   | -0.006362635956373789356  |
621   | 0.004403502149214640754   | 0.0057983028965362462537  | -0.020277619058991169787  |
622   | 0.0019969486018027587937  | 0.0089940715430899785543  | -0.021019758874395413212  |
623   | 0.0031124419222634011443  | 0.0027764536826244677094  | -0.013222943836131793166  |
624   | 0.00013319276042779031087 | 0.0053144770765252199313  | -0.0045833700866612283459 |
625   | 0.0067151008589497315424  | 0.0058297476702456416803  | -0.013965701116567389925  |
626   | 0.0016416857787729542597  | 0.00028753646585690813666 | -0.005128562383910348528  |
627   | 0.0054704395466819372498  | 0.0095006441770096594635  | -0.019553774786007435682  |
628   | 0.0070449473620099647281  | 0.0082501655895122864848  | -0.00019606359332052360829 |
629   | 0.0075447724872863804538  | 0.0067580247538072107244  | -0.016347513448439921629  |
630   | 0.0061427736699327462402  | 0.009441031213291478999   | -0.01258176203366521799   |
631   | 0.0088853607278953031928  | 0.0051866898961346738148  | -0.01396733624608775988   |
632   | 0.0052988941212120050164  | 0.0069822234681781968069  | -0.022321934923183472249  |
633   | 0.0049412716402759630091  | 0.0018429558953195806972  | -0.011657874805199076179  |
634   | 0.0036336121462518782693  | 0.0039079706087737928547  | -0.0053072459094967161519 |
635   | 0.001521103470691174183   | 0.002654876224031836509   | -0.005609227847118598842  |
636   | 0.000763680680268944128   | 0.0071457900426876962141  | -0.01009942044011915771   |
637   | 0.0062130802988973714285  | 0.0027317420488420624501  | -0.027999070143711571323  |
638   | 0.00011426941867113622525 | 0.0025496920605260590953  | -0.019664524818054480992  |
639   | 0.0071011877617429353463  | 0.0022927758858152895438  | -0.013654874950476854345  |
640   | 0.0030973843864062328667  | 0.00049510629817842383236 | -0.0076980214806324619853 |
641   | 0.0058730444146869479824  | 0.0079039241469606984908  | -0.0069569689078895760245 |
642   | 0.00090778300044340345769 | 0.0087539286594402344194  | -0.0054928130710037315759 |
643   | 0.0089622619878797823295  | 0.0059870727190222015543  | -0.0018932604875540228872 |
644   | 0.0054121165590505131496  | 0.0093260370101625814088  | -0.021530699442270463673  |
645   | 0.0034743602207894146508  | 0.0093871333187097935613  | 0.00068053623502508254345 |
646   | 0.0023110956440732031807  | 0.0018501704137737788516  | -0.0085263712853188844409 |
647   | 0.0049175424621251450155  | 0.0037905469799465632379  | -0.017833783771775114924  |
648   | 0.0040787810837112914442  | 0.0062575302401170086047  | -0.019672670978920954454  |
649   | 0.0043217452923186207986  | 0.0061110286102827307206  | -0.0027842863488947607042 |
650   | 0.0033848379984051228143  | 0.0081408294013494055669  | -0.0057079251455659655093 |
651   | 0.0046725523407668669365  | 0.0065930933506226970658  | -0.0067087786063466945188 |
652   | 0.0026025414517295408084  | 0.0057650782527367359226  | -0.012491365367553505794  |
653   | 0.0064684533905247157404  | 0.0047923140784830679101  | -0.0018665559458909796852 |
654   | 0.005603808383756170991   | 0.0080408784603080568631  | -0.0086056695214644686465 |
655   | 0.0051136469235972216094  | 0.0047621251312413336379  | -0.00077590810812139872788 |
656   | 0.0027899070777461848145  | 0.0028949560848077486759  | -0.00048293502058854246434 |
657   | 0.0081807523469478345135  | 0.0091949714779402565157  | -0.014676287291922118089  |
658   | 0.0056217184483049525631  | 0.0083802578487106958033  | -0.0087908164560820609146 |
659   | 0.0081508716501810189042  | 0.0045053183842625570132  | -0.013318860965603585012  |
660   | 0.0064059232121500345181  | 0.0016166650331201036506  | -0.020085538930895215082  |
661   | 0.0010926830104511723717  | 0.0042264914624040609767  | -0.012303203556871505908  |
662   | 0.0043207793277911651572  | 0.0081394594494614280755  | -0.0020904604868656386646 |
663   | 0.0077385909384175702655  | 0.0019716515527861706164  | -0.018338601022119701417  |
664   | 0.0044393859383441945654  | 0.0026492571750734079418  | -0.0083491088411201189179 |
665   | 0.0022008964785596957063  | 0.0056981389316090652261  | -0.0030605672038413896628 |
666   | 0.0062765525618608004194  | 0.00094403687482186272265 | -0.018333730681289711617  |
667   | 0.0084012433618753396686  | 0.0020794585525680197267  | -0.011664994577246829907  |
668   | 0.0055278058824368633828  | 0.0016905939942135838564  | -0.0064070283564522144751 |
669   | 0.0091472366449583709935  | 0.0024764156396584048429  | -0.019243500126172152775  |
670   | 0.0020392684902122760505  | 0.0059187854877984190372  | -0.0089712269769082197968 |
671   | 0.0021746011159196956819  | 0.0079382962627861253929  | -0.019916287984749037054  |
672   | 0.0098848650130274502701  | 0.0058470051517536163546  | -0.014226667613913909424  |
673   | 0.0080500028526411370605  | 0.0049260510820642493604  | -0.026386832884790874937  |
674   | 0.0072716408221012492769  | 0.0024348062318637910505  | -0.01318124679083964787   |
675   | 0.002563288996107159802   | 0.0040244469752123979145  | -0.023199771800242605796  |
676   | 0.002384317830817666347   | 0.0099087734743386907815  | -0.0034396641826337681809 |
677   | 0.006255827223384502131   | 0.0027881422572706834537  | -0.01683592698561917414   |
678   | 0.0024118963137422107755  | 0.0029252778024312694333  | -0.0026245184371780968385 |
679   | 0.0039111329174511379539  | 0.0074824302138180968924  | -0.0078189775259929969464 |
680   | 0.001592863034426618158   | 0.0068490162491519667246  | -0.015919752840115857645  |
681   | 0.004026821590879263793   | 0.0013969850071342245282  | -0.0071293559210040199914 |
682   | 0.0012858930712898457467  | 0.00086584317022057313493 | -0.014168258625167524933  |
683   | 0.0044753016764830441665  | 0.0053555575850033534241  | -0.0046620457367138141633 |
684   | 0.00062150732717775936977 | 0.0019839279235214016262  | -0.020623101602334627941  |
685   | 0.0059372973627584294323  | 0.0017073382916797481476  | -0.024187876991546466976  |
686   | 0.0052769280408200497715  | 0.0037949126178830781472  | -0.020911110012724165585  |
687   | 0.0080151591732492838416  | 0.0048735603854040496913  | -0.010654537710894050606  |
688   | 0.0036277279448021669192  | 0.0071747257854083692705  | -0.0078875525711710435528 |
689   | 0.004939908103326775754   | 0.0066564074451831182697  | -0.0033370873417770965073 |
690   | 0.0063000905480399575428  | 0.006722061052993741001   | -0.01265522678321444848   |
691   | 0.0077877411333995647663  | 0.0044662107024278328848  | -0.012892247328036671519  |
692   | 0.0070217278251115001347  | 0.0082401402813946731524  | -0.016706175782388407725  |
693   | 0.0075881230178877360007  | 0.0037686496545976848685  | -0.019002530471388438815  |
694   | 0.0077253159512601903697  | 0.0093760401031555348772  | -0.01444638836167632355   |
695   | 0.0047787620690105401047  | 0.0082402699615141076356  | -0.024206349720434321843  |
696   | 0.0020593858838099752401  | 0.0025737043161924346574  | -0.018612925204327931961  |
697   | 0.0063479267401939402579  | 0.0045077521920985092613  | -0.018926305460315404755  |
698   | 0.0019231953215641623897  | 0.0088059693958780285716  | -0.018185972763764126497  |
699   | 0.0079565622229817393324  | 0.0010334681020495498603  | -0.014503357591879106198  |
700   | 0.0058429416698613494824  | 0.0019129844347307166548  | -0.0072629359173229258301 |
701   | 0.0050362923140579570966  | 0.0061844304235155076951  | -0.021704431233268716567  |
702   | 0.0054106125082477489821  | 0.0068137162416916407029  | -0.01859933612845803691   |
703   | 0.0040845775585948941241  | 0.00551606405920009122    | -0.022450457847370604292  |
704   | 0.0028235824256544516178  | 0.0089199230348002249424  | -0.010131116988450070832  |
705   | 0.002569731282530338546   | 0.0091471137897725166011  | -0.0048644009610075891054 |
706   | 0.00096518256594992090942 | 0.008304101184889708942   | -0.02433926143655999047   |
707   | 0.0015515471904084892317  | 0.0082222281846638812369  | -0.024880898950823432392  |
708   | 0.0070498210851435254287  | 0.0044558495036720871182  | -0.0095382661508508961162 |
709   | 0.0046174649334536858186  | 0.0019921304880572711891  | -0.017074798395379356397  |
710   | 0.0057744235296031736979  | 0.0091851916543266593634  | -0.014390133553169402042  |
711   | 0.00064112068005421727224 | 0.0071012521579331940383  | -0.016653223960667019876  |
712   | 0.004553891366284222586   | 0.0051372275172470033278  | -0.024397166417223736107  |
713   | 0.00084197107023663102492 | 0.006034715755578960901   | -0.020597811883135103833  |
714   | 0.0011213887530119252389  | 0.005408364954234896535   | -0.024973803837496238306  |
715   | 0.0046573445112243691546  | 0.009084515919107416515   | -0.020648861570804689231  |
716   | 0.00014243616065189157308 | 0.0075372858268458664197  | -0.01614588153966609041   |
717   | 0.0028741798334133263418  | 0.0089532057127438523236  | -0.0085991426902135518345 |
718   | 0.0043955949084417628506  | 0.0069286115358286855595  | -0.014257972008160282179  |
719   | 0.0092762659302455963833  | 0.0042029291903414398718  | -0.024026129036386695975  |
720   | 0.0066498614426505706781  | 0.0078494089715856075334  | -0.027525374652953210619  |
721   | 0.0069291573652190746255  | 0.0048907805804897308902  | -0.015077233468332593841  |
722   | 0.0021408559209620749327  | 0.0067232035114366851813  | -0.0065758980182153078942 |
723   | 0.004205456166625128403   | 0.0049053030118924945482  | -0.01015939972500815372   |
724   | 0.0073182965668214658081  | 0.0054271052876722928812  | -0.015535213225155617214  |
725   | 0.0087815024654029315287  | 0.0063438683796863317571  | -0.011259938189508557002  |
726   | 0.0030577919607768402725  | 0.007108352900135249397   | -0.011358331825444453397  |
727   | 0.0033183592195635603674  | 0.0030386771699872478468  | -0.010201553634989651495  |
728   | 0.0049503806410557708514  | 0.00057818892851721492582 | -0.0034176688057303856311 |
729   | 0.0099358331627598557578  | 0.0063149292037918266715  | -0.016063325087096864269  |
730   | 0.0084482759195431880034  | 0.0028372184879435491389  | -0.0038422374476892746237 |
731   | 0.0058244637843816917527  | 0.0018391399607307640923  | -0.013432598679684791543  |
732   | 0.0043278573454878883561  | 0.0098855383754456894324  | -0.027572834093653065396  |
733   | 0.008036330075318577279   | 0.0084504938952362704252  | -0.014866081122857336891  |
734   | 0.005082965194289619168   | 0.0043807799860077437787  | -0.015575164607928099203  |
735   | 0.0045922206189630563125  | 0.0003061147246264047956  | -0.0068835504729090560977 |
736   | 0.0093462909489826270087  | 0.00028356176242909158581 | -0.0017060146835070220863 |
737   | 0.0061222935561371025215  | 0.008009023725138671862   | -0.010874357686735650411  |
738   | 0.0022990993432714075875  | 0.0072746283842640771522  | -0.019279528866424505695  |
739   | 0.007128460034435800223   | 0.00081934550101857609675 | -0.025853897428587711144  |
740   | 0.0066167511061256869404  | 0.0033506735955939588936  | -0.021947225253857578081  |
741   | 0.0017626814686280943296  | 0.0068704391220843243071  | -0.003532318352590631174  |
742   | 0.00082823956916752683975 | 0.0046613161297811862155  | -0.0024836670972258082998 |
743   | 0.0035842660575924546913  | 0.0047415119595332604757  | -0.024507096235921361355  |
744   | 0.008923284271891200603   | 0.0049743494332722109491  | -0.015803129634769610967  |
745   | 0.0016855233145429647772  | 0.0064401736678076889134  | -0.017663676384321688739  |
746   | 0.0068196975397136700217  | 0.0036356897951311923332  | -0.0045744247850606767347 |
747   | 0.004581922405213504669   | 0.00059985092550108763069 | -0.010596574825018028818  |
748   | 0.0086154451671980047944  | 0.0031670479920911107433  | -0.017018239455745366034  |
749   | 0.0099590877073078530601  | 0.0041488624461707970456  | -0.019739635758471481969  |
750   | 0.0080863963522622393787  | 0.001906685982331218299   | -0.0055150313451007224042 |
751   | 0.004505288516973627623   | 0.0067581517610757254472  | 0.00081924089399054440385 |
752   | 0.0020307828340153329973  | 0.0086912724496385120737  | -0.014643239490101826045  |
753   | 0.0073642710411957858566  | 0.0089651832490682103333  | -0.0064732466825077319625 |
754   | 0.0059889207033527007418  | 0.0080339608627046123213  | -0.00772756506184037531   |
755   | 0.0013653047806773889634  | 0.0081129441418740060044  | -0.011130584112960187002  |
756   | 0.0084941696252079802038  | 0.0091040694103985721208  | -0.0083821007171079042752 |
757   | 0.006391582040123306406   | 0.0043977275067679059972  | -0.017816935086551209666  |
758   | 0.0031019499265943772937  | 0.0023435273674985040472  | -0.017964475119936360037  |
759   | 0.0042123763513767396513  | 0.0099545884544865459453  | -0.010978711301777447154  |
760   | 0.0015518092096569451478  | 0.0095937508634391707035  | -0.013045994251414652979  |
761   | 0.0033821045704152388409  | 0.0088368537260908180953  | -0.020136448382270005081  |
762   | 0.0079155841531655442983  | 0.0037854278221782348447  | -0.013089761410396496405  |
763   | 0.0081416524691329799496  | 0.0040002952264718049172  | -0.012720839922485899579  |
764   | 0.0065048359732699902527  | 0.0050636811718011986994  | -0.015178887524288191269  |
765   | 0.0019868606587016184387  | 0.0050093355642134972799  | -0.010323861378174592485  |
766   | 0.0077237792878986771816  | 0.0068514178660407046989  | -0.025178883279517390997  |
767   | 0.0053022368228182042982  | 0.002073670092907449209   | -0.017069276236307363848  |
768   | 0.0036023038064178967109  | 0.00052660032545254567039 | -0.019212172074594108251  |
769   | 0.001455579903876318441   | 0.0056503350766187428536  | -0.010378382459736159096  |
770   | 0.0010414420736742076388  | 0.0089152429202272211184  | -0.0045152477076371537457 |
771   | 0.0071802964395064772934  | 0.0062344964780812880609  | -0.0073759594644894855772 |
772   | 0.0029402864333880843889  | 0.0094798152294102606963  | -0.025344553393552161913  |
773   | 0.00050880169112275431837 | 0.0018922035174725249703  | -0.0069025267649583344973 |
774   | 0.0076291156769253045539  | 0.0089026651204899640707  | -0.018087643955772610832  |
775   | 0.0085071130737313684078  | 0.0040840941187346652477  | -0.014398635545489745294  |
776   | 0.0032516318540439909622  | 0.0056583671451305821154  | -0.019277569363524711676  |
777   | 0.0086317611852245925558  | 0.0051932118795073606982  | -0.0045068178964050489149 |
778   | 0.0019603277454387779688  | 0.00011612660573534241114 | -0.0027092977308478963586 |
779   | 0.0049267231454678418051  | 0.0043181547223376873235  | -0.0066780022998333219558 |
780   | 0.0077717235115143694021  | 0.0061972367685743465909  | -0.01946324484934319754   |
781   | 0.0020983333920554666195  | 0.003326726214365997511   | -0.0045742153734615815033 |
782   | 0.0016837767316627424378  | 0.0032355758219074610103  | -0.02258126939136694683   |
783   | 0.002997408002602571387   | 0.0056074224469746915614  | -0.0045193184224978175806 |
784   | 0.0082579076749343272718  | 0.003726050796315504704   | -0.018764830820935874539  |
785   | 0.0014444756374842255327  | 0.00061561228763379273379 | -0.015731470547700125706  |
786   | 0.004104142958090951053   | 0.0064910866757259318843  | -0.010459048747051634398  |
787   | 0.0026202693057627833052  | 0.0011395817945199591265  | -0.0019011333583634250355 |
788   | 0.00083158174760182112639 | 0.0060976157392900569298  | -0.019146032572044068693  |
789   | 0.0053396732164865687645  | 0.0052518815397809967202  | -0.022161683009025386071  |
790   | 0.0049047916954786585295  | 0.0042180096488901967777  | -0.01483522051938388972   |
791   | 0.0012808720968499145466  | 0.0091083871362283973933  | -0.022694975395808975049  |
792   | 0.0032586821402365512626  | 0.0022687098058522623539  | -0.0072010688994386690825 |
793   | 0.0062054679178000227147  | 0.001578168068288995354   | -0.0031710856595094177    |
794   | 0.0094068587264494601952  | 0.0061131435229269427689  | -0.027970129673647207286  |
795   | 0.0041670973220421557784  | 0.0070154159246130932265  | -0.015926792670512973649  |
796   | 0.0046613932805716195434  | 0.0067396900094054317323  | -0.0044888431321030101279 |
797   | 0.0019719205273537915475  | 0.0066715911884171509583  | -0.015633965542911403002  |
798   | 0.0029684717183785774147  | 0.00052136319255106130643 | -0.0025820185755532493177 |
799   | 0.0069888704417496502058  | 0.0024097679777566691911  | -0.02316795713593906153   |
800   | 0.007013065926526009311   | 0.0080318169904179080587  | -0.011920444372081782577  |
801   | 1.6501590155989185064e-05 | 0.0020531049550560182514  | -0.0042035757554939800693 |
802   | 0.0031010103406907581214  | 0.0095354627692607728945  | -0.011803874874356825447  |
803   | 0.0079182945486459387768  | 0.0083764957001288917887  | -0.0071349792461031921395 |
804   | 0.00090408194630650108841 | 0.0039745099080424539303  | -0.022823409221087515714  |
805   | 0.0028637598159674780562  | 0.0040552679180093711975  | -0.01299417774733162799   |
806   | 0.0023913609313741743256  | 0.0038946217451300826559  | -0.004921387550658323784  |
807   | 0.0019588341081392640457  | 0.008192584849050162793   | -0.0031397828539518027498 |
808   | 8.0778855686238206445e-05 | 0.0021672915936114451642  | -0.023582669761751107185  |
809   | 0.0031045366289041485645  | 0.0041914580874123329168  | -0.016670251938934822766  |
810   | 0.0070288053053254081343  | 0.0035300712643275972136  | -0.0033851926466573708553 |
811   | 0.0075229798477429547787  | 0.0027244718402240721868  | -0.026907384216175705277  |
812   | 0.0083709814816308788371  | 0.0049680520239427884352  | -0.021376689172262302446  |
813   | 0.0062733727353292368864  | 0.0046546060839885942256  | -0.007403661686114880805  |
814   | 0.0045063916978926388604  | 0.0075057312887338058227  | -0.019174357004938507448  |
815   | 0.0041986960470482915034  | 0.0036090183980962363929  | -0.018473880985797525023  |
816   | 0.0032425257741020971011  | 0.004108165802778778776   | -0.018526828230166585837  |
817   | 0.0090632102618796242521  | 0.0015147574878809045521  | -0.0050317279303379548391 |
818   | 0.0076698672239172626872  | 0.0053157804073568253392  | -0.0055519784024588327009 |
819   | 0.0033530971080014235382  | 0.0059360030659923890967  | -0.0097243575165302797991 |
820   | 7.4540644020989248945e-05 | 0.0015234508083341491598  | -0.01188647396378911085   |
821   | 0.006625187899769547327   | 0.0095647878413102471046  | -0.0065273424437419487812 |
822   | 0.0023241732425743114564  | 0.0066424732180317006339  | -0.010356909073119549558  |
823   | 0.0033013636320332337762  | 0.0026279320188385322209  | -0.025730671812181075964  |
824   | 0.0058908864964240534659  | 0.0016892036340080465989  | -0.01587275604862464079   |
825   | 0.0064499384084780947771  | 0.0056240595536480994174  | -0.019341063588672161716  |
826   | 0.0076856499252613771911  | 0.0069070664473391083643  | -0.018586349806881261731  |
827   | 0.0090384094093280305249  | 0.007381286238314885978   | -0.0025410641208162224741 |
828   | 0.0001295185876578430035  | 0.005021883610687092464   | -0.018552187034304265523  |
829   | 0.0012343936629172845131  | 0.0073494713935394820337  | -0.0082653758267191776432 |
830   | 0.0028178875830731837417  | 0.0039481073545677598802  | -0.0032362069751997743841 |
831   | 0.0038981337568857678429  | 0.0076035502309207371116  | -0.0014671156304813389674 |
832   | 0.0054545443338130565961  | 0.0023116173854855282324  | -0.0099481230538901992827 |
833   | 0.0090603380532278711412  | 0.0048464118815242096527  | -0.0066514648491819792359 |
834   | 0.0047403183608333869167  | 0.0079143076046378820626  | -0.023189259587642917226  |
835   | 0.0075114602335141387665  | 0.0094615322597560568701  | -0.017471535560365153428  |
836   | 0.0098858550088858476029  | 0.0010980235854311829694  | -0.0099032419254884221371 |
837   | 0.0080989490910978682164  | 0.0026869940345798275574  | -0.0083772980646849831005 |
838   | 0.0065923988699516126652  | 0.0013535449727115349446  | -0.021181344210532401795  |
839   | 0.0067365700198231985227  | 0.0027062970926043272875  | -0.0031046914466638076378 |
840   | 0.0092218002511163278678  | 0.00051025387913442878367 | -0.0088035564395057951809 |
841   | 0.0064123412386254859119  | 0.0011661205687449869607  | 0.00044657575362665928673 |
842   | 0.0028959222510405867486  | 0.0065676737442944208012  | -0.0031484869078357282865 |
843   | 0.0065768004456017766651  | 0.0073529980863658184892  | -0.018232446818549467166  |
844   | 0.0038266725707152733638  | 0.0012379452283460767002  | -0.013487859367807487204  |
845   | 0.009653210073267843791   | 0.0025041558031171987087  | -0.00049448961587978085101 |
846   | 0.0086279574430685023606  | 0.0022905037140276860927  | -0.0072649500156425021041 |
847   | 0.0092508850090213621403  | 0.0074760995278362841684  | -0.010142189944351443637  |
848   | 0.0043857589434256900179  | 0.0015324034504663841365  | -0.0010248311946188645629 |
849   | 0.0062851439588711864245  | 0.0051408867044224629619  | -0.00052918675307105729391 |
850   | 0.0040964764379477387746  | 0.0035719470424446678018  | -0.011880209089464724773  |
851   | 0.0050212790934258157149  | 0.0067532912403641259802  | -0.023099401340443991015  |
852   | 0.0051614347050151299437  | 0.0088284278806939255752  | -0.015021046757391999515  |
853   | 0.009284329133489538019   | 0.0031689003161765511886  | -0.016519798362124877428  |
854   | 0.0079675097387574746882  | 0.0093157222982341320733  | -0.0069260372561980917266 |
855   | 0.00014849447192148731273 | 0.0037210486321523979399  | -0.0021948087430102981681 |
856   | 0.009844717753526115861   | 0.0031402298858128193867  | -0.0051959559222502019193 |
857   | 0.008202645525672623214   | 0.0076353942806411329372  | -0.018656142917567255374  |
858   | 0.005486549253789631958   | 0.0030771378067869612112  | -0.0081497098293474880271 |
859   | 0.0020275659749175835647  | 0.0053616672320567458632  | -0.014862843343278583225  |
860   | 0.007735955668669555578   | 0.00075193433499779784024 | -0.0077652223484470008635 |
861   | 0.0011542346041388989227  | 0.0024245694699262395309  | -0.016554021484062160507  |
862   | 0.0088394941592406031661  | 0.00068913394046271104782 | -0.024211085854612471313  |
863   | 0.0011615202856657773616  | 0.0073099493252477077201  | -0.0042077936414389180766 |
864   | 0.0038513454627390748645  | 0.0045101418770215296813  | -0.01083314797038982015   |
865   | 0.0057733375105397943816  | 0.004236991409818074289   | -0.00372659408125629657   |
866   | 0.0053444917577735260444  | 0.0096616913587913837852  | -0.010164093960211733822  |
867   | 0.0049805688087470618292  | 0.0057880277437392969875  | -0.02127499127996588385   |
868   | 0.0069118494506607893596  | 0.00784044725151702461    | -0.0098523584654369444902 |
869   | 0.0036923683046219970237  | 0.0049607755244800086358  | -0.020163886092011796408  |
870   | 0.00018314669294025343353 | 0.0037558214442319562409  | 0.00010049251478715098959 |
871   | 0.0081379599115702604128  | 0.0017690936770665877022  | -0.024934634635542431841  |
872   | 0.0039744166721466826428  | 0.0022589922698311418366  | -0.025569255965464419283  |
873   | 0.007739085035860716888   | 0.0034486124538979463436  | -0.024067536395890858775  |
874   | 0.0058264122017241291515  | 0.0014129077182860484002  | -0.0016840506986744629894 |
875   | 0.0064578820703492453847  | 0.0064363942268633369398  | -0.015476484945617499656  |
876   | 0.0045109097107973762653  | 0.0015948658552980023422  | -0.0069728068365351413005 |
877   | 0.0011281941785294569581  | 0.0052994996791870235125  | -0.010283768299036308291  |
878   | 0.00041237550564024363225 | 0.0034353197359995087806  | -0.027597287454975302085  |
879   | 0.0055956400436295763295  | 0.00804214360536612341    | -0.0098569698390192708737 |
880   | 0.0061516884273537849465  | 0.0055600329271816842022  | -0.008157545210020608964  |
881   | 0.0043079867247746393699  | 0.0044944086109166992565  | -0.014431578212057243754  |
882   | 0.005475500838133032927   | 0.0059520134156201580031  | -0.016367571626760602649  |
883   | 0.0074799852288169278378  | 0.0054506165640106265385  | -0.0072522862025895980242 |
884   | 0.008155758255107944249   | 0.0093286983100212758635  | -0.023197523138710589297  |
885   | 0.0095405853276789368     | 0.0014631888198214284408  | -0.013481331606773722456  |
886   | 0.0044413679032858591894  | 0.0051016680779532325857  | -0.0076651699217264212052 |
887   | 0.0024776596600089868111  | 0.0016614584732232045346  | -0.02466682939192152077   |
888   | 0.0078253986585998264874  | 0.0030712530768577475139  | -0.016588866477823500239  |
889   | 0.0036782601475513097486  | 0.0096518551782592502258  | -0.021307277835669054256  |
890   | 0.0054469325075334924791  | 0.0070754214284167813581  | -0.026678426987837348255  |
891   | 0.0039238269785870092191  | 0.0063749528533651048448  | -0.0039785331644833698758 |
892   | 0.0057564261759566210525  | 0.0090901508153649491356  | -0.010883623709449086539  |
893   | 0.0062372148027820366323  | 0.0048721105000971353868  | -0.010365557438319064273  |
894   | 0.0066119540946575619186  | 0.0048290882363904033894  | -0.0013894082605874318037 |
895   | 0.0045470097379442988433  | 0.0075646748568767704576  | -0.012095150656091936681  |
896   | 0.0021834880726975258725  | 0.0014884315129958306228  | -0.024552002884318427367  |
897   | 0.0090564425604390767083  | 0.00035249014195201335735 | -0.017900101735817793708  |
898   | 0.0023497540582132960679  | 0.0042467189584944114653  | -0.026642031344054663278  |
899   | 0.0019068272978085907664  | 0.0040435613872980150432  | -0.017279141269805897707  |
900   | 0.0051653374801895954316  | 0.0084106060970590892228  | -0.02094079785592438403   |
901   | 0.0051009867776417774227  | 0.0071887573122983317725  | -0.021316105713067891314  |
902   | 0.0052449386969378297002  | 0.0010276541342863943114  | -0.0095881990557652972684 |
903   | 0.0061781354775509436314  | 0.0070012132873298023664  | -0.0086903492471637217714 |
904   | 0.0037885073881113893665  | 0.0093491280839398376717  | -0.024348117372010202875  |
905   | 0.0072718032904885649206  | 0.0065860197157614356125  | -0.016430282585230673864  |
906   | 0.0079521559169335089695  | 0.0039589623111566437513  | -0.024218796690507696928  |
907   | 0.0036961738824512853016  | 0.0085896206014270098245  | -0.0010755780591597198688 |
908   | 0.0032208646988538861509  | 0.0048013669021224839734  | 0.00081390468824934212623 |
909   | 0.0065499756520801134113  | 0.0030350650167349645277  | -0.0007104718048772517159 |
910   | 0.00318544747803040703    | 0.0068070709857667895115  | -0.009328377266866050635  |
911   | 0.0097107491026926628236  | 0.0084134796899801751746  | -0.0036628074629066211497 |
912   | 0.008851029249176429331   | 0.004404986492871845391   | -0.0017885514053403411393 |
913   | 0.0060083215451815765937  | 0.0050258235689031038884  | -6.5054737059139678031e-05 |
914   | 0.0027578380319713486149  | 0.0041323227495297411294  | -0.013131797841625131307  |
915   | 0.0043325051981869438025  | 0.0034009924733241600654  | -0.022232015557659485366  |
916   | 0.00047970032068265860102 | 0.0035353007570129465868  | -0.027111588136136621774  |
917   | 0.0029691224608406831427  | 0.00050826745209732210763 | -0.022899763461943542509  |
918   | 0.002731481176212339438   | 0.0033394354011403496428  | -0.0031789687584337970004 |
919   | 0.0020544355198420394953  | 0.0071704494113384248735  | -0.027456389536604227514  |
920   | 0.0085392271149454905543  | 0.009256082546617375173   | -0.0093837853375984027482 |
921   | 0.003333908038143309268   | 0.0037477699323672001262  | -0.0033176368151205072252 |
922   | 0.005812305998056693096   | 0.0029498387174184017949  | -0.0095046717722287888536 |
923   | 0.0056565740425235716202  | 0.0077452999098275594064  | -0.008783975367307956042  |
924   | 0.00078593145970705358648 | 0.0075533310717699735787  | -0.010248827539580219331  |
925   | 0.0038332300819578103007  | 0.0038716515332115385498  | -0.025074532142480485813  |
926   | 0.0064617667001356723921  | 0.0011738338625174300853  | -0.027809300686654051665  |
927   | 0.0014208990789352248831  | 0.0067263171080738743887  | -0.0097472611471359476426 |
928   | 0.0041282647974939558344  | 0.0092075807659626422025  | -0.011673027025726638584  |
929   | 0.0074248746188364609516  | 0.0066670398772439342164  | 0.00076754885151405962546 |
930   | 0.0062789925582774526458  | 0.004141387158343565536   | -0.0067268279908197252046 |
931   | 0.004870696579326909241   | 0.00181629222700917985    | -0.023747701713790581729  |
932   | 0.0085509175829699256982  | 0.0053650390859734976845  | -0.0055026899604499208279 |
933   | 0.00057387174607030221225 | 0.0042091066048273086814  | -0.0061586356926237734166 |
934   | 0.0033009843936855918015  | 0.0073333111051874684538  | -0.01733020182976145046   |
935   | 0.0025417985681731067142  | 0.0072145949518780940965  | -0.022069837687594389547  |
936   | 0.0029302069856893733085  | 0.0024949722718181524365  | -0.024402002325886851253  |
937   | 0.0030944487381891353298  | 0.0062295448235498351516  | -0.024082220650790440303  |
938   | 0.0062006858636446168104  | 0.0026474799449636419492  | -0.020045431156277153384  |
939   | 0.0053188662544786952796  | 0.0036882870657062982039  | -0.0037486167617692854256 |
940   | 9.2562415115664769096e-05 | 0.00024300128441110587234 | -0.024718586352573214404  |
941   | 0.00070773402186697774875 | 0.0038490626188511321143  | -0.00052541804444086899744 |
942   | 0.0018007221455676940096  | 0.0033526026114405870632  | -0.012925027116442231248  |
943   | 0.0061518449414850635837  | 0.0082929415898011626246  | -0.0021427242135545359648 |
944   | 0.0092430358304802732322  | 0.0072769470039263676672  | -0.022442018330405627546  |
945   | 0.00092196998810268487347 | 0.0070971991125172891046  | -0.008586133682382951493  |
946   | 0.0074513253894462330371  | 0.004680499242542435212   | -0.026817640316065999989  |
947   | 0.0083752754669942711119  | 0.0074929017818651487415  | -0.0044824388417691058556 |
948   | 0.0080670653986599245161  | 0.0066696915866919122273  | -0.022818538880131619684  |
949   | 0.0061326715361877080779  | 0.00062237262357447802053 | -0.021815707083166515495  |
950   | 0.005655311398905593992   | 0.00858938003025970509    | -0.016848564044228193926  |
951   | 0.0038856952796343896366  | 0.0057750443468396178009  | -0.0053287377557489842839 |
952   | 0.00023351578628407897338 | 0.0067656909129328018232  | -0.021895885198445510372  |
953   | 0.0078128112360669708936  | 0.0064550655288722648406  | -0.027318145783417176892  |
954   | 0.0027034331435599181712  | 0.0016063796272043899972  | -0.01101120430966562487   |
955   | 0.0035043754632407371138  | 0.00034571913205519097523 | -0.0095655052512136351517 |
956   | 0.006254787112338212017   | 0.00313954876190799528    | -0.014260043571112034425  |
957   | 0.0070427248763186038258  | 0.0054183881659089485824  | -0.018064865437769160594  |
958   | 0.0063989058334874239151  | 0.0087875359716648206165  | -0.013759016098064803454  |
959   | 0.0020377917315934509189  | 0.0097210663553148092542  | -0.013756073252712447061  |
960   | 0.0035552542376384829899  | 0.0047868809307807609274  | -0.0077755577495111395658 |
961   | 0.003271064735248639492   | 0.0074218560271794731947  | -0.022016940113522669165  |
962   | 0.0071512552355169449469  | 0.0042459256982155541699  | -0.013221655396410842212  |
963   | 0.0061527893261166238109  | 4.3143430363095377036e-05 | -0.020680574264163854165  |
964   | 0.0040795994265037868742  | 0.0066439068008469302079  | -0.011995142173074398867  |
965   | 0.00038791734562997504544 | 0.009020109254646637223   | -0.025178975707239131115  |
966   | 0.0074574946616544233666  | 0.010002634935495071863   | -0.009824511114666117928  |
967   | 0.0030767441217357388572  | 0.0055071558642103808981  | -0.019808624687803789988  |
968   | 0.00472320351073662794    | 0.0017105157052642778765  | -0.0021404317975111781212 |
969   | 0.0063611203765250312614  | 0.0016899044057849174887  | -0.026485138380508803368  |
970   | 0.003148544461381387171   | 0.0032051560343538559351  | -0.011363831256735047737  |
971   | 0.0088123528418117512417  | 0.0071174859277557938481  | -0.019650006889252318726  |
972   | 0.007184642304414984304   | 0.0072163524229249820241  | -0.017146387260308336431  |
973   | 0.0055360202482295324186  | 8.1666739517927824997e-05 | -0.01279861112281056347   |
974   | 0.0069503460761787582214  | 0.0025609395927099153599  | -0.024664940079822228469  |
975   | 0.0012145203911170759752  | 0.0034441599111364054955  | -0.011526676414774120888  |
976   | 0.0021407953935216050834  | 0.0074188397035879379005  | -0.00043214673556235511749 |
977   | 0.0065875319131714956539  | 0.00849206190600356077    | -0.0071162957502456120756 |
978   | 0.0063936921782867597863  | 0.0049416711738710416071  | -0.014665578257394108058  |
979   | 0.0083763193697182006248  | 0.0014123494202904005989  | -0.027303798119590615839  |
980   | 0.0042563641701367721862  | 0.006400291030871344336   | -0.020781797531301170884  |
981   | 0.0094826316509266581067  | 0.0016737604133243151432  | -0.022775991475822224275  |
982   | 0.00046327753201363307484 | 0.0068271958410086736047  | -0.0073899075759957860363 |
983   | 0.0046906925595534831874  | 0.0070740567724043926234  | -0.01985696566571464039   |
984   | 0.0041896899947732576044  | 0.0059077353109073032708  | -0.021236531721177235449  |
985   | 0.0097218123911343243965  | 0.0015110526002711465159  | -0.021675591680775010278  |
986   | 0.0012371344171296628188  | 0.0057372324028942944113  | -0.027680729912110825508  |
987   | 0.0066636848043713694384  | 0.0059871757651278100301  | -0.020352097574695755811  |
988   | 0.0038581644250282594137  | 0.0091630181808826146467  | -0.0042067118249617682993 |
989   | 0.0017986396398243411753  | 0.002577563739536906269   | -0.023682845900458028565  |
990   | 0.0051085923786240898872  | 0.0042493973773286841666  | -0.016078819984246223856  |
991   | 0.00081258727891135552283 | 0.0099798400162600161417  | -0.025454147083864422235  |
992   | 0.0022069012022876812254  | 0.0098481585743229425878  | -0.00050634805473131626503 |
993   | 0.0016180475101875266188  | 0.0012887298050726582379  | -0.0019678932135321468982 |
994   | 0.008720013120708408963   | 0.0046687532515037148684  | -0.0097723334527164036623 |
995   | 0.00039481168109713139693 | 0.00095228228808151755853 | -0.017300144824938072652  |
996   | 0.0077990800797566586441  | 0.0099632586749389944608  | -0.018009971878192684858  |
997   | 0.0056932334608195654668  | 0.0091486642243508043554  | -0.0018008099686249771053 |
998   | 0.0084309075549706020969  | 0.0036019911550271236506  | -0.013364041093734509852  |
999   | 0.0034571858129589516651  | 0.0024964567957482309592  | -0.0049424260949054209593 |
