N			X			Y			Z
0     | 0.0057483926910000451155  | 0.0097601148133437069104  | -0.0099004504007855365783 |
1     | 0.0048003303135934552448  | 0.0090641347264084088514  | -0.0067178363417083062151 |
2     | 0.0030379835646857978639  | 0.0067390447822293936958  | -0.017993914355959175072  |
3     | 0.003700419973134935845   | 0.00099501858575554527099 | -0.021462414980668725883  |
4     | 0.0047432309180419707575  | 0.001477405563665074896   | 0.00088379808820923579787 |
5     | 0.0066007188267396465706  | 0.0010371935650408164922  | -0.0084806956799355921045 |
6     | 0.0032228894260842898614  | 0.0079535615874783485713  | -0.026492215998593166004  |
7     | 0.0059530398057482660987  | 0.0015838038853230526626  | -0.030203862963505790501  |
8     | 0.00084880493264844814917 | 0.0071693101232183321578  | -0.0093362744879523420355 |
9     | 0.0035618865466282350826  | 0.00072479741017129689033 | -0.01979778620405158937   |
10    | 0.0077832956850634555865  | 0.0030224067608663409031  | -0.0049585186516920469815 |
11    | 0.0044802232831601205426  | 0.0082132390806479594475  | -0.018115504460217601163  |
12    | 0.0030888840093168125865  | 0.0036926765570473676394  | -0.030919064818042511777  |
13    | 0.008626566053057175415   | 0.0069962666803372198371  | -0.01782681061838899822   |
14    | 0.0058600472055974576341  | 0.0094054472578381422693  | -0.0070815431741798910356 |
15    | 0.0039879350608629038702  | 0.0064733286483610961298  | -0.015908296921649252298  |
16    | 0.003254318849168607794   | 0.0084094675215175204719  | -0.0074887712324575089404 |
17    | 0.0014746295053886220982  | 0.0088974248719804905489  | -0.021927540842550916761  |
18    | 0.0046044399374509476994  | 0.0097766976017457322273  | -0.023224929284527500578  |
19    | 0.0065117675325019191979  | 0.00078270691395732712101 | -0.020200703943486962577  |
20    | 0.0041826142739624120812  | 0.0032049936383602229198  | -0.023657331691249259414  |
21    | 0.0084480154346210974831  | 0.0047992369946713601611  | -0.01450628497616431381   |
22    | 0.0062243820039657431903  | 0.0018331265717898166927  | -0.010653599988009044078  |
23    | 0.0059803038133386145214  | 0.0065590744114209093008  | -0.023032306834057391515  |
24    | 0.0079327276467632337753  | 0.0007710046175299757696  | -0.0027559389450582060486 |
25    | 0.0076203386210086610994  | 0.0018190465677432989325  | -0.004203099807137594679  |
26    | 0.0029287419784589574165  | 0.0091610624374929335717  | -0.013273437773390064573  |
27    | 0.0029321782071159300034  | 0.0046487299017914660362  | -0.022179466008197312732  |
28    | 0.0052740907001883486488  | 0.0073059213906106236502  | -0.028102321294459942091  |
29    | 0.0044148077899620538633  | 0.0032615510263147621216  | -0.02427495580305963005   |
30    | 0.0054041555156334403556  | 0.0019556327054888003082  | -0.023479608899526396848  |
31    | 0.0040762611671618150661  | 0.0024363768753631249477  | -0.022802116132107828894  |
32    | 0.0027896289913679449268  | 0.0054758395021873062028  | -0.015504095149451422447  |
33    | 0.0019557806350547018125  | 0.0091467060703109906439  | -0.0059322035282373345583 |
34    | 0.0036223046950102058723  | 0.008130245723784252504   | -0.0045456743531035372768 |
35    | 0.00094933085687481726881 | 0.0055687588099269502012  | -0.025511050144064979089  |
36    | 0.0093544115644199447857  | 0.0096976588552058137771  | -0.022165633479938176564  |
37    | 0.00017153442726238398927 | 0.0054843627070539574878  | -0.027041027280539614575  |
38    | 0.0060622777508651803924  | 0.0067873617954541257472  | -0.022214322786338214916  |
39    | 0.00074769542537780062704 | 0.0031956554636457770897  | -0.027168767606802122355  |
40    | 0.0060312523008040352934  | 0.0032590554404162714458  | -0.026086945472921591049  |
41    | 0.0077255158554922903624  | 0.0044139374570469737738  | -0.018293380976267661908  |
42    | 0.0066902673360202842556  | 0.0093239767041107257661  | -0.0066540945720658739929 |
43    | 0.00053962974525892132716 | 0.0030080022935041455384  | -0.0082940431239899425203 |
44    | 0.0023568769624014379929  | 0.0065933095452147053028  | -0.0074772808699379153183 |
45    | 0.00060881003686646256723 | 0.0026455186500004453098  | -0.021108285501739706275  |
46    | 0.0035422614749491903273  | 0.0016477769600152275715  | -0.011739316337215617916  |
47    | 0.0033867311739207593344  | 0.0031792541133537298957  | -0.010792517652389158056  |
48    | 0.0049161270766376928901  | 0.0079056670364698738984  | -0.0042590301575030865486 |
49    | 0.0036147603791211067523  | 0.0060434736538351289947  | -0.021215678681354668833  |
50    | 0.0044985875891260474965  | 0.0069803758490442572443  | -0.026248578826745361248  |
51    | 0.00076501588592112331963 | 0.006579512202904485782   | -0.016789177021319767746  |
52    | 0.0036198797696514036989  | 0.005335246016000051196   | -0.014151363590534883283  |
53    | 0.0088755766487312141855  | 0.0081253076240893028215  | -0.022604479482356627101  |
54    | 0.001631442351966431786   | 0.0057703068262710986366  | -0.012292959106966512908  |
55    | 0.0054028759888699231378  | 0.0089010714556986888363  | -0.008806535809113660504  |
56    | 0.0087103832620049909813  | 0.003791385037045224074   | -0.020055600141673273623  |
57    | 0.0029611866819789752284  | 0.0084395231753196294638  | -0.0059993996748866481802 |
58    | 0.0018916558692734753658  | 0.0093518537362474538771  | -0.018735292897619635483  |
59    | 0.0053605724025627176157  | 0.0076776442544981525484  | -0.027618081450522462272  |
60    | 0.0052535974142643212387  | 0.00011930737949002722666 | -0.023224608756962448336  |
61    | 0.0076428037383878414182  | 0.0062153688732112313819  | 0.00031233778296738405784 |
62    | 0.0069670056741916973342  | 0.0071903235490894789467  | -0.021550490537956285692  |
63    | 0.0082951155392705002573  | 0.0099295315820809339213  | -0.0022892502592041152551 |
64    | 0.0071190685618191884912  | 0.0073036236055865171035  | -0.011471231882104601305  |
65    | 0.0065100930372454556341  | 0.0085350129216033073648  | -0.021584893173148909234  |
66    | 0.0019520259509628644715  | 0.0064592373632025336383  | -0.029139901036012015589  |
67    | 0.0057558962281428916602  | 0.0027906411496555973313  | -0.015640634261662476889  |
68    | 0.0017669777556521435932  | 0.0075111581632691729049  | -0.0077402636386889791392 |
69    | 0.0013472942388784530082  | 0.0059228478722359954173  | -0.016546004858348967864  |
70    | 0.008839477648605315388   | 0.0051200683110867737172  | -0.0065637228418960850973 |
71    | 0.0090530114270413325483  | 0.0075032321334566332016  | -0.026612272271521447004  |
72    | 0.0068001306290618665495  | 0.0082560666690915766874  | -0.0098776875043712856345 |
73    | 0.0021747870637646962884  | 0.0035426922250325200252  | -0.024123045038476658569  |
74    | 0.0041304271653102983194  | 0.0066034596413111230212  | -0.012213179490513911829  |
75    | 0.0073020788216799645612  | 0.00052940028324145065909 | -0.028745575573746628972  |
76    | 0.0060227326264543573978  | 0.0015911432697295298851  | -0.0081106224312313818237 |
77    | 0.0044674229315012185804  | 0.0047456106065602290597  | -0.0027156235139038338924 |
78    | 0.0054754682169372917433  | 0.0044556376477247281592  | -0.011142638109725867129  |
79    | 0.004188876813653569231   | 0.0067764920990193008507  | -0.019455217019713408333  |
80    | 0.0016923481743798931068  | 0.0040919808497161449384  | 0.00040986892750169336835 |
81    | 0.007886936014151470567   | 0.0014194493651260152878  | -0.0061464769632322878781 |
82    | 0.0069122670732157821122  | 0.0047726999825996102231  | -0.028449423254673773115  |
83    | 0.0051641746074874844696  | 0.006907971408624475132   | -0.0065892920096386736056 |
84    | 0.0096275562671343569571  | 0.0021550423008570643302  | -0.0065494988741813496558 |
85    | 0.0028440409391502908913  | 0.00036547469292321974315 | -0.015907169387917485109  |
86    | 0.0017519833354938925754  | 0.0048258268318774402705  | -0.015587867591300574518  |
87    | 0.0036721331301174660149  | 0.0067814809624492976628  | -0.03117044671167668729   |
88    | 0.0060151107446438497814  | 0.00072573093673459229767 | -0.0082724175957993410779 |
89    | 0.009336520229580452801   | 0.0070692126349921943079  | -0.018399942841025706403  |
90    | 0.0040910801991098063105  | 0.0062126375596589893113  | -0.027086593223436532252  |
91    | 0.0049443190220440592572  | 0.002451847438610178613   | -0.014128939293758177587  |
92    | 0.0082601562970249439721  | 0.0073772482353240643668  | -0.0066394219350037727082 |
93    | 0.0009114136249671994346  | 0.0074826303207079329638  | -0.0089050841103708571617 |
94    | 0.0052666792205226546295  | 0.0076348422557780907388  | -0.029063308850408899053  |
95    | 0.00455485334518820114    | 0.0096545850116778186845  | -0.012846344178134527086  |
96    | 0.0013846869683341799743  | 0.009797362850108253321   | -0.0049151719860216639205 |
97    | 0.0056323085102689138606  | 0.0049284639773097462662  | -0.003383778161512762412  |
98    | 0.0099640335095808520854  | 0.0050762392766778670003  | -0.030006111578105367638  |
99    | 0.0044842240397732525958  | 0.0072968221982885233048  | -0.00033931900093973508745 |
100   | 0.0098245740506938735587  | 0.0048393240572650189982  | -0.022623176348374084838  |
101   | 0.0063449629549927454714  | 0.0069221145190168989481  | -0.019108307313123972654  |
102   | 0.0060319425518972841563  | 0.0056167287613935875865  | -0.019781373222793718902  |
103   | 0.00012373336052011967403 | 0.0084156369761935207602  | -0.0097680482291258290822 |
104   | 0.0031947946432346954748  | 0.0077464488126066776558  | -0.01104759101196010028   |
105   | 0.0086212888261327433326  | 0.0066792911382748329507  | -0.014845922641650795976  |
106   | 0.0041028128020131632986  | 0.0084147192168840413001  | -0.030710596027049931467  |
107   | 0.0081030254717725930247  | 0.0066067781397304179911  | -0.025975158974819518437  |
108   | 0.0066817360857692655735  | 0.0092368592040339841942  | -0.030712727019532606865  |
109   | 0.00060088111630092174223 | 0.0035164574364176808159  | -0.0095111840599967408666 |
110   | 0.0040262593178990923812  | 0.0037351498666749515312  | -0.023112637616443158783  |
111   | 0.0065531490107924739857  | 0.0036981206728315700258  | -0.016656333618641362693  |
112   | 0.008900894737982873936   | 0.008362783484647072843   | -0.0018622086053924926091 |
113   | 0.0069627902981344962086  | 0.0044062185900146924253  | -0.0021404843132228680049 |
114   | 0.0085686544707204177068  | 0.0078247508716289687625  | -0.0072232446079108190984 |
115   | 0.0016844521670251928498  | 0.0022252343855558086132  | -0.014300820175069152429  |
116   | 0.0033782521349370107748  | 7.5238618705389975991e-06 | -0.025252871785180180941  |
117   | 0.0086952560964854569425  | 0.0035229062327211714545  | -0.0070181400083233896892 |
118   | 0.0053557109643474626326  | 0.0043463888580222405714  | -0.0049855619838836545687 |
119   | 0.0064929936167689291868  | 0.0026589524732890386198  | -0.024271990509385006629  |
120   | 0.0024782469338345460702  | 0.0033209360374418959647  | -0.0265987535649374017    |
121   | 0.004837971932297373788   | 0.0015475897018953454869  | -0.028409390339964368799  |
122   | 0.0096686710825513721979  | 0.0074754857975020093386  | -0.0083038692812900626039 |
123   | 0.0031297850694661532613  | 0.0024761719511930038035  | -0.021803689656619905379  |
124   | 0.0038339147995615613894  | 0.0065163860310915424148  | -0.014407102324773369412  |
125   | 0.0065488460938199783562  | 0.0086654950369928745307  | -0.0070382365874067697245 |
126   | 0.0081922632151062504957  | 0.0069078616504183523728  | -0.015175145621531145254  |
127   | 0.0023075718195250962371  | 0.0073446811230354694389  | -0.0096860820029342591109 |
128   | 0.0042142884398839305579  | 0.0016664149807965099401  | -0.028735426839603506188  |
129   | 0.0097183061229354390786  | 0.0061110403576857428784  | -0.00054737264052831372842 |
130   | 0.0058917027750313190337  | 0.0068725618975531300309  | -0.002531185904651022528  |
131   | 0.0036993517964268142831  | 0.0053798338010266136267  | -0.031577398139968598789  |
132   | 0.0042065741845256588924  | 0.0031141160058055132945  | -0.010809391340419232524  |
133   | 0.00344974418422226356    | 0.0034106320199276305392  | -0.020948864204089426982  |
134   | 0.0075947817579857714726  | 0.0079247382514025261485  | -0.025997785367836919596  |
135   | 0.0037093395358978940683  | 0.0061002281245007361835  | -0.022962029978846540401  |
136   | 0.0042359304063668947252  | 0.0062150970770487503486  | -0.024097014187785491951  |
137   | 0.0055970921691333485118  | 0.0062279671242262959682  | -0.011353243853523695139  |
138   | 0.007279231174553670719   | 0.0048281664894862736173  | 0.00068282059649731898475 |
139   | 0.0062081615465461375755  | 0.00082302365285979908315 | -0.012911640745357189433  |
140   | 0.0061205407279083584235  | 0.0065526371480475716427  | -0.018388208380595221642  |
141   | 0.00054291119200008204539 | 0.0073997766911230193274  | -0.027670151597746165534  |
142   | 6.4605541598302903585e-05 | 0.0069423564498046945806  | -0.015328399192845381521  |
143   | 0.0034213089677149152203  | 0.00030545051014132872753 | -0.018965839658561786663  |
144   | 0.0096927317901387456678  | 0.0056401149098169534382  | -0.015799801280471592602  |
145   | 0.0069881582531576775033  | 0.0094597050182265302043  | -0.015289320089315362738  |
146   | 0.0052556714324987078082  | 0.0093219411134203896546  | -0.00048318355245136588878 |
147   | 0.00437291367988369966    | 0.00045559249330751592794 | -0.02239668966423048399   |
148   | 2.8689544663629864125e-05 | 0.0081472846764376674611  | -0.003372122641804994967  |
149   | 0.0016597622231289349895  | 0.0077944893324342762186  | -0.021156904819338046009  |
150   | 0.0041556915283553451379  | 0.0033001679021192058434  | -0.025605510122933848594  |
151   | 0.0040597755804240055755  | 0.0038271344996316674671  | -0.022866717548810679139  |
152   | 0.0074220029995807441578  | 0.0012987914907894842348  | -0.018038420661685677926  |
153   | 0.0075342926732720289992  | 0.0074441149806204372219  | -0.010119933093680187966  |
154   | 0.004297560977364561427   | 0.0082657524240102552004  | -0.012191882415246940372  |
155   | 0.0044631900106757689886  | 0.0010528902364729927823  | -0.0031184972504664735388 |
156   | 0.00086395992869205855743 | 0.0084691284935834842268  | -0.019224939593046878883  |
157   | 0.0055549257421843040855  | 0.00032241582698852637402 | -0.0024502639663102321853 |
158   | 0.0093714321604426997769  | 0.0036025175351219293658  | -0.018623920495456355167  |
159   | 0.0042011398794964353171  | 0.002806931961896754011   | -0.025539493721637624574  |
160   | 0.0037240523351801581992  | 0.00073113359792123609054 | -0.029616149482985281577  |
161   | 0.0053885214813982470691  | 0.0076737618947815685808  | -0.0095178483242118368246 |
162   | 0.0053552846770080807584  | 0.00026014199869173567541 | -0.0077701894026407187718 |
163   | 0.0050205003895009365014  | 0.00027369396745259528614 | -0.011564875755141449873  |
164   | 0.0040548351365781235001  | 0.00024079139612257703358 | -0.010984110111023908871  |
165   | 0.0063275416858008665111  | 0.0075450049204156084334  | -0.012546018119934625526  |
166   | 0.0074963617349409527105  | 0.007647139925798015353   | -0.027667467175444732802  |
167   | 0.0015677920004108795906  | 0.0098461227344207400553  | -0.01263039475252669859   |
168   | 0.00073853313632646605102 | 0.0058935228129643208589  | -0.0087600519870259570959 |
169   | 0.003908829073464733378   | 0.00017909344007275998598 | -0.0063997179103261539468 |
170   | 0.0099439335789830024526  | 0.0069403790103922911869  | -0.0096516842439523693742 |
171   | 0.0032282548398936609761  | 0.0077553159256995973098  | -0.026976144538426050784  |
172   | 0.0037086361572008521258  | 0.0040104149714020207937  | -0.0025194437560881479364 |
173   | 0.0042608498371894633003  | 0.00076458720051834558329 | -0.0062209674847148021398 |
174   | 0.0052670569004614666703  | 0.0013652197685811264579  | -0.012131658681421377682  |
175   | 0.0016620478621158438215  | 0.0076933115948679565294  | -0.031338109936203291384  |
176   | 0.0030278593818543492883  | 0.0078837468171456398514  | -0.017267529742952102828  |
177   | 0.0059879443079144311843  | 0.006258187453468887565   | -0.0056146494891628198273 |
178   | 0.0023985333042463143419  | 0.0075839259119930496969  | -0.015388188355288795472  |
179   | 0.0083643311869036028605  | 0.0096740694667857580341  | -0.02169221057425559096   |
180   | 0.0039109517905632617402  | 0.00058583374254842369554 | -0.012348080038098233763  |
181   | 0.0068204421560172220559  | 0.00887605501155234837    | -0.02258566772385856361   |
182   | 0.0083797460160753758224  | 0.0057831048330258486706  | -0.021540743410764662952  |
183   | 0.0048195093894279799132  | 0.0042283279822150805771  | -0.022321813935119363265  |
184   | 0.0029900980577404799934  | 0.0051154252948173812784  | -0.0080100609106531963505 |
185   | 0.00056310563862145405524 | 0.0028245989861650183488  | -0.027705596237942040072  |
186   | 0.0040528608865697647937  | 0.0060860479986799328328  | -0.02000309385194252304   |
187   | 0.0057527935370897667275  | 0.0067071264731964549966  | -0.0082351162471077689331 |
188   | 0.0055912570456180124903  | 0.00029649489099591372484 | -0.0055130479528441292056 |
189   | 0.0024606161445142730494  | 0.00073804312324677126284 | -0.018536086594395182608  |
190   | 0.0029073703082386614244  | 0.0051997002303654643596  | -0.0019562578692734981095 |
191   | 0.0025081264003302210751  | 0.00053328348675367920253 | -0.019292702265661699351  |
192   | 0.0025417077861243694142  | 0.00012196560694024407775 | -0.0094885618213700964607 |
193   | 0.0029677428381894633592  | 0.0050514992919303983512  | -0.015603322926113195879  |
194   | 0.0092913425163122335959  | 0.0029335955286117218824  | -0.010787109835947229428  |
195   | 0.0011342825628588930863  | 0.0027453942791879387859  | -0.0053361956654910886258 |
196   | 0.0063710392314040124873  | 0.0031120921460538984726  | -0.025054498213137654794  |
197   | 0.0046110512062550942924  | 0.0063843447960428307414  | -0.014660608068585951475  |
198   | 0.0088070731180429594198  | 0.004283240284919596387   | -0.021640092400399081607  |
199   | 0.0089220279368369282552  | 0.003873456919001139892   | -0.024809722520563935039  |
200   | 0.0033053083317074248397  | 0.0052600906580177377719  | -0.011212348399752816372  |
201   | 0.0028375125079812307978  | 0.0040933762068447844887  | -0.027194178480831322081  |
202   | 0.0040874608264776252781  | 0.0074685727950625233409  | -0.0051121791171235830831 |
203   | 0.0048888479050757981462  | 0.0087654857457632809337  | -0.023640387630398992241  |
204   | 0.0021961109440916423523  | 0.0031469357336093243399  | -0.023287196202493261332  |
205   | 0.0069027210442559319356  | 0.0019833823667503992609  | -0.031077265599464640872  |
206   | 0.0063045846155323197885  | 0.0048889070405722665283  | -0.010878953450964430963  |
207   | 0.0067763908341315452766  | 0.0047738997368450206138  | -0.01054863333264333472   |
208   | 0.0037261646914069795379  | 0.0091430849478081263615  | -0.017201884030821772836  |
209   | 0.0077747355475650736442  | 0.0078749562495116619959  | -0.016645482625635026064  |
210   | 0.0029363612037792792206  | 0.0047192305889094277732  | -0.0027906746554307317564 |
211   | 0.0031761422681041259937  | 0.00017675364716707213592 | -0.0077402691684029236927 |
212   | 0.0053565963314305487311  | 0.0056928143291042204721  | -0.0020708668969755569637 |
213   | 0.0069320023316561500681  | 0.00068255696015431875211 | -0.00031031120402372349776 |
214   | 0.0046006093019732470506  | 0.0050015414384156535801  | -0.024299719779795662944  |
215   | 9.884079194467014311e-05  | 0.0053422530744102591366  | -0.019708791943382764078  |
216   | 0.0095113473825415902757  | 0.009109332510633104743   | -0.02693676759114722874   |
217   | 0.0082836377279294007292  | 0.0081917239705854415915  | -0.024022306536796714932  |
218   | 0.00091779739133364336874 | 0.0069265353889028232967  | -0.010232379608233825932  |
219   | 0.0026879692545152839706  | 0.0045753574129118691413  | -0.029608915370101955566  |
220   | 0.0072656362615105352445  | 0.0062690326599391128087  | 0.00067821312951955468797 |
221   | 0.0069366626325618645568  | 0.0095431569946685165101  | -0.014001854367352468966  |
222   | 0.0052722514227431915151  | 0.0090354973720888978606  | -0.020058962947895775386  |
223   | 0.0031692650423858375643  | 0.00212353156917078267    | -0.017347528826230813881  |
224   | 0.0012270118755026658813  | 0.0075543844576072089955  | -0.022572875245585089649  |
225   | 0.0089182888200525726324  | 0.00037884949522557138414 | -0.015600720328007043614  |
226   | 0.002152894537379069443   | 0.0037878783244589850181  | 0.00065555018924939715587 |
227   | 0.0066101830733245655475  | 0.0041883887253296048919  | -0.0037522642483840641311 |
228   | 0.0066151860232741130016  | 0.0030306310725074043708  | -0.013920328934650293834  |
229   | 0.0044964974529072363613  | 0.0081471986565166531341  | -0.0091802696924628019587 |
230   | 0.0050783612099619263036  | 0.0010267335237210085605  | -0.02288505084079121496   |
231   | 5.6391937627497076867e-05 | 0.0061134032163497461707  | -0.020375298062611690159  |
232   | 0.0058335592370725294561  | 0.0077924111175549128083  | -0.0016305809129415289784 |
233   | 0.00040996445073905889069 | 0.0058644280422301764757  | -0.0269747684307587339    |
234   | 0.0050765068573207523112  | 0.0040613749655764534024  | -0.024177654774038867536  |
235   | 0.0015852778846996086644  | 0.0040581051883260268673  | -0.023358310207292030947  |
236   | 0.0036067026793262608672  | 0.0026465252551193182984  | -0.012901378583243923448  |
237   | 0.0035797042047463192502  | 0.0039942909295474096978  | -0.0017697796860428691851 |
238   | 0.0023563816608632077478  | 0.0058285734241269055583  | -0.0056534585042366195667 |
239   | 0.0098326365484159034686  | 0.0080252605882439494167  | -0.0043547903860781771168 |
240   | 0.0067575328120245050506  | 0.0095492616634028134465  | -0.030021451350365515459  |
241   | 0.0056006041518520217545  | 0.0087723372855379282143  | -0.0034648281536659645934 |
242   | 0.00079275707461657046304 | 0.0048839051051054469324  | -0.0096141847602800017264 |
243   | 0.002625559874000929321   | 0.0059117643048201820241  | -0.018797207979064645134  |
244   | 0.0070762658716119874319  | 0.0050912603265753997653  | -0.005775694860027423029  |
245   | 0.0050356185819122626854  | 0.0024965011784921619514  | -0.02933162123196221896   |
246   | 0.0098959142109442468915  | 0.00083696464909496911741 | -0.013179162902902542137  |
247   | 0.0056944418525775560361  | 0.0032003713595474929388  | -0.019393905688768163509  |
248   | 0.0097643659875394327174  | 0.0050982544831665657648  | -0.013287398799725184256  |
249   | 0.0066603265170303554282  | 0.0024641031640629308154  | -0.0093883579383922752953 |
250   | 0.0066585934634740941498  | 0.0054626690108531385584  | -0.0028193763463130838524 |
251   | 0.0043731241930072472721  | 0.0049509992081338402223  | -0.027529188412413214265  |
252   | 0.0072045549384766541939  | 0.0057592682738398263617  | -0.031855934849839152856  |
253   | 0.0048027170328670629879  | 0.0087827098654363073421  | -0.025171984713136554696  |
254   | 0.0023153367413259106841  | 0.0013235349203794153847  | -0.015346204330461431231  |
255   | 0.0017728935739759680949  | 0.004738109800328414549   | -0.0016598783087183029226 |
256   | 0.0047193739207058620425  | 0.0075825258466725260417  | -0.018576470141543025005  |
257   | 0.0020465150888540097063  | 0.0027064002526854024147  | -0.013995252796964292863  |
258   | 0.0033006238977454009469  | 0.0067806466244706873822  | -0.012733907277631940913  |
259   | 0.0064416889300879902336  | 0.0092746641711996865437  | -0.014484021550146724752  |
260   | 0.0042594915133127367324  | 0.00063380762523511673025 | -0.0079404009390872491714 |
261   | 0.0057131213021344223399  | 0.0068458360007234977593  | -0.031593961861473521258  |
262   | 0.0010540774624935504537  | 0.00016578891433988236412 | -0.018646533578027143369  |
263   | 0.0072588909863113065465  | 0.00071470208381849880189 | -0.025540379975457872669  |
264   | 0.0062315685716265358657  | 0.0017026393152933842149  | -0.00084077701689383335486 |
265   | 0.006581923095942703375   | 0.0064939495050414944646  | -0.016313946255607607305  |
266   | 0.0039843211730572151291  | 0.0033721203712399308756  | -0.026080722447104822542  |
267   | 0.00081523365877302599036 | 0.0031369084611653553531  | -0.016022027432245816714  |
268   | 0.0060572487472605072642  | 0.0064500761563247802771  | -0.0038225208096746652459 |
269   | 0.0037866599265440215732  | 0.0024505121008714970954  | -0.0049181212924071619763 |
270   | 0.0094427435353469958701  | 0.0046184306861697449129  | -0.014903709794995962518  |
271   | 0.0053254399788435552096  | 0.0091259901875645286357  | -0.00046090973735074395375 |
272   | 0.0056405862903463263591  | 0.0080026028676086838343  | -0.017298236324147266141  |
273   | 0.0036829277405001610915  | 0.0095510268552152603749  | -0.020151721547586272376  |
274   | 0.0061609055375173738672  | 0.0075506805748564989264  | -0.019674697617173254882  |
275   | 0.008953320916760506773   | 0.0052764985581059643469  | -0.006175162598672009201  |
276   | 0.008904527796262520084   | 0.0033948922973189351454  | -0.015405586157416087736  |
277   | 0.0022914971623132773804  | 0.0048614979853047468605  | 0.00050457463910149030067 |
278   | 0.0086348862634088065227  | 0.0047150871404186590896  | -0.012321452654815731251  |
279   | 0.0039946730721835939718  | 0.0042206638046315353777  | -0.0060970147181353519586 |
280   | 0.0090385657977082988629  | 0.0036884619943208661781  | -0.028730792510174435472  |
281   | 0.0043789715791224858091  | 0.007824202934588348271   | -0.014223770593108959678  |
282   | 0.0036855363223471972189  | 0.0012906947001834136353  | -0.02356558711795792363   |
283   | 0.0082412052351348054346  | 0.0057006347107162935392  | -0.024399936307681630715  |
284   | 0.0027686455752610598414  | 0.0044302540135446001265  | -0.026160535453364677783  |
285   | 0.0095887523077990647474  | 0.0060343013626730614488  | -0.0052782021118399228068 |
286   | 0.0013793024217000362207  | 0.0021122959202192845979  | -0.023506391655696831644  |
287   | 0.0019873306426251382585  | 0.0064207542529438428255  | -0.012640341196217760172  |
288   | 0.0023524163871072303542  | 0.0027855673181503221372  | 0.0002759949544389019363  |
289   | 0.0098984416502164822294  | 0.00016344432979118999195 | -0.026647023336944679339  |
290   | 0.0014867896447466042754  | 0.006499903756958650726   | -0.0074106409696788463556 |
291   | 1.3742365725821663458e-05 | 0.0012026574436988040316  | -0.015016543217563533413  |
292   | 0.0028457041829077285751  | 0.0045309689570419793211  | -0.00063134784630851001862 |
293   | 0.0095112895100493768941  | 0.00027181930734424485617 | -0.02260956070129942555   |
294   | 0.007807152208300470117   | 0.0073348707317865587119  | -0.0031147296876662339607 |
295   | 0.0025971852545003267475  | 0.0026206903599132681977  | -0.019262128829149148534  |
296   | 0.0072052268827090242692  | 0.0040205863059694689834  | -0.024797668034287963235  |
297   | 0.00087476869653617330032 | 0.0030067696973469877283  | -0.026923722182177464712  |
298   | 0.002211816082159094761   | 0.0048543388239643192258  | -0.029052815488066732058  |
299   | 0.00160952755539348763    | 0.0073020290854372673153  | -0.019755357542996797998  |
300   | 0.0044226274600789768077  | 0.0072387731739792862684  | -0.023385687449599051185  |
301   | 0.0014066556362357107452  | 0.0073573888887536690456  | -0.031549109160486962788  |
302   | 0.009603578363196129189   | 0.0020929558890810354317  | -0.029565327553141829836  |
303   | 0.0080077905317271613067  | 0.0051746349862732479719  | -0.024628940279348737058  |
304   | 0.0012729865855035430409  | 0.0058858747200771256713  | -0.013874607765637047424  |
305   | 0.0063257961708521213626  | 0.0072876124171197794246  | -0.025973511607803152768  |
306   | 0.0044508835824470845827  | 0.0026307173520019335421  | -0.023198358095114463701  |
307   | 0.00012177697714989854671 | 0.003634151975447203007   | -0.0073565192586401949304 |
308   | 0.0089418331781839482247  | 0.0049768187681949868292  | -0.0051179605848774116506 |
309   | 0.0061163189522415702462  | 0.0030163928258026368942  | -0.011550397391990385038  |
310   | 0.0096668781254100801664  | 0.0055343038977032112113  | -0.01237023907659031037   |
311   | 0.0087491164895129799883  | 0.0057304697697109323318  | -0.013392660882225716767  |
312   | 0.0070520441751746962972  | 0.0038308305318558097396  | -0.027313289414522927412  |
313   | 0.0069297608910409251581  | 0.0027587720161294719372  | -0.0053043073195964962618 |
314   | 0.0041843170767321127487  | 0.0068821215575454956076  | 0.00056574999302794973938 |
315   | 0.0098934464679336763665  | 0.0089175240688875289513  | -0.0089238378905211034747 |
316   | 0.005423419330525999435   | 0.0050109005031401202684  | -0.0061736761623391658849 |
317   | 0.0061298230973473788116  | 0.0018465051630828729651  | -0.031058167885587236595  |
318   | 0.0073802428760359334303  | 0.0052856196130664856794  | -0.0026615466737895843337 |
319   | 0.0024178291648336205227  | 0.0022797408047186664207  | -0.0045511557527055969408 |
320   | 0.0068275802263438678877  | 0.0044796447622013537554  | -0.031492991397749747762  |
321   | 0.0035832040747215887153  | 0.0029646922607264240661  | -0.012452994821471654804  |
322   | 0.0087620491370713152884  | 0.00025784134534777508954 | -0.0051053127312860645606 |
323   | 0.0050901179709832078055  | 0.001987695255251178527   | -0.007821798916190629905  |
324   | 0.0021914387179263342467  | 0.0044483861360094939519  | -0.015564691521628364057  |
325   | 0.0053929701906860168584  | 0.0018479836737356749796  | -0.021514485161427832766  |
326   | 0.0007898941418111583802  | 0.0049450116179700102578  | -0.011799913060431840503  |
327   | 0.003956502290332593666   | 0.0071267607647527882186  | -0.013640628232800789191  |
328   | 0.0099130059413712542926  | 0.0078625753194864998752  | -0.025462697003252886957  |
329   | 7.10727089502793415e-05   | 0.0064812329672093464336  | -0.012462077019589757124  |
330   | 0.0023466959456212542479  | 0.0030490566802096222103  | -0.0044191364932758383025 |
331   | 0.0064472665814743071802  | 0.0025748265101473515569  | -0.01414060133830988622   |
332   | 0.0058137062365079582651  | 0.0058934961909033242028  | -0.0037121137377485635862 |
333   | 0.00090726233181091743476 | 0.0072895331496523226023  | -0.018679948787020610179  |
334   | 0.00056298950293778447698 | 0.0037519830826380552204  | -0.014294671618637760924  |
335   | 0.0034392997890789010068  | 0.0096001164871649322108  | -0.00019630677555381012469 |
336   | 0.0087564611726100600314  | 0.0048068475020996695099  | -0.015664895690237157222  |
337   | 0.0024562623264544137039  | 0.0090170154328027881524  | -0.010314921070379791737  |
338   | 0.0086140451543823028102  | 0.0020263086059597425551  | -0.014914551142580121171  |
339   | 0.004615911640816009083   | 0.006247551559712904122   | -0.027042283613863241781  |
340   | 0.0044377548872394862248  | 0.005876592692754578455   | -0.0063559706120027764306 |
341   | 0.0043148959753050936464  | 0.008696897492022964346   | -0.024076384453114330064  |
342   | 0.0013960157040125414224  | 0.00096153298473562027159 | 1.1270028035242002224e-05 |
343   | 0.0017932829991459810041  | 0.0036339163692148544922  | -0.0054451148216951685346 |
344   | 0.0061028031661573564973  | 0.0074019034042396127451  | -0.0018633827348807732206 |
345   | 0.0051164042885845917308  | 0.00011327832385135725259 | -7.5576308281105446241e-05 |
346   | 0.0099395694903093908396  | 0.0078005081312264336335  | -0.017368078450229463422  |
347   | 0.0074423003394167150035  | 0.0056075470495670267507  | -0.024637480060580630586  |
348   | 0.0082764631272413523994  | 0.0023621264491442417466  | -0.016549896665029376758  |
349   | 0.0023713256521284411735  | 0.0021874755631810936969  | -0.017907737626219413091  |
350   | 0.0021912470279951824607  | 0.0036156283248869216899  | -0.011059677623220853793  |
351   | 0.0024280129890463749733  | 0.002663749383893136008   | -0.023802459685321169375  |
352   | 0.0030559334559491085903  | 0.003446428549283801681   | -0.016530163566223235461  |
353   | 0.0037803119773815725517  | 0.0044536290720840893131  | -0.0068777341548344507471 |
354   | 0.0067197939873255060211  | 0.00367255145266581675    | -0.011290869166899669684  |
355   | 0.0050514079814241172675  | 0.0042393522593059769152  | -0.0041591326993068861162 |
356   | 0.00033452550676087302413 | 0.0091237652378306378226  | -0.027074846862235522199  |
357   | 0.0041137192773761386069  | 0.0043500408817730151778  | -0.031689101379799466951  |
358   | 0.0046838751854220055451  | 0.0025880366396012623002  | -0.030476202446730427803  |
359   | 0.0094294855426376670421  | 0.0042387101019860443096  | -0.023891303474107783433  |
360   | 0.0065760045666912588999  | 0.00023335422949602395285 | -0.025033782356546678549  |
361   | 0.0036601111185704526818  | 0.0060555548951908731367  | -0.027497371737686349125  |
362   | 0.00070850382073764134501 | 0.0022489985653257804285  | -0.027203789391871409376  |
363   | 0.0071236458241226525631  | 0.0076969593689546417573  | -0.0010379416869155222002 |
364   | 0.0016678916316414660326  | 0.0043598080809508915623  | -0.016845931072686837204  |
365   | 0.00041679844583433414825 | 0.0074334740419960323304  | -0.0072291614298348200879 |
366   | 0.0020276596224956598517  | 0.0033006039041586390619  | -0.024980259178268349185  |
367   | 0.0070775380767014416106  | 0.0026382201083493400651  | -0.0038092639493620345306 |
368   | 0.0063993565397236946979  | 0.00012069971792697048116 | -0.0122982383980613421    |
369   | 0.0043243007874636972196  | 0.00068178775329392972589 | -0.027883986485295275681  |
370   | 0.0021845998944844398186  | 0.0043923063300466006278  | -0.011045356397079751989  |
371   | 0.0028550746376883734401  | 0.0054532573068038891345  | -0.0014020863071105408616 |
372   | 0.0035511049477039515788  | 0.0063334895138700050138  | -0.016928741651690736719  |
373   | 0.0076087832179151980785  | 0.0010917702616607971328  | -0.022336816845381714941  |
374   | 0.0076625948503941075651  | 0.0098559680128222880435  | -0.027675954734046895322  |
375   | 0.0058112813748758254326  | 0.0017314600271174256964  | -0.030573939348221751411  |
376   | 0.0092574180316632847382  | 0.0039078626551654104329  | -0.0031105805422716879989 |
377   | 0.0098973680963320553178  | 0.0053751344362831113624  | -0.014654895056786356247  |
378   | 0.0048260557770244605011  | 0.0092425992279703654553  | -0.011850422724750340683  |
379   | 0.0084498007718815191375  | 0.0022809553894439084203  | -0.00087258235034768565162 |
380   | 0.004385954909925743328   | 0.00036108382223011575201 | -0.027511657289529176801  |
381   | 0.0017999437206255854919  | 0.0045469039291147587967  | -0.017544036402499654098  |
382   | 0.0021225440130067515718  | 0.0070797978476445548937  | -0.020687798845776768364  |
383   | 0.00015365577029375599122 | 0.009052048223156436077   | -0.018915585466163602896  |
384   | 0.0076950235856268235646  | 0.0054716908104137530061  | -0.0081727516806778394143 |
385   | 0.008237446208508157619   | 0.001951983530015299461   | -0.026939544531728372434  |
386   | 0.0078431698710670540858  | 0.0082750193846283064125  | -0.030392792211452010487  |
387   | 0.0053250885908068560856  | 0.0038511251423516208899  | -0.017896010796358961803  |
388   | 0.0073902767695340522425  | 0.0053028343056615934517  | -0.00067890161431606891804 |
389   | 0.0067960355520370789931  | 0.0063199117344061254281  | -0.011760739496568946641  |
390   | 0.0045525713775499835126  | 0.0012312795788409515701  | -0.027220136745637692893  |
391   | 0.0055389916478238857347  | 0.0044024584629522040685  | -0.027043331238676384526  |
392   | 0.005268836213466763195   | 0.0038502348574736013596  | -0.031602414370081946537  |
393   | 0.0067491668890184422155  | 0.0093321299565188933767  | -0.025303499275761233422  |
394   | 0.00089164001451471882123 | 0.00404087347035350479    | -0.031050629377820819499  |
395   | 0.0066088742906372979075  | 0.0081004550186391400396  | -0.020378978762187235918  |
396   | 0.0074423200937109709394  | 0.0047608085943574660753  | -0.018575719553115901256  |
397   | 0.0038763836735825974236  | 0.0067710989444245044469  | -0.0013273789074234796075 |
398   | 0.0054137145184015370014  | 0.0068970125796503200383  | -0.0077188496994742214485 |
399   | 0.0029738276030701004359  | 0.0074997714920042174436  | -0.028270640286374635469  |
400   | 0.00083391294088473548723 | 0.0082471807900673672204  | -0.008305260518549751822  |
401   | 0.0050701601013846148841  | 0.0048362698086382273702  | -0.028137056888576372771  |
402   | 0.0021036161757297610307  | 0.001658440289229212803   | -0.0018428521931257773811 |
403   | 0.004637687696134997449   | 0.0099995243628846538358  | -0.0093619062255152138419 |
404   | 0.0061441176915138983813  | 0.00036894627118405349912 | -0.017343446992522149747  |
405   | 0.0094390331461831535748  | 0.0046466470074726928807  | -0.026525045252100191984  |
406   | 0.0099181475204604963025  | 0.0061036302131655716455  | -0.0164959881073900895    |
407   | 0.0096492693149864521007  | 0.0087975706864854754524  | -0.003487929993326299976  |
408   | 0.002716527373903159133   | 0.0078112359536379591049  | -0.0094409973525155753415 |
409   | 0.0038530889208645861463  | 0.0017401183594816891243  | -0.021263697435919076684  |
410   | 0.0013881996552878785468  | 0.0028864147622626023376  | -0.00054666762518585450444 |
411   | 0.0076805840727465898507  | 0.0039401883152339533742  | -0.023062143597276645035  |
412   | 0.0038398255783131090418  | 0.000941131273729215183   | -0.02090384298640146632   |
413   | 0.0025788185209529483968  | 0.0063358060347543411484  | -0.031776353864894191226  |
414   | 0.0027521621115634276045  | 0.0014343924475176299867  | -0.028160834225187888341  |
415   | 0.0027541375549178610457  | 0.009422956026139718555   | -0.0088765107798028618225 |
416   | 0.0051894080642334167175  | 0.0056574197877316536806  | -0.0015141867263170172113 |
417   | 0.0073611973790567858389  | 0.002222534911886571863   | -0.0083838443046489047328 |
418   | 0.0074192121731631076667  | 0.0081003081237607105214  | -0.016006345535275703917  |
419   | 0.0099681919032036016975  | 0.0067661033957048472356  | -0.03081169197088731368   |
420   | 0.0064228985624562810047  | 0.0087583081536956892271  | -0.0276161610252503055    |
421   | 0.0058033946165402085574  | 0.0093108189748231373617  | -0.0016791781798920859571 |
422   | 0.0024245491264256705151  | 0.00069591285193031831094 | -0.0005298033316760256432 |
423   | 0.0051123858213909384451  | 0.007714675448240922509   | -0.01861145857027967157   |
424   | 0.00037812787643695487802 | 0.0078213456778882840814  | -0.0062782616011152056132 |
425   | 0.0063991819242898810571  | 0.0041304204754784249604  | -0.028504555846109270317  |
426   | 0.0043209662201809922316  | 0.0094195245133210300792  | -0.0026173658938302515366 |
427   | 0.0066733038262796230689  | 0.002337901108924546334   | 1.4780573560089443509e-05 |
428   | 0.008225673349665514611   | 0.0046977162262276696281  | -0.02606017678298312365   |
429   | 0.005249936200891780827   | 0.0037984093302650986761  | -0.0048828241566338040358 |
430   | 0.0019063023543278445355  | 0.0089053559495994392275  | -0.010522230055853466421  |
431   | 0.0069243117256719242947  | 0.007154594857817956656   | -0.0067575598282597704528 |
432   | 0.0014760592359973636299  | 0.0055624657520164516589  | -0.02432671710134041293   |
433   | 0.0026427800441471789236  | 0.005837751364923639448   | -0.023052705326796939928  |
434   | 0.0025566417683630339105  | 0.0027084681684438503477  | -0.017662675609372537749  |
435   | 0.0097719759726036786035  | 0.0012226314082961100942  | -0.0052771524101891831987 |
436   | 0.0010457957926048623565  | 0.0079813496615639030474  | -0.0073304916034080229437 |
437   | 0.005692125476572751884   | 0.0042159778214924861078  | -0.0039409875610010918975 |
438   | 0.0085073548511142016437  | 0.0035371194245214839652  | -0.022513649157616315993  |
439   | 0.00057274676291666100619 | 0.0074617622977897297629  | -0.011663920004890688045  |
440   | 0.0093472945448418044007  | 0.0042570180491146979856  | -0.0027678950404077772018 |
441   | 0.0018055347571402581737  | 0.0011838755199900274136  | -0.010628968723032379551  |
442   | 0.0015263750911568285673  | 0.0027562851403661534078  | -0.0025661809582694372622 |
443   | 0.003614584993521629229   | 0.0083317596982724739102  | -0.011369871770353732338  |
444   | 0.00048527586660225330078 | 0.00045677113848795788519 | -0.02090767559908407805   |
445   | 0.0072019361424571640487  | 0.0071069271341294973018  | -0.0096843130511349954925 |
446   | 0.0014253930463810082514  | 0.0084616901313469498197  | -0.018398832476621294896  |
447   | 0.0038569014597862071904  | 0.008492777218938490566   | -0.029427297867656129066  |
448   | 0.0001008483175805144111  | 0.0049514655980642408722  | -0.018484346025477639552  |
449   | 0.006206526412077160125   | 0.0070263409314158331923  | -0.011404932250411066452  |
450   | 0.0066508219853988383846  | 0.0039272802954657655763  | -0.0051066930196474666359 |
451   | 0.00065942240793486319242 | 0.009743586541821926128   | -0.031642301319134126525  |
452   | 0.0081252592294874560752  | 0.0088314697093171135034  | -0.023758749206547601085  |
453   | 0.0058543000560217963585  | 0.0036981495597974765703  | -0.02466913975116655916   |
454   | 0.0081478996257821449667  | 0.0066386873838595542724  | -0.01864277528429947664   |
455   | 0.0015799411932322644618  | 0.0062150161968881076704  | -0.0058532276165493965156 |
456   | 0.00086636681338601027099 | 0.0042926848740008523297  | 0.00071328123120448314737 |
457   | 0.0023769884279158555451  | 0.0052234623496129426595  | -0.0043315924883338963181 |
458   | 0.0027620938426177470311  | 0.0092897564364968591988  | -0.0082471574084694021511 |
459   | 0.0055829362826911701004  | 0.0010992276020270190951  | -0.0018248863665387415889 |
460   | 0.0064077022207855152333  | 0.008793388349013787561   | -0.0099936602545310799367 |
461   | 0.0030024794356884932679  | 0.0044460692344552897939  | -0.0091165655229618614008 |
462   | 0.0037152056985438886016  | 0.0034254120149942988462  | -0.013215534277031294741  |
463   | 0.0064537667415697054854  | 0.0039311931867084103781  | -0.020513291488754126918  |
464   | 0.0084512274878075967915  | 0.0011839051837770309897  | -0.027344898235962450395  |
465   | 0.0092571748733537000814  | 0.00023957654040984621073 | -0.028519331788350532619  |
466   | 5.1428937421247217536e-05 | 0.0062343932518119232755  | -0.0092622445104138893118 |
467   | 0.0070348070746818151117  | 0.0045325050474434511183  | -0.021472756761741630671  |
468   | 0.0030961297855922657006  | 0.0071019509914425106578  | -0.023389421022611125295  |
469   | 0.0054844631667267506464  | 0.0031183399526802792028  | -0.020864283342134387622  |
470   | 0.0046558559226934047304  | 0.00038744114122190480894 | -0.022855579463398240786  |
471   | 0.0008814700421325790845  | 0.0083410700474118460584  | -0.029698887143174892284  |
472   | 0.0054631017204049125285  | 0.0086083876135299320503  | -0.029630419967937787068  |
473   | 0.0068182876711015572707  | 0.001569144246339974208   | -0.020870847349335194115  |
474   | 0.0010205797701235634189  | 0.001899684682695502785   | -0.014886100994550597459  |
475   | 0.0049446540733386569119  | 0.0047212651860731825668  | -0.024276839658312010517  |
476   | 0.0081154153420420101217  | 0.008588343155156484901   | -0.010589387073055742464  |
477   | 0.0080443588248459100415  | 0.0079593497705734046754  | -0.0063206108436868425546 |
478   | 1.3294166849102828998e-05 | 0.0080115889346757899331  | -0.031658244375045864472  |
479   | 0.0040837200514580763999  | 0.0025181405130018813011  | -0.019516043357712408585  |
480   | 0.00022150123884569846051 | 0.0044504410830905234697  | -0.013180231810503109657  |
481   | 0.0033411451947187057951  | 0.007998061100613979707   | -0.02661464201736068666   |
482   | 0.00444673608648671944    | 0.0048304665308230203616  | -0.03045618746821080261   |
483   | 0.0057883419144308971213  | 0.0037778776421642469227  | -0.028432508376710415032  |
484   | 0.0019786476486603585441  | 0.0061261818187007500633  | -0.02182503319251917831   |
485   | 0.0012786007159252255321  | 0.0052924799885157268464  | -0.028027477978299446953  |
486   | 0.0010418045404943594625  | 0.0072182854249524201068  | -0.0080279900578759857271 |
487   | 0.0081353351910071550201  | 0.0050577331686052912074  | -0.013956155522600717511  |
488   | 0.0087390997734986246986  | 0.0061040454038707872911  | -0.011314024966919340384  |
489   | 0.0042233124954205517043  | 0.0094643971562564932487  | -0.031069901380633879046  |
490   | 0.0047244080389739588621  | 0.0086085943239538331717  | -0.012510246961560996665  |
491   | 0.0035001028010821612704  | 0.0029242194824974456803  | -0.010513418290722912826  |
492   | 0.0073526709772160931539  | 0.008244118729559822209   | -0.015088692341209433007  |
493   | 0.0094096740340498408878  | 0.0071119342103185875098  | -0.012707182022880953234  |
494   | 0.0047333555035191741261  | 0.0046910627495554422031  | -0.031154713216930141062  |
495   | 0.007642815257859312747   | 0.0081151383335286309678  | -0.004544829072291474252  |
496   | 0.0087827129233427180671  | 0.0056790759365946859305  | -0.020052690704510680447  |
497   | 0.0049778506788145868156  | 0.005027311894053697848   | -0.002284370959590032845  |
498   | 0.0052070350854110545799  | 0.00022151320082798957854 | -0.031595388138710343851  |
499   | 0.0093827453187137928314  | 0.0051174534602490880791  | -0.010406440295393965673  |
500   | 0.00049602029589153957996 | 0.00030089537457327465795 | 0.00057236062549255884574 |
501   | 0.0045871485744427243844  | 0.0038713243683922249176  | -0.025480169576402686427  |
502   | 0.0055345015017676741156  | 0.0052787562768704570162  | -0.018119555031909689163  |
503   | 0.0012403390600681911144  | 0.0026814519837316252993  | -0.011233468787385174348  |
504   | 0.0022146711027591177087  | 0.003344818013913119191   | -0.023059728064862668878  |
505   | 0.0070497225562110802516  | 0.0076152476148877591006  | -0.030086270858497216052  |
506   | 0.0036412086475438375059  | 0.0022606141762651758322  | -0.017224644016009080238  |
507   | 0.0089275246069497916912  | 0.0037464349539192095574  | -0.0052693089796132961886 |
508   | 0.0045707474305385206378  | 0.0017208137246049700665  | -0.022983264950842997865  |
509   | 0.0013861307200683356446  | 0.0030269718810592202013  | -0.031786714648593443477  |
510   | 0.0076802425632730734681  | 0.0084647595059874399664  | -0.0059624478139456808801 |
511   | 0.0022987724325312544442  | 0.0029354674310942494714  | -0.027067908365458429043  |
512   | 0.0074033762780233462394  | 0.0097673355865455432911  | -0.027379286656755329882  |
513   | 0.0056411898016720720545  | 0.0032220673252019113066  | -0.024948874714219249071  |
514   | 0.0069537356241553731698  | 0.0016169041258086505608  | -0.0024681758047716568366 |
515   | 0.0076286630501246430885  | 0.0056442082803088182083  | -0.01253803965284073195   |
516   | 0.0042555303630614433122  | 0.0010415111046776796746  | -0.0027196616641121380657 |
517   | 0.0075141221903523847114  | 0.0055417334133459070569  | -0.022187133710667883424  |
518   | 0.0032550185428336076386  | 0.0029129497955109697784  | -0.013892436345647922805  |
519   | 0.0019363516764879199362  | 0.003659764901975572169   | -0.025815908116274276923  |
520   | 0.0028416396629731594144  | 0.0033496525803748166197  | -0.028032236297162890087  |
521   | 0.0042679540493423297198  | 0.0059130999828362522733  | -0.0091800223825148786344 |
522   | 0.0029150897937321833264  | 0.0034861063013810309093  | -0.0070696806951384338555 |
523   | 0.0014926139988732324473  | 0.0083953136941504798857  | -0.01066662781350929956   |
524   | 0.0087701910741025766033  | 0.0012775320872009479113  | -0.014476411254165379508  |
525   | 0.0034045267780696613844  | 0.00058216285879579110062 | -0.031056279018547447435  |
526   | 0.00032111111958295818257 | 0.0055538380865338219522  | -0.0069414261258660646392 |
527   | 0.0091981984979809736092  | 0.0053313887106296873122  | -0.0090881675474610758986 |
528   | 0.0087617850869764323657  | 0.0023398043049876163409  | -0.012735787367317908877  |
529   | 0.0066838913681490676189  | 0.0056813676665052707804  | -0.019127867082651118374  |
530   | 0.0034265097465563487504  | 0.0065785802903471453026  | -0.0031087549418580971879 |
531   | 0.0037899990759880661587  | 0.0039927982727747425573  | -0.017810504514674960208  |
532   | 0.0047732847245989251661  | 0.0037307033569726187096  | -0.00018788898706794231598 |
533   | 0.00027855667012722417275 | 0.0057305236859217503417  | -0.0081256783600790524064 |
534   | 0.0022940245799830997174  | 0.0040428291928514261885  | -0.011777114177364843284  |
535   | 0.00039092960743516774139 | 0.0084965933267469786333  | -0.023581806899797785188  |
536   | 0.00018513600953352419534 | 0.00016000938168733464407 | -0.0032737224708693992044 |
537   | 0.0022571918057740442479  | 0.004196627217364123745   | -0.010697435590897230381  |
538   | 0.0085600067458592409009  | 0.0016572135051548695858  | -0.031573243830214980932  |
539   | 0.0092604247777146701803  | 0.0060441524370982314257  | -0.0042386566697097984024 |
540   | 0.0048319850370146426657  | 0.0060413080323556576576  | -0.019731804531333694414  |
541   | 0.0017435860602232661383  | 0.00049244582742164020196 | -0.014195747581699736869  |
542   | 0.0064524822163863418401  | 0.0027234389605741301209  | -0.0088241066863392926545 |
543   | 0.0078888660813382915915  | 0.0061086769913868211104  | -0.0065709335157240556305 |
544   | 0.0045265823726212883402  | 0.0035726964764172079725  | -0.023874409422549959514  |
545   | 0.0083435392479860835679  | 0.0085615013395935954388  | -0.017517069417339263537  |
546   | 8.8294752626399806593e-05 | 0.0081228573366426519431  | -0.026544589204493668905  |
547   | 0.0030939677337339242975  | 0.0035108611882258690222  | -0.0035080355275776127326 |
548   | 0.0040829679685110160242  | 0.0030675753428081498249  | -0.026447493892343722222  |
549   | 0.00077696615141110167511 | 0.0085962306192292718687  | -0.028488878160200344775  |
550   | 0.0035008838465882159696  | 0.0041459273277598919158  | -0.0081140851907254788605 |
551   | 0.0062907653603749133162  | 0.0023921276583661102953  | -0.026105734805173076013  |
552   | 0.0048397157037401864269  | 0.0054858964383545797197  | -0.013647265764812274713  |
553   | 0.0031143346888948810966  | 0.004956804027397530843   | -0.017874785657229681074  |
554   | 0.0017176370825802784927  | 0.0089218629137824776582  | -0.016804836919958977132  |
555   | 0.0069955784633369891279  | 0.0035338189446614100622  | -0.003814814554545068858  |
556   | 0.0032467883321628948634  | 0.0078236241121632781742  | -0.0071097950303263589625 |
557   | 0.0055000499726747626925  | 0.0054227880816502104649  | -0.026620175508741451137  |
558   | 0.0027613691384368037503  | 0.0057994146223312474306  | 0.00045461351922486663985 |
559   | 0.0070528542753014161065  | 0.0010735307509062729826  | -0.0013278164936315912242 |
560   | 0.0054831836838487727284  | 0.0036329280510164672045  | -0.023262856685748775631  |
561   | 0.00056969582808421876264 | 0.0061536879807518492236  | -0.00027893102963725039355 |
562   | 0.0044931568939627795564  | 0.0070654271321623461632  | -0.0039928555112841964195 |
563   | 0.0070881866975075697238  | 0.0043789103288180610679  | -0.017331677781721562676  |
564   | 0.0047515040339055824789  | 0.0072415585942151288606  | -0.024214052142611450225  |
565   | 0.0072059030246356776603  | 0.0049360231013691165461  | -0.030946335215679004332  |
566   | 0.0042090355890212031997  | 0.0089671282942749286349  | -0.02658790913196999034   |
567   | 0.0088377978047867351841  | 0.00094968740535146328133 | -0.0041193342886337077496 |
568   | 0.0070843773186618436491  | 0.0011317564154032411401  | -0.031844470708514364954  |
569   | 0.0048937348195334613374  | 0.0039151858087175155435  | -0.021350894707204505496  |
570   | 0.006259914394527374415   | 0.0098043467416338066917  | -0.0038110615795703519162 |
571   | 0.0097980435302983965445  | 0.0065161568365338564529  | -0.029612328717565312985  |
572   | 0.0042129788915190660714  | 0.00026556565949287604979 | -0.0056244925232556254938 |
573   | 0.00095487052740035388218 | 0.0069199841987626301704  | -0.0091132760579560583708 |
574   | 0.0066332769712705592219  | 0.0090351941155111404474  | -0.010992153141600116348  |
575   | 0.0050506067559619302262  | 0.0002945914005171973416  | -0.023442995744589890939  |
576   | 0.0059220903448985780931  | 0.0027036616294772619802  | -0.0081761896608179545493 |
577   | 0.0024744814601635528248  | 0.0079855368502282034898  | -0.027249538243136244009  |
578   | 0.0034880960154114880496  | 0.0074111348491712990272  | -0.01191624621955541044   |
579   | 0.0048728176785382115027  | 0.00043805019553073401475 | -0.020486003920039921877  |
580   | 0.0064339142010727710594  | 0.0024864535342262183981  | -0.018430076176495592544  |
581   | 0.0080549141025521176634  | 0.0069957556213209601617  | -0.009301311150671282349  |
582   | 0.0041775580059653372178  | 0.0072989464034965527428  | -0.0013963188459243617168 |
583   | 0.0092525537685900962476  | 0.007704661413677393357   | -0.015548752003981380215  |
584   | 0.0053331878531814504857  | 0.008723952601621160971   | -0.025776227402794567312  |
585   | 0.0035501608525428077386  | 0.0025353609803110280577  | -0.013399504014780577385  |
586   | 0.0076528138756264832768  | 0.0088988263922971412578  | -0.018992776450450041259  |
587   | 0.0018129406341485972132  | 0.0033829200269016594833  | -0.022692690028948154374  |
588   | 0.0082187293747147463496  | 0.0041072669746030259288  | -0.023506035891421164091  |
589   | 0.0035021154857160460318  | 0.0070492147053172896434  | -0.01467990806734582529   |
590   | 0.00033608521072127811894 | 0.0092880671598589686216  | -0.012318337728565359468  |
591   | 0.0030152669172219658672  | 0.003374715145998534796   | -0.0080090710892730260229 |
592   | 0.0031045425432347645289  | 0.0007213163222643056852  | -0.027048628362110822138  |
593   | 0.0081479962085578300918  | 0.0081272476929877320723  | -0.022402637812201489642  |
594   | 0.0093545168699178758015  | 0.0072885504729677990168  | -0.0045266364174504020515 |
595   | 0.0025001785765021303579  | 0.0079974801032660029071  | -0.0092860472777675975159 |
596   | 0.0099841728456184601626  | 0.0075548336574696372744  | -0.018839911619043983593  |
597   | 0.0028820771488365488043  | 0.0080214517900559674513  | -0.019099223908271126954  |
598   | 0.0043280957318893092597  | 0.004476375137627829591   | -0.020618435864730760149  |
599   | 0.00014173547098590157621 | 0.006969751924674322946   | -0.0044875464757284655448 |
600   | 0.0011784760042903698416  | 0.0014613134178786551815  | -0.022668986778306029345  |
601   | 0.0015842879513807282994  | 0.00095870602627431554706 | -0.024691012826275001574  |
602   | 0.0065862974815654902472  | 0.0062824346101261249048  | -0.018356739981748707025  |
603   | 0.002514075270510349961   | 0.0024763493956041497841  | -0.019519030451521018205  |
604   | 0.0092657098425421666882  | 0.0077625848783622998853  | -0.027299804425078587344  |
605   | 0.0070324708339654226283  | 0.0075307832992834436089  | -0.021554619885248163524  |
606   | 0.0089165625172795189707  | 0.0024057652065360740808  | -0.026119558376159306146  |
607   | 0.0017461696110788664342  | 0.00078857230586175950174 | -0.03033226685602207276   |
608   | 0.0040328273012634448594  | 0.0069646924265963664966  | -0.0064160848315846326015 |
609   | 0.00039050640075056033181 | 0.00013515640403813643537 | -0.014625726520532894917  |
610   | 0.00054423422013809362018 | 0.0019969025901321953327  | -0.031284051994538389363  |
611   | 0.0047952413056665463276  | 0.0056909506682236857614  | -0.019878250693270961558  |
612   | 0.0047563689789322629101  | 0.0085666101692169448201  | -0.00092537550397912946183 |
613   | 0.0065849808408002946658  | 0.009686947636318490526   | -0.022486890528678259854  |
614   | 0.0046363969315664351964  | 0.003044483213485023234   | -0.026669329249370390955  |
615   | 0.0011718929165636963671  | 0.0089231131034784444411  | -0.0052752120861815831807 |
616   | 0.0092965813980120208526  | 0.003865575576319309984   | -0.0032930486099312398715 |
617   | 0.0065742269911217053949  | 0.0030848198493629540307  | -0.0047665573542087771516 |
618   | 0.0021812759461011946641  | 0.0070228893198645316043  | -0.010728205960652152651  |
619   | 0.0020966334205049915948  | 0.0085914548171877342525  | -0.0062334872886447212012 |
620   | 0.0077379698635345753668  | 0.0040033455078596676818  | -0.0073585480664142260271 |
621   | 0.0044094105753085480887  | 0.005806480978465550051   | -0.023155751105723654248  |
622   | 0.0019934344129952366251  | 0.0090069544388634292797  | -0.023998276983090951336  |
623   | 0.0031253794372030773048  | 0.0027838729747583254408  | -0.015146820297022665219  |
624   | 0.0001421771826275138647  | 0.005326537889060134652   | -0.0053386085524897621685 |
625   | 0.0067143679284530546209  | 0.0058455836213955787717  | -0.015990047161360678579  |
626   | 0.0016332541406132196349  | 0.00027906036183137982809 | -0.0059575466677015661079 |
627   | 0.0054601673750394232737  | 0.009505971285719574948   | -0.022333995530007741404  |
628   | 0.0070421097042630068086  | 0.0082371632205331807297  | -0.00035784997309346987943 |
629   | 0.0075359070455950872766  | 0.0067475937847952111026  | -0.018694037006692521691  |
630   | 0.0061316621479317340998  | 0.0094427172678188363297  | -0.014418908588944607738  |
631   | 0.0088834663162620855492  | 0.0051851365648927782992  | -0.01599190346778557939   |
632   | 0.0052941024783476247142  | 0.0069735602910894912282  | -0.025476592787285212011  |
633   | 0.0049386900385353571172  | 0.0018487012116101301466  | -0.013370051107311809596  |
634   | 0.0036410435609564076841  | 0.0038930620976372690145  | -0.0061603999455916713668 |
635   | 0.0015173442430966262769  | 0.0026519778109780358342  | -0.0065032296815136295121 |
636   | 0.00074813691303658486249 | 0.00713849928937113163    | -0.011600791320862915285  |
637   | 0.0062058928202789569173  | 0.0027211905607557314128  | -0.031921649679981192738  |
638   | 9.8945280267827821373e-05 | 0.002544459423151135876   | -0.022459726242625828452  |
639   | 0.0070822035533443204736  | 0.0023044498847647047236  | -0.01563717687618715324   |
640   | 0.0031116528579155852685  | 0.00050161794424216914635 | -0.0088745654490291325106 |
641   | 0.0058602131795453191176  | 0.0079140700774943204682  | -0.008033273880927546684  |
642   | 0.00091512892523015049433 | 0.0087617016736536608434  | -0.00637106797915664054   |
643   | 0.0089493069517349935205  | 0.0059862273197908658778  | -0.0022846193940935029427 |
644   | 0.0054211732551441163888  | 0.0093216529191864679754  | -0.024578330284710327158  |
645   | 0.0034738287249659800283  | 0.009369752042399625766   | 0.00063732374507678452719 |
646   | 0.0023012871200546887972  | 0.001840887289441445673   | -0.0098149625702239340352 |
647   | 0.0049211388145878219233  | 0.0038086610169161326349  | -0.020381348726308236297  |
648   | 0.0040847619670194949826  | 0.0062659085418172982135  | -0.022468974299733220079  |
649   | 0.0043294417993054411242  | 0.006129281783184109024   | -0.0032961704927170661084 |
650   | 0.0033995546178311468639  | 0.0081513657637365781461  | -0.0066152773391749556189 |
651   | 0.0046669160156521992747  | 0.006580855531772763882   | -0.0077515119443964117588 |
652   | 0.002605077480319581331   | 0.0057483845728953193374  | -0.014316284354479222318  |
653   | 0.0064742673790845091386  | 0.0048065639190646202231  | -0.0022543026438905486471 |
654   | 0.0056109008486521852466  | 0.0080497168305356334855  | -0.0099049871378800204147 |
655   | 0.0051294308001138613773  | 0.0047734570079792553246  | -0.0010161275623610120569 |
656   | 0.0027986969520912142843  | 0.0028795848572707306683  | -0.00068352526491993140928 |
657   | 0.0081717988225593896079  | 0.0091870624170892704191  | -0.016796751273408582622  |
658   | 0.0056235127428559475438  | 0.0083868687378634704244  | -0.010115178102264275883  |
659   | 0.0081610246506075082018  | 0.0045159357826245628137  | -0.015255711724234788385  |
660   | 0.0063872030412498266225  | 0.0016305427872995775437  | -0.022937689124333866808  |
661   | 0.0010971616608968547471  | 0.0042148866224062057212  | -0.014102670704660952294  |
662   | 0.0043387730792456757553  | 0.0081344861251254948348  | -0.0025084937894488453652 |
663   | 0.0077480616920494104968  | 0.0019607571210067320164  | -0.020954450435864854091  |
664   | 0.0044251745158211345382  | 0.0026577919181665298452  | -0.0096137225974583587207 |
665   | 0.0021972674816481681075  | 0.0057033982350132008884  | -0.003609822671027719445  |
666   | 0.0062606629697110546817  | 0.00093601031839368948381 | -0.020948921304845796731  |
667   | 0.0084123479762991081043  | 0.002065752138585224152   | -0.01337813394030305629   |
668   | 0.0055255119096563869857  | 0.0016949222501814770626  | -0.0074089452355808648257 |
669   | 0.0091495566145783618212  | 0.0024868898084937584268  | -0.021981751350937495104  |
670   | 0.0020463433875152728554  | 0.0059236536737539242578  | -0.010319991978614273531  |
671   | 0.0021851734564883734668  | 0.0079383366458465574877  | -0.022745544330536715538  |
672   | 0.0098963536269164875669  | 0.0058411157041266693196  | -0.016286313474735764767  |
673   | 0.0080629395165047659105  | 0.004921029940031088068   | -0.030091332019031965389  |
674   | 0.0072592883351329509298  | 0.0024488259062883507497  | -0.015099483071761617831  |
675   | 0.0025524993626915119804  | 0.0040300397860966070962  | -0.026473170884409178566  |
676   | 0.00239237403356109277    | 0.0099234500052822922911  | -0.0040401984682072429947 |
677   | 0.0062498957153058233571  | 0.0027879743426905585768  | -0.019248516143196312683  |
678   | 0.0024002739488211050946  | 0.0029088432146189891793  | -0.0031147914625014924001 |
679   | 0.0039112856861559268037  | 0.0074690015764384510774  | -0.009011882698572802608  |
680   | 0.0015893896311858675408  | 0.0068371292339016427955  | -0.018208415060147736114  |
681   | 0.0040121720669846067109  | 0.0014072668530812368435  | -0.0082289789441415059357 |
682   | 0.0012779194223652473508  | 0.00086513976125806853028 | -0.016220003753213037279  |
683   | 0.0044752223520754877417  | 0.0053669650436146045663  | -0.0054279263194488098707 |
684   | 0.00062476150367374457505 | 0.0019905379537959789517  | -0.023547965587302901319  |
685   | 0.0059490415103650986714  | 0.0017018847184228015797  | -0.027594932816471420822  |
686   | 0.0052891151527351566025  | 0.0038002113598214776885  | -0.023874931657040909805  |
687   | 0.0080050872120245725183  | 0.0048707583435923370793  | -0.012230996918111101956  |
688   | 0.0036148416056066717296  | 0.0071816440810652474452  | -0.0090897335953584977586 |
689   | 0.0049468755666760523201  | 0.0066685299629768131704  | -0.0039237464991179029153 |
690   | 0.0062998980263097260554  | 0.0067178919660974920763  | -0.014502310599258097165  |
691   | 0.0077822115020511530709  | 0.0044585146839804861915  | -0.014771391894114299995  |
692   | 0.0070354165022691482131  | 0.0082381075964448689103  | -0.019101214052472212379  |
693   | 0.0075904444790881233501  | 0.0037610670787384540073  | -0.021708186766939745194  |
694   | 0.0077153586264399531477  | 0.0093911457604382887754  | -0.01653575490333018122   |
695   | 0.0047735063476027819046  | 0.0082350925754607878088  | -0.02761590427208480622   |
696   | 0.002045168235455262478   | 0.0025836086494981313176  | -0.021265881270490491484  |
697   | 0.006336896963906084139   | 0.0045163347570923795607  | -0.021621651126474770305  |
698   | 0.001912070648946105492   | 0.0088041315860882922439  | -0.020781176809011172452  |
699   | 0.0079713138481592102358  | 0.0010447663722978476394  | -0.016600430116344221804  |
700   | 0.0058475395764904548879  | 0.0019307233049145990696  | -0.0083806277322090796944 |
701   | 0.0050228994122504021583  | 0.0061687808248522633253  | -0.024775562028192543024  |
702   | 0.0053960191125870752421  | 0.0068180948020665939346  | -0.021250454058852001615  |
703   | 0.0040894360974895191743  | 0.0055241397836736432989  | -0.025622500454742298814  |
704   | 0.0028110473663570958135  | 0.0089208447085592050552  | -0.011636775325104962292  |
705   | 0.0025604498639578737902  | 0.0091632538295819462165  | -0.0056576532648822310673 |
706   | 0.00094950119587835710155 | 0.0082914405185342422017  | -0.027766794384523819927  |
707   | 0.0015494378526099111381  | 0.0082093439818133103619  | -0.028381696876538548002  |
708   | 0.0070661026991665635069  | 0.0044644795438465419493  | -0.010963732103668235793  |
709   | 0.0046242425993309735008  | 0.0019877291295588529405  | -0.019519698661453602218  |
710   | 0.0057870742079478496023  | 0.0091839425482905072406  | -0.016471890748792874376  |
711   | 0.00063068380079595617697 | 0.007096993319289004315   | -0.019041099665626483317  |
712   | 0.0045377619825174540791  | 0.0051443879069772704624  | -0.027832531922914970773  |
713   | 0.00085564078302229854434 | 0.0060290637658977274879  | -0.02351925503631887085   |
714   | 0.0011271772601048580479  | 0.0054227864784386651739  | -0.028487168607859585795  |
715   | 0.004653701953404254521   | 0.0090820024244405613001  | -0.023577209995842774576  |
716   | 0.00013418029709428360178 | 0.0075414866558824820292  | -0.018465131216556990301  |
717   | 0.0028867343838788524918  | 0.0089470281549715157537  | -0.0098975774502369443658 |
718   | 0.0043896246341004804131  | 0.0069331482443385225936  | -0.016321852279762485288  |
719   | 0.0092718280322594756604  | 0.0041961414030908111839  | -0.027411305910868617036  |
720   | 0.0066578189680090316821  | 0.007867549475914361462   | -0.031383879436854035527  |
721   | 0.0069372921637953230758  | 0.0048808472473662999763  | -0.017251931715184451455  |
722   | 0.0021338379737367431203  | 0.0067115177648921697448  | -0.0076006571704378064758 |
723   | 0.0042212420713839508835  | 0.0049143128831555318858  | -0.011668883745786704648  |
724   | 0.0073231737732752924183  | 0.0054406788176617109157  | -0.017771860424730008543  |
725   | 0.0087767589445339588144  | 0.0063608577460462301448  | -0.012918287316549937824  |
726   | 0.0030657646013385227157  | 0.0071153771291926903864  | -0.013029990236618957042  |
727   | 0.0033354067210703539949  | 0.0030294582803507661035  | -0.01171673963392866856   |
728   | 0.0049561806492320059636  | 0.00058977317086309063651 | -0.0040152278712424754187 |
729   | 0.0099331277774559866706  | 0.0062979523508261857009  | -0.018371407707583182339  |
730   | 0.0084637495922946261173  | 0.002854229614373401773   | -0.0044972260879242538165 |
731   | 0.0058308170707803350097  | 0.0018466035378473647822  | -0.015384834249928168448  |
732   | 0.0043324155683937722039  | 0.0098750715137734101229  | -0.031437758512131867839  |
733   | 0.0080517839708730901127  | 0.0084461434847405026521  | -0.017012217699778217628  |
734   | 0.0050930234298859761166  | 0.0043967303529350602528  | -0.017817215859128592015  |
735   | 0.0045841482347668350075  | 0.00031459130195541544842 | -0.0079499244499260327684 |
736   | 0.0093323349608857800869  | 0.0002921433605414179807  | -0.0020720456551956852563 |
737   | 0.0061309755932931909311  | 0.0080170392144125381811  | -0.012480550996965803293  |
738   | 0.0022987430769209160446  | 0.0072902799914017907268  | -0.02202265354403945552   |
739   | 0.0071378593918281019529  | 0.00080716894008500206584 | -0.029486308674961412418  |
740   | 0.0066037805278037139955  | 0.0033574861241535466222  | -0.025051197751971693989  |
741   | 0.0017502695234841772736  | 0.0068719654531769229153  | -0.0041453855693748551184 |
742   | 0.00082320135338116327481 | 0.0046448887911163484407  | -0.0029548877673973321031 |
743   | 0.0035973063666133787454  | 0.0047261703410137164208  | -0.027957331475473485433  |
744   | 0.0089217753454323613788  | 0.0049899611013902462481  | -0.018076016735132607871  |
745   | 0.0016697296308252256112  | 0.0064520436163420999409  | -0.020188231644038642787  |
746   | 0.0068304684794952491914  | 0.0036420083647924839446  | -0.0053284532583767751923 |
747   | 0.0046010510804725315154  | 0.00058704444061217131347 | -0.012165193641939747379  |
748   | 0.0086048900035730294805  | 0.0031791252563677517735  | -0.019455489237198798219  |
749   | 0.0099651203952771695571  | 0.0041463855485666520004  | -0.022544997117103556666  |
750   | 0.0080683623961708365174  | 0.0019154377987461832129  | -0.0063962916236436836992 |
751   | 0.0045198953121877855077  | 0.0067702255917030393709  | 0.00079479038689629708924 |
752   | 0.0020365030042917347738  | 0.0087032921627862702002  | -0.01675923323751471461   |
753   | 0.0073623158246823045686  | 0.0089722358670176437234  | -0.0074841206299005582844 |
754   | 0.0059954346958234266615  | 0.0080439281546801476991  | -0.0089081052634563846759 |
755   | 0.0013818192308296390995  | 0.0081163217465346597368  | -0.012771436070267641258  |
756   | 0.0084803939193034520716  | 0.009115523774145683697   | -0.0096511771425553949388 |
757   | 0.0063802063842429710197  | 0.0044032929359463157323  | -0.020362220992009870402  |
758   | 0.0030987070197682976998  | 0.0023354880203844490504  | -0.020529718131321192387  |
759   | 0.0042237209089235677392  | 0.0099661275125624282367  | -0.012599020076950332228  |
760   | 0.0015375896837798933969  | 0.009605234312882933792   | -0.014945935502803634268  |
761   | 0.0033677626485003405062  | 0.0088307182524185248718  | -0.022995484878445032056  |
762   | 0.0079190908990415306151  | 0.0037718469946739097837  | -0.014995622857223524921  |
763   | 0.0081517683770507293889  | 0.0040040490674044899519  | -0.014576798945806985     |
764   | 0.0065231471239087278693  | 0.0050528902933650084867  | -0.017367336078383074915  |
765   | 0.0019815675857320518873  | 0.0050170244375638229847  | -0.011855591419707822709  |
766   | 0.0077194803771781375992  | 0.0068515193473372166394  | -0.028719988264256309657  |
767   | 0.0052881917709220530033  | 0.0020693974298486746133  | -0.019513429543636752472  |
768   | 0.0036014420818616297258  | 0.00052156472114467259185 | -0.021946185688638791822  |
769   | 0.0014583243837438593805  | 0.0056380772861202846022  | -0.011917487333472644509  |
770   | 0.0010461981266319665511  | 0.0089052743296580798293  | -0.0052612715521184842682 |
771   | 0.0071732384504240480697  | 0.0062344986458913159016  | -0.0085089394886289429487 |
772   | 0.0029456811531418350576  | 0.0094750061647719280994  | -0.028908067862226251299  |
773   | 0.00052028089244675530291 | 0.0018974234088547144855  | -0.007971467583423036754  |
774   | 0.0076260794322517031982  | 0.0088934367278695504455  | -0.020669547486121871843  |
775   | 0.0085117992989839439538  | 0.0041023144750197250777  | -0.016481542769061732767  |
776   | 0.0032478369022786988431  | 0.0056505405466609464477  | -0.02202042898757722994   |
777   | 0.0086337499878733833802  | 0.0051966034101425841174  | -0.0052517014766179561519 |
778   | 0.0019722455450872844115  | 0.00010556026294224038129 | -0.0032110384867125038935 |
779   | 0.004912114208296601732   | 0.0043310681321637534494  | -0.0077165726592129200295 |
780   | 0.0077682980295108563021  | 0.0061878527813511675568  | -0.022231219997930817822  |
781   | 0.0020906496272206707802  | 0.0033314865687264767595  | -0.0053282155206029408259 |
782   | 0.0016952686334286480672  | 0.0032309282990411317994  | -0.025771006313793469455  |
783   | 0.0029912287220944175359  | 0.0055998091826189692888  | -0.0052658928951055759132 |
784   | 0.0082709177089643880904  | 0.0037339158515393229727  | -0.021438334506745860414  |
785   | 0.0014409974988870209549  | 0.00060378939946405642616 | -0.017994664631340522021  |
786   | 0.0041121305357262128224  | 0.0064965411395706213274  | -0.012009065002690298696  |
787   | 0.0026350910581956275662  | 0.0011313011022882710904  | -0.0022935571942927410714 |
788   | 0.00083680303301252696117 | 0.006086340263676204114   | -0.021871099779847923833  |
789   | 0.0053314203486002466684  | 0.0052594512397898919923  | -0.025294664285685448946  |
790   | 0.0049143915642564095503  | 0.0042225197276570996044  | -0.016977182715245713734  |
791   | 0.0012722647207551421485  | 0.0091009898720937967842  | -0.025900092840674487915  |
792   | 0.0032649068544649143334  | 0.0022711599815742984296  | -0.0083103922288204311319 |
793   | 0.0061913927094994561373  | 0.0015676538239068813201  | -0.0037352904830058957474 |
794   | 0.0094079799860043739762  | 0.0061215704302801194833  | -0.031888794557059077506  |
795   | 0.004176353847469206626   | 0.0070144340304547367695  | -0.018216407137992413068  |
796   | 0.0046662363942525410254  | 0.0067282739888512048052  | -0.0052312953432410939231 |
797   | 0.0019562521545716539915  | 0.0066756249151287928509  | -0.017883970543892450944  |
798   | 0.0029580731451260612076  | 0.00053686230175013088806 | -0.0030665428273048828123 |
799   | 0.0069999844986365026417  | 0.0023999544693605748616  | -0.026437052787079036442  |
800   | 0.0070055830537763463459  | 0.0080232753229243537751  | -0.013668137330622885314  |
801   | 2.8344885896394048997e-05 | 0.0020405280837089436428  | -0.0049074410750854701932 |
802   | 0.0031170798665350351632  | 0.0095426794729881348617  | -0.013535799978084430556  |
803   | 0.0079297145988722912008  | 0.0083676563746079152262  | -0.0082353629122475912466 |
804   | 0.00089790538603397990463 | 0.0039805963747762511395  | -0.026045899357280206249  |
805   | 0.0028593383872792437275  | 0.0040456769666190623563  | -0.01488711000304509223   |
806   | 0.0024019377363118919223  | 0.0039121664140353909489  | -0.0057223481855064872725 |
807   | 0.0019451892259092929544  | 0.0082054899485610576643  | -0.0036997534815273150528 |
808   | 8.2410379743350878649e-05 | 0.0021813953735433356217  | -0.026907861806837740648  |
809   | 0.0031113164468105996251  | 0.0041794897958196053009  | -0.019060430945193974905  |
810   | 0.0070323909734760240917  | 0.0035128032538002608616  | -0.0039783588017568115303 |
811   | 0.0075219127117903883048  | 0.0027091300596617110333  | -0.03068229609080512163   |
812   | 0.008382739513154605776   | 0.004958832819138991703   | -0.024403487707614451158  |
813   | 0.0062653096711730322382  | 0.0046646560342918415992  | -0.008540388870667761298  |
814   | 0.0045160279603506598214  | 0.0075120373484792880153  | -0.021903255537125115165  |
815   | 0.0041971610048258658696  | 0.0035998270732052854715  | -0.021108029138441813943  |
816   | 0.0032332926397132919112  | 0.0041106657575411768152  | -0.021168138328930368591  |
817   | 0.0090594176485885285349  | 0.0014998893974520618403  | -0.0058476138339674200647 |
818   | 0.0076681662536176656286  | 0.005328188898134070782   | -0.0064382363506236862938 |
819   | 0.003360300434469634407   | 0.0059329507543543491543  | -0.011174995248279695481  |
820   | 8.1181280272890244559e-05 | 0.001537952596615515654   | -0.013629571891245416057  |
821   | 0.0066299718953075478453  | 0.0095527618706958330325  | -0.0075455336921707001976 |
822   | 0.0023364227792585815988  | 0.0066581238896636189828  | -0.011893109334222287665  |
823   | 0.0032876219167846478832  | 0.0026105211134254328702  | -0.029346414859150730947  |
824   | 0.005892519168180768499   | 0.001694190390030029256   | -0.018155061214481786613  |
825   | 0.0064558017956253647973  | 0.0056316011996089534661  | -0.022092511803563200795  |
826   | 0.0076904437489604552183  | 0.0068952039803942500804  | -0.021235711133537758105  |
827   | 0.009026462442775979797   | 0.007375099533208280024   | -0.0030200486395778134568 |
828   | 0.00012949481773366113002 | 0.0050284940234540283222  | -0.021196927309377708304  |
829   | 0.0012316133334710644559  | 0.0073552138869687746711  | -0.0095186633781459625836 |
830   | 0.0028058093121261741196  | 0.0039318768032073937724  | -0.003809220479090728341  |
831   | 0.0039117412312528162047  | 0.0076146203037021735482  | -0.0018008317544165946492 |
832   | 0.0054632769501223197792  | 0.0023288181835441415513  | -0.011429028587696008976  |
833   | 0.0090496705830555457944  | 0.0048369960166901610626  | -0.0076864456017102320701 |
834   | 0.0047322683007224326107  | 0.0079096038628030333056  | -0.026461236729953561964  |
835   | 0.0075052633353943805361  | 0.0094521836914701340415  | -0.019970100756813907728  |
836   | 0.0098708055484109553934  | 0.0011041244011593858224  | -0.011378076582076630807  |
837   | 0.0081058175319570994338  | 0.0026888036168937236303  | -0.0096457248560567736967 |
838   | 0.0066013808073186082404  | 0.0013479584207334077608  | -0.024181719272849941382  |
839   | 0.0067426532336040565993  | 0.0026981764368254851187  | -0.0036599154104637438532 |
840   | 0.0092247266612894614907  | 0.0005244287710752851793  | -0.010129641368516946118  |
841   | 0.0064155805835423452416  | 0.0011602814674058080542  | 0.00037171643527702787155 |
842   | 0.0028843755784909667211  | 0.0065595582035318606914  | -0.0037096348953811744339 |
843   | 0.0065863770551982496471  | 0.0073682228305704698321  | -0.020833937209490508563  |
844   | 0.0038338293678739725732  | 0.001236100048456132295   | -0.015447569813706808067  |
845   | 0.0096440902864565209579  | 0.002491472172246411796   | -0.00069664280063929068069 |
846   | 0.0086322322003806861018  | 0.0022848958813851232008  | -0.0083829142689812678052 |
847   | 0.0092626848247986080798  | 0.007486474676779386779   | -0.011649346072084999087  |
848   | 0.004369577440770273935   | 0.0015271218212949519595  | -0.0012987214045188705171 |
849   | 0.0062910786190638707735  | 0.0051466846109273428969  | -0.00073603327039690276314 |
850   | 0.0040823665923373922762  | 0.0035685802380074232477  | -0.013622459594330596847  |
851   | 0.0050227835734381462082  | 0.0067500300777592024681  | -0.026359223744080749474  |
852   | 0.0051479638768135282251  | 0.0088418620464971592332  | -0.017188144869434606593  |
853   | 0.0092852184030352974409  | 0.0031607989185477524362  | -0.018889626159790690735  |
854   | 0.0079832555560966841912  | 0.0093096144789304689782  | -0.0079981582377123602162 |
855   | 0.00016233256481167627388 | 0.0037307106220869170644  | -0.0026269567855588672571 |
856   | 0.0098436107799256770262  | 0.0031436574329584223743  | -0.0060340562402293532185 |
857   | 0.0081992344318226832028  | 0.0076438976788141673943  | -0.021314944858222630714  |
858   | 0.005477873073570302051   | 0.0030595017078835452448  | -0.0093873517386174366861 |
859   | 0.0020321773018454826649  | 0.0053662790624973994574  | -0.017008541959698492835  |
860   | 0.0077240893447753054823  | 0.0007574605623600429204  | -0.0089508562893654552983 |
861   | 0.0011480593721879474474  | 0.0024073921950924447553  | -0.018928478496364593842  |
862   | 0.00883464643555184094    | 0.00067632045832168822142 | -0.027621281042765136182  |
863   | 0.0011616568020304958962  | 0.0073051938295308864457  | -0.0049122294963264987247 |
864   | 0.0038692504851061352428  | 0.0045070487766964983933  | -0.012433767019567229864  |
865   | 0.0057585639741818293522  | 0.0042517931911897665145  | -0.0043659401405488247605 |
866   | 0.0053373899238764446404  | 0.0096728432836987714855  | -0.011674212949984335772  |
867   | 0.0049969134342693379003  | 0.005790519804458042763   | -0.024288033578793145895  |
868   | 0.0069083710878706456118  | 0.0078566892650434975998  | -0.011320310335143052294  |
869   | 0.003704317287807534255   | 0.0049518431605498347547  | -0.023026633969305921462  |
870   | 0.00018550734304869888813 | 0.0037568374653921868776  | -2.1179995289395677714e-05 |
871   | 0.0081247862405068455027  | 0.0017721903833243742889  | -0.028442701156316720773  |
872   | 0.0039758602461555745539  | 0.0022533925355938174556  | -0.029163164985014675828  |
873   | 0.0077412345848921074523  | 0.0034386555177466386277  | -0.027458314265790245007  |
874   | 0.0058192576922508811726  | 0.0014192420252811461297  | -0.0020471106965628169637 |
875   | 0.006464221063359711604   | 0.0064230122803832778722  | -0.017705188223411789245  |
876   | 0.0045082487779044607551  | 0.001583671020773154501   | -0.0080512541380797462975 |
877   | 0.0011385417740583905939  | 0.0053089884817822388316  | -0.011810075122091076572  |
878   | 0.00041846040959860037302 | 0.0034395450018841924704  | -0.031465519574511317813  |
879   | 0.0056050338398270192763  | 0.00805008080603986792    | -0.011325545469476762384  |
880   | 0.0061560642568580011685  | 0.0055767282487066754601  | -0.0093962469775542099143 |
881   | 0.0043107936473028834329  | 0.0045003143440325152     | -0.016518941448482132167  |
882   | 0.0054937018775566273318  | 0.0059390166944285893713  | -0.018716808368649296562  |
883   | 0.0074711631805874211681  | 0.0054414232114475789837  | -0.008368537476404374828  |
884   | 0.0081506266034454162572  | 0.0093234781176864487545  | -0.026470618056018795083  |
885   | 0.0095380294114344194717  | 0.0014659569498423161583  | -0.015440159070527309862  |
886   | 0.0044316737356313628052  | 0.0050863457913321785328  | -0.0088372702010513833754 |
887   | 0.0024821775791041616674  | 0.0016684136847628183806  | -0.028138671048712340234  |
888   | 0.0078145120141905489303  | 0.0030855778976235218904  | -0.01896803682268351568   |
889   | 0.0036838012694250521495  | 0.0096512860702838293436  | -0.024324687397880580264  |
890   | 0.0054586983242053497417  | 0.0070753729205240397174  | -0.030422368802616787248  |
891   | 0.0039244798302600992015  | 0.006361757625429644708   | -0.0046519579403225186018 |
892   | 0.0057646001507093893451  | 0.0090902919979957749058  | -0.012491070394770454124  |
893   | 0.006248206807283548242   | 0.0048618989530482990477  | -0.011902927526636066999  |
894   | 0.0066010421483962923236  | 0.0048242062630663032699  | -0.0017126132426959657373 |
895   | 0.00454810416846788447    | 0.0075589989017024895174  | -0.013866475382508937353  |
896   | 0.0021726005000005494359  | 0.0014848732701540517422  | -0.028008312453118480723  |
897   | 0.0090657762436206178192  | 0.00036213502148127316898 | -0.020456637236323623602  |
898   | 0.0023567135299987973171  | 0.0042445684402501330026  | -0.030381050076600558951  |
899   | 0.0019170385169342311297  | 0.0040619747681204659839  | -0.01975168211787003969   |
900   | 0.0051585464892017433153  | 0.0084270251594633933251  | -0.023908635246976270294  |
901   | 0.0051090902102055493067  | 0.0071977549342761891829  | -0.024334709384299414714  |
902   | 0.0052393418434658013336  | 0.001018241400491256719   | -0.011020419217899476289  |
903   | 0.0061730876350099455133  | 0.0070160762085026556756  | -0.010001121125992830721  |
904   | 0.0038024494397891957925  | 0.0093379969548956515829  | -0.027776848224333072768  |
905   | 0.0072786427298242280595  | 0.0065875774896021607394  | -0.018788001968750148163  |
906   | 0.0079577054863984916094  | 0.0039623930952267629249  | -0.027630034890170854928  |
907   | 0.0036798533714834913942  | 0.0085897431953277682271  | -0.0013563325792372853303 |
908   | 0.0032362323622080425498  | 0.0047876518088547717622  | 0.00078873237554762305225 |
909   | 0.0065528765169811696925  | 0.0030309387546822558722  | -0.000941839971722628665  |
910   | 0.0031996161933460108215  | 0.0067930351889074853597  | -0.010725452452779305271  |
911   | 0.0097168461190983851372  | 0.0084190541668527213437  | -0.0042935253806088823775 |
912   | 0.0088458990940371642897  | 0.0043974826656024371824  | -0.0021657467645216197001 |
913   | 0.0060122391307139665118  | 0.0050379729370729252683  | -0.00020912011211866269201 |
914   | 0.0027514534082266491576  | 0.0041368924044066762019  | -0.015043345375761491001  |
915   | 0.0043438776462389984065  | 0.0033865154536535544902  | -0.025374510415700563676  |
916   | 0.00047293683825712866777 | 0.0035282312837925018136  | -0.030914121797040949868  |
917   | 0.0029577227242302554962  | 0.00048955766477746316852 | -0.026132581708003574383  |
918   | 0.0027176959272985625957  | 0.0033544833998694809606  | -0.003744239894827629863  |
919   | 0.002042878933231115357   | 0.0071550365416146862949  | -0.031305563000486591463  |
920   | 0.0085350033324903453597  | 0.0092388286859097674963  | -0.01078835533497060975   |
921   | 0.0033311436927314624218  | 0.0037373009075728010238  | -0.0039016649833587364535 |
922   | 0.0057977376923486114574  | 0.0029541929730603675407  | -0.010925593557857759056  |
923   | 0.0056486599380840135654  | 0.0077443167433353899895  | -0.010107411648892722714  |
924   | 0.00076917219340562608277 | 0.0075681186249886246362  | -0.011770408076293526617  |
925   | 0.0038220079228737844322  | 0.0038848720109252196479  | -0.028601521997570964612  |
926   | 0.0064685661576228681291  | 0.0011854911075758806007  | -0.03170621092449435463   |
927   | 0.0014111205407464518218  | 0.0067417111032080480684  | -0.011200996954431467409  |
928   | 0.0041399598264185381163  | 0.0092112449011498478274  | -0.013387252903598483023  |
929   | 0.0074117724000198996481  | 0.0066534631273351633324  | 0.0007361061840860097169  |
930   | 0.0062653362437969000245  | 0.0041253469752563212344  | -0.007772002791526485925  |
931   | 0.0048795515636310318047  | 0.0018293031921292855768  | -0.027095216921362397927  |
932   | 0.0085498461231485346073  | 0.0053518942287751128384  | -0.0063822808729724640059 |
933   | 0.00056384420819703803731 | 0.0041935720351754654164  | -0.0071269535640721831671 |
934   | 0.0032964118511581721148  | 0.0073189865540852416456  | -0.019809649420253573615  |
935   | 0.0025280546972903123609  | 0.0072080877139168832504  | -0.025190395442543072474  |
936   | 0.0029454991704451422355  | 0.0024833381139006379182  | -0.027838021964076253845  |
937   | 0.0030776654436363605483  | 0.0062337586295061640437  | -0.02747498479679175501   |
938   | 0.0062005702517732687665  | 0.0026411507471003534651  | -0.022892156143514856559  |
939   | 0.005319706589963790061   | 0.0036762622321129430347  | -0.0043909417343861610258 |
940   | 8.4113576559461210986e-05 | 0.00022468828692892253056 | -0.028197428950982129925  |
941   | 0.0007040296552436024367  | 0.0038654596995962241766  | -0.00073175478475444473685 |
942   | 0.0017840759948638015668  | 0.0033538127517310487892  | -0.014808605663639626618  |
943   | 0.006140417177636053013   | 0.0082758484491778170483  | -0.0025678270057304269404 |
944   | 0.0092382522456135058447  | 0.0072792306438176574215  | -0.025612919360527924839  |
945   | 0.00092570931120171298222 | 0.0070815454520497204266  | -0.0098828087698736577504 |
946   | 0.0074679411618563682276  | 0.0046699724948800723501  | -0.030580412919274008871  |
947   | 0.0083722713216109901496  | 0.0074881539253929228772  | -0.0052240247720892769162 |
948   | 0.0080835812820702832027  | 0.0066579954589191577691  | -0.026040370226135242659  |
949   | 0.0061350137169827283212  | 0.00061693875254716871309 | -0.024901889683892088762  |
950   | 0.0056628317915854761017  | 0.0085784127378033987743  | -0.019262862562416722956  |
951   | 0.0038993695123865977463  | 0.0057846523240256105328  | -0.0061847989014802914887 |
952   | 0.00024491744434724024978 | 0.0067505302057094497201  | -0.024992913147915154365  |
953   | 0.0078080183374629767365  | 0.0064513081828826571509  | -0.03114861960921155512   |
954   | 0.0027181715294557011985  | 0.0016071616250962583554  | -0.012635908274259257181  |
955   | 0.0034940413962838128697  | 0.00034808924145210125376 | -0.010994655719931689664  |
956   | 0.0062467393941506403621  | 0.0031402362801197110896  | -0.016324204054123082896  |
957   | 0.0070611698591354788573  | 0.0054097242456062726024  | -0.020643687815826781973  |
958   | 0.006396440102377202834   | 0.0087885371683530909281  | -0.015755404748999793374  |
959   | 0.0020304556992519137704  | 0.0097126593165311990441  | -0.015752063837620511322  |
960   | 0.0035672200161273644875  | 0.0047774704160856136873  | -0.0089625897156489255091 |
961   | 0.0032831838859597992954  | 0.0074362483493007206295  | -0.025130342641060780806  |
962   | 0.0071465595943088133443  | 0.0042492167936566708694  | -0.015145357575670920572  |
963   | 0.0061442851688815790581  | 3.8908991562683456662e-05 | -0.023613212328970335091  |
964   | 0.004063435069347636798   | 0.0066321558870419804882  | -0.013752939181982722777  |
965   | 0.00038263406530119372902 | 0.0090230325043557275955  | -0.028720093194185652291  |
966   | 0.0074631207853478737091  | 0.0099926413113665176619  | -0.011288696192993413758  |
967   | 0.0030639662730897973021  | 0.0054897710364837336294  | -0.022623317882281591962  |
968   | 0.0047342052994188464979  | 0.0017094388776743266352  | -0.0025652245044327204836 |
969   | 0.0063451860688611850386  | 0.001676070399946602953   | -0.030202934876336733072  |
970   | 0.0031437719238685568092  | 0.003198076835324411421   | -0.0130362335523219533    |
971   | 0.0088165970610170497218  | 0.0071284217915256525497  | -0.022443244536099898195  |
972   | 0.0071827074609113463963  | 0.0072144153849770407613  | -0.019600971044411684419  |
973   | 0.005526397554235281534   | 7.5804156435561940823e-05 | -0.014665089922077831699  |
974   | 0.006953886106562709446   | 0.0025534191231716260248  | -0.028136526177664045179  |
975   | 0.0012000253099759615287  | 0.0034391566295508425172  | -0.013221106074793490676  |
976   | 0.002148968280815979643   | 0.0074343633726977375112  | -0.00062586706694273109251 |
977   | 0.0066025976263660622959  | 0.0084782676923859968954  | -0.0082141521802242458555 |
978   | 0.0063978549229981047236  | 0.0049304011814075938622  | -0.016784593673921561346  |
979   | 0.0083738140348129028179  | 0.0014033989850993125979  | -0.031132331198488471385  |
980   | 0.0042710544766397448568  | 0.0063977280334473890511  | -0.023728127632154271537  |
981   | 0.0094977453376858967521  | 0.0016820351409346108972  | -0.025992067617554362458  |
982   | 0.00045602711752339473257 | 0.0068213277541905861442  | -0.00852477430123583374   |
983   | 0.0046860803961944613727  | 0.0070851005563863514794  | -0.022678197736549485231  |
984   | 0.0042046432229122208957  | 0.005914517365288251248   | -0.024244371760756115025  |
985   | 0.0097185427773831649378  | 0.0015165157094881871313  | -0.024742821473344358413  |
986   | 0.0012447274468511601835  | 0.0057246509613057619537  | -0.031560248933976277341  |
987   | 0.0066577773343558487029  | 0.0059970283561071357006  | -0.023240304009835073551  |
988   | 0.0038726325830119646444  | 0.0091601931280468982394  | -0.0049110013472054301134 |
989   | 0.0017870696210126777673  | 0.0025620723698484421105  | -0.027021588341100279129  |
990   | 0.0051206986110294509112  | 0.0042486701414991643461  | -0.018388998532705386896  |
991   | 0.0008172750788824027909  | 0.0099639873096006668224  | -0.029032485819852207193  |
992   | 0.0022215939197697226297  | 0.0098396972705712751339  | -0.00071010527952573778039 |
993   | 0.0016316691466806629296  | 0.0012893519630076386885  | -0.0023693473680193016112 |
994   | 0.0087253856909336111047  | 0.0046794489844470222792  | -0.011229460683091791601  |
995   | 0.00038212255036239371839 | 0.00094302937995401352363 | -0.01977552673359733032   |
996   | 0.0078119614137484747959  | 0.0099649971017029010528  | -0.020581369040433103446  |
997   | 0.0057076085856666092591  | 0.0091464271469912442059  | -0.00217966349094642119   |
998   | 0.0084192682044677575465  | 0.0035868020217665530155  | -0.015307003174001961726  |
999   | 0.0034482237956636845044  | 0.0024954197537863137719  | -0.0057462325232294541102 |
