N			X			Y			Z
0     | 0.0057483160708170031455  | 0.0097607784786910324615  | -0.010967302993158194527  |
1     | 0.0047985410232484881216  | 0.0090625810958888976254  | -0.0074731990474911020109 |
2     | 0.0030390458914454523791  | 0.0067365300813299229532  | -0.019852893207896595701  |
3     | 0.0036980764149626564781  | 0.00099413980471578337894 | -0.023660864106434947862  |
4     | 0.0047428653304485484873  | 0.0014759385028492867219  | 0.00087242513514035249095 |
5     | 0.0066007694876115442784  | 0.0010400136475007574436  | -0.00940859355498199941   |
6     | 0.0032243971629827804237  | 0.0079549688324783065368  | -0.029182943521863596859  |
7     | 0.0059549228729786083184  | 0.0015862934003632825786  | -0.033257858062214741557  |
8     | 0.00085192356086956279749 | 0.0071683888964103681732  | -0.010347909863364762248  |
9     | 0.0035637123513115281752  | 0.00072227910445835661127 | -0.021833314215416312759  |
10    | 0.0077840559206575421838  | 0.0030220734110321407356  | -0.0055416928176004855502 |
11    | 0.0044777341063955769518  | 0.0082149906582271482736  | -0.019986383620071195705  |
12    | 0.0030892211321387422901  | 0.0036901201505512557823  | -0.034043058395767863966  |
13    | 0.0086293492782811981323  | 0.0069941003340707160255  | -0.019669434636380954406  |
14    | 0.0058570221980432692066  | 0.0094071050242914878992  | -0.0078725027188877791384 |
15    | 0.0039894435553609695205  | 0.0064709064673750772353  | -0.01756315151389368362   |
16    | 0.0032563363091592024447  | 0.0084079727177307703179  | -0.0083195871402990742571 |
17    | 0.0014750083830556977131  | 0.0088957976367298879916  | -0.02417151292499223128   |
18    | 0.0046062907438356960263  | 0.0097777768937676971805  | -0.02559587981016640465   |
19    | 0.0065144912005774876368  | 0.0007810513344080641197  | -0.022275666457192332126  |
20    | 0.0041840767765796097605  | 0.0032085256455640482308  | -0.026070602452599820481  |
21    | 0.0084449514781899086974  | 0.0047991988809651118034  | -0.016023921378093462786  |
22    | 0.006227554373603561011   | 0.0018331372404369185129  | -0.011794165093214898157  |
23    | 0.0059825451682619934513  | 0.0065604833959915431416  | -0.025384404949729832274  |
24    | 0.0079333403261937929934  | 0.00077017213983812389359 | -0.0031235414801093880875 |
25    | 0.0076212823614911018658  | 0.0018180587463129717091  | -0.0047123393627578266663 |
26    | 0.0029282629889976767752  | 0.009162771204631759564   | -0.014670412534161158744  |
27    | 0.0029328415724581332474  | 0.0046505620182463111578  | -0.024448094596215469432  |
28    | 0.0052757193985723009264  | 0.0073076259493633811959  | -0.030950633591418807988  |
29    | 0.0044154625989717578155  | 0.0032607596934867305073  | -0.026748674881720193447  |
30    | 0.0054030492044692280534  | 0.0019575023940904129338  | -0.025875485515159432626  |
31    | 0.0040739926564758027761  | 0.0024337893122912237012  | -0.025131684945054792724  |
32    | 0.0027879395029086749026  | 0.0054725780677695500323  | -0.017119389568224004788  |
33    | 0.0019553839598560334052  | 0.0091455496551320018123  | -0.0066106745118536414801 |
34    | 0.0036201106362442692435  | 0.0081287587120022139486  | -0.005088442481277528559  |
35    | 0.00094636564438545798042 | 0.005568901343481498685   | -0.028105748668728298273  |
36    | 0.0093508545700563463349  | 0.0097000586115679760663  | -0.024432908246057996604  |
37    | 0.00016933892956156752817 | 0.0054822434361120383345  | -0.02978546824849170882   |
38    | 0.0060595871847387043282  | 0.0067889803399345362636  | -0.024486362888812718969  |
39    | 0.00074985492712838024663 | 0.0031945995140870275114  | -0.029925710819327159401  |
40    | 0.0060325280836507864934  | 0.0032594003378879922959  | -0.028738008221404431897  |
41    | 0.0077231578399032489723  | 0.0044129270291569499401  | -0.02018166932713712225   |
42    | 0.0066877139967793635539  | 0.0093205999116230692919  | -0.0074032187216587991632 |
43    | 0.0005389631347724420634  | 0.0030045401309952402512  | -0.009203672876563274638  |
44    | 0.0023593148580900468771  | 0.0065936048365625747267  | -0.0083069721891281100151 |
45    | 0.00060570844431695057726 | 0.0026470982380853067505  | -0.023272075146595624234  |
46    | 0.003540569502751114532   | 0.0016491059152397302429  | -0.012986143042570718123  |
47    | 0.0033884536082154320495  | 0.0031774651227186681036  | -0.011946678954528944239  |
48    | 0.0049138854298989885841  | 0.0079044449665420010026  | -0.0047737437474142758662 |
49    | 0.0036166089580033740011  | 0.0060460322485280651103  | -0.023389979148110931484  |
50    | 0.0044986431944840539476  | 0.0069826273942191798005  | -0.028915461009802995163  |
51    | 0.0007657109034279516559  | 0.0065776569156365226332  | -0.018530245410530277184  |
52    | 0.0036198155317860775983  | 0.0053343962523636273207  | -0.015634263005780107969  |
53    | 0.0088777004842317853994  | 0.0081226271877264406146  | -0.024914705133741516657  |
54    | 0.0016335658142607846835  | 0.0057703998826764959715  | -0.013593972125908767093  |
55    | 0.0054046198858664473014  | 0.0089015906012141019638  | -0.0097663244202171924785 |
56    | 0.0087099374463798610868  | 0.0037909479857200388195  | -0.022116361006677864171  |
57    | 0.0029582190568480984903  | 0.0084407817716343931658  | -0.0066844473026410880165 |
58    | 0.0018927388877934892605  | 0.0093549585922911120128  | -0.020666832202567712168  |
59    | 0.0053607118652650312743  | 0.0076769823597031021031  | -0.030419000060641708527  |
60    | 0.0052524204377806457678  | 0.00011676845156565704995 | -0.025595527911976504593  |
61    | 0.0076435791738197833914  | 0.0062139743467738836266  | 0.00024503467236140839651 |
62    | 0.0069680680335692966529  | 0.0071909680874342610593  | -0.023757559824651320463  |
63    | 0.0082963394995327274795  | 0.0099291770968144912879  | -0.0026111768803187647078 |
64    | 0.0071210360987822027626  | 0.0073039742857123283321  | -0.012691820534427361231  |
65    | 0.0065088366380396198846  | 0.0085339178159776190452  | -0.023795329526178025242  |
66    | 0.0019556209270519000175  | 0.0064571851321723484213  | -0.032089763690651557093  |
67    | 0.0057557657571027506446  | 0.0027904764308446421486  | -0.017269292083039754215  |
68    | 0.0017689344908261030696  | 0.0075127370484851831167  | -0.0085956936969829207673 |
69    | 0.0013495951760906358709  | 0.0059248586669154272577  | -0.018263273418847498358  |
70    | 0.0088419557597791617609  | 0.0051217112503413545627  | -0.0073040020987775351735 |
71    | 0.0090551306394038473535  | 0.007504944827131541582   | -0.029314749983197479349  |
72    | 0.0068018563053301494062  | 0.008259676922621563      | -0.010942312238840576702  |
73    | 0.0021752701455392234493  | 0.0035412016145482745795  | -0.02658189625507071871   |
74    | 0.0041339715847628780501  | 0.0066019005998385147521  | -0.013506384291675485598  |
75    | 0.0072998162048517525186  | 0.0005274789630110346926  | -0.031656844672437907395  |
76    | 0.0060226187616909338321  | 0.0015891204567113263822  | -0.0090023003713254612368 |
77    | 0.0044689795012644193892  | 0.0047444774785987374466  | -0.0030792802833410322719 |
78    | 0.0054744115583451220808  | 0.0044572834814575225393  | -0.012331066520453824037  |
79    | 0.0041870680135220666659  | 0.0067770528455211023408  | -0.021457216983271285016  |
80    | 0.0016906522420824148314  | 0.004092438179622804803   | 0.00035211141827845484492 |
81    | 0.007886208334810277179   | 0.0014204849076319156585  | -0.006845919389402478801  |
82    | 0.0069105851831532229615  | 0.0047734725993038998673  | -0.031331707232743040425  |
83    | 0.0051649498289333076878  | 0.0069097292592963550917  | -0.0073320737807758395305 |
84    | 0.0096257842301477273411  | 0.0021522764775533903374  | -0.0072883859980315511551 |
85    | 0.0028465669181951774695  | 0.00036436051190410893331 | -0.017561913625790442212  |
86    | 0.0017506952899207163694  | 0.0048247786900544051628  | -0.017211361015153640169  |
87    | 0.0036707021293157426553  | 0.0067816734265880038515  | -0.034319043623871399451  |
88    | 0.0060137779493508319861  | 0.00072588242613739746394 | -0.0091799308073156719867 |
89    | 0.0093355815724758192675  | 0.0070671414218158121884  | -0.020298660650972782243  |
90    | 0.0040929057959746559595  | 0.0062119013073987103604  | -0.029835493836812408686  |
91    | 0.004946252499084281655   | 0.0024539138772845950701  | -0.015609643990591934304  |
92    | 0.0082603851988047628796  | 0.0073755155072145334172  | -0.0073871100392619683597 |
93    | 0.00091129708907082085465 | 0.007480511269765987778   | -0.0098745178743538924299 |
94    | 0.0052672759741281844487  | 0.007637103447968010897   | -0.032005675248520971954  |
95    | 0.00455239214654265794    | 0.0096564813300962590997  | -0.014201518289177577498  |
96    | 0.0013816484421312279739  | 0.0097973721181136407682  | -0.0054941037122883265922 |
97    | 0.0056339146084948442048  | 0.0049294239755424728092  | -0.0038128287900836836839 |
98    | 0.0099617160980925052727  | 0.0050772083224581770686  | -0.033040752285702440494  |
99    | 0.0044861860112692169764  | 0.0072954534535303768028  | -0.0004704012861379241843 |
100   | 0.0098265646058020468534  | 0.0048388298791660292603  | -0.024935231905954296366  |
101   | 0.0063449770478329701323  | 0.0069237980898199259078  | -0.021076354411776836856  |
102   | 0.0060285956726702678854  | 0.0056168869239464147905  | -0.021815294857460115763  |
103   | 0.0001262043752291056671  | 0.0084150115227230454229  | -0.010821942311160790903  |
104   | 0.0031918036384620059216  | 0.0077471475480553036314  | -0.012226716940793891028  |
105   | 0.0086186755421296269014  | 0.0066760760080911626946  | -0.016396800176764283336  |
106   | 0.0041011816651231334033  | 0.0084144752576128887395  | -0.033814186276556280897  |
107   | 0.0081050837043845688074  | 0.0066048624984862327331  | -0.028615280917030989222  |
108   | 0.006682674638193717917   | 0.0092394366952915866348  | -0.033816525834350005808  |
109   | 0.00060219516495552106138 | 0.0035181607851507900805  | -0.010539938244602272896  |
110   | 0.0040274422358885109824  | 0.0037366742870602225393  | -0.025472597893735259011  |
111   | 0.0065520290826573384518  | 0.0036992595901231134503  | -0.018384400313141431582  |
112   | 0.0088999068573563464707  | 0.0083601869004533233692  | -0.0021423396603845101457 |
113   | 0.0069620934527846473766  | 0.004404546334026305382   | -0.0024478508630274378212 |
114   | 0.0085662109536151029993  | 0.0078226013572544068203  | -0.00802807280358048235   |
115   | 0.0016822448291566303481  | 0.0022258992485122996476  | -0.015798347256065665978  |
116   | 0.0033787024058614324902  | 6.1256661360298304277e-06 | -0.027822301789692222007  |
117   | 0.0086964425416699957239  | 0.0035239199132400225896  | -0.0078028941368158827308 |
118   | 0.0053548856363436004094  | 0.0043449776672036541716  | -0.0055713829440133880166 |
119   | 0.0064906790933650084993  | 0.0026575632249275942844  | -0.026745419367812307831  |
120   | 0.0024749246495238820358  | 0.0033235684408839632868  | -0.029299908169166912625  |
121   | 0.0048350021592693439437  | 0.0015494702521668807498  | -0.031287756203038141756  |
122   | 0.0096660330885294312719  | 0.007476750447990196044   | -0.0092144607428206563859 |
123   | 0.0031325016625427751921  | 0.0024746348459486595082  | -0.024035540133737563762  |
124   | 0.0038319309507263742479  | 0.0065172282660570252794  | -0.015915031488475495786  |
125   | 0.0065481671016465060192  | 0.0086639734420470536358  | -0.0078249576150932077107 |
126   | 0.0081892837629675592492  | 0.0069100915781045903902  | -0.016758244980319830786  |
127   | 0.00230745305833854851    | 0.007343770589137571525   | -0.010731953858544401176  |
128   | 0.0042129000622508107343  | 0.0016629988417316663059  | -0.031645702657916614797  |
129   | 0.0097196596990650474535  | 0.0061130115276993761755  | -0.00069881762236961094022 |
130   | 0.005892542067444278206   | 0.0068722098446132688643  | -0.0028767913336137478086 |
131   | 0.0036966701922062630489  | 0.0053765971676742437338  | -0.034765824341092793626  |
132   | 0.0042088210579228494193  | 0.00311190593235345387    | -0.011965204109907309066  |
133   | 0.00344748141233187054    | 0.0034108244635217156021  | -0.023097050913407999456  |
134   | 0.0075956012962997056931  | 0.0079258570558414665613  | -0.028640121808091664052  |
135   | 0.0037099290829366426275  | 0.0060982222843432637091  | -0.025307249934144390724  |
136   | 0.0042351248563948238127  | 0.006216613158555229883   | -0.026553317704016376338  |
137   | 0.0056002609253567982653  | 0.0062259706698144382311  | -0.012562284741315390968  |
138   | 0.0072792201084145215922  | 0.0048253907275986190895  | 0.00065177750594118464937 |
139   | 0.0062093827161022090502  | 0.00082424821404664160365 | -0.01427320558422738063   |
140   | 0.0061236904579328784587  | 0.0065506571724747875846  | -0.020285777711542895413  |
141   | 0.00054549984961768194312 | 0.0074015357804345267845  | -0.030476166434972393887  |
142   | 6.59211724860052367e-05   | 0.0069450436908386177851  | -0.016926497837221259751  |
143   | 0.0034197949506429223265  | 0.0003054147681726430627  | -0.020919943114505443194  |
144   | 0.0096906543832596947485  | 0.0056424617756398211255  | -0.017444037150449953621  |
145   | 0.0069864925775007394662  | 0.0094575105051228885306  | -0.016883593970482786706  |
146   | 0.0052564080078399645288  | 0.0093251858117574977503  | -0.00062834619801093599418 |
147   | 0.0043701024120969319403  | 0.00045505337236821554858 | -0.024686578439963118708  |
148   | 3.0721053770796639037e-05 | 0.0081468629142647571578  | -0.0038000325173890522369 |
149   | 0.0016619661446471039375  | 0.0077971213092646275353  | -0.023325452950590547241  |
150   | 0.0041527977916696982852  | 0.0033000667347782763547  | -0.028209453666951399275  |
151   | 0.0040588133577792112963  | 0.0038267731455105817757  | -0.025202609053586073895  |
152   | 0.0074240752471528342546  | 0.0013019586452270876659  | -0.019901755449953484334  |
153   | 0.0075311876902632007152  | 0.0074449778482018110631  | -0.01120826697092353226   |
154   | 0.0042993994091583770736  | 0.008264384454642973929   | -0.013483002821845313166  |
155   | 0.0044635791088694781736  | 0.0010518239692647044295  | -0.0035215842154055782692 |
156   | 0.00086235344962399694459 | 0.0084713354373662751173  | -0.021204401766002210772  |
157   | 0.0055574515454490346078  | 0.00032541721910361957057 | -0.0027879493757876640768 |
158   | 0.0093740181894861242945  | 0.0035998089310036534248  | -0.020544559522692736747  |
159   | 0.0042021330398778955137  | 0.0028072740488782948684  | -0.028136976085886878512  |
160   | 0.0037250757883666679553  | 0.00073259197909077893116 | -0.032612623687686734253  |
161   | 0.0053870892228142846711  | 0.0076745822457974944425  | -0.010547254755943469978  |
162   | 0.0053577603537868648612  | 0.00026176545963812786373 | -0.0086285483654001716991 |
163   | 0.005022809674609243942   | 0.00027205092479714226622 | -0.012794629552414475346  |
164   | 0.0040534039351401551093  | 0.00024248211908251555004 | -0.012157023015465858937  |
165   | 0.0063265186026089451077  | 0.0075417982359296184547  | -0.013871798616815230257  |
166   | 0.0074992086481443787083  | 0.0076450081212635339484  | -0.030473219282042041806  |
167   | 0.0015670029066387808261  | 0.0098489469736180255272  | -0.013964433387872026218  |
168   | 0.00073708055965814218719 | 0.0058955351038124511817  | -0.0097152911176860753256 |
169   | 0.0039071063879371524877  | 0.0001794835837640153199  | -0.0071239456206989709708 |
170   | 0.0099442807388895188003  | 0.006941165792134451791   | -0.010694189510336366694  |
171   | 0.0032303796917662794784  | 0.0077566729269079185208  | -0.029714235280418489077  |
172   | 0.0037063649524199668642  | 0.0040078700443426538633  | -0.0028638999534932991185 |
173   | 0.0042588324369788148338  | 0.00076608694189875259362 | -0.0069277004725992238215 |
174   | 0.0052702945606055108183  | 0.0013638480163808807798  | -0.013416884850250009736  |
175   | 0.0016633564712603919871  | 0.0076931209531452618422  | -0.034503116440832877487  |
176   | 0.0030260733297497446545  | 0.0078806176910648680078  | -0.019055415632768090556  |
177   | 0.0059893157242468433171  | 0.0062561103372566432418  | -0.0062620407157793480865 |
178   | 0.0023959201503130685834  | 0.0075832875004863842944  | -0.016992138705027672041  |
179   | 0.0083665763037948630981  | 0.0096766888826944411073  | -0.023913150332586466384  |
180   | 0.0039130978753353640176  | 0.00058290105730738619397 | -0.013654487871604312904  |
181   | 0.0068228867486919688931  | 0.0088753272040223100264  | -0.024894052224574029358  |
182   | 0.0083790311199113849672  | 0.0057831058403334627271  | -0.023746858723372472194  |
183   | 0.0048169843760539751351  | 0.0042286643432031777168  | -0.024604374447855566904  |
184   | 0.002991462585080704225   | 0.0051130139265220973452  | -0.0088918966593520606251 |
185   | 0.00056239557366459655072 | 0.0028242056636499832632  | -0.030515080125059365623  |
186   | 0.0040533499703302418651  | 0.00608715434477213619    | -0.022058715803402413613  |
187   | 0.0057491725682853218882  | 0.0067091423648054796317  | -0.0091389786883026326303 |
188   | 0.0055912955624638840946  | 0.00029395768611590895186 | -0.0061504951993135359087 |
189   | 0.0024601166088222799558  | 0.00073511329791963277765 | -0.020448129112137728575  |
190   | 0.0029075809057304150343  | 0.0051997654353818298367  | -0.0022455937458397464551 |
191   | 0.0025068475280233763064  | 0.00053566715360001148673 | -0.021278796530034744389  |
192   | 0.0025407829909575370582  | 0.00012363845178430207827 | -0.010515101914539394523  |
193   | 0.0029706601345853536796  | 0.0050516779294243023546  | -0.01722832899973212456   |
194   | 0.0092914256224064465522  | 0.0029315960327440868105  | -0.011940741862479299293  |
195   | 0.0011333689029391286803  | 0.0027432554884034747802  | -0.0059563339646616026216 |
196   | 0.0063695868880426723818  | 0.0031136891824006915526  | -0.02760451293187476951   |
197   | 0.0046118161246450333629  | 0.0063844245103113960935  | -0.016193348432707643791  |
198   | 0.0088087825259454584359  | 0.0042840375522013316237  | -0.023855931231164202722  |
199   | 0.0089188130377772043694  | 0.0038737803789584764232  | -0.027335780469368634732  |
200   | 0.0033071373942054936926  | 0.005259223649781344552   | -0.012407599519685666087  |
201   | 0.0028406789796490998154  | 0.0040911058928567471324  | -0.029953608715069929974  |
202   | 0.004084615611803236318   | 0.0074709653011414151741  | -0.005710392392435148512  |
203   | 0.0048880366979320490767  | 0.008764729677653453066   | -0.026052000036858643378  |
204   | 0.0021971818587803943271  | 0.0031485062056291596676  | -0.025664240937207045967  |
205   | 0.0069013457122192780474  | 0.0019832116020873759646  | -0.034216742658315327241  |
206   | 0.0063049048558294013347  | 0.0048906026462169670602  | -0.012041574427060360367  |
207   | 0.0067773081839957493092  | 0.0047721752241244993695  | -0.011678925105580970772  |
208   | 0.0037283850900889925484  | 0.0091407057413673085261  | -0.018983345021181551732  |
209   | 0.007777157815868480234   | 0.0078787294681986579092  | -0.018372487308031835995  |
210   | 0.0029377746282695754547  | 0.0047186407903725387583  | -0.0031616768557603722699 |
211   | 0.0031772352433379223366  | 0.00017750509566604109044 | -0.0085956997678471730451 |
212   | 0.0053579144696263977452  | 0.0056942208215845224739  | -0.0023714198273133107846 |
213   | 0.0069317594365931860939  | 0.00067983465933796739886 | -0.00043855442824878183026 |
214   | 0.0045991013969523238461  | 0.0050011260874072470742  | -0.026775862566773604712  |
215   | 9.7210013764345904234e-05 | 0.0053406744845995862692  | -0.021735609878243689064  |
216   | 0.0095132523768356232891  | 0.0091087430614709419263  | -0.029671004419212096415  |
217   | 0.0082870049471481070646  | 0.0081905041859952603528  | -0.026471298240320215861  |
218   | 0.00091716313198696782383 | 0.0069249769721006675452  | -0.011331718889003168996  |
219   | 0.0026898884338339666689  | 0.0045775217606059178527  | -0.032604681555243757163  |
220   | 0.0072672450007041913475  | 0.0062662657527501356911  | 0.00064671909538797087754 |
221   | 0.0069358521428089922253  | 0.0095436776859334840339  | -0.015470120965015814185  |
222   | 0.0052738218923503894786  | 0.0090324903239272363864  | -0.022120052938616630023  |
223   | 0.0031675478943602262266  | 0.0021215560299634918934  | -0.019143244413499689582  |
224   | 0.0012303794540536581482  | 0.0075540504556096078545  | -0.02488000771644576295   |
225   | 0.0089182227694284115643  | 0.00038024166582979686312 | -0.017225471679370475686  |
226   | 0.0021502846048852626744  | 0.0037859580105285301627  | 0.00062183808011159508351 |
227   | 0.0066106282804566790512  | 0.0041858682694901529903  | -0.0042173794726770514121 |
228   | 0.0066157716965471805026  | 0.0030295866765417088506  | -0.015380616447410424413  |
229   | 0.0044937424115826119647  | 0.0081482094886990048821  | -0.010176636513423197375  |
230   | 0.0050814001281134875063  | 0.0010252335136810941489  | -0.025222736667840705421  |
231   | 5.5749137851052781782e-05 | 0.0061110095120701559551  | -0.022467348511383999216  |
232   | 0.0058351790193562104447  | 0.0077904754587982657024  | -0.0018880420235645558377 |
233   | 0.00040933675669449894269 | 0.005867377886872024613   | -0.029712724489944598166  |
234   | 0.005075957627066662349   | 0.0040603217087600155036  | -0.026641850773259825869  |
235   | 0.0015828061503806716438  | 0.0040587702961404278912  | -0.025742315036152672858  |
236   | 0.0036060201351540148614  | 0.0026480025037547939501  | -0.014261939040364469966  |
237   | 0.0035781557447683901528  | 0.0039949965702052387187  | -0.0020408645063802934722 |
238   | 0.002358445810354290427   | 0.0058283799458709317776  | -0.0063046480599705263109 |
239   | 0.0098321938384695554275  | 0.0080271800654552558779  | -0.0048788762536516559754 |
240   | 0.0067552732452232141375  | 0.0095481864472253680232  | -0.033057593397564109805  |
241   | 0.0056017951251239499547  | 0.0087755362911374427265  | -0.0039018113346630102327 |
242   | 0.00079527077110949553201 | 0.0048833154940796591817  | -0.010653019864526254087  |
243   | 0.0026267646731407494863  | 0.0059121934883608470365  | -0.020734807057768422922  |
244   | 0.0070796569162540051029  | 0.0050886140193567852563  | -0.0064388479739939464067 |
245   | 0.0050376610904526658921  | 0.0024963573815434021708  | -0.032300247990835209699  |
246   | 0.0098954409544621535488  | 0.00083490199669144843017 | -0.014566910761493832155  |
247   | 0.0056965260460539388077  | 0.0031992996712199451431  | -0.021389904968855087686  |
248   | 0.0097658676073644392485  | 0.0050998735891080787183  | -0.014685739958844912928  |
249   | 0.0066621916237331003582  | 0.0024663031900942766761  | -0.010405090842963893652  |
250   | 0.006655823446538208267   | 0.0054613251951395732839  | -0.0031931876482919336994 |
251   | 0.0043712621390368704491  | 0.0049502143838247624277  | -0.030321406852781163793  |
252   | 0.0072029615619106437951  | 0.0057571744532332533306  | -0.035071622090680633355  |
253   | 0.0048042638476617806342  | 0.008784875185872662029   | -0.027733498110664053099  |
254   | 0.0023161337838812096762  | 0.0013256395514023040089  | -0.016946045605449995552  |
255   | 0.0017741373272491664168  | 0.0047358489672388211222  | -0.0019202068240352229093 |
256   | 0.0047191704405483408252  | 0.0075822403132851275143  | -0.020492465091573278113  |
257   | 0.0020438578437244566723  | 0.0027081407275148703349  | -0.015462873283473475838  |
258   | 0.003299587214504206157   | 0.0067827599130407161335  | -0.014078076926078618436  |
259   | 0.0064380573661795082244  | 0.0092772772231632782275  | -0.015999478978433491483  |
260   | 0.0042576293150994688405  | 0.00063493261859727241712 | -0.0088154189033501466344 |
261   | 0.0057126607792201793135  | 0.0068431230216927001545  | -0.034784009192536338717  |
262   | 0.0010549020033450858501  | 0.00016831668586498972694 | -0.020569385800536407055  |
263   | 0.0072615582166229682495  | 0.00071275333647159786876 | -0.02813794907950996696   |
264   | 0.0062302383233239647456  | 0.0017026323403902482532  | -0.0010209381717385262751 |
265   | 0.0065822412003725700586  | 0.006493218796894768309   | -0.018008502697732624298  |
266   | 0.0039857417579137206093  | 0.0033704464946391335042  | -0.028731176133432786285  |
267   | 0.00081805938206032152629 | 0.0031359862509124270154  | -0.017688013095804921981  |
268   | 0.0060579506247992551821  | 0.0064519765536965312247  | -0.0042945122080929338387 |
269   | 0.0037888891342081755347  | 0.0024491759675692266127  | -0.0054973416742420226633 |
270   | 0.009441363241485350305   | 0.0046176342154525028619  | -0.016460243094042981138  |
271   | 0.0053258522486282463063  | 0.0091255494769320027321  | -0.00060389239249680141518 |
272   | 0.0056420289980266243382  | 0.0080024815982802973563  | -0.019089127538879265     |
273   | 0.0036850182277066746706  | 0.0095495096320903846698  | -0.022221890039570375841  |
274   | 0.0061634422218694515094  | 0.0075504739968372718353  | -0.021698178660562707221  |
275   | 0.0089502208170223612749  | 0.0052756678614525277446  | -0.0068774125551233737663 |
276   | 0.0089057630698060365193  | 0.0033973575010414649826  | -0.017011239270686161901  |
277   | 0.0022907928152768935667  | 0.0048607382426165170186  | 0.00045608619952418934934 |
278   | 0.0086343312979301201082  | 0.004715615141837219311   | -0.013625254403999509031  |
279   | 0.0039920174238999702951  | 0.0042213306323699026704  | -0.0067916161586333194736 |
280   | 0.0090396985286893688505  | 0.0036899539700301279936  | -0.031640614755913537559  |
281   | 0.0043816006325909182678  | 0.0078249457948514830608  | -0.015713756651132740338  |
282   | 0.0036839918181203416131  | 0.0012896972724767510367  | -0.025969878623198997675  |
283   | 0.0082422806038513225096  | 0.0056984830205843153492  | -0.026885887520793367439  |
284   | 0.0027698588414048048133  | 0.0044302617748645965398  | -0.028818800625411325478  |
285   | 0.0095905617984928751701  | 0.0060350836607718357993  | -0.0058926644461716757087 |
286   | 0.0013804917967154865192  | 0.0021149430816428263849  | -0.02590488956242030516   |
287   | 0.0019877919271789968106  | 0.0064219481304075226938  | -0.013975353313332241484  |
288   | 0.0023556053674325021577  | 0.0027846025521484811874  | 0.00020513488614994340037 |
289   | 0.0098979624914677759306  | 0.00016348029908568517329 | -0.029352902216801139701  |
290   | 0.0014897259735092683273  | 0.0064985200302499768199  | -0.0082338100858465879117 |
291   | 1.2577718742465243318e-05 | 0.0012006793662500227834  | -0.016584119787800461615  |
292   | 0.0028453161551562490376  | 0.0045282749774564756695  | -0.00079101167807466075781 |
293   | 0.0095133282923116884583  | 0.00027221204824777169235 | -0.024920283663616333431  |
294   | 0.0078055839044733725529  | 0.0073362524384495038376  | -0.0035174479124172155012 |
295   | 0.0025980027415773154775  | 0.0026223559665006258845  | -0.021245230799661583843  |
296   | 0.0072054521720533752302  | 0.0040236562272150475789  | -0.027322546182304348339  |
297   | 0.00087760749906117289584 | 0.0030065945021646722779  | -0.029656682225595573654  |
298   | 0.0022140070657573622699  | 0.0048538616808186385576  | -0.031994154876214035699  |
299   | 0.0016115060066615621067  | 0.0073008512690116563956  | -0.02178673296200820883   |
300   | 0.0044206871086683663732  | 0.0072405298612337179107  | -0.025772371753257982546  |
301   | 0.0014065325824979015273  | 0.007359608630255420024   | -0.034734766652786450147  |
302   | 0.0096049760181270253667  | 0.0020947689256325730846  | -0.032556827696701137742  |
303   | 0.0080106856069874499138  | 0.0051743001155249773379  | -0.027137304647053172441  |
304   | 0.001273312498349492717   | 0.0058832842399720907192  | -0.015330420440568769819  |
305   | 0.0063262845414050776147  | 0.007290748908110256804   | -0.028613472318413636641  |
306   | 0.0044500597991317010493  | 0.002628291565089180791   | -0.02556670803633888725   |
307   | 0.00012309364033663027275 | 0.0036370239323650879922  | -0.0081743913562727366084 |
308   | 0.0089435973052002844946  | 0.0049750992148705789828  | -0.005716739705952451206  |
309   | 0.0061181197102960112322  | 0.0030152455926790600743  | -0.012778734157984635716  |
310   | 0.0096660277071342528415  | 0.0055361058208722628907  | -0.013678815667062070929  |
311   | 0.0087482506857571237791  | 0.0057305029046506141335  | -0.014801304287719148356  |
312   | 0.0070508719668576080863  | 0.0038291837085196933285  | -0.030084377314615017018  |
313   | 0.0069322047301755085683  | 0.0027584258841174217475  | -0.005921324631743503375  |
314   | 0.0041874037031769395512  | 0.0068834882004883664666  | 0.00052324892851579162673 |
315   | 0.0098944523756940259973  | 0.0089178097493345011987  | -0.0098951071308687865019 |
316   | 0.0054229294458761675285  | 0.00500995162174209651    | -0.006875780637796091721  |
317   | 0.0061318860252417804746  | 0.0018474566792786065953  | -0.0341957758064670575    |
318   | 0.0073789865395305683643  | 0.0052824378793363459955  | -0.0030199108163314410287 |
319   | 0.0024163446885733324242  | 0.0022805137594042960286  | -0.005094460358291561658  |
320   | 0.0068268266829855190833  | 0.0044803162597242150375  | -0.034673156513495673181  |
321   | 0.0035812817734473274128  | 0.0029649772500134042273  | -0.013769670910343511858  |
322   | 0.008763557610993146646   | 0.00025540891286517303834 | -0.0057028539773268565119 |
323   | 0.0050903757772078703919  | 0.0019861639890144419489  | -0.0086852090228252982335 |
324   | 0.0021950528304210134914  | 0.0044465464349710175432  | -0.017185916649384357785  |
325   | 0.0053906773660265475817  | 0.0018504972504598067497  | -0.023718030517652522599  |
326   | 0.0007915686602874063291  | 0.0049468138238713803972  | -0.013052670508897098664  |
327   | 0.0039545885700545783947  | 0.0071255683933314113709  | -0.015073540783217093467  |
328   | 0.0099156696768668717984  | 0.0078605029151380765434  | -0.028052663092857792887  |
329   | 7.3411443895606679259e-05 | 0.0064818301997399234426  | -0.013779642004475700992  |
330   | 0.0023439651960801308021  | 0.0030507042477835298079  | -0.004949520064957521788  |
331   | 0.0064479652227487438756  | 0.0025727846215921313343  | -0.015622447426708239299  |
332   | 0.0058153134070695134197  | 0.0058932907857177320096  | -0.0041732993376219183757 |
333   | 0.00090663081471808494582 | 0.0072887709912396710446  | -0.020606071434335841708  |
334   | 0.00056502811727548855371 | 0.0037536242076545789717  | -0.015791596926003348411  |
335   | 0.0034363086048665560449  | 0.0096018150221167507946  | -0.0003133921195443643273 |
336   | 0.0087541273666735391901  | 0.0048080695047436660186  | -0.017295928034484431279  |
337   | 0.0024580813050112553832  | 0.0090194489230173181815  | -0.011422338877268027948  |
338   | 0.0086167091147177146682  | 0.0020251633218565218662  | -0.016472145509752907089  |
339   | 0.0046138730997976372741  | 0.006250021262293523408   | -0.029786847542082304369  |
340   | 0.0044397008117870477226  | 0.0058746528969221677857  | -0.0070759166719065241455 |
341   | 0.0043168463567760653396  | 0.008699228491066810301   | -0.026530668889015202039  |
342   | 0.0013984865612123771345  | 0.00096461768399898968791 | -8.5499288369794869532e-05 |
343   | 0.0017960329209480657784  | 0.0036335298045136630793  | -0.0060759132935894024155 |
344   | 0.0061051335140850145761  | 0.0074019294119916827571  | -0.0021436287046839434291 |
345   | 0.0051184071380580781555  | 0.00011439265259521560385 | -0.00018084547887792056095 |
346   | 0.0099412984711102336116  | 0.0078034820135657349469  | -0.01916580527726681818   |
347   | 0.0074445535447581201449  | 0.0056070632902280826901  | -0.027146680236645088363  |
348   | 0.0082732639964862766252  | 0.0023617864424103677222  | -0.018267546125953691011  |
349   | 0.0023696049153742819969  | 0.0021892442258413637515  | -0.019758282159746478474  |
350   | 0.0021888532188052405719  | 0.0036135445580022739452  | -0.01223998649701538155   |
351   | 0.0024298744590847969234  | 0.00266337386910710976    | -0.026229934462957803926  |
352   | 0.0030580984429128747586  | 0.0034465766298617007968  | -0.018245881702599345275  |
353   | 0.0037797612447830510052  | 0.0044502829249929900385  | -0.0076487464338144718623 |
354   | 0.0067218752173610271661  | 0.0036738327225689032876  | -0.012493805298131724357  |
355   | 0.0050513312143842126894  | 0.0042396968346161334126  | -0.0046640690911512877603 |
356   | 0.00033657642990521667494 | 0.0091253760352302329406  | -0.029822597831731304657  |
357   | 0.0041111520652529149125  | 0.0043521977309110672708  | -0.03488846023805741714   |
358   | 0.0046808564831666817432  | 0.0025888455824164234576  | -0.033556852047770258096  |
359   | 0.0094303529651134313655  | 0.0042380854071215274051  | -0.026327473601341022658  |
360   | 0.0065741730519122522705  | 0.00023239660444151653482 | -0.027581769565967105551  |
361   | 0.0036626095538707190841  | 0.0060588526213080371244  | -0.030286476205630630254  |
362   | 0.00071127570268487646816 | 0.0022475134286636406361  | -0.029964160268465690751  |
363   | 0.007123005314924660096   | 0.0076950894564406261897  | -0.0012373998094593180713 |
364   | 0.0016664853835026047744  | 0.0043615678343806828232  | -0.018592554113844084185  |
365   | 0.00041752616844977885179 | 0.0074368809970689377098  | -0.0080345687187175513638 |
366   | 0.0020288681345747299097  | 0.0033000513930974821088  | -0.027523007948901861974  |
367   | 0.007076679764360027311   | 0.0026389843923246697477  | -0.0042799578678278417387 |
368   | 0.0063986659898450501047  | 0.00011938968195145845661 | -0.013599768113647400444  |
369   | 0.0043271857148678254112  | 0.00068172465901451784979 | -0.03071092984337533971   |
370   | 0.0021860767507905498608  | 0.004395659672264178898   | -0.012224263618965157743  |
371   | 0.0028569874481907181138  | 0.005451068404676907321   | -0.0016371841158930038225 |
372   | 0.0035489533042833967466  | 0.0063303486993809858149  | -0.018683469558054038168  |
373   | 0.0076090211851286447195  | 0.0010905517455041149714  | -0.024620845728053977058  |
374   | 0.0076649199312316066562  | 0.0098583443891600008868  | -0.03048253753774905761   |
375   | 0.0058134002606539869271  | 0.0017312143332301238498  | -0.033664154688558656225  |
376   | 0.0092599197782723963179  | 0.0039061625327075893271  | -0.0035128926804507483624 |
377   | 0.0098991786092888292559  | 0.0053750082035681247261  | -0.016187076275152135346  |
378   | 0.0048245927528883939331  | 0.0092415411818513731879  | -0.013108123672278827396  |
379   | 0.0084505739702976680194  | 0.0022843521112687480319  | -0.0010558563676145403532 |
380   | 0.0043847139549121278215  | 0.00035964443846561863164 | -0.030302159917852598131  |
381   | 0.0017979711823550965054  | 0.0045485969611269308835  | -0.019358984646142270852  |
382   | 0.0021197243304405147084  | 0.0070794004500244044759  | -0.022810434477404196996  |
383   | 0.00015447299579814780554 | 0.0090542399692297367841  | -0.020864770426683814514  |
384   | 0.0076966465694268543229  | 0.0054739828236247643767  | -0.0090705103557967986516 |
385   | 0.0082341508243513952814  | 0.0019543173886822223784  | -0.029674053145418495536  |
386   | 0.0078459729277860941477  | 0.0082761264455304874715  | -0.033465278257682848362  |
387   | 0.0053246042216813288181  | 0.0038535132160356037195  | -0.019745407597789164933  |
388   | 0.0073924567032309018363  | 0.0053018918555181784175  | -0.00084321964465563408256 |
389   | 0.0067974127241374384528  | 0.0063222038278764967206  | -0.013009662936657799895  |
390   | 0.0045541258972082998557  | 0.0012340199239515028083  | -0.029982107576047242053  |
391   | 0.0055415464162638008311  | 0.0044033393208723348167  | -0.02978799770033551883   |
392   | 0.005265981669473529872   | 0.0038483402420827605289  | -0.034793288968003946438  |
393   | 0.006748732160945369353   | 0.009329768060808091637   | -0.027877884311200508416  |
394   | 0.00089387484705310898351 | 0.004040525045616888411   | -0.034187499487304748302  |
395   | 0.0066066669156082591038  | 0.0080981027625762931621  | -0.022471389449475645539  |
396   | 0.007441010480447846076   | 0.0047595583151776353972  | -0.020491641041211702129  |
397   | 0.0038776317147109465484  | 0.0067733586899505230858  | -0.0015551649281559185977 |
398   | 0.0054129744207865072847  | 0.0068968086374488739992  | -0.0085721839254204353076 |
399   | 0.0029705665645436900128  | 0.0075007912923963681109  | -0.031135426356959986643  |
400   | 0.00083143503541325972442 | 0.0082471136291029818743  | -0.0092159881437648399211 |
401   | 0.0050709245421721336686  | 0.0048355758018419322045  | -0.030988768839322888837  |
402   | 0.0021057712610408640432  | 0.0016586200508267442619  | -0.0021210887907507731606 |
403   | 0.0046391784953264637512  | 0.010003091288774591458   | -0.01037605023912584884   |
404   | 0.0061429205988556834228  | 0.00036851063021723181505 | -0.019138763081252608417  |
405   | 0.0094392290267119108305  | 0.004648167982482121624   | -0.02921898585122808395   |
406   | 0.0099208986352358856375  | 0.00610119544198728294    | -0.018208361411428012483  |
407   | 0.0096482663048579522108  | 0.0087997603462383021389  | -0.0039271742054407636491 |
408   | 0.0027157112827407652554  | 0.0078093589537023893818  | -0.010462882199772160358  |
409   | 0.0038545534086354945116  | 0.0017417221688803192527  | -0.023442697610475349279  |
410   | 0.0013890982411209236436  | 0.0028874870678991604658  | -0.00069804360552374743361 |
411   | 0.0076816410695709404916  | 0.0039372084087188159371  | -0.025417161906775419256  |
412   | 0.0038379870783981878506  | 0.00094113669028816893374 | -0.023047623363816521769  |
413   | 0.0025785963936608450806  | 0.0063354520354658152778  | -0.034984252328487508432  |
414   | 0.0027535864237869145561  | 0.0014374495588106090457  | -0.031014873319568449922  |
415   | 0.0027523970388176823183  | 0.0094210995355960766573  | -0.0098431480050613466559 |
416   | 0.005188686935155783185   | 0.0056545134656474163592  | -0.0017602560654881110012 |
417   | 0.0073600555255370955082  | 0.0022208813086598841804  | -0.0093022631089742513488 |
418   | 0.0074188329523948966585  | 0.0081026971898802008232  | -0.017670796374921013405  |
419   | 0.0099655198924750720835  | 0.0067678408797145770195  | -0.03392517671699071119   |
420   | 0.0064214402719570832026  | 0.0087563866533822126009  | -0.030416891678781757952  |
421   | 0.0058032166133128769772  | 0.0093130530647366864538  | -0.0019413956187792993403 |
422   | 0.0024274409338495414254  | 0.00069570137529498016389 | -0.00067952876413976046315 |
423   | 0.0051090143509479931522  | 0.0077167540816446087565  | -0.020530877919792651226  |
424   | 0.00037617840499603271125 | 0.00781960921407284619    | -0.0069906020982456315224 |
425   | 0.0063985317460178853244  | 0.0041291115620836118388  | -0.031392235779928265305  |
426   | 0.0043199253427312032938  | 0.0094164283158488393949  | -0.0029714059600433385434 |
427   | 0.0066708306869764253874  | 0.0023390934980435287155  | -8.1645157537388321554e-05 |
428   | 0.0082257373200389331813  | 0.0046984201228003627873  | -0.028708619617117996786  |
429   | 0.0052478611747446383962  | 0.003801356490419065693   | -0.0054585899251623076767 |
430   | 0.0019073163262328142464  | 0.008906261174983335499   | -0.011649937678387024473  |
431   | 0.0069272647911223644845  | 0.0071530640921891510547  | -0.0075168103646468956494 |
432   | 0.0014754207274675038442  | 0.0055611501831140091462  | -0.026805502179339753266  |
433   | 0.0026413529406648468198  | 0.0058356263289814358508  | -0.025406799890694869298  |
434   | 0.0025589787244874166207  | 0.0027101105248235704027  | -0.019489235349758434607  |
435   | 0.0097706268464433209536  | 0.0012221644406324853362  | -0.0058915120077773445312 |
436   | 0.0010453836374192642788  | 0.0079810253511635263074  | -0.0081458163135291576651 |
437   | 0.0056949976899107017381  | 0.0042146994072277954579  | -0.0044245735776069000308 |
438   | 0.0085099994578686777302  | 0.0035349154020290702097  | -0.024814985032534164072  |
439   | 0.00057468466310286938237 | 0.0074593035311480426763  | -0.012903367494731110901  |
440   | 0.0093473226524901503742  | 0.0042545174143920764034  | -0.0031366677465010546488 |
441   | 0.0018079624233397165612  | 0.0011861948709971040922  | -0.011767123108723596958  |
442   | 0.0015269323749070283242  | 0.002754838092951743863   | -0.0029152114350478389171 |
443   | 0.0036143784706662673671  | 0.0083300879662631076294  | -0.012580540071281971076  |
444   | 0.00048330261760605306614 | 0.00045318954495675013673 | -0.023051831083163613206  |
445   | 0.0072009880238931133628  | 0.0071068153112488841386  | -0.010730011775334887675  |
446   | 0.0014274941511123030811  | 0.0084607874701004229939  | -0.020297441612727611104  |
447   | 0.0038577469085651319887  | 0.0084907750503574273143  | -0.032405288722735903217  |
448   | 0.00010208903732191807585 | 0.0049527609028879506642  | -0.020391324572727249909  |
449   | 0.0062051363420011600158  | 0.0070271855779801550845  | -0.012619032002587453334  |
450   | 0.0066529179767462875289  | 0.0039249301242363166323  | -0.0057043693577351825552 |
451   | 0.00065774813594504340838 | 0.0097457171558807519779  | -0.034837079746336797881  |
452   | 0.0081236665236961054515  | 0.0088300203243534252512  | -0.026181945937340377062  |
453   | 0.0058518419140180478674  | 0.0036985681202667489847  | -0.027181438535247022525  |
454   | 0.0081478851193720353702  | 0.0066401334587076494415  | -0.020565259673825917602  |
455   | 0.0015785723988553331844  | 0.0062169734156925712809  | -0.006523969042832969932  |
456   | 0.00086392301848841495694 | 0.0042937170649420645929  | 0.00068521939425853894273 |
457   | 0.0023788324498021490815  | 0.0052269263103286080913  | -0.0048534079233622795524 |
458   | 0.0027625833906784872697  | 0.0092923095770337717919  | -0.0091521983463655337543 |
459   | 0.0055825516684640677859  | 0.0010981542069203608942  | -0.0021013646066603006504 |
460   | 0.0064091633927622704628  | 0.0087938652577397840443  | -0.011069635513447794242  |
461   | 0.0029988259790121422899  | 0.0044482547525180049508  | -0.010106697467723593786  |
462   | 0.0037141201940475258858  | 0.0034231525872073921384  | -0.014606841887131773172  |
463   | 0.0064549213119429607946  | 0.0039287528034431156224  | -0.022618847677021953341  |
464   | 0.0084544271387493024478  | 0.0011811614425594329104  | -0.030119079765438455665  |
465   | 0.0092556888266386323078  | 0.00024175123350085917472 | -0.03140845787821994195   |
466   | 5.3740563172608737073e-05 | 0.0062351743231116134314  | -0.010266634398662941377  |
467   | 0.0070346368410938078103  | 0.0045348652408507567763  | -0.023672218061820966828  |
468   | 0.0030988292836046939759  | 0.0071037891023176700719  | -0.025776470739719555686  |
469   | 0.0054840950035980320573  | 0.0031171915099841283371  | -0.023004191924487799037  |
470   | 0.0046565311669693456795  | 0.00038711823000522346079 | -0.02519038085769258542   |
471   | 0.00088290631989700648751 | 0.0083418484451737353463  | -0.032703459076448677945  |
472   | 0.0054631062538688292957  | 0.0086087722901029353761  | -0.032628290858364647486  |
473   | 0.0068147636909872957509  | 0.0015717821477312509271  | -0.023011398366502285734  |
474   | 0.0010179366386433694094  | 0.001897139102678008617   | -0.016440910879130968963  |
475   | 0.0049439640928891403007  | 0.0047189698478854137306  | -0.02675074311417358075   |
476   | 0.0081169145252254354395  | 0.0085858956797714193476  | -0.011723667509996630112  |
477   | 0.0080423978379388551957  | 0.0079587791557583983937  | -0.0070370961602970903345 |
478   | 1.2655688847748929277e-05 | 0.0080147129788119969573  | -0.034854583186029054753  |
479   | 0.0040856234268691052     | 0.0025218179410099019269  | -0.021523996537409089552  |
480   | 0.00022361501764220486905 | 0.0044524253247357941168  | -0.014568084285602564409  |
481   | 0.0033395988152773040461  | 0.0079971162699051575456  | -0.029317351661666071067  |
482   | 0.0044470689036959255847  | 0.004830279421925069358   | -0.033534878156470243615  |
483   | 0.0057909585656246449076  | 0.0037782977652800740255  | -0.031313136856066021985  |
484   | 0.0019771941413300052511  | 0.0061260365310314753712  | -0.02405897261144803248   |
485   | 0.0012808481912772891591  | 0.005291722740009115189   | -0.030868465184682541275  |
486   | 0.0010449173378473909299  | 0.0072182149319638677643  | -0.0089115805741352745878 |
487   | 0.0081376487402431522955  | 0.0050584784934079975519  | -0.015419949467364975348  |
488   | 0.0087377274813362545286  | 0.0061004744394228642423  | -0.012519227410523537866  |
489   | 0.004220678254702628189   | 0.0094632461795072300714  | -0.034208657686193619241  |
490   | 0.0047270824819065689754  | 0.0086102662596725977606  | -0.013832526451415649155  |
491   | 0.0034982792447720467872  | 0.0029243361992776412996  | -0.011640263485122355133  |
492   | 0.0073543058309222236052  | 0.0082473444244022600658  | -0.016663330315022813893  |
493   | 0.0094111607940997408367  | 0.0071154066028859602397  | -0.014048736008099952169  |
494   | 0.0047316103849083359159  | 0.0046912083177792478911  | -0.034301770255008058597  |
495   | 0.0076404844239754601126  | 0.008117918113191976634   | -0.0050875144708350276621 |
496   | 0.0087808215326945666945  | 0.0056774937919323613042  | -0.022113166816034059842  |
497   | 0.004979573439316794907   | 0.0050298140642913513956  | -0.0026058200322273575127 |
498   | 0.0052061658797873050855  | 0.00021914474789811136282 | -0.034785575062985150951  |
499   | 0.0093811377862692488239  | 0.0051175842326919912181  | -0.011522815302982106905  |
500   | 0.00049843094467642498624 | 0.00030029735641052645971 | 0.0005305065590514050286  |
501   | 0.0045882431587216370578  | 0.0038703050858981792939  | -0.028071845747729654019  |
502   | 0.0055371554007487642363  | 0.0052816244658829645392  | -0.019990830630873989565  |
503   | 0.0012381023873241330923  | 0.0026794496653285522145  | -0.012430787009172293567  |
504   | 0.002212172217263651177   | 0.0033435006826901818473  | -0.025414509960556243978  |
505   | 0.0070490219780907220626  | 0.0076161653387821397557  | -0.033128756942663539764  |
506   | 0.0036427769083930364863  | 0.0022597389489264316405  | -0.01900833257927624087   |
507   | 0.0089261245403822932903  | 0.0037432456170392912689  | -0.005882900922321690311  |
508   | 0.0045717913648731416457  | 0.0017196794686699871501  | -0.025330563222545239566  |
509   | 0.0013874003179577992003  | 0.0030255551253728016348  | -0.034995627146335077373  |
510   | 0.0076810199052266565217  | 0.0084655304598882531036  | -0.0066438788765824270677 |
511   | 0.0022956473569005586381  | 0.0029352317393448153562  | -0.029814980248052916356  |
512   | 0.0074016548319201297054  | 0.0097680544828143370945  | -0.03015683386145943598   |
513   | 0.0056429047240406267349  | 0.0032223162707248980373  | -0.027488551813924733125  |
514   | 0.0069541504090409192798  | 0.0016203266191435812971  | -0.0028076142877830837646 |
515   | 0.007627161475482422022   | 0.005642082028448639798   | -0.013863039278437036192  |
516   | 0.0042525540889174796855  | 0.0010400493812439621025  | -0.0030837136567589645657 |
517   | 0.0075150119055658352527  | 0.0055424470582575860803  | -0.024456512754758324979  |
518   | 0.0032563795346513641979  | 0.0029111522356386229475  | -0.015349993945424885225  |
519   | 0.0019343903476466846846  | 0.003656694300110024335   | -0.028440443804250575138  |
520   | 0.0028407619052315279985  | 0.0033520262363284343901  | -0.030873689211403678584  |
521   | 0.0042673203756167362929  | 0.0059113289030508333124  | -0.01017636499868605944   |
522   | 0.0029144835450162875738  | 0.0034864383158412074783  | -0.0078594792312621144376 |
523   | 0.0014904463646718919476  | 0.0083918859195803406636  | -0.011808467982493672799  |
524   | 0.008767857750893805896   | 0.0012772758196351132777  | -0.015991123844997099518  |
525   | 0.0034038677486537493276  | 0.00058081202744817046757 | -0.034193702071487627747  |
526   | 0.0003216546650633731819  | 0.0055534633218496214091  | -0.0077186720871377963171 |
527   | 0.0091989489058705888047  | 0.0053288011885557241831  | -0.010075520115978028532  |
528   | 0.0087646035697897251016  | 0.002339034613147667873   | -0.014080141024541551961  |
529   | 0.0066821691351476517062  | 0.005678226456083618548   | -0.021097828541828251431  |
530   | 0.0034293695715247205988  | 0.0065778558122778071557  | -0.0035108884042520526088 |
531   | 0.003792879409906508778   | 0.003995240906112199758   | -0.019651532616195024894  |
532   | 0.0047701779241787426594  | 0.0037324647897856635254  | -0.00030415046239923797895 |
533   | 0.00027768572416083346643 | 0.0057297907386016288731  | -0.0090188298591667073051 |
534   | 0.0022964473925890715664  | 0.0040400232714252028512  | -0.013027640245754597281  |
535   | 0.00038952078226502936205 | 0.0084940929792583098196  | -0.025987685872893944578  |
536   | 0.00018476190386926966136 | 0.0001614135310639622364  | -0.0036920016914130803116 |
537   | 0.0022565745212129329628  | 0.0041940974066940533635  | -0.011842290989156198031  |
538   | 0.0085584537880147252414  | 0.0016554952683637412687  | -0.034761263439141765197  |
539   | 0.0092610736359546499269  | 0.006046300247932893078   | -0.004751376258638428246  |
540   | 0.0048340228998002103544  | 0.0060412051169641449791  | -0.021760874762054852743  |
541   | 0.0017410631167919950711  | 0.00049375713069290392328 | -0.015682990962013036024  |
542   | 0.0064511073395248580767  | 0.002720011406562488146   | -0.0097856150003229232237 |
543   | 0.007888004571139702048   | 0.0061076234609430905126  | -0.0073119184981330015774 |
544   | 0.0045255933593094169187  | 0.0035745958141926593293  | -0.026308926089497843004  |
545   | 0.0083425865739141374933  | 0.0085600404928297211399  | -0.019329378339137469334  |
546   | 8.6302533734076820556e-05 | 0.0081211882042706417389  | -0.029240442615998802484  |
547   | 0.0030950618598952666163  | 0.0035121247760956015617  | -0.0039492475153897954251 |
548   | 0.0040814853532523624052  | 0.0030675987934658155605  | -0.029133844358459927426  |
549   | 0.00077526283416331836715 | 0.0085972688743828889341  | -0.031375023682316129092  |
550   | 0.0034977251892242288735  | 0.0041477281447914971999  | -0.0090061020391636551624 |
551   | 0.0062883082310330540646  | 0.0023919929848554310516  | -0.028758636509580954438  |
552   | 0.0048375131251753742886  | 0.0054850025349141816322  | -0.015080827946041264198  |
553   | 0.0031153279130574028886  | 0.0049571681045821576819  | -0.019722105104610688359  |
554   | 0.0017166293585504572346  | 0.0089247602026820346821  | -0.018547437980232468063  |
555   | 0.0069951764802079728633  | 0.0035316202966728296037  | -0.0042860517237218792239 |
556   | 0.0032459334559165136345  | 0.0078250964192978639256  | -0.0079035196503143053531 |
557   | 0.0054987263932102124417  | 0.0054245070913270148141  | -0.029323426728726970786  |
558   | 0.0027624985428299558485  | 0.0057995110483634376361  | 0.00040123526791495996852 |
559   | 0.0070537860345691004438  | 0.0010712729838622924838  | -0.0015556453419381995745 |
560   | 0.0054811572435391293576  | 0.0036300137843936737883  | -0.025637519255008081598  |
561   | 0.00056699458974698825012 | 0.0061508244860760978232  | -0.00040410300275275684752 |
562   | 0.0044927411876470790472  | 0.0070670094287007207204  | -0.0044815179655508631876 |
563   | 0.0070852838667498424172  | 0.0043797459394601199328  | -0.019125841990173361035  |
564   | 0.0047530250853700765912  | 0.0072436761942625271793  | -0.026681810437478373221  |
565   | 0.0072082799951319028245  | 0.0049396900892382132262  | -0.034072997811302331572  |
566   | 0.0042106495645508725326  | 0.0089650689253816216728  | -0.029288002366145156341  |
567   | 0.0088355644449623939318  | 0.00094886567177720083227 | -0.0046203755168827947281 |
568   | 0.007086726665298754245   | 0.0011299781058597250811  | -0.035059035926984997988  |
569   | 0.004895007950005833379   | 0.0039134924963734390654  | -0.023538429082825364225  |
570   | 0.0062607233713121565252  | 0.0098033745129899908799  | -0.0042819314363158464051 |
571   | 0.009800401612260162959   | 0.0065196594868566605865  | -0.032608428974976962078  |
572   | 0.0042122702492125348867  | 0.00026612304485661240211 | -0.0062728471106331092425 |
573   | 0.00095419022533175341591 | 0.006922207659248639719   | -0.010103086055165839616  |
574   | 0.0066357917637211074474  | 0.0090338240043971156784  | -0.012165853236313367222  |
575   | 0.0050514822956979612764  | 0.00029170596478733884591 | -0.02583528894518947322   |
576   | 0.0059225626717053121706  | 0.0027014314964890332772  | -0.0090742848191219787485 |
577   | 0.0024747885123034534666  | 0.0079841675165318020529  | -0.030014386666876079202  |
578   | 0.0034874411318932931406  | 0.007408434652213440573   | -0.013180389466616277555  |
579   | 0.0048731471259238576949  | 0.00043911530197127487561 | -0.022588889410093085375  |
580   | 0.00643670183405477183    | 0.0024882344981735633575  | -0.020331743206529563628  |
581   | 0.0080564994879886546453  | 0.0069954476449834452484  | -0.01030952458240216342   |
582   | 0.0041799953193096539561  | 0.0073023515203834033632  | -0.0016308521797758345363 |
583   | 0.0092528179952074442183  | 0.0077019614751402875816  | -0.017168417093648757205  |
584   | 0.0053323915265113749906  | 0.0087204759994078465124  | -0.028396879446531332614  |
585   | 0.0035523137498545708825  | 0.0025385840289190177675  | -0.014808817173646562568  |
586   | 0.0076501884493230636053  | 0.0088997727313816152317  | -0.020949516273185239679  |
587   | 0.0018113000155226789082  | 0.0033825162906254736817  | -0.025011549053058097086  |
588   | 0.0082175070460112770165  | 0.0041069121123774397081  | -0.025904498978601555453  |
589   | 0.0034997564842918740986  | 0.0070467026607991464782  | -0.016214537367545533292  |
590   | 0.00033675383874200398408 | 0.0092873779699553914851  | -0.013621834612600386416  |
591   | 0.0030127151947206692872  | 0.0033755189882605954148  | -0.0088908099618397740116 |
592   | 0.0031067719205298371769  | 0.00072305760761587583967 | -0.029793813265580271904  |
593   | 0.0081496835658280957632  | 0.0081290532368378555506  | -0.024693108746994665847  |
594   | 0.0093546677289137025041  | 0.0072895705673881351638  | -0.0050675412583317059126 |
595   | 0.0025013322852323865292  | 0.0079991262647641919736  | -0.010292766798607652298  |
596   | 0.0099824586279581208753  | 0.0075525346398869980594  | -0.020781690203010474982  |
597   | 0.002883032750593465636   | 0.0080239087174652275886  | -0.021066381993009423296  |
598   | 0.0043269148883292420441  | 0.0044745136443820315159  | -0.022734282779238484257  |
599   | 0.0001451275709504746647  | 0.0069678965886048787118  | -0.0050246254925017316828 |
600   | 0.001181641595008693776   | 0.0014598068423175253154  | -0.024985525909721358756  |
601   | 0.0015865458577247540384  | 0.00096086824043795494941 | -0.027205452379542385127  |
602   | 0.0065887963032312804254  | 0.0062845462114451420069  | -0.020251229426797981437  |
603   | 0.0025124849049787201585  | 0.0024748277011317630809  | -0.021527275985150428478  |
604   | 0.0092634829471745661761  | 0.0077647516203972763785  | -0.030069572517740665585  |
605   | 0.0070305167404809010973  | 0.0075295697117707212007  | -0.023762093320907493044  |
606   | 0.0089136383794185033297  | 0.0024048384602364178408  | -0.028773813025812604305  |
607   | 0.0017434161329328858557  | 0.00079006461006572508646 | -0.033398829143998158553  |
608   | 0.0040300788448401850955  | 0.0069636951753159490389  | -0.007141914410847586929  |
609   | 0.00038973932864901523207 | 0.00013760678329643167401 | -0.01615505294596294994   |
610   | 0.00054602066867464075714 | 0.0019970569279843717291  | -0.034443767721664367287  |
611   | 0.0047950113767746393306  | 0.0056904729798595461709  | -0.021921653952610260785  |
612   | 0.0047549974161475733886  | 0.0085669368760259018147  | -0.0011138165107511699848 |
613   | 0.0065843116602357686443  | 0.0096848077269427804148  | -0.024785607474106168685  |
614   | 0.0046341579024157851865  | 0.0030441247443211789589  | -0.029377391260954330288  |
615   | 0.0011693242332375135186  | 0.0089250145536294307053  | -0.0058893817797293348745 |
616   | 0.0092982577048704093126  | 0.0038682622935428145373  | -0.0037132193249489907003 |
617   | 0.0065751954394392270187  | 0.0030881854065899741642  | -0.0053309438186627386078 |
618   | 0.0021796930340432720159  | 0.0070212306427907822393  | -0.011876072927046614491  |
619   | 0.0020984595513875228812  | 0.0085896886695496065672  | -0.0069414456190414952283 |
620   | 0.0077408334011223921614  | 0.0040033910885074221186  | -0.0081766187282597945635 |
621   | 0.004407801004384561544   | 0.0058074721116221691281  | -0.025519931001253909342  |
622   | 0.0019910757716284938762  | 0.0090061200709484878074  | -0.026444916858090857653  |
623   | 0.0031238146593697232491  | 0.0027861879405768380687  | -0.01672714738989731012   |
624   | 0.00013979969437355043316 | 0.0053280501901610162474  | -0.0059589830065632006656 |
625   | 0.0067114191433243070017  | 0.0058452281778587512201  | -0.01765290284101230997   |
626   | 0.0016349542102465867283  | 0.00027760188639876481323 | -0.0066384980436729234057 |
627   | 0.0054593137525786898309  | 0.0095039784614737252838  | -0.024617748284007992532  |
628   | 0.007044578308922485807   | 0.0082368124142863288067  | -0.00049074592790751721261 |
629   | 0.0075379783610568197247  | 0.0067460812269359016202  | -0.02062153850097144317   |
630   | 0.0061315004260250362267  | 0.0094406178513208940939  | -0.015927993259328646763  |
631   | 0.0088837826896241908758  | 0.0051848040322310202585  | -0.017654940828367927247  |
632   | 0.0052957872788766202979  | 0.0069727845185142750192  | -0.028067918889940212529  |
633   | 0.0049376521640613710989  | 0.0018481395759732508095  | -0.014776481641190126332  |
634   | 0.00364372663396908417    | 0.0038946563355089216726  | -0.0068612050466696702933 |
635   | 0.0015179376707196449905  | 0.0026513154021752427698  | -0.0072375883311952618482 |
636   | 0.00074971363376474375179 | 0.0071356955799632562978  | -0.012834060258616716149  |
637   | 0.006207963502525087017   | 0.0027199931879040998087  | -0.035143768584774096042  |
638   | 0.00010013441814274822361 | 0.0025416683536856011713  | -0.024755784555666578151  |
639   | 0.0070802842393601576193  | 0.0023007416720672918195  | -0.017265496315044509545  |
640   | 0.0031102393069258578787  | 0.00050419411843797082035 | -0.0098410122802121118707 |
641   | 0.0058584944842221316902  | 0.0079115326121911629803  | -0.0089173815373040227206 |
642   | 0.00091357520593759197845 | 0.0087629669878850520448  | -0.0070924916537108157605 |
643   | 0.0089496436600524607863  | 0.0059838183763893642436  | -0.0026060927816103644956 |
644   | 0.0054218674483182526663  | 0.0093234056242778567264  | -0.027081741333857357878  |
645   | 0.0034770836952740607172  | 0.0093698925535894931477  | 0.00060182777119068258526 |
646   | 0.0023031569765908921354  | 0.0018391826821311627223  | -0.010873448268538796202  |
647   | 0.0049177046426503836021  | 0.0038090830542522476597  | -0.02247399136753187171   |
648   | 0.0040831139859252929894  | 0.0062669104508292459987  | -0.024765937741829009699  |
649   | 0.0043259250580533412101  | 0.0061304680017918306012  | -0.0037166467537139598332 |
650   | 0.0033973828778661400302  | 0.0081539701416269410456  | -0.0073606023553537689233 |
651   | 0.0046692803813498731658  | 0.0065799712543676280863  | -0.0086080429006515375018 |
652   | 0.0026081616509768109843  | 0.0057490887542331753357  | -0.015815324950882489463  |
653   | 0.0064715246221128076495  | 0.0048074536313000527585  | -0.0025728088601044804724 |
654   | 0.0056091515680630737312  | 0.0080509200872486089834  | -0.010972283751364223653  |
655   | 0.0051270956952250250349  | 0.0047762498233376998735  | -0.0012134506854801598626 |
656   | 0.0028014477387587307169  | 0.0028814393034303394103  | -0.00084829582276357232834 |
657   | 0.0081734001427205202339  | 0.0091854986050294920585  | -0.018538560972486749917  |
658   | 0.0056222527620371142917  | 0.0083871127819122801017  | -0.011203046597342523893  |
659   | 0.0081589007362142338536  | 0.0045176863445210253475  | -0.016846696276059475172  |
660   | 0.0063848683194363126114  | 0.0016268535026955222977  | -0.025280526783229902155  |
661   | 0.0010992681943164479483  | 0.0042158835628783811883  | -0.015580804433202283255  |
662   | 0.0043394540591053312739  | 0.0081379168209687498259  | -0.0028518782879993365836 |
663   | 0.0077499666089883827852  | 0.0019626770183861488514  | -0.02310318388286980093   |
664   | 0.0044237759090600715928  | 0.0026550187996654279338  | -0.010652512468736198559  |
665   | 0.0021963348686739542562  | 0.0057026476026751250076  | -0.0040609968047776549838 |
666   | 0.0062623819444887962246  | 0.0009331521449857790515  | -0.023097113602766866647  |
667   | 0.008414755759969524268   | 0.0020680161162720694414  | -0.014785355559956385105  |
668   | 0.0055247348398751779802  | 0.0016944339091139785057  | -0.0082319483862936856239 |
669   | 0.0091475675390273146481  | 0.0024871787693769961854  | -0.024231029142709026303  |
670   | 0.0020453361657930806822  | 0.0059249084269449858731  | -0.011427906087158531956  |
671   | 0.0021850200383455530527  | 0.0079403114973275942812  | -0.025069576328862308578  |
672   | 0.0098972955366828704177  | 0.0058433435757052291232  | -0.01797816543183943308   |
673   | 0.0080636992065123182238  | 0.004923516394690689163   | -0.033134313450581764915  |
674   | 0.0072568392373505066079  | 0.002446324445295702376   | -0.016675177159582030978  |
675   | 0.0025516032343323321284  | 0.0040279466096953837201  | -0.029162034417831720484  |
676   | 0.002389520613708524116   | 0.0099247527809107616292  | -0.0045334944885229893144 |
677   | 0.006250008930064300354   | 0.0027868683758279100965  | -0.021230285808348962201  |
678   | 0.0024035050604857104151  | 0.0029068983697019723685  | -0.0035175157333028530399 |
679   | 0.003913792677086107806   | 0.0074692154034645616423  | -0.00999176909033478583   |
680   | 0.0015916586072479482414  | 0.0068366442514235592834  | -0.020088387598031064857  |
681   | 0.0040104530642738247387  | 0.001404387770925111939   | -0.0091322407131472979613 |
682   | 0.0012781608691670245676  | 0.0008636596153101733838  | -0.017905365822678993848  |
683   | 0.0044730919987042315131  | 0.0053667928267967920583  | -0.0060570425124096992017 |
684   | 0.00062348154049846212475 | 0.0019910547840569052525  | -0.025950532432098268737  |
685   | 0.0059498984526264262623  | 0.0017041543216642952852  | -0.030393585815516918625  |
686   | 0.0052879569467978579031  | 0.0038024153736458598737  | -0.026309499436301092556  |
687   | 0.0080057497334185840493  | 0.0048689150906243662195  | -0.013525945552610822709  |
688   | 0.003613726744037499411   | 0.0071791408532868332057  | -0.010077239436655335142  |
689   | 0.0049445143781353508364  | 0.006669664550260543355   | -0.004405645092618819432  |
690   | 0.006300679663451227118   | 0.0067179135173182054699  | -0.016019558019610791871  |
691   | 0.0077837257744757925443  | 0.0044575876761252120756  | -0.016314974930535210834  |
692   | 0.0070356074324833504929  | 0.0082406933289592872172  | -0.02106856691718390906   |
693   | 0.0075918292290583656162  | 0.0037616054576638719743  | -0.023930690152571175433  |
694   | 0.0077126735687303160649  | 0.0093890768440463186206  | -0.018252020276764042983  |
695   | 0.0047745462421718747395  | 0.0082341819957914702544  | -0.030416609796654846959  |
696   | 0.002043513810960806594   | 0.0025808154706920011928  | -0.023445095181981165378  |
697   | 0.006335445522760509672   | 0.0045141554593830538963  | -0.023835685066534249149  |
698   | 0.0019125675314792683641  | 0.0088020783332320266801  | -0.022912951560464103057  |
699   | 0.0079689992651059155665  | 0.0010473667784198605665  | -0.018323025404297709623  |
700   | 0.005844161684268230246   | 0.001931337655897841666   | -0.0092987317229789936968 |
701   | 0.0050260082802759693116  | 0.0061664943297230160463  | -0.027298276609737114756  |
702   | 0.0053954023458329357366  | 0.0068153076583385673037  | -0.023428158073104186909  |
703   | 0.0040878601376355527125  | 0.0055249361609855645455  | -0.028228106882226190744  |
704   | 0.0028110481079661629386  | 0.0089184898551866072236  | -0.012873566101642908849  |
705   | 0.00255756220924881119    | 0.0091612969321780944598  | -0.0063092533716364012503 |
706   | 0.00095208316659814559626 | 0.0082886851902617755816  | -0.03058226787749410841   |
707   | 0.0015518743292474593363  | 0.0082091276294580153156  | -0.031257352315518821539  |
708   | 0.0070642655563917574474  | 0.0044674026386975814601  | -0.012134650564911050527  |
709   | 0.0046249714639850095579  | 0.0019890562432539160391  | -0.021528009594300304141  |
710   | 0.0057871330507698742762  | 0.009186323522491567084   | -0.018181905588126014844  |
711   | 0.00063162355509316738846 | 0.0070951019827991219577  | -0.021002568994700328286  |
712   | 0.0045366466325909068219  | 0.0051412753861822127824  | -0.030654439302589913535  |
713   | 0.00085650823063409381973 | 0.0060316958926184072523  | -0.025919011912148393756  |
714   | 0.0011244027761694774716  | 0.0054236690607239431208  | -0.031373146812086617763  |
715   | 0.0046542218504739647431  | 0.009081356504077564909   | -0.025982639059266916109  |
716   | 0.00013350929628909221779 | 0.0075398861124089623306  | -0.020370229165431658069  |
717   | 0.0028877154187789857813  | 0.00894945916867780078    | -0.010964148860256159659  |
718   | 0.0043888593396735672142  | 0.006931970121716721743   | -0.018017182502864294985  |
719   | 0.0092731575412576417589  | 0.0041954058507985012363  | -0.030191986914907337908  |
720   | 0.0066543196771049091531  | 0.0078687860195396520241  | -0.034553365509575086068  |
721   | 0.0069390359354097189484  | 0.0048825042649006476086  | -0.019038290989354042515  |
722   | 0.0021361182494949492242  | 0.0067103677184692026025  | -0.0084424236169062874535 |
723   | 0.0042193407979489640919  | 0.0049171381155364742022  | -0.012908817048569085767  |
724   | 0.0073205703081405011645  | 0.0054414028265476442614  | -0.019609106338666117131  |
725   | 0.0087736499838254582845  | 0.006359737021943308137   | -0.014280502670905357784  |
726   | 0.0030643421430435798664  | 0.0071167698747221924682  | -0.014403138217226585036  |
727   | 0.0033368940274456407834  | 0.0030327707508785435413  | -0.012961356704485718291  |
728   | 0.0049539361438240732405  | 0.00059069704970756515758 | -0.0045060799607947298745 |
729   | 0.0099363371769406114153  | 0.0062976810975236821241  | -0.020267332717268372183  |
730   | 0.0084603576174774562657  | 0.00285688610924020054    | -0.0050352524709714905835 |
731   | 0.0058293348648443569712  | 0.0018476876501923957842  | -0.016988456325485228049  |
732   | 0.004334308376225874497   | 0.0098760676207657015213  | -0.034612517856110074088  |
733   | 0.008052383605096012989   | 0.0084490910217739339377  | -0.018775115602206612908  |
734   | 0.005089904374571154605   | 0.0043983896262699525084  | -0.019658900815469192158  |
735   | 0.0045826757922355354502  | 0.00031296604605398476145 | -0.0088258745024756921765 |
736   | 0.0093309240750347587773  | 0.00028941732267571734696 | -0.0023727139533685158955 |
737   | 0.00612935813318165202    | 0.0080185508314800247459  | -0.013799924073226286017  |
738   | 0.0022958235388396545408  | 0.007289997469880024096   | -0.024275934529223164304  |
739   | 0.0071400048556726517998  | 0.00080909318757809486206 | -0.032470075055911241935  |
740   | 0.0066026865907807714973  | 0.0033549686158883046047  | -0.027600889446851146342  |
741   | 0.0017501555880901405876  | 0.0068696252604910938364  | -0.0046489764974476108575 |
742   | 0.00082634026525342020066 | 0.0046441740737897989691  | -0.0033419618893239409416 |
743   | 0.0035999929752245393537  | 0.0047288185590260824534  | -0.03079145327939130164   |
744   | 0.0089188791737493909595  | 0.004989463760004936993   | -0.019943031139002212471  |
745   | 0.0016677296827625029581  | 0.0064489288395427465592  | -0.022261973464520426469  |
746   | 0.0068291392616927643761  | 0.0036439337001435844095  | -0.0059478337900292846396 |
747   | 0.0046031800026090996872  | 0.00059079527205247470232 | -0.013453701955839730484  |
748   | 0.0086027790403239365324  | 0.003176986420159226554   | -0.021457515843392688942  |
749   | 0.0099654999593409825803  | 0.0041475469125770401957  | -0.024849401090265618025  |
750   | 0.0080669759716459343846  | 0.0019119474567531554755  | -0.0071201839953039733344 |
751   | 0.0045174378164133041635  | 0.0067727882359458653483  | 0.00077470604178316536653 |
752   | 0.0020341782341001613324  | 0.0087041951157271531953  | -0.018497370958548337017  |
753   | 0.0073610250423953461213  | 0.0089717732318990457002  | -0.0083144813723656282173 |
754   | 0.0059934824612657301018  | 0.0080450077492494002224  | -0.0098778347147838209408 |
755   | 0.0013809602765787313584  | 0.0081193608169751445985  | -0.014119278749484478683  |
756   | 0.0084784437787482763715  | 0.0091127917842340252358  | -0.010693632777744405127  |
757   | 0.006379323457760494552   | 0.004401090640887116677   | -0.022452991557208056006  |
758   | 0.0031002538908170554008  | 0.0023349930169367628073  | -0.022636882033530161817  |
759   | 0.0042214083447016581205  | 0.009968087996497006914   | -0.013929987999413773539  |
760   | 0.0015356402322939828858  | 0.0096024189952894686145  | -0.016506601530797911787  |
761   | 0.0033691069262964819762  | 0.0088281231639767941688  | -0.025343979143160232786  |
762   | 0.0079215800494570158541  | 0.0037726896016681862704  | -0.016561151902831441202  |
763   | 0.0081509274086188909791  | 0.0040058873991516731616  | -0.016101336715000989785  |
764   | 0.0065249107161621999404  | 0.0050564605624071360876  | -0.019164990247842558779  |
765   | 0.0019802039754544089115  | 0.0050159293556535115496  | -0.013113798239538690393  |
766   | 0.0077195207302726311094  | 0.0068507147091588600427  | -0.031628753073148989372  |
767   | 0.0052891838923115721063  | 0.0020668321083637981872  | -0.021521126903228750271  |
768   | 0.0036023948584415258455  | 0.00052147318975828270849 | -0.024191982585889781898  |
769   | 0.0014605768462701278643  | 0.0056387592113956606574  | -0.013181752051184757527  |
770   | 0.0010479951044958829998  | 0.0089063005256404433052  | -0.0058740768529424343403 |
771   | 0.0071733354285310165291  | 0.0062331798528618620123  | -0.0094396016512918665131 |
772   | 0.0029465052777161932288  | 0.009476080504679254557   | -0.031835240461494253295  |
773   | 0.00051914718694020536242 | 0.0018994962397525022232  | -0.0088495261128761857489 |
774   | 0.007627845621285974341   | 0.0088929967445451462565  | -0.022790396814623050531  |
775   | 0.0085083302240108096143  | 0.0041029386847184941278  | -0.0181925022742091963    |
776   | 0.003249351638793770633   | 0.0056499394599321744667  | -0.024273492250191798514  |
777   | 0.0086330888503535589684  | 0.0051969282167697089178  | -0.0058635701317928442394 |
778   | 0.0019740553963198850633  | 0.00010793285635993238444 | -0.0036231826790298600829 |
779   | 0.0049099029461318012199  | 0.0043281603243014487095  | -0.0085696840258461613044 |
780   | 0.0077700986614411037337  | 0.0061873422170813166532  | -0.024504913869984934482  |
781   | 0.0020898661872872079971  | 0.0033299852000102506989  | -0.0059475727843262002695 |
782   | 0.0016959784480847174461  | 0.003233139649395350753   | -0.028391147357215255898  |
783   | 0.0029927364957615795391  | 0.0055987596480499418616  | -0.0058791504976048059722 |
784   | 0.0082692686411081160053  | 0.0037362382168713223485  | -0.023634426820089777382  |
785   | 0.0014432545583417074383  | 0.00060330264740102428761 | -0.019853716914330847565  |
786   | 0.0041110011770414860502  | 0.0064979583350034744726  | -0.013282292641250630083  |
787   | 0.0026364337752756723116  | 0.0011341847537318272728  | -0.0026159053452366617075 |
788   | 0.00083883777916628123744 | 0.0060874714187312932434  | -0.024109547843401090556  |
789   | 0.0053301198434891382608  | 0.0052578047737878328902  | -0.027868184620084786307  |
790   | 0.0049134164152479734705  | 0.0042242512048591409832  | -0.018736651661846497746  |
791   | 0.0012737656372971259324  | 0.0090994836752018217613  | -0.028532867884671159198  |
792   | 0.0032643631608367958651  | 0.0022722892434098853828  | -0.0092216221064938923291 |
793   | 0.0061935514668644700911  | 0.0015651689864982687352  | -0.0041987444451637174342 |
794   | 0.0094063899741346455874  | 0.0061216636631981086875  | -0.035107697853947031352  |
795   | 0.0041764095936799800271  | 0.0070161771309542294087  | -0.020097161879136238305  |
796   | 0.0046683026186413786179  | 0.006729336422884536241   | -0.0058411668023902341834 |
797   | 0.0019557146509866073919  | 0.0066726416731673230884  | -0.019732188937555454611  |
798   | 0.0029553206603199068218  | 0.00053470551078894695742 | -0.0034645448912437246114 |
799   | 0.0070016647748272356835  | 0.0024021664986732080456  | -0.029122381357658301548  |
800   | 0.0070072822830731778393  | 0.0080219950259492137784  | -0.015103742260853076848  |
801   | 3.0531426055681806244e-05 | 0.0020429144967298541388  | -0.005485616159035622795  |
802   | 0.0031155097275448006937  | 0.0095455824404484055506  | -0.014958452741860677609  |
803   | 0.0079312086300818169377  | 0.0083699121364517927585  | -0.0091392494951519197971 |
804   | 0.00089685337039092016473 | 0.0039793583253653905599  | -0.028692944826295630617  |
805   | 0.0028611914314670382209  | 0.0040449831684396721915  | -0.016442018641603974027  |
806   | 0.0023985136356730139134  | 0.0039139005829188413393  | -0.0063802801355603358524 |
807   | 0.0019429662148775339158  | 0.0082027623860022984281  | -0.004159729354178629164  |
808   | 7.9752621626466221882e-05 | 0.0021815056206902494473  | -0.02963926955815890385   |
809   | 0.0031134591394827507149  | 0.0041809217169647885232  | -0.021023792271763992734  |
810   | 0.0070355679735365252159  | 0.003513711481369709809   | -0.0044656024291862099485 |
811   | 0.0075247939992524491212  | 0.0027091423480719916891  | -0.03378311655944627595   |
812   | 0.0083842998602929597052  | 0.0049611569731422434232  | -0.026889786504510859028  |
813   | 0.0062635431202432154466  | 0.0046630108110742099492  | -0.0094741290579575306724 |
814   | 0.0045147167357857519859  | 0.0075137508455385667097  | -0.02414485075999268579   |
815   | 0.0041988995549131907792  | 0.0035996670734044591312  | -0.023271793692399622699  |
816   | 0.0032329529259011507633  | 0.0041089060820242188574  | -0.023337785910057761568  |
817   | 0.0090622480335216283598  | 0.0014993859031949962213  | -0.0065178058262344807858 |
818   | 0.0076658712353123601921  | 0.0053276998700491021849  | -0.0071662339509019588879 |
819   | 0.0033607713608645299087  | 0.0059343387878160779383  | -0.01236659052793100122   |
820   | 7.8380041927772768672e-05 | 0.0015389932891109723602  | -0.015061402331655952477  |
821   | 0.0066321529026390066072  | 0.0095538216745233803945  | -0.0083819050748493474645 |
822   | 0.0023333294864217742591  | 0.0066601967358017339499  | -0.013154988120128108253  |
823   | 0.0032910646922318614709  | 0.0026081937453665379918  | -0.032316489504875804684  |
824   | 0.0058915648815455988474  | 0.0016944266444704030039  | -0.020029811886435870683  |
825   | 0.0064543117621938704206  | 0.0056325926986546094935  | -0.024352629980080840039  |
826   | 0.0076925940705392789262  | 0.0068962633646281936567  | -0.023411972223291308698  |
827   | 0.0090277832484213036551  | 0.0073729526415328870345  | -0.0034135002085605489069 |
828   | 0.00012826001081259256987 | 0.0050283983744319775064  | -0.023369392535330893446  |
829   | 0.0012305787284008380938  | 0.0073546151586323191968  | -0.010548149581103678785  |
830   | 0.0028090085906187513796  | 0.0039298439584707495209  | -0.0042799101430249101088 |
831   | 0.0039094850726905079966  | 0.0076170100774069528227  | -0.0020749557133567619709 |
832   | 0.0054599425460089990453  | 0.0023302125161524691981  | -0.012645486704750781223  |
833   | 0.0090515770931148716028  | 0.0048351327494829832859  | -0.0085366083627665574618 |
834   | 0.0047332582514616611258  | 0.0079081646345696594846  | -0.029148932239708734426  |
835   | 0.0075070955882376028123  | 0.0094511548080971393565  | -0.022022493596753955902  |
836   | 0.0098698732762366962051  | 0.0011012282801988423128  | -0.012589547907131230786  |
837   | 0.0081053846493294463144  | 0.0026900619956684427604  | -0.010687646863255030258  |
838   | 0.0066023007080482712383  | 0.0013497137484410086025  | -0.0266463130740393489    |
839   | 0.006744086619044423192   | 0.0026994251116195045262  | -0.0041159922378570731882 |
840   | 0.0092220377498243282649  | 0.00052477998245735446841 | -0.011218925417347534387  |
841   | 0.0064166269061957260239  | 0.0011609672942983315265  | 0.0003102248523469734948  |
842   | 0.0028860512579400288656  | 0.006557512718795737057   | -0.0041705778851506480551 |
843   | 0.0065834002254851684     | 0.0073698021254343043865  | -0.022970875744906363997  |
844   | 0.0038340753874803778015  | 0.0012374627325677819804  | -0.017057331965589034306  |
845   | 0.009646586014066510506   | 0.0024899431720773377262  | -0.00086269720240603089793 |
846   | 0.0086332210250200033808  | 0.0022857719808877354287  | -0.0093012420485095396311 |
847   | 0.0092605834518858353571  | 0.0074885362834132404228  | -0.012887367177008991065  |
848   | 0.0043707875621587077147  | 0.0015241712319766275233  | -0.0015237026483653039795 |
849   | 0.0062899134144841746877  | 0.0051477134864993156008  | -0.00090594290962884725573 |
850   | 0.0040831903508813938153  | 0.0035659903113653152601  | -0.015053593937613277479  |
851   | 0.0050233721532600243698  | 0.0067503561812756194063  | -0.029036935004210943922  |
852   | 0.0051456396098806525194  | 0.0088391597055544023076  | -0.018968261175721961437  |
853   | 0.0092867198540016616254  | 0.003161076855439154485   | -0.02083627042215903738   |
854   | 0.0079841795288289035132  | 0.009312640808618993446   | -0.0088788290439562236184 |
855   | 0.00016033632013501430036 | 0.0037331629142723144789  | -0.002981935534795191866  |
856   | 0.0098429856270485505121  | 0.0031434033065643671168  | -0.0067224957871407989285 |
857   | 0.0081976926633831881386  | 0.0076431430003286214905  | -0.023498960738046689029  |
858   | 0.005481288033599630849   | 0.0030581239262788871905  | -0.010403986164089180227  |
859   | 0.0020312519706517134961  | 0.0053670770423772159313  | -0.018771080108858046592  |
860   | 0.0077232205130592342449  | 0.00075516712841179264859 | -0.0099247698836937153777 |
861   | 0.0011513540953501228119  | 0.0024064753771652351751  | -0.020878925327898735509  |
862   | 0.0088371074813400809361  | 0.00067559147137840670251 | -0.030422512804461968039  |
863   | 0.0011625434678918370769  | 0.0073052849515088920732  | -0.0054908732342698685427 |
864   | 0.0038695813752543527404  | 0.0045104369512505293471  | -0.013748561238534387843  |
865   | 0.0057560021467878801082  | 0.0042488285735317616459  | -0.0048911172606819729169 |
866   | 0.0053354042097991261767  | 0.0096713624587591289633  | -0.012914667834440401659  |
867   | 0.0049962222842946752907  | 0.0057935393620609041548  | -0.026763032609972682574  |
868   | 0.0069053843115771829791  | 0.0078558152434178140505  | -0.012526127942401640847  |
869   | 0.0037058214049581297313  | 0.0049541990355626381801  | -0.025378176868511809899  |
870   | 0.00018528493142794944101 | 0.0037572645268281849862  | -0.00012112527142377340706 |
871   | 0.008124389395412351389   | 0.0017696861971659135025  | -0.031324327226952740355  |
872   | 0.0039768866211060240404  | 0.0022537395256392554754  | -0.032115304536788097378  |
873   | 0.0077430653486061963575  | 0.0034391945358440791959  | -0.030243596087493312269  |
874   | 0.005818172861762985551   | 0.0014178178295345415707  | -0.0023453385519711079064 |
875   | 0.0064666339753289177328  | 0.0064243813397932931705  | -0.019535908773036503999  |
876   | 0.0045103772120462515272  | 0.0015833282954131346586  | -0.0089371215643485289737 |
877   | 0.0011366260493026903583  | 0.0053107909750512993785  | -0.01306382715531463623   |
878   | 0.0004175869749852673357  | 0.0034406236486642866393  | -0.034642995958415905011  |
879   | 0.0056034211871436598665  | 0.0080517264932446052511  | -0.012531875451638273267  |
880   | 0.0061528844125555634537  | 0.0055773155037198212866  | -0.010413752000885382124  |
881   | 0.004309651450863916794   | 0.0045007573238875801455  | -0.018233561249831147649  |
882   | 0.0054958791438774190485  | 0.0059425968248231764157  | -0.020646538549486437991  |
883   | 0.0074730026525734174689  | 0.0054399016854107676636  | -0.0092854581656394066108 |
884   | 0.0081516727843717329272  | 0.0093225913106828057347  | -0.029159231738093392694  |
885   | 0.0095375474604776407789  | 0.0014654411914198687238  | -0.017049195915647526178  |
886   | 0.0044346704128552889498  | 0.0050847458769629899633  | -0.0098000668590758396176 |
887   | 0.0024808156833051276877  | 0.0016691618786985340257  | -0.03099054098107622765   |
888   | 0.0078119856756944678483  | 0.0030833461144341269347  | -0.020922355320247099791  |
889   | 0.00368383115140314462    | 0.0096523292638349949407  | -0.0268032738239829052    |
890   | 0.005458545047978569445   | 0.0070775719957509707764  | -0.033497749579217722671  |
891   | 0.0039269363094341482381  | 0.006362061670904549382   | -0.0052051282919046764838 |
892   | 0.0057644609901228334448  | 0.009091817331558210008   | -0.013811473029141577498  |
893   | 0.0062499631397751357828  | 0.0048640936692249808759  | -0.013165767242039319238  |
894   | 0.00660210488822769552    | 0.0048222347595467326964  | -0.0019781030494265680261 |
895   | 0.0045491496023959618333  | 0.0075592817070473947508  | -0.015321492122065759334  |
896   | 0.0021734155686477145755  | 0.0014828880564837589907  | -0.030847423884632810265  |
897   | 0.0090638453459141992558  | 0.00036374591492520900755 | -0.022556648540310555301  |
898   | 0.002357019323731041234   | 0.0042458984676645170411  | -0.033452386892620401826  |
899   | 0.0019134571443975461388  | 0.0040636286423212679073  | -0.021782697814494156319  |
900   | 0.0051555723381270669031  | 0.008425529740805187337   | -0.026346501675340319726  |
901   | 0.0051072972250212006831  | 0.0071991448898381651608  | -0.026814276685668166078  |
902   | 0.005241177806270166592   | 0.0010173255189071198773  | -0.012196885779652551912  |
903   | 0.0061703801928159086876  | 0.0070149279626435532067  | -0.011077826597888170215  |
904   | 0.00380433688978565809    | 0.0093407555661374243317  | -0.030593305710169715894  |
905   | 0.0072782572969705763843  | 0.0065888339238802271988  | -0.020724700033784002051  |
906   | 0.0079569878845392461031  | 0.0039633826783610371508  | -0.030432123411322734713  |
907   | 0.003680055648722342556   | 0.0085866920675528070339  | -0.0015869523635867141022 |
908   | 0.0032385829478252005365  | 0.0047907124436141080431  | 0.00076805511868549667005 |
909   | 0.006553607471191466409   | 0.0030315377046118635943  | -0.0011318923944823597663 |
910   | 0.0032020432440024227706  | 0.0067958762289199682247  | -0.011873049926922335864  |
911   | 0.0097157204215220487747  | 0.0084201164609617479978  | -0.0048116150987330044003 |
912   | 0.0088473719443387180417  | 0.0043966276468508525693  | -0.0024755858095633844103 |
913   | 0.0060099150061921858754  | 0.0050385372937838766166  | -0.00032745952734744478846 |
914   | 0.002750687674892746213   | 0.0041356364073187202451  | -0.016613545135944929321  |
915   | 0.0043464257197094778931  | 0.0033888401077058908153  | -0.027955845477662878001  |
916   | 0.00047435106682819073954 | 0.0035270650899274671834  | -0.034037631590140296489  |
917   | 0.0029613758780539650717  | 0.00048768580950479952733 | -0.028788110981552886281  |
918   | 0.0027150744589905487399  | 0.0033517000434170637728  | -0.004208569756884904256  |
919   | 0.0020459182324946046001  | 0.0071530898899336038677  | -0.034467384060104244714  |
920   | 0.0085382854402059182169  | 0.0092382775468989285217  | -0.011942109261383494073  |
921   | 0.0033331379384443282285  | 0.00373692884549159084    | -0.0043814024072390727119 |
922   | 0.0057971251206769131015  | 0.0029514108526577449883  | -0.012092779310338698864  |
923   | 0.0056489528351327108688  | 0.0077428515830640799039  | -0.011194520023051638194  |
924   | 0.00076664042276134889645 | 0.0075647831762342965245  | -0.013020277802879457602  |
925   | 0.003819692556702379907   | 0.0038825927751309189002  | -0.031498692235680997298  |
926   | 0.0064662942219070812869  | 0.001186600723128203045   | -0.034907244333937520464  |
927   | 0.0014083791411913912286  | 0.00673967161417296165    | -0.012395137081852787217  |
928   | 0.0041391138311782536482  | 0.0092133795244251966844  | -0.014795367017564640955  |
929   | 0.0074144899520370843859  | 0.0066512023451183645978  | 0.00071027827869868300631 |
930   | 0.0062685217257537652336  | 0.004123016651414668915   | -0.0086305392349641813637 |
931   | 0.004876998328276688395   | 0.0018307781983607988429  | -0.029844961556153532661  |
932   | 0.0085523169820307890637  | 0.0053518753970625138061  | -0.0071048019796874101878 |
933   | 0.00056688514954094965537 | 0.004191912760618491697   | -0.0079223575299048054621 |
934   | 0.0032991514386076711829  | 0.0073183298329705269089  | -0.021846338512443531921  |
935   | 0.0025294601864217481323  | 0.0072056094988812444471  | -0.027753710741250919164  |
936   | 0.0029474619812418795944  | 0.0024863559338526033081  | -0.030660466666874691688  |
937   | 0.0030771096760295398205  | 0.0062305645832518921634  | -0.03026189820243569209   |
938   | 0.0062017544377030173544  | 0.0026412164729866420901  | -0.02523053738303154131   |
939   | 0.0053219417978039038411  | 0.0036765851597428604418  | -0.0049185658190357374117 |
940   | 8.7651876200377205157e-05 | 0.00022336232296186794952 | -0.031055049656818024817  |
941   | 0.0007010170234322988126  | 0.0038645413103113061479  | -0.00090124567858345337994 |
942   | 0.0017840795605111288771  | 0.0033506857736863081103  | -0.016355830898780947258  |
943   | 0.0061437686528039089917  | 0.0082739490512943516393  | -0.002917018585017765956  |
944   | 0.009237891556549360228   | 0.0072783053372918347576  | -0.028217588063842669044  |
945   | 0.00092858255495158886772 | 0.0070824601154430861377  | -0.010947934734598166462  |
946   | 0.0074696787942169079466  | 0.0046732223434537813536  | -0.033671261843150196436  |
947   | 0.0083731998936293107472  | 0.0074876581191726130846  | -0.0058331846434237031446 |
948   | 0.0080855387876622858423  | 0.0066612427781599058141  | -0.028686874546066790104  |
949   | 0.0061359967023156599536  | 0.00061745135594109873314 | -0.027436968248773809659  |
950   | 0.0056647772325709279742  | 0.0085799692216583355736  | -0.021246036345214443231  |
951   | 0.0038973856206956374211  | 0.0057870747447032544822  | -0.006887991985473865264  |
952   | 0.0002475928596648062298  | 0.006752869750793023991   | -0.02753690039212236193   |
953   | 0.0078087865161671540098  | 0.0064504644870888808855  | -0.034295080251828362339  |
954   | 0.0027178220615723348505  | 0.0016099046565891013405  | -0.013970486530889740864  |
955   | 0.0034937411338739924813  | 0.00034612565168997858978 | -0.012168600747807234441  |
956   | 0.0062467219725496417326  | 0.0031387231031360898932  | -0.01801976445080300665   |
957   | 0.0070625341893742780638  | 0.0054132901739000751848  | -0.022762006197802685248  |
958   | 0.0063962870530343482467  | 0.0087880626401409291104  | -0.017395295426553533669  |
959   | 0.0020321277475546491512  | 0.0097114045986758049805  | -0.017391627532254344546  |
960   | 0.0035688132425139075     | 0.0047798360265706996142  | -0.0099376516878335353911 |
961   | 0.0032803275107922170994  | 0.0074383141954044666028  | -0.027687780431538515369  |
962   | 0.0071460094519261467202  | 0.0042482940186809054622  | -0.016725541508634554633  |
963   | 0.0061451936972614293331  | 3.7378441461143642195e-05 | -0.026022165025061372995  |
964   | 0.0040658537197093410839  | 0.0066292977617664027024  | -0.015196843867871703132  |
965   | 0.00038216076173628650168 | 0.0090220050062339504637  | -0.031628868272780046034  |
966   | 0.0074649104357849827007  | 0.0099938304227387385337  | -0.012491419650190835333  |
967   | 0.0030673908769784019243  | 0.0054876234040669739575  | -0.024935387292031215012  |
968   | 0.0047342547032374069152  | 0.001711509384989413126   | -0.0029141613708325588526 |
969   | 0.0063479907643087573124  | 0.0016732840003219541947  | -0.033256839140766818186  |
970   | 0.0031451604994586178365  | 0.0031972827774632015321  | -0.014409992580839768583  |
971   | 0.0088144951692320731157  | 0.0071290639221356357988  | -0.024737689746010409902  |
972   | 0.0071830960865297346918  | 0.0072140805919703688762  | -0.021617236295639434551  |
973   | 0.0055276257293650427407  | 7.4087075697311466989e-05 | -0.016198268935761657439  |
974   | 0.0069552424388582912221  | 0.0025541843310093663259  | -0.030988186186605537475  |
975   | 0.0012011601544587992112  | 0.003436517302279530877   | -0.014612959009809401573  |
976   | 0.0021459549658903198134  | 0.007435676262013261352   | -0.00078499448200518274175 |
977   | 0.006604967161553247125   | 0.0084812730003744219581  | -0.0091159628190973143042 |
978   | 0.0063999032499403672031  | 0.0049313344757993390552  | -0.0185252134804090203    |
979   | 0.0083755209631043939927  | 0.001403054365460167487   | -0.034277197656154570482  |
980   | 0.0042713306740169675046  | 0.0064005082342906954168  | -0.026148327357855032788  |
981   | 0.0094959906985165962873  | 0.0016847449146930783964  | -0.028633844448262904536  |
982   | 0.00045722358929711981934 | 0.006820054002374054819   | -0.0094569862541115864984 |
983   | 0.0046840805364862245566  | 0.007084086410659186199   | -0.024995638366163822064  |
984   | 0.0042031696989936039727  | 0.0059172177531322100313  | -0.02671509750755305182   |
985   | 0.0097175671253148052792  | 0.0015158294147395584561  | -0.027262331660097751523  |
986   | 0.0012469734843230603511  | 0.0057262432885124983986  | -0.034746996701937184204  |
987   | 0.0066560179174180757189  | 0.0059957886219731632363  | -0.025612759295842370266  |
988   | 0.0038729608097323913254  | 0.0091629354368663595842  | -0.0054895248833341523179 |
989   | 0.0017901237730801916777  | 0.0025601242915120393275  | -0.02976412677448498495   |
990   | 0.0051206674560757602446  | 0.0042509421871397687007  | -0.020286645197511127964  |
991   | 0.00082017242710515059732 | 0.0099650819392776614908  | -0.031971835495842169939  |
992   | 0.0022229721639155557503  | 0.0098425593042405449401  | -0.00087747728560686973943 |
993   | 0.0016313649528289682344  | 0.0012918885387821815638  | -0.0026991132806337501254 |
994   | 0.0087233130983288779264  | 0.004680305257129068093   | -0.012426386622328717407  |
995   | 0.00038402650649164261172 | 0.00094078612340490618167 | -0.021808876158567434833  |
996   | 0.0078114588629495246286  | 0.0099673799524711472614  | -0.022693588137987733     |
997   | 0.0057078282346457367286  | 0.0091491439602233437522  | -0.00249086459856159197   |
998   | 0.0084222668412162315227  | 0.0035848368188904620492  | -0.016903007739935940051  |
999   | 0.0034485412178345115596  | 0.0024937595376362804538  | -0.0064065020893527670556 |
