N			X			Y			Z
0     | 0.0057462713737872197703  | 0.0097584808806692110994  | -0.010549838935273241416  |
1     | 0.0048093624137143294733  | 0.0090611977553726828077  | -0.0071776223365326166995 |
2     | 0.0030444269453124331824  | 0.006747887629046192895   | -0.019125466700616735455  |
3     | 0.0037082788896407588124  | 0.00098878394826278992805 | -0.022800601405048165349  |
4     | 0.0047490251045419241971  | 0.0014791799514977152074  | 0.00087687542112382856757 |
5     | 0.0065909277143164296878  | 0.0010315428853943234885  | -0.0090455030821377530731 |
6     | 0.0032149416635870371219  | 0.0079558338225328307375  | -0.028130050143192558698  |
7     | 0.0059405994208540395182  | 0.0015851299565613932545  | -0.0320628165018182823    |
8     | 0.00084552786415344801524 | 0.0071819247819917796105  | -0.0099520525425512065126 |
9     | 0.0035667653968454566225  | 0.00073627011177417143063 | -0.021036803254447507955  |
10    | 0.0077828704662789190138  | 0.0030257065449931751233  | -0.0053134942309406617625 |
11    | 0.0044793481565282575532  | 0.0082010714407000119552  | -0.019254300470563267406  |
12    | 0.003096968501115193468   | 0.0036991145989371987564  | -0.032820626126233085063  |
13    | 0.0086282584981824898135  | 0.0070103010006565399589  | -0.018948407846731928073  |
14    | 0.0058606010257547073994  | 0.009391632896115907625   | -0.0075629968100918041826 |
15    | 0.003993139122782921567   | 0.0064835129074178095981  | -0.016915599716928471363  |
16    | 0.0032552863032956590172  | 0.0084194845502334123011  | -0.0079944852633175925161 |
17    | 0.0014794362193312033619  | 0.0089020871935435296612  | -0.023293436892732586468  |
18    | 0.0045969100474733490952  | 0.0097808255835687731017  | -0.02466811656100335523   |
19    | 0.0065118285971455689906  | 0.00079548171189128486294 | -0.021463724604003274476  |
20    | 0.004167461763992583515   | 0.0032027219483894823517  | -0.025126279111201774846  |
21    | 0.0084544747442527289072  | 0.0047887915769595197982  | -0.015430063655580295717  |
22    | 0.006217793042988008223   | 0.0018440010552816135485  | -0.01134785700856912917   |
23    | 0.0059708348370458574905  | 0.0065638628994162551838  | -0.024464018730553659803  |
24    | 0.0079343216096860198078  | 0.00077482848780252621193 | -0.0029796970098719690288 |
25    | 0.0076217823773866762854  | 0.0018243284252002359754  | -0.0045130717105586054538 |
26    | 0.0029238619913285121554  | 0.0091558878513004864075  | -0.014123770236468121894  |
27    | 0.0029245150802750590965  | 0.0046472243290765838375  | -0.023560370366121408114  |
28    | 0.005264871880636831647   | 0.0073079950250439030049  | -0.029836076605652295246  |
29    | 0.0044161734118693595982  | 0.003265434622162031314   | -0.025780697850939972987  |
30    | 0.0054000184830141984352  | 0.0019479710096705676794  | -0.024937968578607375147  |
31    | 0.0040898344369319199892  | 0.0024339293868264992582  | -0.024220114539988589486  |
32    | 0.0028043209564928379615  | 0.0054767726867455479925  | -0.016487317839142586612  |
33    | 0.0019605720190475142695  | 0.009147732060146593      | -0.0063451858660907387716 |
34    | 0.0036319439937016100364  | 0.0081257808495362616324  | -0.0048760549528616189269 |
35    | 0.00095496572670196238838 | 0.0055582794451219342743  | -0.027090431854729608158  |
36    | 0.0093535155657269771629  | 0.009680484684273907986   | -0.023545713772358936589  |
37    | 0.00018334839442149324876 | 0.0054811987790885476415  | -0.028711556565380019768  |
38    | 0.0060622755251691275852  | 0.006774777190202726021   | -0.023597303718279217383  |
39    | 0.00074686211649795694427 | 0.0032052539563591580206  | -0.028846906953556492731  |
40    | 0.0060274325963967098976  | 0.0032627251624007440681  | -0.027700635841563320261  |
41    | 0.0077338568160615376798  | 0.0044079250686429819611  | -0.019442773885492550812  |
42    | 0.0067071397610398431066  | 0.0093221809810102029825  | -0.0071100831848615675748 |
43    | 0.00055289848960977320668 | 0.0030128634702107220944  | -0.0088477307994693620702 |
44    | 0.002350827380199370896   | 0.0066010733738103028606  | -0.0079823103685754247943 |
45    | 0.00060979056680824652529 | 0.0026316027047614889978  | -0.022425374850782438946  |
46    | 0.0035411914076504207548  | 0.0016392204723478962999  | -0.012498254331779591955  |
47    | 0.0033893184626638916783  | 0.0031888654050373338965  | -0.011495050618909027906  |
48    | 0.0049249546374911705796  | 0.0079004914865202207491  | -0.0045723340817968539593 |
49    | 0.0036021539514134916921  | 0.0060445385844273740242  | -0.022539165921988915664  |
50    | 0.0044907390874703509431  | 0.0069759164283366833711  | -0.027871898416432616674  |
51    | 0.00076995295193435552353 | 0.0065857314340327837224  | -0.017848957779969643056  |
52    | 0.0036229312338246296051  | 0.0053367805001224687816  | -0.015053998017206344714  |
53    | 0.0088803968259508082178  | 0.0081381388778726040933  | -0.024010703791895255527  |
54    | 0.0016267368514257714036  | 0.0057774083354069265608  | -0.013084880075018319803  |
55    | 0.0053974909154984613419  | 0.0089059891679410443238  | -0.0093907549636984190972 |
56    | 0.0087128052568486973745  | 0.0037907564407072837608  | -0.021309976320371720043  |
57    | 0.0029629930602001418836  | 0.0084267303709672121415  | -0.0064163851874328289501 |
58    | 0.0018787543455529593511  | 0.0093491608386763024735  | -0.019911012474544551726  |
59    | 0.005362557841250655509   | 0.0076794903829616092267  | -0.029322988430595046949  |
60    | 0.005264749140582749426   | 0.00012050866189985972947 | -0.024667776938275352144  |
61    | 0.0076459920760421871966  | 0.0062209126549396870018  | 0.00027137067216374669877 |
62    | 0.0069625975691226830652  | 0.0071926413117930606059  | -0.022893924016814132943  |
63    | 0.0082938051247824825379  | 0.0099344678308122703198  | -0.0024852055937956410089 |
64    | 0.0071138002234407077609  | 0.0073096574348017846409  | -0.01221419888786628126   |
65    | 0.0065164495360612376129  | 0.0085329592834156014342  | -0.022930376170644892891  |
66    | 0.001951649813977139776   | 0.0064758242043305965299  | -0.030935469608359821014  |
67    | 0.005756731486775721468   | 0.0027905332207340443132  | -0.016631991196413863088  |
68    | 0.0017575130641617703418  | 0.0075146181152850955245  | -0.0082609601959094010326 |
69    | 0.0013356350899429876838  | 0.0059265980163731918004  | -0.01759129876473937773   |
70    | 0.0088287160759608716148  | 0.0051251867965373910582  | -0.0070143276069543590567 |
71    | 0.009042751541868601986   | 0.0075069737930078686908  | -0.028257258704715553649  |
72    | 0.006784165789567993439   | 0.0082545373207333350152  | -0.010525719951439549762  |
73    | 0.0021789092696448777477  | 0.0035474302796893726446  | -0.025619737083359999524  |
74    | 0.0041284614322719950449  | 0.0066188541796337405781  | -0.013000347630351391515  |
75    | 0.0073133514938076198478  | 0.00052559695927221561709 | -0.030517652416407914373  |
76    | 0.0060299158051934139552  | 0.0015949301489787447508  | -0.0086533829165060388577 |
77    | 0.0044681000320096926626  | 0.0047532975431882782888  | -0.0029369798083438676886 |
78    | 0.0054719975314646562836  | 0.0044486088567308301051  | -0.011866029316255927856  |
79    | 0.0041906867053227705652  | 0.0067691210118655869774  | -0.020673825693183420227  |
80    | 0.0016942801625249681412  | 0.0040852110432833899437  | 0.00037471218275711339757 |
81    | 0.0078848820847116814214  | 0.0014148110741399541352  | -0.006572224526988056266  |
82    | 0.0069130871046529773077  | 0.0047653272050446476849  | -0.030203856980450933395  |
83    | 0.0051565355389894661914  | 0.0069070034324773812648  | -0.0070414200442439050381 |
84    | 0.0096407163956939278399  | 0.002154668294659706565   | -0.0069992562539162549162 |
85    | 0.0028426507106585740398  | 0.00037645224236231678667 | -0.016914405010970589432  |
86    | 0.0017582438855415760941  | 0.0048235674935377375466  | -0.016576080979732874671  |
87    | 0.0036744276863312622973  | 0.0067761682104594406217  | -0.033086983962577816432  |
88    | 0.0060173432048303068798  | 0.00072084013355704198902 | -0.0088248169419397164137 |
89    | 0.009345573207253684081   | 0.0070702664682344307928  | -0.01955568411664566561   |
90    | 0.0040898384456174961821  | 0.006220428835907752807   | -0.028759837075056630951  |
91    | 0.0049332277102663978779  | 0.0024542204942488124626  | -0.015030237804874377328  |
92    | 0.0082656351250625439975  | 0.0073816133051049677427  | -0.0070945364332478918004 |
93    | 0.00091893288070221310591 | 0.0074866067980540532134  | -0.0094951742275779221075 |
94    | 0.0052576798778018324354  | 0.00763222165666558542    | -0.030854314484042334732  |
95    | 0.0045534232728947085858  | 0.0096422145190664075576  | -0.013671232767465079511  |
96    | 0.0013909310058857929197  | 0.0097869069169162110911  | -0.0052675652107057194598 |
97    | 0.005625693801232775626   | 0.0049319978239372010489  | -0.0036449394136863666645 |
98    | 0.0099654914692436959156  | 0.0050662778863388340314  | -0.031853284182729674212  |
99    | 0.0044848731115718163537  | 0.0073063882675649160017  | -0.00041910821801689366814 |
100   | 0.0098221601058615624902  | 0.0048471819474999741986  | -0.024030514513857691855  |
101   | 0.0063391510844149632012  | 0.0069186856231404107384  | -0.020306249025347455212  |
102   | 0.0060383120459008106026  | 0.0056049061593775387213  | -0.021019412478677612643  |
103   | 0.00012077796598007220312 | 0.0084254162991525688442  | -0.010409548974712327582  |
104   | 0.0031985723318654168783  | 0.0077347320583503516994  | -0.011765319838206755518  |
105   | 0.0086377297821013249157  | 0.0066769556130881159081  | -0.01578993505432857089   |
106   | 0.0041070197617380892197  | 0.0084096204366402773495  | -0.032599737918053796337  |
107   | 0.0081053542137318086713  | 0.0066178044265240258681  | -0.02758218972225258761   |
108   | 0.0066709443501975712945  | 0.0092347593279122480725  | -0.032601995863318286584  |
109   | 0.00059231634080044446352 | 0.0035174528048632783608  | -0.010137382259321847319  |
110   | 0.0040185799706453657204  | 0.0037360643893482102344  | -0.0245491351765340024    |
111   | 0.0065515501710650255948  | 0.0036919215641533606638  | -0.017708200302250100278  |
112   | 0.0089118539384386297186  | 0.0083647533624455951834  | -0.0020327231606050251075 |
113   | 0.006969973483741962253   | 0.0044072789838876750418  | -0.0023275769957126061539 |
114   | 0.0085810845860258486151  | 0.0078207975074138860738  | -0.0077131400313521607248 |
115   | 0.0016867275902950101991  | 0.0022162793474549791033  | -0.015212358398284421546  |
116   | 0.0033821246813849166132  | 1.1958340712314299845e-05 | -0.026816872657491858112  |
117   | 0.008689323763585429794   | 0.0035248877695131059992  | -0.0074958164343622984971 |
118   | 0.0053622628103527488971  | 0.0043464687245504908183  | -0.0053421486552669705805 |
119   | 0.0065025459273089832729  | 0.0026538719009173575639  | -0.02577755590147118997   |
120   | 0.0024760670564571295345  | 0.0033040875364132487116  | -0.028242934628381451828  |
121   | 0.0048376464469284969488  | 0.0015335049158408742623  | -0.03016143912618318712   |
122   | 0.0096697758348922718818  | 0.0074638127122064303401  | -0.0088581423448304240365 |
123   | 0.0031294538091257042937  | 0.0024886777470706964409  | -0.023162207338343697438  |
124   | 0.003835119380331893698   | 0.0065078322876517156678  | -0.015324972250505098509  |
125   | 0.0065554749113215966816  | 0.0086663055730644023705  | -0.0075171102564327201348 |
126   | 0.0081907576727383007292  | 0.0068930220028111700847  | -0.016138771318171818425  |
127   | 0.0023109446328637974974  | 0.0073461538462481863407  | -0.01032269965417521515   |
128   | 0.0042288898634769639742  | 0.0016687019589026129938  | -0.030506899076857385555  |
129   | 0.0097087397881877191691  | 0.0061116183290555415805  | -0.00063955654251866855299 |
130   | 0.0058911785115076508584  | 0.0068761718576346485612  | -0.0027415544266283335684 |
131   | 0.0037160077227241499614  | 0.0053773080215353524086  | -0.033518179305870282603  |
132   | 0.0042095246232852932475  | 0.0031263983696719612956  | -0.011512929547933713897  |
133   | 0.0034537567782371748903  | 0.0034024623263521664059  | -0.022256456114109427619  |
134   | 0.0075892461647971551017  | 0.0079252424027306585946  | -0.027606164070600677091  |
135   | 0.0037150115661524641536  | 0.0061063960404153603406  | -0.024389555169027840598  |
136   | 0.0042323867484796865238  | 0.0062091987934757338768  | -0.025592155458534725926  |
137   | 0.0055974047779627561158  | 0.0062429747739572803017  | -0.012089181785222988252  |
138   | 0.0072887882735283935492  | 0.0048338616287544860367  | 0.00066392480224575895452 |
139   | 0.0062014331556436916304  | 0.00082468890178563072305 | -0.013740419342930349292  |
140   | 0.0061208360322245669236  | 0.0065675454102751959148  | -0.019543250582041631763  |
141   | 0.00053152233856771768233 | 0.0074050349835862137871  | -0.029378160629101261053  |
142   | 5.2658005091611827578e-05 | 0.0069413250895713710792  | -0.016301154889422003053  |
143   | 0.0034245588353664052454  | 0.00030032395656570074491 | -0.020155293936092708029  |
144   | 0.0096889614725057596201  | 0.005628132097506273121   | -0.016800640505675812353  |
145   | 0.0069991363518108360917  | 0.0094585163412689368667  | -0.016259747669146541738  |
146   | 0.0052430051307459186669  | 0.0093177694110195552479  | -0.00057154342366153899641 |
147   | 0.0043805719478108460715  | 0.00044704981235984641956 | -0.023790535005980783384  |
148   | 2.5942276425066799692e-05 | 0.0081551336660654859256  | -0.0036325895225952906965 |
149   | 0.0016461698046713346168  | 0.0077966232351711376933  | -0.022476890638361307628  |
150   | 0.0041620158384415096089  | 0.0032904373916451080603  | -0.027190519236683662052  |
151   | 0.0040630041729556223146  | 0.0038245757906208294186  | -0.024288564551717441165  |
152   | 0.0074068443060219179772  | 0.0012993677438663635282  | -0.019172624445848690522  |
153   | 0.0075377420119415831923  | 0.0074316677277527576698  | -0.010782397192871788841  |
154   | 0.0042984625487807641767  | 0.0082748925551225181035  | -0.012977781793176384681  |
155   | 0.004466048790524322458   | 0.0010564290219487702804  | -0.0033638545334728851138 |
156   | 0.00085969754837239033534 | 0.0084590522331252377547  | -0.020429829611367515685  |
157   | 0.0055393996236012413639  | 0.00032489233318351410946 | -0.0026558116068617124671 |
158   | 0.0093753944591604410075  | 0.003616994519162267975   | -0.01979300512073067439   |
159   | 0.0041979135663084586258  | 0.0028096367314465200103  | -0.027120569943354561754  |
160   | 0.0037169291845728686004  | 0.00073163678724888091178 | -0.031440090303238341085  |
161   | 0.0053886619570368580676  | 0.007667147964427261167   | -0.010144443543526743962  |
162   | 0.0053445950369274209182  | 0.00026529235356836564606 | -0.0082926687712780618178 |
163   | 0.0050213742723157770223  | 0.00028501954034722813301 | -0.012313421544785900161  |
164   | 0.0040519838577410321676  | 0.00023238340217020633143 | -0.011698057096336400215  |
165   | 0.0063406691795087075439  | 0.0075481140048519329566  | -0.01335301494412281971   |
166   | 0.0074978039921950422053  | 0.0076613216592419436032  | -0.029375316283808312195  |
167   | 0.0015597210670732087733  | 0.0098375790632172169931  | -0.013442418269693419755  |
168   | 0.00073462147875716973106 | 0.0058843772220990644972  | -0.0093415018926451594966 |
169   | 0.0039110470911676480446  | 0.00017237050971727525556 | -0.0068405521688139556136 |
170   | 0.0099405140898388005821  | 0.0069399463974374594674  | -0.010286252666968715569  |
171   | 0.0032192050463113273256  | 0.0077598116148169336143  | -0.028642808468334491484  |
172   | 0.0037220685444120747004  | 0.0040078701673182982879  | -0.002729112745813022569  |
173   | 0.0042598652998462431529  | 0.0007545601788694335189  | -0.0066511527816879283809 |
174   | 0.0052650814531904821178  | 0.0013791738104839427938  | -0.012913970262447501541  |
175   | 0.0016599998379654820526  | 0.0076982001894607843956  | -0.033264635634673474229  |
176   | 0.00304229633736367161    | 0.0078840750489876931795  | -0.018355808110666182315  |
177   | 0.0059922462601588403347  | 0.0062671881656128514831  | -0.0060087137140598370286 |
178   | 0.0024061234265681341431  | 0.0075762687944709349377  | -0.016364505959470761198  |
179   | 0.0083506968266795714856  | 0.0096763708119554248804  | -0.023044086948891776001  |
180   | 0.003916592442915698899   | 0.00059926242166646957309 | -0.013143284806319325414  |
181   | 0.0068178929021873680913  | 0.0088859549850030319917  | -0.023990771332989716674  |
182   | 0.0083812191260928571579  | 0.0057806472128161855498  | -0.022883596209743329447  |
183   | 0.0048235692952359413704  | 0.0042189602846351773047  | -0.023711198595045748089  |
184   | 0.0029955623344940607126  | 0.0051250927197068387592  | -0.0085468304968177224307 |
185   | 0.00056592322209084004476 | 0.002822972422006072863   | -0.029415716864883020842  |
186   | 0.0040480506172122657574  | 0.0060854428299565279173  | -0.021254341996309412954  |
187   | 0.005753348179653296722   | 0.0066905254083982597726  | -0.0087852933852263816183 |
188   | 0.0055998923338779569431  | 0.00030186761544302899299 | -0.0059010593202602898075 |
189   | 0.0024717113246858933226  | 0.00074237866516780291748 | -0.019699938561716732327  |
190   | 0.0029067113657873762736  | 0.0052002889182792616171  | -0.0021323753593573014503 |
191   | 0.0025025803583590263898  | 0.00052396748697044212648 | -0.02050162920919311807   |
192   | 0.0025378719673091677984  | 0.00011533395345131762847 | -0.010113412312864451803  |
193   | 0.0029611037710709129343  | 0.0050611507163798256231  | -0.016592457057881239424  |
194   | 0.0092980387747779412455  | 0.0029380108073072098117  | -0.01148932063470588065   |
195   | 0.0011435160274524422495  | 0.0027466735502666415371  | -0.0057136711519427058406 |
196   | 0.0063685534164460416012  | 0.0031038050367960317785  | -0.026606681085412420273  |
197   | 0.0046091975146054309578  | 0.0063868075086114285688  | -0.015593580464165302663  |
198   | 0.0088008039813537667501  | 0.0042874650915302355003  | -0.022988863862603937938  |
199   | 0.0089275570678420176213  | 0.003861746234441003605   | -0.026347323011140708765  |
200   | 0.0033045085434319785081  | 0.0052681639057664403358  | -0.011939892559711942285  |
201   | 0.0028387704937716086787  | 0.0041089416480717851077  | -0.028873831666889605146  |
202   | 0.0040851195981320403278  | 0.0074538584342563919682  | -0.0054763089368784489963 |
203   | 0.0048931203567744120317  | 0.0087642610030182616088  | -0.025108325616939649455  |
204   | 0.002188504753043101804   | 0.0031473704285454821156  | -0.024734092997536434588  |
205   | 0.00690614824595454143    | 0.0019790110516086359058  | -0.032988251635281642948  |
206   | 0.0062980990804599240249  | 0.0048865048489658757455  | -0.011586635784240214078  |
207   | 0.0067804195005770314178  | 0.0047806125335828203449  | -0.011236637020518417535  |
208   | 0.0037297507532932602271  | 0.009155625708603455995   | -0.018286251590171203468  |
209   | 0.0077567721880889674638  | 0.0078754829758784870158  | -0.017696702867093953848  |
210   | 0.0029354677224147406392  | 0.0047253036369043176224  | -0.0030165020817183390255 |
211   | 0.0031713037109015818418  | 0.00017895575409571326552 | -0.0082609660550211627683 |
212   | 0.0053490427570693898501  | 0.0056944368810097371544  | -0.0022538121589202766808 |
213   | 0.0069418546285193684017  | 0.00068734538853803238152 | -0.00038837229703028074363 |
214   | 0.004605150434337840562   | 0.0049972199355722366626  | -0.025806937128390931846  |
215   | 0.00010763122652587793016 | 0.0053399121158740963863  | -0.020942507208080718417  |
216   | 0.0095094373967725479013  | 0.0091170932908397409045  | -0.028601085660404104716  |
217   | 0.0082808727037089798623  | 0.0082058091457200901808  | -0.025512997138941454628  |
218   | 0.00092446029264188316066 | 0.0069275756272532086275  | -0.01090154264870212171   |
219   | 0.0026765711738547747454  | 0.0045774791339559641259  | -0.031432425221927400016  |
220   | 0.0072718173472318464387  | 0.0062802732502700263362  | 0.00065904284787424280336 |
221   | 0.0069365481638267055195  | 0.009539297655424820721   | -0.014895581861582331273  |
222   | 0.0052793363927508031586  | 0.0090471025083029392444  | -0.021313539463986730382  |
223   | 0.003179597317822799047   | 0.0021217138180356929014  | -0.018440573096742303438  |
224   | 0.0012212036052897949807  | 0.0075666413426217276825  | -0.023977216749587238614  |
225   | 0.0089136433876573894358  | 0.00037574718847962557599 | -0.016589699411444953914  |
226   | 0.0021648811101923426739  | 0.0037828799552298173967  | 0.00063502977499160459009 |
227   | 0.0066179208402142135348  | 0.0041951237637125812774  | -0.0040353778631749765218 |
228   | 0.0066175636667364229337  | 0.0030347998844282753246  | -0.014809199594591242882  |
229   | 0.0044987157787871826647  | 0.0081356477794350279958  | -0.009786753844351738299  |
230   | 0.0050772367935082007157  | 0.0010402698305821372719  | -0.024307990039864817849  |
231   | 6.5941540800827863969e-05 | 0.0061161393499590231693  | -0.02164872007490787828   |
232   | 0.0058368623252454633274  | 0.0078019727511909539586  | -0.001787296371581632284  |
233   | 0.00040112872502115481943 | 0.0058561793204519475148  | -0.02864135037982839041   |
234   | 0.0050812590031060426293  | 0.0040616638895892495653  | -0.025677600164869016086  |
235   | 0.0015880985600102725565  | 0.0040482414902567025877  | -0.024809443581381117327  |
236   | 0.0036030383451576531405  | 0.0026411296810176293146  | -0.013729545818012951763  |
237   | 0.0035804786959863616445  | 0.0039875147948425209571  | -0.0019347878375526057076 |
238   | 0.0023527828619307362967  | 0.0058360630225254709127  | -0.0060498347555529106284 |
239   | 0.0098269578772033887998  | 0.0080197754081757794548  | -0.0046737991750359468568 |
240   | 0.0067658929693539728717  | 0.0095437212447190590547  | -0.031869537813839797502  |
241   | 0.0055871562680706032822  | 0.0087698207335400388263  | -0.0037308179160119923738 |
242   | 0.00078959041137486565744 | 0.0048937570021534990486  | -0.01024651917156032925   |
243   | 0.002621597274185061624   | 0.0059150161233379894982  | -0.019976616113927814222  |
244   | 0.0070783514861207557159  | 0.005108373724284695841   | -0.0061793532772244372589 |
245   | 0.0050318938345572895507  | 0.00250381383072097825    | -0.03113861143301534587   |
246   | 0.009903976530223150207   | 0.00083959936803089287981 | -0.01402387899074071867   |
247   | 0.005693818147711100959   | 0.0032097436892585336395  | -0.020608861772299334747  |
248   | 0.0097557031552340991304  | 0.0051000681226494540971  | -0.014138562983537193013  |
249   | 0.0066489175710524057311  | 0.0024659654641951268654  | -0.010007238836827173425  |
250   | 0.0066689305122955592695  | 0.0054559300620827732783  | -0.0030469136605610794115 |
251   | 0.0043796658705096153802  | 0.0049462243896250691205  | -0.02922879963698500963   |
252   | 0.0072150378476117009788  | 0.0057581199576708054153  | -0.033813309692090488812  |
253   | 0.0047920847048883059849  | 0.0087835505722102334009  | -0.026731166781196771115  |
254   | 0.0023064614746886500339  | 0.0013219256443278641199  | -0.016320020758707177999  |
255   | 0.0017780902400976682752  | 0.0047470514676889452588  | -0.0018183391441286020449 |
256   | 0.004720774951090008463   | 0.0075824166789511650635  | -0.019742727937213613854  |
257   | 0.002046025232071745862   | 0.0026936782601286609305  | -0.014888587006143795544  |
258   | 0.0032955063312770120285  | 0.0067727209486904043148  | -0.01355209749842557071   |
259   | 0.0064402143177617332537  | 0.0092567933195816538144  | -0.015406473897799538228  |
260   | 0.0042594736086943255776  | 0.00062508771134305171017 | -0.0084730205695081432793 |
261   | 0.0057233910760291460684  | 0.0068498576630773994056  | -0.033535729802120453624  |
262   | 0.0010436919884906105654  | 0.00016340012174340180534 | -0.019816965365641477786  |
263   | 0.0072600755979923764852  | 0.00072788854655393632649 | -0.027121508995315669194  |
264   | 0.0062343400675522768137  | 0.0016980845579345298351  | -0.00095044032853955069499 |
265   | 0.0065837759236399423513  | 0.0064965513650436105056  | -0.017345415394292400257  |
266   | 0.0039871365155169022354  | 0.0033804571041238002001  | -0.027694042082260974386  |
267   | 0.00081256494367285437164 | 0.0031485190754363939075  | -0.017036105662238315572  |
268   | 0.0060492715434052046763  | 0.006448561836433689895   | -0.0041098199217532733335 |
269   | 0.0037866450255306981568  | 0.0024609287215302606995  | -0.0052706902204805554379 |
270   | 0.0094483301730670758711  | 0.0046153346818181856942  | -0.015851164846611504045  |
271   | 0.0053261022250548524515  | 0.0091283165182570284724  | -0.00054794265787415092749 |
272   | 0.0056380230130003653605  | 0.0080078087825285627216  | -0.018388344020071091534  |
273   | 0.003683821368215358695   | 0.0095613410249107012168  | -0.021411824107924422311  |
274   | 0.0061563757449443748046  | 0.0075598203021541993119  | -0.02090638173054074761   |
275   | 0.0089625772577663579549  | 0.0052675660214024427538  | -0.0066026190939032745886 |
276   | 0.0088935088906562757838  | 0.0033940435271984539627  | -0.01638294022636309008   |
277   | 0.0022955615231630152953  | 0.0048606478773938642177  | 0.0004750599367500897216  |
278   | 0.0086342189174111877437  | 0.0047120903824471012736  | -0.013115071110840639465  |
279   | 0.0039978677017876570673  | 0.0042101648427998756424  | -0.0065198155949602017503 |
280   | 0.0090311015499678921198  | 0.0036892711459475123655  | -0.030501988659754758482  |
281   | 0.0043709898546964451663  | 0.0078316989322718133515  | -0.015130718628427781633  |
282   | 0.0036921523766290167967  | 0.0012874497259198749641  | -0.025029068903756838266  |
283   | 0.0082463748018109708088  | 0.0057087725799864277865  | -0.02591312400261920959   |
284   | 0.0027661129969150399267  | 0.0044344053339471778408  | -0.027778609905914811162  |
285   | 0.0095823278732869339447  | 0.0060389008535016467857  | -0.0056522226631722941384 |
286   | 0.0013677533244545172705  | 0.0021109136755228137539  | -0.02496634690326764161   |
287   | 0.0019822771361481033789  | 0.0064198728087875214093  | -0.013452957267504835753  |
288   | 0.0023491435603699914458  | 0.0027985135510183757612  | 0.00023286273895866630573 |
289   | 0.0098993077723264662204  | 0.00016172421355188195996 | -0.028294080046422524777  |
290   | 0.0014854777074562377105  | 0.0065128475123296426796  | -0.0079117004316939937292 |
291   | 2.2942205827205056914e-05 | 0.0012027426767927437267  | -0.015970720260316446232  |
292   | 0.0028557589632449424839  | 0.0045352003851592791184  | -0.00072853452651399307725 |
293   | 0.0095057295480940641463  | 0.00027801097763525126679 | -0.024016087721840152086  |
294   | 0.0078056455206012851158  | 0.0073266300681728395439  | -0.0033598625201233531593 |
295   | 0.0025897757310161923471  | 0.0026200580825551400034  | -0.020469234376417587418  |
296   | 0.0071942169356502940272  | 0.0040150194184963702501  | -0.026334550385254458515  |
297   | 0.00086950710480171737506 | 0.0030168823270661803727  | -0.028587263078171096242  |
298   | 0.0022089296537629371162  | 0.0048628499654474353561  | -0.030843195985236739748  |
299   | 0.0016094867848654881726  | 0.0073112574101377699257  | -0.020991846928482004592  |
300   | 0.0044206012207802297329  | 0.0072284800966746385817  | -0.024838451808347965927  |
301   | 0.0013992853828193128202  | 0.0073523814945479024768  | -0.033488205025364911616  |
302   | 0.0095944641466369096766  | 0.0020940118772305098098  | -0.0313862406840040159    |
303   | 0.0080029611692799280248  | 0.0051852707018529217708  | -0.026155770764038393378  |
304   | 0.0012812112674686372809  | 0.0058923446344638173017  | -0.014760754611247661056  |
305   | 0.0063140141921585292775  | 0.0072828116709290104114  | -0.027580444214261708169  |
306   | 0.0044609171930175403262  | 0.0026328981042424343985  | -0.024639962407164112818  |
307   | 0.00010919284267579103807 | 0.0036327426427421082369  | -0.0078543544485165373015 |
308   | 0.0089440958487477517647  | 0.0049864298487802072649  | -0.005482434832488305293  |
309   | 0.0061165401469544296992  | 0.0030249476385351072201  | -0.012298080640856450668  |
310   | 0.0096624453253104335138  | 0.0055276611128527476657  | -0.013166763957747034189  |
311   | 0.0087507909363757317711  | 0.0057274274516140736072  | -0.014250095998613022952  |
312   | 0.0070601218344315498296  | 0.0038302056100411262761  | -0.029000038571100721085  |
313   | 0.0069259022068737536443  | 0.0027678810761960917844  | -0.0056798830748164136351 |
314   | 0.0041732476848422659504  | 0.0068899008549008896804  | 0.00053987977984663610559 |
315   | 0.0098903875721884377398  | 0.0089203891272929373979  | -0.0095150452542109974913 |
316   | 0.0054276903911762213947  | 0.0050111776882192284738  | -0.0066010441039216424808 |
317   | 0.0061222939716308669156  | 0.0018516256564963741622  | -0.032968016185247486782  |
318   | 0.0073937664374157290384  | 0.0052878759802353911615  | -0.0028796813692498449307 |
319   | 0.0024182402904360544328  | 0.0022730454099739688494  | -0.0048818629039318363338 |
320   | 0.0068268301463021039896  | 0.004475669543394919167   | -0.033428744076899441495  |
321   | 0.0035861955717791009837  | 0.0029575008755489897057  | -0.013254449832089306924  |
322   | 0.0087672884535372301584  | 0.00026804670750445695878 | -0.0054690334897456770527 |
323   | 0.005094845113552281049   | 0.0019917435006527816309  | -0.0083473528941421671484 |
324   | 0.0021902930537038168418  | 0.0044645997408457715333  | -0.016551524208086792339  |
325   | 0.0053890721820405223727  | 0.0018349166099592461102  | -0.022855773639129817881  |
326   | 0.00078024528355677110272 | 0.0049470409525579949264  | -0.012562461072541128079  |
327   | 0.0039645505321140063482  | 0.007122650242920967531   | -0.014512835872184626576  |
328   | 0.0099146225109100205586  | 0.0078760051833769717522  | -0.02703919810127326448   |
329   | 6.4190822962034111364e-05 | 0.0064880325572922838487  | -0.013264073097346418609  |
330   | 0.0023466770269616279466  | 0.0030362741069123503311  | -0.0047419786673429499893 |
331   | 0.0064528371046830759056  | 0.0025814436006721943814  | -0.015042594609508883746  |
332   | 0.0058110922636720107812  | 0.0058994407831797698871  | -0.0039928354072366924188 |
333   | 0.00091118456489003307481 | 0.0072889381890086655039  | -0.019852371267995098936  |
334   | 0.00055314191302741478988 | 0.0037555957227267460982  | -0.015205843544860292438  |
335   | 0.0034396437169423050434  | 0.009586334097944151228   | -0.00026757611537414746541 |
336   | 0.0087570841325934397487  | 0.0047963073343942619342  | -0.016657697986735497953  |
337   | 0.0024441467475989583392  | 0.0090182370864880095906  | -0.01098900147457263117   |
338   | 0.0086124767683137815055  | 0.0020378243376309810447  | -0.01586265206172877279   |
339   | 0.0046116391262029749962  | 0.0062354485335801047852  | -0.028712887744083540748  |
340   | 0.0044403985606148860255  | 0.005887283111232747071   | -0.0067941986484659272136 |
341   | 0.0043028610312998826631  | 0.0086987821796933942342  | -0.025570296718445295614  |
342   | 0.0013803169277665217323  | 0.00096364869577377171381 | -4.7633034124335873994e-05 |
343   | 0.0017889310008293657708  | 0.0036441602791675575812  | -0.0058290791089351369839 |
344   | 0.0060979006573169385746  | 0.0074098540127820284804  | -0.0020339672382373497929 |
345   | 0.0051084400189994614086  | 0.00011785618033271926159 | -0.00013965319473150235264 |
346   | 0.0099257836460564519143  | 0.0078003045152312475152  | -0.018462346953643505448  |
347   | 0.007439308121628796823   | 0.0056162855768437294074  | -0.026164819298185083146  |
348   | 0.0082842385785724635683  | 0.0023518402716959968708  | -0.01759542242385287239   |
349   | 0.002368804680165026693   | 0.0021779120883084423198  | -0.019034156037931539845  |
350   | 0.0022033486441478200915  | 0.0036117099013989874094  | -0.011778126502921870689  |
351   | 0.0024254580736145798375  | 0.0026709187990505822013  | -0.025280053028230425188  |
352   | 0.0030509531908656890506  | 0.0034535590394603335809  | -0.017574513736191302304  |
353   | 0.0037929428916653571031  | 0.004458648646442820232   | -0.0073470459768222896868 |
354   | 0.0067110944151196529756  | 0.0036770537265389830611  | -0.01202309115982352905   |
355   | 0.0050503829843939881603  | 0.0042383768812129830883  | -0.0044664852856469566822 |
356   | 0.00032475666374610608414 | 0.0091274827961086990591  | -0.028747390930624259348  |
357   | 0.004111613292648954622   | 0.0043367681432660383153  | -0.033636537206565175762  |
358   | 0.0046873315388668472872  | 0.0025759971235739501268  | -0.032351380464778201063  |
359   | 0.0094298396543131633024  | 0.0042429798073270741376  | -0.0253741896385106247    |
360   | 0.006583076707014670105   | 0.00022904121593011732435 | -0.026584731092715634115  |
361   | 0.003643623672702696846   | 0.0060573253394043246461  | -0.029195087500782868073  |
362   | 0.00070787986222545283641 | 0.0022615869309145324173  | -0.028884015142841841517  |
363   | 0.0071313915657975467804  | 0.007698621513630114245   | -0.0011593509788987022956 |
364   | 0.0016647517062012946124  | 0.0043513432192987221148  | -0.017909092923826031019  |
365   | 0.00040359310610075323396 | 0.0074289368017015390555  | -0.0077194093448069173863 |
366   | 0.0020270612981632594139  | 0.0033058961001204562047  | -0.026528019299523530883  |
367   | 0.0070766856851788451782  | 0.0026336933827619630685  | -0.004095773291034460889  |
368   | 0.0064052825618935403662  | 0.00012103359453915350948 | -0.01309047387711372544   |
369   | 0.004318558881463869896   | 0.0006918272767990889683  | -0.029604734616300532046  |
370   | 0.0021700314200143898044  | 0.0043904529629253674639  | -0.011762952097357825057  |
371   | 0.00285864234119419117    | 0.0054643484967898739435  | -0.0015451893211520400552 |
372   | 0.0035663371550635814856  | 0.0063325861469475924065  | -0.017996836899042311514  |
373   | 0.0076124770963794064979  | 0.001095104399375906      | -0.023727095295703961447  |
374   | 0.0076496301272124898191  | 0.0098590460016444135538  | -0.029384309484126472367  |
375   | 0.0058077488731221940665  | 0.0017392454826870567142  | -0.032454939990186448817  |
376   | 0.0092580904570441786144  | 0.0039199671931762943011  | -0.003355466191598072568  |
377   | 0.0098940621902668841881  | 0.0053816139476852943233  | -0.015587527102721406361  |
378   | 0.0048327117529984500027  | 0.0092397593264093164089  | -0.012615979823245941291  |
379   | 0.00843653665430583663    | 0.0022765954864268347566  | -0.0009841404478161275976 |
380   | 0.0043934620432584184369  | 0.0003597943154020518384  | -0.029210224106769520219  |
381   | 0.0017982026054236058266  | 0.0045366317713593177358  | -0.018648787507325594731  |
382   | 0.0021297328669954000181  | 0.0070709335434605896306  | -0.021979837925897811879  |
383   | 0.00014443959261024373153 | 0.009050328341626497769   | -0.020102045876915036055  |
384   | 0.0076837987688079239373  | 0.0054725314686111681955  | -0.0087192134829241624283 |
385   | 0.0082362362182541309918  | 0.0019358440503259928718  | -0.028604028035713664757  |
386   | 0.0078335777909709306682  | 0.0082823608202453116722  | -0.032263001109157737889  |
387   | 0.0053178864192635058247  | 0.0038445290160048582045  | -0.019021730588533868056  |
388   | 0.0073890114097746421862  | 0.0053122685530261649911  | -0.00077892128495754336601 |
389   | 0.0067853181670724542138  | 0.0063199079078769633197  | -0.012520953764449118187  |
390   | 0.0045399480294091767302  | 0.0012309590756504360052  | -0.028901336381539157599  |
391   | 0.0055306893570070724334  | 0.0044094142800518050518  | -0.028713997780555857581  |
392   | 0.0052812397450193015319  | 0.0038443432131543948081  | -0.033544685864469250824  |
393   | 0.0067581774773753213251  | 0.009335515080529398213   | -0.026870516253854705158  |
394   | 0.00088822089450885305991 | 0.0040492693658401206561  | -0.032960028574892039077  |
395   | 0.0066215130515854874957  | 0.0080977315092844205646  | -0.021652620050101920035  |
396   | 0.0074493194958188463026  | 0.0047588926759975676284  | -0.019741932632826388744  |
397   | 0.0038660441093221714452  | 0.0067707183887454284316  | -0.0014660312678693120363 |
398   | 0.0054159436450066612487  | 0.0068948917064158418352  | -0.0082382705326563034076 |
399   | 0.0029770602279472098417  | 0.0074864640823501735212  | -0.030014423111948327488  |
400   | 0.00083926157378563196344 | 0.0082388083471055771623  | -0.0088596164643328489258 |
401   | 0.0050709649888231187256  | 0.0048403289495433654555  | -0.029872881554248165159  |
402   | 0.0020985475432424671553  | 0.0016654713339956301633  | -0.0020122136003757748121 |
403   | 0.0046223568020917196394  | 0.0099972777443573142275  | -0.009979211277278209058  |
404   | 0.0061480865542068311239  | 0.00036573426042330145925 | -0.018436248090010255024  |
405   | 0.009433404292655999529   | 0.0046441783502697000716  | -0.028164835182004126224  |
406   | 0.009920828278828596955   | 0.0061181086534710391392  | -0.017538302292456651316  |
407   | 0.0096438198776990450428  | 0.0087896029322475296985  | -0.003755296035483797739  |
408   | 0.0027246601123318897261  | 0.0078123096444524938939  | -0.010063014216063061873  |
409   | 0.0038445553231913395104  | 0.0017418360510214824736  | -0.022590045368257677394  |
410   | 0.0013826605097846922897  | 0.0028872864677435454775  | -0.00063880952626109367871 |
411   | 0.007688636359576197371   | 0.003949973705588641186   | -0.024495633003058507604  |
412   | 0.0038436042713136686112  | 0.00093480516980590266148 | -0.022208752781349760941  |
413   | 0.0025804932337899879127  | 0.0063357742291943255908  | -0.033728987712298819091  |
414   | 0.0027387196632834777572  | 0.0014329704459759360757  | -0.029898075413071708434  |
415   | 0.0027641091848037806222  | 0.0094208121228669151892  | -0.0094648986560471569385 |
416   | 0.0052008802012268153317  | 0.0056609456518792638027  | -0.001663968063203769953  |
417   | 0.0073692356302256364561  | 0.0022220282567468555707  | -0.0089428818377165070208 |
418   | 0.0074117894159229993911  | 0.0080940711132919552356  | -0.017019489524625022736  |
419   | 0.0099677428167002229964  | 0.0067533368633095605324  | -0.032706856598950249937  |
420   | 0.0064325105712079548581  | 0.0087572679178844394648  | -0.029320953596965102644  |
421   | 0.0057960885733843300546  | 0.0093055932033284452509  | -0.0018387887948669114947 |
422   | 0.0024193026769005979842  | 0.00070628248084009519637 | -0.00062094055143655988143 |
423   | 0.0051122096350968235928  | 0.007698801776462629344   | -0.019779800783026702665  |
424   | 0.00038811881930908245135 | 0.0078182361434856462168  | -0.0067118601645858996449 |
425   | 0.0064050207057591438189  | 0.0041308907026803513146  | -0.030262274066687567392  |
426   | 0.0043337509637206284019  | 0.0094223442741890196112  | -0.0028328685428295218886 |
427   | 0.006674316287088880896   | 0.0023269435209201418113  | -4.3913349716664682528e-05 |
428   | 0.0082231234650952667042  | 0.0046964821019265853147  | -0.027672272421152176863  |
429   | 0.0052440990630078475332  | 0.0037851948277786186259  | -0.0052332902766076758172 |
430   | 0.0019010987772579718974  | 0.0089069690784977246373  | -0.011208660782613023496  |
431   | 0.0069234702721108435514  | 0.007167899799699013752   | -0.0072197123286693249203 |
432   | 0.0014818967748702345077  | 0.0055629898091856810893  | -0.025835542800992185308  |
433   | 0.0026530267464733221262  | 0.0058372386400531153447  | -0.024485632452647853458  |
434   | 0.0025461737440494926904  | 0.0027131030155879082635  | -0.018774494581781344532  |
435   | 0.009776366451836299154   | 0.0012189618929961214527  | -0.0056511104261124118359 |
436   | 0.0010477610192861886666  | 0.0079806038239830529718  | -0.0078267762095687136437 |
437   | 0.0056905842360844708164  | 0.0042284838361478348928  | -0.0042353442667611490222 |
438   | 0.0085094630144213236067  | 0.0035507554330504974283  | -0.023914462298870658302  |
439   | 0.00057718958141621267994 | 0.0074734970533276287238  | -0.012418366303054423697  |
440   | 0.0093558257206890985819  | 0.0042622794866412324136  | -0.0029923653832471634739 |
441   | 0.0017925540225427220517  | 0.0011874236530552406948  | -0.011321758349105294494  |
442   | 0.0015301944065413794656  | 0.0027611880888670503609  | -0.0027786342919606382695 |
443   | 0.0036207536512259494606  | 0.0083345031794414461274  | -0.012106800301353529831  |
444   | 0.00050165360897371120974 | 0.00045739092377517919126 | -0.022212813719828142928  |
445   | 0.0072042785090489225297  | 0.007103901480105648085   | -0.01032082531803927769   |
446   | 0.0014241538348469845628  | 0.008470771434109345896   | -0.019554507602946878675  |
447   | 0.0038620323310060581182  | 0.0084998165278890834562  | -0.031239987953356859046  |
448   | 9.383655542280751956e-05  | 0.0049530518821356197406  | -0.019645115575977402378  |
449   | 0.0062064962993536448854  | 0.0070198217301736740015  | -0.012143949490866258467  |
450   | 0.0066545652715394058505  | 0.0039393337691762527961  | -0.0054704960080486850216 |
451   | 0.00065556222820268065209 | 0.0097334350787873676059  | -0.033586949057431404742  |
452   | 0.0081335272327102744322  | 0.0088289926586666549885  | -0.025233738520943203854  |
453   | 0.0058579395030857270982  | 0.0036888417758416673815  | -0.026198365097998145556  |
454   | 0.0081429625809020401289  | 0.0066356507866241866769  | -0.019812983173576440704  |
455   | 0.001576045651536681037   | 0.0062062721307200975976  | -0.006261505006461136856  |
456   | 0.00086786891721384365993 | 0.004282158957309977268   | 0.0006962001130634736315  |
457   | 0.0023612816430015875352  | 0.005222641655124208443   | -0.0046492192748729121998 |
458   | 0.0027523131357007012653  | 0.0092861646059563297817  | -0.0087980518924061779096 |
459   | 0.0055874175965490392379  | 0.0011001235467546321804  | -0.0019931774692241452721 |
460   | 0.0064030461726969070332  | 0.0087974221889343916236  | -0.010648601716480384297  |
461   | 0.0030025185434207945015  | 0.0044290062276332257257  | -0.0097192545328168289398 |
462   | 0.0037252084629467983358  | 0.0034263501984881745629  | -0.014062417170135933786  |
463   | 0.0064597643315169222047  | 0.0039401993756652308257  | -0.021794934385960629958  |
464   | 0.0084540430813839790442  | 0.0012005624219366100702  | -0.029033530471295670994  |
465   | 0.0092527745234337148428  | 0.00022998055504810715685 | -0.030277930277828268846  |
466   | 4.3971590558211914044e-05 | 0.0062407200200803036871  | -0.0098736122684785296993 |
467   | 0.0070270518410494161796  | 0.0045270455049783806661  | -0.022811559292224704854  |
468   | 0.0030842405739276409007  | 0.007107426786992572694   | -0.024842407806937995968  |
469   | 0.0054891682769134097358  | 0.0031194474097185689865  | -0.022166836392262551092  |
470   | 0.0046555703929867043103  | 0.00039042743520221545941 | -0.024276762920794798389  |
471   | 0.00087582985077703254338 | 0.0083443956748692933723  | -0.031527757015554054576  |
472   | 0.005461771062031110964   | 0.0086076086615760154241  | -0.031455210944719355637  |
473   | 0.0068165054983730620497  | 0.0015515916008752247447  | -0.022173791446741249883  |
474   | 0.0010347825897079369287  | 0.0018958637259656335467  | -0.015832507011251693158  |
475   | 0.004953963255193105826   | 0.004723636094014089723   | -0.025782693935792966311  |
476   | 0.0081207255175663670133  | 0.0085985476754006501254  | -0.011279818643367587119  |
477   | 0.0080503690706085605927  | 0.0079537926999282641122  | -0.0067567323407539498989 |
478   | 3.8823707507042929369e-06 | 0.0080029433746082127149  | -0.033603841912166067252  |
479   | 0.0040671574540931268796  | 0.0025170827848573712818  | -0.020738275727962562217  |
480   | 0.0002103198579227889527  | 0.0044536032152533225337  | -0.01402501157795495168   |
481   | 0.0033475844609062877649  | 0.0079947010497645552146  | -0.028259769626937877168  |
482   | 0.0044466913603242314013  | 0.004831996158891361734   | -0.032330173104566789499  |
483   | 0.0057814943500962105716  | 0.0037859976321346321126  | -0.030185934407622523612  |
484   | 0.0019821488072804126397  | 0.0061214893644754679591  | -0.023184822404041089544  |
485   | 0.0012765597191237818171  | 0.0053017637077892145261  | -0.029756774538706547845  |
486   | 0.0010356173976778337668  | 0.0072291229222644602659  | -0.0085658277634251180771 |
487   | 0.0081279966541016497594  | 0.0050641403756813774609  | -0.014847160532457222282  |
488   | 0.0087541997709654779253  | 0.006106707414088609169   | -0.012047626454330591025  |
489   | 0.0042327067404537887033  | 0.0094577262784543477542  | -0.032980448697056172214  |
490   | 0.0047131413586521181056  | 0.0086143272834213538425  | -0.013315112737994263398  |
491   | 0.0035034683328398208424  | 0.0029177148240473707759  | -0.011199324061226921187  |
492   | 0.0073382146155087143308  | 0.0082430717021440610276  | -0.016047167629617577894  |
493   | 0.0093946761875337587294  | 0.0071098689702855863426  | -0.01352378010084034389   |
494   | 0.0047364599279678459495  | 0.0046847679197720296443  | -0.033070313153154319574  |
495   | 0.0076380813955141350219  | 0.0081013908906409082267  | -0.0048751593148832024147 |
496   | 0.0087920538457219778866  | 0.0056758471634333366659  | -0.021306893555003172253  |
497   | 0.0049656979283582711529  | 0.0050280612020675375176  | -0.0024800356124997087297 |
498   | 0.0052169655807900779804  | 0.00022341951612714794784 | -0.033537241049138487303  |
499   | 0.0093856163890356641977  | 0.0051116617738800121384  | -0.011085972908708486423  |
500   | 0.00049309534776146831184 | 0.00031041068566237291215 | 0.00054688423722403043531 |
501   | 0.004588388836198476449   | 0.0038771893278577193413  | -0.027057711593732144961  |
502   | 0.0055191683387879426556  | 0.00528194789084933565    | -0.019258592353018393756  |
503   | 0.0012518363605834588025  | 0.0026779050692999554865  | -0.011962271183255594742  |
504   | 0.0022243571783685032843  | 0.0033389556509190025137  | -0.024493073566589192852  |
505   | 0.007048017336752888766   | 0.0076109457581353288577  | -0.03193821890969306132   |
506   | 0.0036409757586690306638  | 0.0022678085932821040634  | -0.018310367489302134536  |
507   | 0.0089413711485566808868  | 0.0037482133379816641623  | -0.005642799727348840437  |
508   | 0.0045724872194285361843  | 0.0017267421805340957795  | -0.024412055203183492813  |
509   | 0.0013883747518776657585  | 0.0030342589349268383851  | -0.033739965734175307588  |
510   | 0.0076759889278335147883  | 0.0084658371822983694704  | -0.0063772319390289176899 |
511   | 0.0023060366247837933013  | 0.0029252201640881832223  | -0.028740039076602899581  |
512   | 0.0074044625298309374797  | 0.0097599378970553776758  | -0.029069967563966524898  |
513   | 0.0056367926617999653677  | 0.0032274435947199022097  | -0.026494765122735630669  |
514   | 0.0069411232651184961648  | 0.0016112599074870573735  | -0.0026747905335612210537 |
515   | 0.007639067744081983781   | 0.0056434422718015936349  | -0.013344561164073264967  |
516   | 0.0042666984140741458231  | 0.0010343072299767138225  | -0.0029412585292015107179 |
517   | 0.0075098333015694200901  | 0.0055433154394464332834  | -0.02356849486794032611   |
518   | 0.0032583818004878113174  | 0.0029213372965079600907  | -0.014779645319425204278  |
519   | 0.0019509496341581092707  | 0.0036593702119369574642  | -0.027413451578520719315  |
520   | 0.0028352995314639218086  | 0.003341735013771485012   | -0.02976181633191815265   |
521   | 0.004275346200169665746   | 0.0059145814737763665811  | -0.0097864918010538582555 |
522   | 0.0029152015497475904093  | 0.0034833381925971408123  | -0.0075504276301702399551 |
523   | 0.0015088648903566102225  | 0.0083949480985177401399  | -0.011361660959847613706  |
524   | 0.0087758906292125272997  | 0.0012700468452599797831  | -0.015398410222515342485  |
525   | 0.0034105278216064538813  | 0.00058268926262249618256 | -0.032966014789902339799  |
526   | 0.00032127571220978413903 | 0.005556479118699019816   | -0.0074145323631619013127 |
527   | 0.0092055362536830713516  | 0.0053393105794931417299  | -0.009689164763080090545  |
528   | 0.0087586074532838599505  | 0.0023510750330106972537  | -0.01355408959345403945   |
529   | 0.0066982380171298587512  | 0.0056819400648762284287  | -0.020326974057802416757  |
530   | 0.0034230914222577930352  | 0.0065898996352317393624  | -0.003353531832010939618  |
531   | 0.0037756599340446604131  | 0.0039976466066401830646  | -0.018931130315600216973  |
532   | 0.0047736514071273191198  | 0.0037163939355805788479  | -0.00025865684161707254039 |
533   | 0.000282873092592613915   | 0.0057290459966338157238  | -0.0086693357943063206056 |
534   | 0.0022986582587152773645  | 0.004056946560151463918   | -0.012538303958123823978  |
535   | 0.00040242768476511756211 | 0.0084969185653431880678  | -0.025046254970378056121  |
536   | 0.0001810856991746125663  | 0.00015582421996170259726 | -0.0035283272138090311827 |
537   | 0.0022671562099458924741  | 0.0041997321097405407309  | -0.011394304094185297646  |
538   | 0.0085691161100218942587  | 0.0016554282769133154326  | -0.033513777505213893093  |
539   | 0.0092517072609296403807  | 0.0060419449895913954207  | -0.0045507468542750513507 |
540   | 0.004828129464360698779   | 0.0060485202891463404895  | -0.020966890758729182093  |
541   | 0.0017442929393937252856  | 0.0004810715620167943388  | -0.015101026161018034008  |
542   | 0.0064670949633319381455  | 0.0027257958882062091437  | -0.0094093726165901982184 |
543   | 0.0078942641602036730392  | 0.0061078938551413271968  | -0.0070219678528425444677 |
544   | 0.0045221012296012014914  | 0.0035653764392409026396  | -0.025356289132866062508  |
545   | 0.0083505246779650103145  | 0.0085612463563073965683  | -0.018620213978433823587  |
546   | 9.8142716091387843433e-05 | 0.0081194619038690192536  | -0.028185543454975054561  |
547   | 0.0030873676927846279913  | 0.003512009458962814766   | -0.0037765993462458981138 |
548   | 0.0040859496618090539177  | 0.0030624343904228626054  | -0.028082663741284021042  |
549   | 0.00077691801898413894497 | 0.0085882355848002720627  | -0.030245662391059743163  |
550   | 0.0035012223584417489532  | 0.004131358441643107407   | -0.0086570519680356731312 |
551   | 0.0062963029750254849784  | 0.0023839660202937128404  | -0.027720544538290915054  |
552   | 0.0048473353790747528494  | 0.0054801772747467055596  | -0.014519868831647311791  |
553   | 0.0031110327115808473174  | 0.0049594635967385941946  | -0.018999240973026815943  |
554   | 0.0017097668027510294284  | 0.0089124174077380591968  | -0.017865550608821102047  |
555   | 0.0070039606926625497599  | 0.0035369793644732736015  | -0.0041016545705657358675 |
556   | 0.0032434969114677621692  | 0.0078176468147342775827  | -0.0075929317555364127593 |
557   | 0.0054968792481087328655  | 0.0054146913254994582382  | -0.028265632773080463097  |
558   | 0.0027587052235635450316  | 0.0058030947617117457221  | 0.00042212240973187997034 |
559   | 0.0070586848127398953145  | 0.0010813944422868758052  | -0.0014664949230356136983 |
560   | 0.0054973791414498467817  | 0.0036319868148722762348  | -0.024708303467037048828  |
561   | 0.00058511064311816604871 | 0.0061503240687658207106  | -0.00035512266544668910466 |
562   | 0.0044885806035069421641  | 0.0070607311287049952242  | -0.0042903022225769501044 |
563   | 0.0070913121269814095513  | 0.0043672137299321737297  | -0.018423777734692222546  |
564   | 0.0047410888293023725065  | 0.0072424093718398948119  | -0.025716165887313055527  |
565   | 0.0071883981084775068482  | 0.004936613650527576537   | -0.032849521143449723903  |
566   | 0.0042127755927123975918  | 0.0089769254977219350294  | -0.028231444144076613123  |
567   | 0.0088452331662389280936  | 0.00094371345165156737822 | -0.0044243159058288041713 |
568   | 0.007085633074504316814   | 0.0011434989770986846852  | -0.033801162580626924192  |
569   | 0.0048969214773854630174  | 0.0039230562055454542073  | -0.022682437370625897766  |
570   | 0.0062615829378424069443  | 0.0098091335041866362793  | -0.0040976780141087206996 |
571   | 0.0097811420970382815382  | 0.0065170219351223792822  | -0.031436041917728925477  |
572   | 0.0042125280261082085828  | 0.00026198035870837749076 | -0.0060191431416593112538 |
573   | 0.00094863845888559685925 | 0.0069130550755009184324  | -0.0097157690997359252155 |
574   | 0.0066327889217603144822  | 0.0090466618474070101263  | -0.011706579286208182097  |
575   | 0.0050587093400532084572  | 0.00030355839537322829372 | -0.024899174214520071458  |
576   | 0.0059287748911711624089  | 0.0027098901767427944001  | -0.0087228562789160562357 |
577   | 0.0024785506794694862551  | 0.0079894197857178321509  | -0.028932489457586578474  |
578   | 0.0034987233239398120646  | 0.007414462517312266944   | -0.012685724717766373032  |
579   | 0.0048684787781570889806  | 0.0004369818823119987674  | -0.021766021174854890963  |
580   | 0.0064220392419711731791  | 0.0024923500906734539356  | -0.019587612629559748856  |
581   | 0.0080526974388766808105  | 0.0070018372394280870702  | -0.0099150062830292099575 |
582   | 0.0041608279354161895741  | 0.0073002850963791304784  | -0.0015390782665296060417 |
583   | 0.0092612818293289992516  | 0.0077111455259974729867  | -0.016534635102041988358  |
584   | 0.0053467741153704921239  | 0.0087283980508165263934  | -0.027371406907677815756  |
585   | 0.0035346435959539347117  | 0.0025360988050826525388  | -0.014257346807133785757  |
586   | 0.0076549860125852617343  | 0.0088878539256464286766  | -0.020183835472984509862  |
587   | 0.0018177159830226198144  | 0.003378118687258077537   | -0.024104169434928119503  |
588   | 0.008222472900320493272   | 0.0041038014395110922541  | -0.024965969944487489268  |
589   | 0.0035156162653762492408  | 0.0070463004188852269849  | -0.015614030250076082335  |
590   | 0.00033707144782542776754 | 0.0092917872521831382238  | -0.013111770614499723697  |
591   | 0.0030177762748791964534  | 0.0033642901562464517899  | -0.0085457817073571334943 |
592   | 0.0030939569125397756513  | 0.00072537732435070366183 | -0.028719610477266139387  |
593   | 0.0081383093673857501149  | 0.0081293142322133617184  | -0.023796837511640814289  |
594   | 0.0093507014400332454096  | 0.0072869617100643829452  | -0.0048558828423346739669 |
595   | 0.0024921414001911807758  | 0.0079980428493100028803  | -0.0098988330730615439051 |
596   | 0.0099956101585949776872  | 0.00755369409443734912    | -0.020021863800588804438  |
597   | 0.0028716643141398394759  | 0.0080196594918422511172  | -0.020296624481590089945  |
598   | 0.0043369285791714584991  | 0.0044761639415665183464  | -0.02190634268225720091   |
599   | 0.00014110206222787632663 | 0.0069852352495232555851  | -0.0048144641381121927592 |
600   | 0.0011771125055548335801  | 0.0014752983828551491634  | -0.024079054075689273334  |
601   | 0.0015721975811273530572  | 0.00096199562036316708068 | -0.026221541250002974172  |
602   | 0.0065738833629348011195  | 0.0062866562424209000357  | -0.01950990747003956971   |
603   | 0.0025225868102350871951  | 0.0024740297337504080742  | -0.02074144077633892011   |
604   | 0.0092628669761266983762  | 0.0077504606335591814947  | -0.028985750220612026273  |
605   | 0.007040675337345344946   | 0.0075265779231611174352  | -0.02289829936782340758   |
606   | 0.008925785334116104891   | 0.0023976354513011114561  | -0.027735191641165661547  |
607   | 0.0017467309385612161     | 0.00077603234994333099902 | -0.0321988699878336046    |
608   | 0.0040419294318293896157  | 0.0069573117287827076702  | -0.0068578941407012134965 |
609   | 0.00038367412475133803006 | 0.00012746055586644781748 | -0.015556620866421589158  |
610   | 0.00054001430810259975872 | 0.0020027199449469948109  | -0.03320735721974550636   |
611   | 0.0047973569819009251672  | 0.0056911475370375408725  | -0.02112206137286879587   |
612   | 0.0047580796705033378755  | 0.008561224306915094992   | -0.0010400787254925454323 |
613   | 0.0065937131918892884913  | 0.009689068960364827926   | -0.023886109538938726099  |
614   | 0.0046422527727406114398  | 0.0030375329451923834684  | -0.028317714821638875766  |
615   | 0.001170667220070947161   | 0.0089103628210821413103  | -0.0056490545083410842117 |
616   | 0.0092838907087442312099  | 0.0038657841550391960385  | -0.0035488046973333490716 |
617   | 0.006560666642794464945   | 0.0030811949630040590814  | -0.0051100969412677102119 |
618   | 0.0021902426017638390761  | 0.0070208781877004883265  | -0.011426907592370520728  |
619   | 0.0020989280693370590027  | 0.0086013751073176387962  | -0.0066644184462775401742 |
620   | 0.0077318988579423222895  | 0.0040130871004421869372  | -0.0078565041214376640094 |
621   | 0.0044093306717359233293  | 0.0057989052731044626876  | -0.024594817129089896479  |
622   | 0.002001171931732878724   | 0.0090005762609905830274  | -0.025487536037438720399  |
623   | 0.0031206598895339191999  | 0.0027737168382893028461  | -0.016108758527468101246  |
624   | 0.00014189324253686963484 | 0.0053152480885193991236  | -0.0057162277854040290798 |
625   | 0.0067216793303735821591  | 0.0058361892198032635712  | -0.017002220183757323774  |
626   | 0.0016347523618128881936  | 0.00028791217800918321706 | -0.0063720388095971748979 |
627   | 0.0054687754675043854027  | 0.0095071552905997957356  | -0.023724105902007894264  |
628   | 0.0070382159237253319115  | 0.0082463670000387234715  | -0.00043874316298028129962 |
629   | 0.0075368242469125400207  | 0.0067578324672054237293  | -0.019867298785818821721  |
630   | 0.0061392072915488838172  | 0.0094464979857266338781  | -0.015337481866584302612  |
631   | 0.0088839550582201793488  | 0.0051869100743077408214  | -0.017004187078574834607  |
632   | 0.005293287275386711517   | 0.006980949583812067448   | -0.027053921719336081891  |
633   | 0.0049427628157990453547  | 0.0018462963201776340632  | -0.014226139258368176305  |
634   | 0.0036300259339084955078  | 0.0038989851795533758509  | -0.0065869769636391489742 |
635   | 0.0015183938133013460178  | 0.0026553842889054327797  | -0.0069502305987111448471 |
636   | 0.00075451053974417807424 | 0.007149705914542695169   | -0.012351476761234794072  |
637   | 0.0062057287256740327822  | 0.0027307760747521283955  | -0.033882939448116003445  |
638   | 0.00010607601736036728613 | 0.0025543086640135164063  | -0.023857326954911502181  |
639   | 0.0070989048106279966505  | 0.0023055164504840524806  | -0.016628327838969891861  |
640   | 0.0031057237575993377685  | 0.00049144173643621096286 | -0.0094628374332274677733 |
641   | 0.0058724787658467215296  | 0.007913407632222384594   | -0.0085714263674175755758 |
642   | 0.00091399190121445740131 | 0.0087537515060299390252  | -0.006810195433233095022  |
643   | 0.0089568857904698245126  | 0.0059923593628286300414  | -0.0024802988473646360619 |
644   | 0.0054137192192331012874  | 0.0093204172533561564784  | -0.026102145705930258901  |
645   | 0.0034666231720891856234  | 0.0093806420632920970576  | 0.00061571750010263551905 |
646   | 0.0023032800765378806315  | 0.0018508306619158404211  | -0.010459258212676458832  |
647   | 0.0049267822434146705743  | 0.0037959935645322786732  | -0.021655131203574796983  |
648   | 0.0040847243839457498399  | 0.0062581786476291235977  | -0.023867125960139352892  |
649   | 0.0043326309443374897909  | 0.0061147523550488872002  | -0.0035521125646282188104 |
650   | 0.0033950946312271143915  | 0.0081385270603963246611  | -0.0070689534359794506738 |
651   | 0.0046650699111130886076  | 0.0065908031179949784842  | -0.0082728786134212712461 |
652   | 0.0025962885971026841182  | 0.0057575237049469164471  | -0.01522874384794208058   |
653   | 0.0064768763576828983913  | 0.0047953054016276735333  | -0.0024481759928903332364 |
654   | 0.0056103808997484631155  | 0.0080412231206775670184  | -0.010554645946087796299  |
655   | 0.005124660983976707905   | 0.0047596679706067316837  | -0.0011362372894770150691 |
656   | 0.0027866456983970835752  | 0.0028852030806911775108  | -0.00078382038708562588175 |
657   | 0.0081738628165115585072  | 0.0091957926123164036858  | -0.017856983264151814889  |
658   | 0.0056252769010898193147  | 0.0083820368739070134217  | -0.010777358925355383368  |
659   | 0.0081593985878042722681  | 0.0045050248510208508457  | -0.016224137103595465126  |
660   | 0.0064046972808678766936  | 0.0016301434071701985124  | -0.024363764221053192671  |
661   | 0.001089386446685314952   | 0.0042200630721641839427  | -0.015002404278555675488  |
662   | 0.0043255827382550357876  | 0.0081297392969117091704  | -0.0027175104407404487156 |
663   | 0.007737532712219144862   | 0.0019633347490250422501  | -0.022262375142737430428  |
664   | 0.0044375884070596994385  | 0.0026587156453374222523  | -0.010246029475627478622  |
665   | 0.0022017720180246987648  | 0.0057017452578651669701  | -0.0038844504046208843361 |
666   | 0.0062669298542882600003  | 0.00094781805235634496512 | -0.022256516616623839289  |
667   | 0.008399598505118460387   | 0.0020693463486094031828  | -0.014234703621831169482  |
668   | 0.0055287942587130710012  | 0.0016932617909366585573  | -0.0079099036751451908683 |
669   | 0.0091526723876945766806  | 0.0024794608626260809803  | -0.023350876963320166269  |
670   | 0.0020441138848020508172  | 0.0059176024400653401761  | -0.010994374479467300398  |
671   | 0.0021787070718627633489  | 0.0079337307592384359589  | -0.02416017250343055478   |
672   | 0.0098867558376666830888  | 0.0058397494757994735867  | -0.017316136405146693306  |
673   | 0.0080528299035564424035  | 0.0049185037336612075914  | -0.031943581586097946623  |
674   | 0.0072729388502548331791  | 0.0024455802955173897885  | -0.016058601212189663882  |
675   | 0.0025615399398275762698  | 0.0040312850614908496416  | -0.028109870426492464951  |
676   | 0.0023937927804693350485  | 0.009910958226109939026   | -0.0043404656110081320589 |
677   | 0.0062534606750014069473  | 0.0027906475151748136657  | -0.020454810721984881955  |
678   | 0.0024002804973529737707  | 0.0029239584481298591147  | -0.0033599279751631901808 |
679   | 0.0039053732076658209151  | 0.0074771709938324677075  | -0.0096083352848627054388 |
680   | 0.0015863690412982304773  | 0.006845924457077587344   | -0.019352746170163675349  |
681   | 0.0040256116805931852279  | 0.0014073089386193223665  | -0.0087787904557102489078 |
682   | 0.0012825047652285611385  | 0.00086902622946786664809 | -0.017245876317235793451  |
683   | 0.00448021398744372773    | 0.0053600033653762434865  | -0.0058108666108163077244 |
684   | 0.0006256299625674781404  | 0.001985074032468617071   | -0.025010397579787038008  |
685   | 0.0059394758750288484742  | 0.0017001404480623202604  | -0.029298460728933897745  |
686   | 0.0052839369582980393741  | 0.0037916808885371856321  | -0.025356842479199281915  |
687   | 0.0080100500609180426415  | 0.0048768411003832163111  | -0.013019226521719627632  |
688   | 0.0036257424141698767206  | 0.0071829849807796787228  | -0.0096908241074522248615 |
689   | 0.0049478553396194047825  | 0.0066580762914998266322  | -0.0042170760777706347081 |
690   | 0.0062982095828059735457  | 0.0067205322364331824755  | -0.015425852507279921508  |
691   | 0.0077822679793927672376  | 0.0044656306096476179254  | -0.015710964177153115967  |
692   | 0.0070261406228483850103  | 0.0082334227507972444771  | -0.020298733187514114706  |
693   | 0.0075857351364388529713  | 0.0037647114602566179864  | -0.023061014914715398383  |
694   | 0.0077280107880496268571  | 0.0093861962780003183743  | -0.017580438174116010119  |
695   | 0.0047744861926325285126  | 0.0082405451672412852182  | -0.029320681547910048409  |
696   | 0.0020581794045524529936  | 0.0025836951219978302428  | -0.022592359303571771245  |
697   | 0.0063473803134456224448  | 0.0045158505107581251026  | -0.02296932395955445308   |
698   | 0.001918096925592481343   | 0.0088100791438403009553  | -0.022078778831634695429  |
699   | 0.0079671625366552391995  | 0.0010314452320729964284  | -0.017648966378576779607  |
700   | 0.0058524062005786206542  | 0.0019178519523232768085  | -0.0089394736396342447393 |
701   | 0.0050243319537972693997  | 0.0061841818289915823775  | -0.026311127425654456252  |
702   | 0.005406866340013125917   | 0.006821732977138813929   | -0.022576013024048983968  |
703   | 0.0040899557237941740542  | 0.0055170817813872726626  | -0.027208521758428146076  |
704   | 0.0028191343322120695353  | 0.0089257110470923276685  | -0.012389604493432408022  |
705   | 0.0025731357109738872344  | 0.0091573770952210233054  | -0.0060542794168195520482 |
706   | 0.00095363236585207730462 | 0.0083060000685590672925  | -0.029480560858505734656  |
707   | 0.0015451486054175497375  | 0.0082181597018773696467  | -0.030132095839396105807  |
708   | 0.0070598568891640624615  | 0.0044521318332028754147  | -0.011676465080076905631  |
709   | 0.0046181787816764541602  | 0.0019874915844247469619  | -0.020742148794490725128  |
710   | 0.005778774454112170153   | 0.0091792269207412544724  | -0.017512769346647829444  |
711   | 0.0006352392020209354697  | 0.0071041276344963209463  | -0.020235037518106215038  |
712   | 0.0045507566116246003438  | 0.0051469855830126500645  | -0.029550214675760588107  |
713   | 0.00084480824667307384632 | 0.0060266068116650367212  | -0.024979976612910754358  |
714   | 0.0011298762587090250501  | 0.0054114337110234443304  | -0.030243850993041259539  |
715   | 0.0046548467611969906663  | 0.0090851222823847208043  | -0.025041384208361817248  |
716   | 0.00014106378294927670214 | 0.0075424877037402159041  | -0.019624756055002440247  |
717   | 0.0028763580276423362028  | 0.0089453767380383453905  | -0.010546794830248640631  |
718   | 0.0043952519374731444449  | 0.0069329529287182854735  | -0.017353792415563586843  |
719   | 0.0092716085106212230149  | 0.0042022272610479777244  | -0.029103894348109577567  |
720   | 0.0066607992131419565748  | 0.0078529760436464018242  | -0.033313131828945109769  |
721   | 0.006927998963758108357   | 0.0048834143308279258019  | -0.018339280838592028622  |
722   | 0.0021330784200647903009  | 0.0067217254453329853409  | -0.0081130367465490557666 |
723   | 0.0042154648589212253065  | 0.0049019470235834730967  | -0.012423625756175980112  |
724   | 0.0073260642151433200131  | 0.0054302409917421313665  | -0.018890184024517205075  |
725   | 0.0087870297793794360092  | 0.0063524938056917787735  | -0.013747461880070628235  |
726   | 0.0030639187629825062782  | 0.007107614618701871799   | -0.013865819442206208864  |
727   | 0.003320957049585630122   | 0.0030277252250628149469  | -0.012474332633398177092  |
728   | 0.0049576431665869936244  | 0.00058015548905880685686 | -0.0043140074040134129135 |
729   | 0.0099274306849878157094  | 0.0063095363160022115145  | -0.019525449017826341375  |
730   | 0.0084616309062617786618  | 0.0028370919797775775648  | -0.0048247204080399631529 |
731   | 0.0058301547366111502665  | 0.0018392732660427537923  | -0.016360952035049856901  |
732   | 0.0043250846528615875808  | 0.0098795155760938637574  | -0.033370220721509906425  |
733   | 0.008040421207394643846   | 0.0084421151809232555796  | -0.018085285988212893016  |
734   | 0.0050937663234993752967  | 0.0043825898417160068926  | -0.018938241484727218189  |
735   | 0.0045927719273403848702  | 0.00031289058355418844547 | -0.0084831114384345211038 |
736   | 0.009344612500247262421   | 0.00029292766936284483784 | -0.0022550611410400169497 |
737   | 0.0061291242157295450221  | 0.0080083613866044241203  | -0.013283647652080879734  |
738   | 0.0023057435970325760102  | 0.0072808354326377375254  | -0.023394215882846930432  |
739   | 0.0071268186366870399373  | 0.00081056381857208428636 | -0.031302514298148266525  |
740   | 0.0066146871690263928795  | 0.0033589283913039204299  | -0.026603184001028751943  |
741   | 0.0017585429901548512138  | 0.0068764076161778285579  | -0.0044519191777669673074 |
742   | 0.00081917306745998223327 | 0.0046571465891387152716  | -0.0031904981024830940048 |
743   | 0.0035826612048961686136  | 0.0047299286419907621976  | -0.029682449095249547472  |
744   | 0.0089294654713961488235  | 0.0049810404979784006496  | -0.019212460285314106323  |
745   | 0.0016845590868482553364  | 0.0064516075165810659459  | -0.021450509273897119811  |
746   | 0.0068266007089720854087  | 0.0036334660901643032332  | -0.0057054674950348244211 |
747   | 0.0045837705039366138243  | 0.00058660981503225737618 | -0.01294950305040060666   |
748   | 0.0086165965736783815127  | 0.0031762920997757213698  | -0.020674114127925514312  |
749   | 0.0099603473548366266987  | 0.0041452905635831413522  | -0.023947677796419594015  |
750   | 0.0080832146594564044384  | 0.0019178847465841947651  | -0.0068369217629151643467 |
751   | 0.0045161688825562729468  | 0.0067564915666185661886  | 0.00078256513334917343194 |
752   | 0.0020382031798712382797  | 0.0086934420069393735647  | -0.017817230111187354336  |
753   | 0.0073665709170565845526  | 0.0089687578038459021129  | -0.0079895576035842099522 |
754   | 0.0059957586919026414213  | 0.0080349927502997037926  | -0.0094983753642643893589 |
755   | 0.0013731546829483403695  | 0.0081070943976752577603  | -0.013591862048921368386  |
756   | 0.0084938056971911590765  | 0.0091144681336423581663  | -0.010285715355279140271  |
757   | 0.0063895944967460992919  | 0.0044048089346588915893  | -0.02163486394473920077   |
758   | 0.00309721230943988627    | 0.0023418236404150341926  | -0.021812339637013608562  |
759   | 0.0042217634452246010149  | 0.0099541350228940176509  | -0.013409174464536774765  |
760   | 0.00155128625403362988    | 0.0096043531469309825072  | -0.015895906128518901695  |
761   | 0.003373899794969074592   | 0.0088406955853720485539  | -0.024425003126532545544  |
762   | 0.0079110555228875771572  | 0.0037786564303821613617  | -0.015948553580637039179  |
763   | 0.0081471910020191450758  | 0.0039973635415997479936  | -0.015504778457467527711  |
764   | 0.0065072413110185958404  | 0.0050515737648631408793  | -0.018461560355445369441  |
765   | 0.001988145440347301781   | 0.0050146024996544826674  | -0.012621456440474437821  |
766   | 0.0077221608179309179226  | 0.0068533198789884749655  | -0.030490540756625768987  |
767   | 0.005294954028620539252   | 0.0020781036872658375375  | -0.020735506197301446785  |
768   | 0.003599788579767038664   | 0.00052502638917431413736 | -0.023313192495661133607  |
769   | 0.0014513297832953588138  | 0.0056444056188003832383  | -0.012687039770340887215  |
770   | 0.0010389617911859098942  | 0.0089093270864967332584  | -0.0056342834743591495295 |
771   | 0.0071775679654177675787  | 0.006237555626531101835   | -0.0090754295006846355531 |
772   | 0.0029402888150049759364  | 0.0094756179075779697896  | -0.030689825096563295992  |
773   | 0.00051550268376534028568 | 0.0018892480416518577999  | -0.0085059379926553883161 |
774   | 0.0076239427511541084034  | 0.0089004120253530910611  | -0.021960499251296502349  |
775   | 0.0085168203919957462256  | 0.0040891095635733369293  | -0.017522996380890623613  |
776   | 0.0032467729406499296757  | 0.0056569848982321539049  | -0.023391858799603489072  |
777   | 0.0086339998706300730841  | 0.0051936616554883194632  | -0.0056241432667244097704 |
778   | 0.0019603579876460671717  | 0.00010687634414907353538 | -0.003461908864644807661  |
779   | 0.004926669218326885924   | 0.0043294787260691200773  | -0.0082358578389027190664 |
780   | 0.0077663326417756091413  | 0.0061950921641791322284  | -0.023615207572224627963  |
781   | 0.0020974247010862433899  | 0.0033318965696207854255  | -0.0057052155941736204872 |
782   | 0.001686206968449896872   | 0.0032287989892514864544  | -0.027365874775006730768  |
783   | 0.0029917194793956723535  | 0.0056071558569087106075  | -0.0056391801314094550795 |
784   | 0.0082663468406697741819  | 0.0037234549108116719168  | -0.022775086349650853351  |
785   | 0.0014380076001560685491  | 0.00061254734619647238387 | -0.019126261673160720178  |
786   | 0.0041095953388223726774  | 0.0064897348738688848471  | -0.012784073130509630845  |
787   | 0.0026224129425660887283  | 0.0011299571057622331827  | -0.0024897691122586058064 |
788   | 0.00082871508762885691228 | 0.0060909929259010259228  | -0.023233633383749851403  |
789   | 0.0053397617688772242017  | 0.0052583849035245473422  | -0.026861154924015480383  |
790   | 0.0049104583563149700742  | 0.0042155940165912652792  | -0.018048163813176625742  |
791   | 0.0012743381938952209192  | 0.0091092561987032461684  | -0.027502651563107244348  |
792   | 0.0032621510058775090093  | 0.0022669600774343971576  | -0.0088650538934912335998 |
793   | 0.0061954689107457843258  | 0.0015802010315283340249  | -0.0040173928947541352047 |
794   | 0.0094109438102706593349  | 0.0061159164592958477694  | -0.033848126998643049412  |
795   | 0.0041702514708615683048  | 0.0070110252518275706715  | -0.019361214371732132777  |
796   | 0.0046583194770348206742  | 0.0067331767117969412717  | -0.0056025214488101358207 |
797   | 0.0019676092313994459834  | 0.0066799403726344117049  | -0.019008973044382974915  |
798   | 0.0029711664062000982083  | 0.00053186271837929108286 | -0.0033088049531806995596 |
799   | 0.0069889160785369828718  | 0.0024011571179728516574  | -0.028071600612649023898  |
800   | 0.0070064709996942231215  | 0.0080317562370784776477  | -0.014541983809893436683  |
801   | 1.56318349649614495e-05   | 0.0020431094801361105416  | -0.0052593737348812152552 |
802   | 0.003110351712141498897   | 0.009531290444071539511   | -0.01440176252994823311   |
803   | 0.0079188806418776444551  | 0.0083681289786211761339  | -0.0087855547453197912339 |
804   | 0.00090433073052999712795 | 0.0039795399981236104919  | -0.027657144425376551516  |
805   | 0.0028578941210592539134  | 0.0040534748334350263407  | -0.015833576130885769484  |
806   | 0.002403053427790742113   | 0.0038968234353002335728  | -0.0061228285029305690168 |
807   | 0.0019591493922493548319  | 0.0082034879026718545564  | -0.003979738795315071638  |
808   | 8.7521121245809810449e-05 | 0.0021720387445870255501  | -0.02857045782938105738   |
809   | 0.0031019724677545453158  | 0.0041838920227829888565  | -0.020255520448323550975  |
810   | 0.007022709495281906876   | 0.0035218397943816387267  | -0.0042749418793225323066 |
811   | 0.0075159193978716048318  | 0.0027190013827457517291  | -0.032569752028221717055  |
812   | 0.0083715336703093033016  | 0.0049593919470311987469  | -0.025916886975290525513  |
813   | 0.0062746094089985637518  | 0.0046619863476127006846  | -0.0091087524629310991781 |
814   | 0.004512850652419788007   | 0.0075039944151264930186  | -0.023267704803218419024  |
815   | 0.0041941197170907501199  | 0.0036061291487440492141  | -0.022425103214763958404  |
816   | 0.0032400384645032060706  | 0.0041131333931393896861  | -0.022488793378312259968  |
817   | 0.0090553010910710985543  | 0.0015106511939131691668  | -0.0062555567857821526775 |
818   | 0.007674586183026597952   | 0.0053213159778389574478  | -0.0068813653247061130902 |
819   | 0.0033545601225021533069  | 0.0059317014120337449579  | -0.011900314114154403322  |
820   | 8.3392458188865460416e-05 | 0.0015261813666129695182  | -0.014501120854973568661  |
821   | 0.0066218269359272705077  | 0.0095580642849085444696  | -0.0080546293164024014566 |
822   | 0.0023356919140463255902  | 0.0066432176611143601772  | -0.012661209464773656719  |
823   | 0.0032885051861717713023  | 0.0026271534497613454814  | -0.031154286382635558439  |
824   | 0.0058936786915441668339  | 0.0016904246194994348735  | -0.019296213797410359525  |
825   | 0.0064554737386393855336  | 0.0056244353283057147569  | -0.023468235911008720335  |
826   | 0.0076823636101664549009  | 0.00690040186121080798    | -0.022560391796866006292  |
827   | 0.0090311085941508183195  | 0.0073840705232749844975  | -0.0032595408989586089482 |
828   | 0.00013237376554863319487 | 0.0050244502404947098337  | -0.022519297446914429695  |
829   | 0.0012358067647500210057  | 0.0073528968378264508363  | -0.010145307153859355054  |
830   | 0.002806183873479014667   | 0.0039470644532087857323  | -0.0040957272310482512392 |
831   | 0.00390819273234480416    | 0.0076019348881804392135  | -0.0019676898163834273363 |
832   | 0.0054653746559154168724  | 0.0023144852052010829284  | -0.012169481354598913822  |
833   | 0.0090521328023488497466  | 0.0048473929887650878817  | -0.0082039359780019145696 |
834   | 0.0047351671140645461983  | 0.0079159767945633108949  | -0.028097225301108884332  |
835   | 0.0075050129696414011674  | 0.009460602239685795764   | -0.021219383355038284877  |
836   | 0.0098826787482436066062  | 0.0011069039570293925934  | -0.012115493910370735142  |
837   | 0.008102389317250172085   | 0.0026847176462476193132  | -0.010279938251742668995  |
838   | 0.0065934515794202046973  | 0.0013474926029050202266  | -0.025681906804008711176  |
839   | 0.00673540369916602287    | 0.0027005208040935162542  | -0.0039375273923616602167 |
840   | 0.0092290740791483930061  | 0.00051446744055482244648 | -0.010792683833022521586  |
841   | 0.0064110637825167014411  | 0.0011624588681293161578  | 0.00033428677610221216396 |
842   | 0.0028879404473060800614  | 0.0065695386720461953697  | -0.0039902088891538975077 |
843   | 0.0065871009030546373922  | 0.0073547360288532632674  | -0.022134682404961029262  |
844   | 0.0038286406562058491153  | 0.0012341305491643328809  | -0.01642742503659680442   |
845   | 0.0096441873694057093924  | 0.0025032025945015278119  | -0.00079771939301904559554 |
846   | 0.0086271806054572467565  | 0.0022864827915001005414  | -0.0089418963956506506557 |
847   | 0.0092599438213802447162  | 0.0074749987291226971733  | -0.012402924135951776813  |
848   | 0.0043772127598166463494  | 0.0015373726142767984385  | -0.0014356665094688734943 |
849   | 0.0062899512682925290408  | 0.0051405572695790652596  | -0.00083945652905982549776 |
850   | 0.0040895611064557680497  | 0.0035767590196434111312  | -0.014493584846763532883  |
851   | 0.0050204477945080721105  | 0.0067513781986599397805  | -0.027989134945899128704  |
852   | 0.0051620465486946660871  | 0.0088394601112575018481  | -0.018271693925435605194  |
853   | 0.009281162593850431422   | 0.0031653820724911567452  | -0.020074540058623597388  |
854   | 0.0079709522546527987463  | 0.0093065374786010131303  | -0.008534218728469494461  |
855   | 0.00015803249152478160422 | 0.0037187888362767889186  | -0.0028430308068331518016 |
856   | 0.0098457748695775070685  | 0.0031420350262893132279  | -0.0064531063992189288681 |
857   | 0.0082050110356256724525  | 0.0076401607193007509133  | -0.022644345828550318384  |
858   | 0.0054755521352319001804  | 0.0030740771963175404953  | -0.010006172693252411016  |
859   | 0.0020313475938851903446  | 0.0053614525425869467845  | -0.018081391267882569035  |
860   | 0.0077337613911702277406  | 0.00075921321530453289312 | -0.0095436732598261353466 |
861   | 0.001144403447725145153   | 0.0024206026020547992406  | -0.020115707002515810509  |
862   | 0.0088320672499966577929  | 0.00068627938125430257635 | -0.029326378636841468617  |
863   | 0.0011595124657383857041  | 0.0073080511609003931395  | -0.0052644474237702890487 |
864   | 0.0038569292838431753524  | 0.0045011872781818883585  | -0.013234076544155934721  |
865   | 0.0057740381845374569303  | 0.0042491169934253062573  | -0.0046856131701950888557 |
866   | 0.0053465776499383877579  | 0.0096690812574602973822  | -0.012429272444870636746  |
867   | 0.0049879693210294062666  | 0.0057819091355459711554  | -0.025794554728206776917  |
868   | 0.0069175421804080830523  | 0.0078482354587965860726  | -0.012054286269996106196  |
869   | 0.0036931186282595359835  | 0.0049521436309400961723  | -0.024458007907952983989  |
870   | 0.00018449984010398051888 | 0.0037551914548265984302  | -8.2016250327704009072e-05 |
871   | 0.0081342073262023716074  | 0.0017759995198976159542  | -0.030196734416703865239  |
872   | 0.0039725484893667695543  | 0.0022562012642632946202  | -0.030960119494789804101  |
873   | 0.00773560183541579377    | 0.0034438305560511115605  | -0.029153703200739938123  |
874   | 0.0058263901927691945717  | 0.0014184574082760112272  | -0.0022286406955069940593 |
875   | 0.0064545348832714156961  | 0.0064284724986936932906  | -0.01881953986231378953   |
876   | 0.0045050298402966142131  | 0.0015916896852339842191  | -0.0085904777888520487961 |
877   | 0.0011363073346426122608  | 0.00529868538336410351    | -0.012573228533618460712  |
878   | 0.00041655947244391823645 | 0.0034343170387864559168  | -0.033399635634279327412  |
879   | 0.0056027120260471689056  | 0.0080411425780332525942  | -0.012059833284705508138  |
880   | 0.0061606148960711669404  | 0.0055645931199861395702  | -0.010015597861321010389  |
881   | 0.0043116312211248959685  | 0.0044954761596997230497  | -0.017562623066694576374  |
882   | 0.0054769077767354438016  | 0.0059391006939496261696  | -0.019891426739593643519  |
883   | 0.0074725900430844113473  | 0.0054508840764039634755  | -0.008926663113330046348  |
884   | 0.0081515118095978889023  | 0.0093289032011314009657  | -0.028107165514672897977  |
885   | 0.009540796386091350556   | 0.0014653667993576853599  | -0.016419572802344996332  |
886   | 0.0044309797183661467704  | 0.0050999433538794483253  | -0.0094233203407184436967 |
887   | 0.0024824205717299150861  | 0.0016621904735085724341  | -0.029874591877107749965  |
888   | 0.0078273957700832983569  | 0.0030815099775370283913  | -0.0201576219951135234    |
889   | 0.0036801563680749663048  | 0.0096492340633928253002  | -0.025833392178986343268  |
890   | 0.0054514614782424685238  | 0.0070703044023074906183  | -0.032294339710087799356  |
891   | 0.0039183617962672660784  | 0.0063695672038927547004  | -0.0049886703282420929648 |
892   | 0.0057596483312252763978  | 0.0090866635325517700755  | -0.013294793737431137917  |
893   | 0.0062370407655170006025  | 0.0048633986004862047106  | -0.012671612570794568361  |
894   | 0.006605618890595131229   | 0.0048319285910609736934  | -0.0018742157337502327041 |
895   | 0.0045449735095404305771  | 0.0075620056637116621345  | -0.014752137745717437689  |
896   | 0.0021777358822710137128  | 0.0014917732095913703583  | -0.0297364672375185074    |
897   | 0.0090642312538362808383  | 0.00035217554325835717221 | -0.021734904986576538549  |
898   | 0.0023515135287729559306  | 0.0042428717045361902943  | -0.032250559442873506788  |
899   | 0.0019187548407253020386  | 0.0040462574319823042465  | -0.020987952541902110681  |
900   | 0.0051698258921907287028  | 0.0084198981723435442626  | -0.025392553942502213427  |
901   | 0.0051080192532528007759  | 0.0071887254930838922692  | -0.025844011219915176414  |
902   | 0.0052386956742271409415  | 0.0010264392941630108742  | -0.011736529298966565799  |
903   | 0.0061826236926523494772  | 0.0070091482563317481294  | -0.010656507065407385196  |
904   | 0.0037890757055562889963  | 0.0093387822800435581205  | -0.029491213650494507714  |
905   | 0.0072751231897964577233  | 0.006583658516618747826   | -0.019966861660509885312  |
906   | 0.0079557886047692764203  | 0.0039578843445683938376  | -0.029335653990002433927  |
907   | 0.0036899156563366228463  | 0.008596739880428390726   | -0.001496709839276068061  |
908   | 0.0032208646560671267724  | 0.0047894041122625175683  | 0.00077614621919676351526 |
909   | 0.0065493094949958686329  | 0.0030322123600750208565  | -0.0010575240551421302357 |
910   | 0.003184844822251884245   | 0.0067955036941443822118  | -0.011423990045735932589  |
911   | 0.0097155223826080328031  | 0.008412993501212186892   | -0.0046088843394670436088 |
912   | 0.0088457938563696793949  | 0.0044043076250794947757  | -0.0023543444441122590889 |
913   | 0.0060151009898286537242  | 0.0050288243467220827831  | -0.00028115279964900912607 |
914   | 0.0027573491029111510398  | 0.0041368564256914798494  | -0.015999119142829670848  |
915   | 0.0043306300035164928958  | 0.0033904662109452733676  | -0.026945757844721102831  |
916   | 0.00047402151035285820715 | 0.0035354975994389692406  | -0.032815388627613087391  |
917   | 0.0029566068667771111013  | 0.00050597178196133869594 | -0.027748990831033590321  |
918   | 0.002732670722326123805   | 0.0033512279634699045777  | -0.0040268754630323200239 |
919   | 0.0020432878632848277059  | 0.0071694966657930344484  | -0.033230149732427771703  |
920   | 0.0085301174231076463961  | 0.0092512404758799404725  | -0.011490640333656713251  |
921   | 0.0033283026786556204127  | 0.0037449192519505088324  | -0.0041936790674599227005 |
922   | 0.0058085590008947630275  | 0.0029578351821454682176  | -0.011636054450672244157  |
923   | 0.0056530875408201180718  | 0.0077483489819790201877  | -0.010769129789685106049  |
924   | 0.00078585806165532153759 | 0.0075663115934368266324  | -0.01253119834465018026   |
925   | 0.003834618920779897782   | 0.0038816267529753695556  | -0.030365016925116204011  |
926   | 0.0064694473582636207246  | 0.0011753955809239624488  | -0.033654666043285846877  |
927   | 0.0014237879949713775664  | 0.0067365073164419517204  | -0.011927864858079227292  |
928   | 0.0041343751258364740825  | 0.009203930138941206554   | -0.014244365842534405242  |
929   | 0.007413924859232732395   | 0.0066674669231085318191  | 0.00072038485037198476263 |
930   | 0.006266761088162984758   | 0.0041411016597210966589  | -0.0082945901918798654179 |
931   | 0.0048797587185194050974  | 0.0018174867619665426976  | -0.028768974525148306026  |
932   | 0.0085448074138759315399  | 0.0053604200800613484648  | -0.0068220763292337355949 |
933   | 0.00056326265793356280337 | 0.0042074442414849581862  | -0.0076111124997963880423 |
934   | 0.0032930091364189555125  | 0.0073297529572957445532  | -0.021049373215499635192  |
935   | 0.0025336639767439385687  | 0.0072180339026341128542  | -0.026750674320017413937  |
936   | 0.0029310794482706619725  | 0.0024838469116817574883  | -0.029556031783170955141  |
937   | 0.003089784318385709657   | 0.0062384467554701490341  | -0.029171366869792412363  |
938   | 0.0061978986387981596304  | 0.00264508246028739109    | -0.024315518637133708146  |
939   | 0.0053139807202226985866  | 0.0036832727835397617404  | -0.0047121042206945988259 |
940   | 8.1359904288803714376e-05 | 0.00023958039889010568596 | -0.029936850250186587685  |
941   | 0.00071340654554000605247 | 0.0038570087227139553988  | -0.00083492315491123260656 |
942   | 0.0017948092371694458324  | 0.003360283561900332186   | -0.015750394937228621994  |
943   | 0.0061400190210651461875  | 0.0082912832418731968048  | -0.0027803784018183724282 |
944   | 0.0092421754860283183292  | 0.0072799029001731248301  | -0.027198369875589073486  |
945   | 0.00091663311533702219059 | 0.0070895253516010349124  | -0.010531146313619010879  |
946   | 0.0074531895540314464094  | 0.0046692286057415967326  | -0.032461799220784154363  |
947   | 0.0083720564237195916474  | 0.007492367457584098861   | -0.0055948177372493624465 |
948   | 0.008068384228678763051   | 0.0066580120189331523997  | -0.027651285899137054147  |
949   | 0.0061312227264798220203  | 0.00061925638245601086641 | -0.026444980984254875395  |
950   | 0.0056534673721271534383  | 0.0085818801648192347131  | -0.020470011821510987471  |
951   | 0.0038951465280923154751  | 0.0057728346660881222838  | -0.0066128294743459450911 |
952   | 0.0002313556375920285276  | 0.0067548876029081593789  | -0.026541427122649976361  |
953   | 0.0078093296592583833979  | 0.0064556893354143600472  | -0.033063856522108740765  |
954   | 0.0027094715122687983155  | 0.0016002957187646780438  | -0.013448260256556073336  |
955   | 0.0035014061455953832819  | 0.0003511135566750802294  | -0.01170923095429071692   |
956   | 0.0062519728679507292554  | 0.0031433018053299540198  | -0.01735628429558042779   |
957   | 0.0070461036047697557169  | 0.0054070452894509919012  | -0.021933099004855592662  |
958   | 0.0063983861345220001404  | 0.0087889915775037057849  | -0.016753599074467287466  |
959   | 0.0020313119260122291902  | 0.0097209940369108720909  | -0.016750059130006322849  |
960   | 0.0035558038678512398321  | 0.0047780568527038044108  | -0.0095561056987178184807 |
961   | 0.0032819877270969170617  | 0.0074221703484141825571  | -0.026687043904829836627  |
962   | 0.0071508654423904100678  | 0.0042492330832069038701  | -0.016107208665300958017  |
963   | 0.0061476658288150635295  | 4.5190871346474986909e-05 | -0.025079531361373575554  |
964   | 0.0040682566557445334551  | 0.0066463667813212766802  | -0.014631837686436884732  |
965   | 0.00038714091313601429502 | 0.0090235290200322750692  | -0.030490651937658912879  |
966   | 0.0074553399991597012197  | 0.0099963324090331373561  | -0.012020788732157061673  |
967   | 0.0030642697150202249934  | 0.0055059697249068813643  | -0.024030664479520492949  |
968   | 0.0047269914390975793089  | 0.0017053320773166168092  | -0.0027776208578934916647 |
969   | 0.0063489639403960041256  | 0.0016914591451228204195  | -0.032061833124250697924  |
970   | 0.0031436313602604014014  | 0.0032044864157130831944  | -0.013872434700115406081  |
971   | 0.0088187327740149104582  | 0.0071198758938800007362  | -0.02383986335952368793   |
972   | 0.0071830547345723746305  | 0.0072164417364812029343  | -0.020828262936463358412  |
973   | 0.0055297587044808287765  | 8.3569231770274859743e-05 | -0.015598329321711465814  |
974   | 0.0069484563422108260727  | 0.0025564973952298349937  | -0.029872319226584953533  |
975   | 0.0012067469792851660566  | 0.0034485059690859414146  | -0.014068320904803175569  |
976   | 0.0021506825415463204886  | 0.0074213014935801714655  | -0.00072272723263291905292 |
977   | 0.0065873808186652452884  | 0.0084801993578806095925  | -0.008763080395190461433  |
978   | 0.00639041854318411328    | 0.0049355091590876122576  | -0.017844101382218275492  |
979   | 0.0083714721956934575603  | 0.0014099737653174495167  | -0.033046597737937402628  |
980   | 0.0042609345199127752341  | 0.0063929344039097696362  | -0.025201292682580821863  |
981   | 0.0094920618416033369219  | 0.001670411415697921299   | -0.027600105688420431549  |
982   | 0.00045793099384562851702 | 0.006828068268135422357   | -0.0090922076638558571582 |
983   | 0.0046936943799851986794  | 0.0070803260479283319437  | -0.024088813771966907651  |
984   | 0.0041984113411158143978  | 0.0059038786063280463551  | -0.025748291780545554813  |
985   | 0.0097229152200702974318  | 0.0015145820158333159894  | -0.02627643636962903248   |
986   | 0.0012346190501052870577  | 0.0057290768511299551904  | -0.033500008444909003258  |
987   | 0.0066656695553624295894  | 0.0059935456629802265696  | -0.024684407227404732421  |
988   | 0.003862535315460327405   | 0.0091556564733674909023  | -0.0052631461083272610205 |
989   | 0.0017874527739026981402  | 0.0025765864573960481874  | -0.028690959561421404411  |
990   | 0.0051129588915509094002  | 0.0042438703724001778164  | -0.019544087806934968415  |
991   | 0.00080753094504995353783 | 0.0099716782954257631583  | -0.030821655187846099672  |
992   | 0.0022089166785400431679  | 0.0098385199531817839336  | -0.00081198389192294853807 |
993   | 0.0016235847572693142774  | 0.0012830679852267464717  | -0.0025700744452628789677 |
994   | 0.0087267253489602489985  | 0.0046705614281678129937  | -0.01195802429827948557   |
995   | 0.00038589523963983497117 | 0.00095420242216468062393 | -0.021013217687926959154  |
996   | 0.007804814735004465473   | 0.0099583493121608215176  | -0.02186706762155331274   |
997   | 0.0056978231508907272937  | 0.0091415702067286185029  | -0.0023690902521034816648 |
998   | 0.00841982484022745295    | 0.0036011607937678708283  | -0.016278484214135687663  |
999   | 0.00345327072525491649    | 0.0024999391066078289689  | -0.0061481357373914706857 |
