N			X			Y			Z
0     | 0.0057453590157179480064  | 0.0097589510881129666597  | -0.0055248086087519533358 |
1     | 0.0048098134412409660962  | 0.0090575851516096744093  | -0.0036197545194397375175 |
2     | 0.0030485446564609279714  | 0.0067470909798395539703  | -0.010369406891104963539  |
3     | 0.0037073945151901389547  | 0.00098504168166181019922 | -0.012445587406873929656  |
4     | 0.0047505840894072120725  | 0.001477457970054068051   | 0.0009304436783323368973  |
5     | 0.0065873728614481048826  | 0.0010340209688204473389  | -0.0046749696127162685202 |
6     | 0.0032144364575633298763  | 0.0079589619080755701075  | -0.015456333548078212206  |
7     | 0.005939034531354696507   | 0.0015896631482040638784  | -0.017678056979591422887  |
8     | 0.00084937222020368334345 | 0.0071851155206138763928  | -0.0051871033105361829055 |
9     | 0.0035715410965967407143  | 0.00073644451677364530448 | -0.011449171316614489141  |
10    | 0.0077839464094121482013  | 0.0030263912644039317121  | -0.0025666593915168569098 |
11    | 0.0044749830250861337769  | 0.0081993944531557790001  | -0.01044218848541402303   |
12    | 0.0031005187913806398631  | 0.0036973569532626798968  | -0.018106163621566494226  |
13    | 0.0086334044911266730887  | 0.0070119982098520924896  | -0.010269381675030686898  |
14    | 0.0058558970227985257528  | 0.0093891919454707380155  | -0.0038374627226781905451 |
15    | 0.0039975206187385222897  | 0.0064833647131141156419  | -0.0091209947529878876438 |
16    | 0.0032589201129505098418  | 0.008420779411983343038   | -0.0040812219292812373581 |
17    | 0.0014818366924633917959  | 0.0089011780143554188049  | -0.012724003171088711997  |
18    | 0.0045971168852686110709  | 0.0097841107352520575308  | -0.013500595969118659237  |
19    | 0.0065162719215876470369  | 0.00079754004805802762058 | -0.011690350445473073754  |
20    | 0.0041642068127096878993  | 0.0032076107031201324914  | -0.013759424075947461127  |
21    | 0.0084519012215184090298  | 0.0047848495857887246921  | -0.0082817762553375785795 |
22    | 0.0062204943642047262967  | 0.0018480578857307202768  | -0.005975630063758946911  |
23    | 0.005970955246314562509   | 0.0065679285139831917323  | -0.013385295721951583764  |
24    | 0.0079359081221745831486  | 0.00077489778016156705357 | -0.0012482357940511840631 |
25    | 0.0076238504206612876454  | 0.0018246871819162834363  | -0.002114479600858453108  |
26    | 0.0029212718134714599216  | 0.0091567390710182508529  | -0.0075438166531145017801 |
27    | 0.0029227451524773194295  | 0.0046496386689487047977  | -0.012874800929804001634  |
28    | 0.0052640908446737891616  | 0.0073115318911092293946  | -0.016420112888092419645  |
29    | 0.0044177434814246649072  | 0.0032655928806596848206  | -0.014129122480509700641  |
30    | 0.0053966861159222669422  | 0.0019481595326322972972  | -0.013653042490382240673  |
31    | 0.0040911945632964514044  | 0.0024288204888072689042  | -0.013247507812339846811  |
32    | 0.0028070364217792709641  | 0.0054718258733703244515  | -0.0088790470256256311121 |
33    | 0.0019617080389596501175  | 0.0091462362657655053855  | -0.0031494892041298732689 |
34    | 0.0036319636175102393283  | 0.008121708805064834294   | -0.0023195384071145581061 |
35    | 0.0009522462176064900273  | 0.0055546180426864636206  | -0.014869025760266057698  |
36    | 0.0093474095629934826623  | 0.0096779999588549967676  | -0.012866521033388768     |
37    | 0.00018417350093802647916 | 0.0054765838073406840347  | -0.015784841861257836726  |
38    | 0.0060579077834858651233  | 0.0067727293947411728106  | -0.012895665554450031626  |
39    | 0.00075005754206108085462 | 0.0032071056266601222565  | -0.015861304865576245776  |
40    | 0.0060280843565613528856  | 0.003264648128780718063   | -0.015213746084235174605  |
41    | 0.0077331280401400333616  | 0.0044040516912978618091  | -0.01054866208791900746   |
42    | 0.0067092631255174853266  | 0.0093160332361931115497  | -0.0035815998715485897891 |
43    | 0.00055674545383980068424 | 0.0030090499862710754116  | -0.0045632428344500441247 |
44    | 0.0023525369773403741191  | 0.0066044366537471718356  | -0.0040743440100708813376 |
45    | 0.00060512077153623703221 | 0.0026289971320085508966  | -0.012233612030808912324  |
46    | 0.0035380477625007920005  | 0.0016381989738097804243  | -0.0066255198500345547502 |
47    | 0.0033930751473373048539  | 0.003189532069717738224   | -0.0060587836160767008162 |
48    | 0.0049245954897486933499  | 0.0078965854623285793024  | -0.0021479584772449234267 |
49    | 0.0036004714062374183238  | 0.0060490868903800669443  | -0.012297895607740402801  |
50    | 0.0044879138760599334226  | 0.0069779142628167093593  | -0.015310496829566949684  |
51    | 0.00077291495636992507343 | 0.0065850304566844866314  | -0.0096482733376251940405 |
52    | 0.0036239604918357889649  | 0.0053359713045519965857  | -0.0080693268584390836357 |
53    | 0.008885634448586355455   | 0.0081385547949037271437  | -0.013129206158431319315  |
54    | 0.0016284353907833281315  | 0.0057801973485513873444  | -0.0069569202031495042809 |
55    | 0.0053983209635239627275  | 0.0089086585346003742403  | -0.0048700115056020728405 |
56    | 0.0087129813690184319819  | 0.0037898135829573294936  | -0.011603493985438752614  |
57    | 0.002958847475935467812   | 0.0084240210236117499948  | -0.0031897115784445249399 |
58    | 0.0018757196415216199816  | 0.00935319984221733014    | -0.010813182415304692721  |
59    | 0.0053635217212486124838  | 0.007679101872998471065   | -0.016130255846700046474  |
60    | 0.0052669813539655708362  | 0.00011683409999975462475 | -0.01350040410679466743   |
61    | 0.007648435007183291591   | 0.0062207086066649640646  | 0.00058837807718632988835 |
62    | 0.0069626843614055003787  | 0.0071945484007238016261  | -0.012498307811366507133  |
63    | 0.0082953048935484573201  | 0.0099357261394716206437  | -0.00096888455231359670201 |
64    | 0.0071150366128410746924  | 0.0073124679751677187228  | -0.0064650494385860169527 |
65    | 0.0065167715725570644555  | 0.0085304190162875329767  | -0.012518900594614919275  |
66    | 0.0019573449060585842475  | 0.0064786548058481333717  | -0.017041188989001802845  |
67    | 0.0057568299974108732772  | 0.0027902257823224719049  | -0.0089607768203614716201 |
68    | 0.0017571731139027820662  | 0.0075184659789235231894  | -0.0042317606462008838103 |
69    | 0.0013350386265980787419  | 0.005931254686186932315   | -0.0095027149648630477446 |
70    | 0.0088287405944766205595  | 0.0051297547137755927088  | -0.0035275050202092156013 |
71    | 0.0090423799112708379971  | 0.0075111434791758991195  | -0.015528197019284964778  |
72    | 0.0067810362276202931081  | 0.0082598288285329751757  | -0.0055111831586494106766 |
73    | 0.0021812245985830640282  | 0.0035467709812656124727  | -0.014038191498030438281  |
74    | 0.0041334839856509448391  | 0.0066220423494425606839  | -0.00690916559585289837   |
75    | 0.0073138665894456108413  | 0.00052106575611478257379 | -0.016805153038671777344  |
76    | 0.0060323993131684069263  | 0.0015930537303665149706  | -0.0044534505899759555328 |
77    | 0.0044708779383600101912  | 0.0047543138687980738763  | -0.0012241037203850402889 |
78    | 0.0054689932789813893235  | 0.0044486691561796800135  | -0.0062683592657256960445 |
79    | 0.0041884232534682144453  | 0.0067672930120672219675  | -0.011244115719641640389  |
80    | 0.0016922452552995592614  | 0.004083438549615114703   | 0.00064675842185207745721 |
81    | 0.0078829380594713886754  | 0.0014147688348482355229  | -0.0032777493312320070407 |
82    | 0.0069106619331060466574  | 0.0047638424525847438903  | -0.016627881721461002656  |
83    | 0.005154956095776860002   | 0.0069094969350347312798  | -0.0035428102526411631677 |
84    | 0.0096427288537000704211  | 0.0021500403027618309945  | -0.0035189908154913923481 |
85    | 0.0028462340686345576762  | 0.00037872167471635190305 | -0.0091203198321129549248 |
86    | 0.0017584789166729467014  | 0.0048210270399871432354  | -0.0089291916644829213284 |
87    | 0.0036729574575107715867  | 0.0067745070752791309437  | -0.018256636187747650457  |
88    | 0.0060160093015110722992  | 0.00071926923463470741633 | -0.0045502981920439557542 |
89    | 0.0093474126077196951351  | 0.0070672962567486759602  | -0.010612448055300743172  |
90    | 0.0040923402040967220283  | 0.0062221280681332086573  | -0.015812116794663010066  |
91    | 0.0049322457747628190364  | 0.0024584559335641214227  | -0.0080559040879037840943 |
92    | 0.0082680418486915721599  | 0.0073804224867541901034  | -0.0035728171015836258928 |
93    | 0.00092153689490891035722 | 0.00748464461026978993    | -0.0049290007015708719312 |
94    | 0.0052553054755640430523  | 0.0076349182107469529615  | -0.016995342319021701505  |
95    | 0.0045488974070993599616  | 0.0096406970995624573922  | -0.0072881663024072333712 |
96    | 0.0013883187910713658958  | 0.0097830379223271292377  | -0.0025407128767704219817 |
97    | 0.0056258434259876585054  | 0.0049348686544289340275  | -0.0016240487718668099489 |
98    | 0.0099622717860990625538  | 0.0050641503625411246267  | -0.017559686646946372907  |
99    | 0.0044882985921842165344  | 0.0073077202123533867989  | 0.00019830834270093047195 |
100   | 0.0098244941685791970648  | 0.0048492988223488220009  | -0.013140397757267933965  |
101   | 0.0063370150380368849355  | 0.0069201444148473470475  | -0.011036461966196196849  |
102   | 0.0060352459626442696988  | 0.0056007711548745750182  | -0.011439346808393806298  |
103   | 0.00012369070629835446839 | 0.0084280338572971392336  | -0.0054455551101893111612 |
104   | 0.003195121078649801067   | 0.0077315137479686399033  | -0.0062114658255838280793 |
105   | 0.0086395955767887087223  | 0.0066708697349575447541  | -0.0084850770990838840502 |
106   | 0.0041059350979856575753  | 0.0084073304493143628108  | -0.017981378047190556269  |
107   | 0.0081095598731417504329  | 0.0066187911557062236931  | -0.015146832748068122035  |
108   | 0.0066684588881744727082  | 0.0092381626817527214002  | -0.017982653620441255149  |
109   | 0.00059126756954201253966 | 0.0035205871664831553218  | -0.0052918009550204292077 |
110   | 0.0040176472757888475468  | 0.0037388783103157272741  | -0.013433380247148457923  |
111   | 0.0065491385585845236089  | 0.0036914673142903063792  | -0.0095687557262868067065 |
112   | 0.0089143215462011808625  | 0.0083612707297520908606  | -0.00071326529288196979794 |
113   | 0.006971510789456975693   | 0.0044049587356735780963  | -0.00087983600025629883114 |
114   | 0.0085817360242980145202  | 0.0078158401994255759931  | -0.003922282588056064806  |
115   | 0.0016839902227713059689  | 0.002214031947601805602   | -0.0081587888138805533811 |
116   | 0.0033842940164672064354  | 1.1336267277628184178e-05 | -0.014714484955080072218  |
117   | 0.0086890457521909200689  | 0.0035272690965686458522  | -0.0037995107566843365834 |
118   | 0.0053633570606988366022  | 0.0043442079635218856445  | -0.0025828470314675018756 |
119   | 0.0065023377181133538982  | 0.0026497298193557329744  | -0.014127347510400581343  |
120   | 0.002469865080224069049   | 0.0033021013838185667676  | -0.015520104970778684714  |
121   | 0.0048327054589705660537  | 0.0015313250999835234609  | -0.016603918756632807252  |
122   | 0.0096659046263125672493  | 0.0074615291300440212893  | -0.0045691245910311258788 |
123   | 0.0031337399146198364336  | 0.0024908284471257787288  | -0.012649868134688197971  |
124   | 0.0038323469630388040143  | 0.0065060218387150989608  | -0.0082224073490095757333 |
125   | 0.006556835263969528968   | 0.0086641370407863540354  | -0.0038115401984902155634 |
126   | 0.0081853626225737961819  | 0.0068911288365073640819  | -0.0086821439039521646625 |
127   | 0.0023120047676680431648  | 0.0073452230755387867139  | -0.0053964916386201990453 |
128   | 0.0042320604125292565767  | 0.0016640069426333999308  | -0.016799078193345223786  |
129   | 0.0097073831253905260713  | 0.0061150323278107380359  | 7.3771270488960828541e-05 |
130   | 0.0058923459756836348011  | 0.0068769414412442001622  | -0.0011137027684705693483 |
131   | 0.0037178424849392270775  | 0.0053711165695062472805  | -0.018500229808778807794  |
132   | 0.0042142673955451121284  | 0.0031273738131089869573  | -0.0060688838945478461306 |
133   | 0.0034515747407790047657  | 0.0033997398975248649053  | -0.012138185381811803648  |
134   | 0.0075885200221765085338  | 0.0079272455504841438101  | -0.015160376489690648855  |
135   | 0.0037180754022388021011  | 0.006105431646749942369   | -0.01334322929250846522   |
136   | 0.0042297629501908615146  | 0.0062094684454901769716  | -0.014022609911070415406  |
137   | 0.005602663941758771575   | 0.0062453092856170032421  | -0.0063944239804070296396 |
138   | 0.0072923204621660082936  | 0.0048314719949887176623  | 0.00081014225776378299797 |
139   | 0.0062009157940357429589  | 0.00082729500745629407261 | -0.0073272516235929020453 |
140   | 0.0061260578875481112512  | 0.0065698697486584259342  | -0.010605424023546753537  |
141   | 0.00053149326485762667712 | 0.0074098433515392692073  | -0.0161614240769487362    |
142   | 5.0355216863256371611e-05 | 0.0069453034911261197007  | -0.0087738786659124316791 |
143   | 0.0034233087341840905994  | 0.00029836159879567816051 | -0.010951183455198671909  |
144   | 0.0096841891941774893571  | 0.0056274899480970976343  | -0.0090560512630241101623 |
145   | 0.0070005108865381663816  | 0.0094545129890728236283  | -0.0087504866350597218516 |
146   | 0.0052394955104635588389  | 0.0093214860575582172281  | 0.00011219367498513516926 |
147   | 0.0043788539243578544075  | 0.00044300146740962174528 | -0.013004827004478521774  |
148   | 2.821899066505093872e-05  | 0.0081573647690720511166  | -0.0016170719926703834828 |
149   | 0.0016446977339500078435  | 0.0078016877319399763682  | -0.012262714657824164144  |
150   | 0.0041596684424186573109  | 0.0032866586261129917754  | -0.014925567761270828321  |
151   | 0.0040626417569760943024  | 0.0038230388192880878501  | -0.013286177029224638044  |
152   | 0.007404576702373737683   | 0.001304722243098784722   | -0.010396047544923178035  |
153   | 0.0075339837954419121638  | 0.0074284444551860773914  | -0.0056561869015082097759 |
154   | 0.0043017813140115122861  | 0.0082760675363177348129  | -0.0068964175591985418107 |
155   | 0.0044677422582832092973  | 0.0010560129632945060643  | -0.0014652565102089858042 |
156   | 0.00085550682276474188017 | 0.0084588912053076073527  | -0.01110627589817211186   |
157   | 0.0055377316757251205531  | 0.00033068367424344494859 | -0.0010652643883479302137 |
158   | 0.0093810635697879844047  | 0.0036179760535382738187  | -0.010746516948965110713  |
159   | 0.0041983270423857823456  | 0.002811196688019050767   | -0.014886051561021121023  |
160   | 0.0037159442797203884497  | 0.00073419072659808618485 | -0.017326262527470642077  |
161   | 0.0053863895163388138265  | 0.0076660225738930092704  | -0.0052957900607328196874 |
162   | 0.0053446423248984008605  | 0.00026984049504808914257 | -0.0042496736565968444219 |
163   | 0.0050254469691318375338  | 0.00028655988480592804778 | -0.006521102934379092303  |
164   | 0.0040486017939617069059  | 0.00023200423017543192017 | -0.0061734673289537290303 |
165   | 0.0063438851018414706487  | 0.0075440643287769818329  | -0.0071083966617459578424 |
166   | 0.0075029604171077150451  | 0.0076631296904389727825  | -0.016159817230994900222  |
167   | 0.0015554422432995243866  | 0.0098389892415363007505  | -0.0071589029582842670166 |
168   | 0.00073081082598047241838 | 0.005884245976742236324   | -0.0048421871467822846444 |
169   | 0.0039090750128158904125  | 0.00017050638260126933462 | -0.0034293346924202522397 |
170   | 0.0099398073183260115399  | 0.0069410626795206407241  | -0.0053759017744404421005 |
171   | 0.0032192920783274204047  | 0.0077636840927501407639  | -0.015746004248804890829  |
172   | 0.0037233719648741463518  | 0.0040027943200045155644  | -0.0011066741348467307691 |
173   | 0.0042562252413615702523  | 0.00075326961901682758412 | -0.0033223379837063176517 |
174   | 0.0052696025133170997304  | 0.0013821308622811543255  | -0.0068603687426024963572 |
175   | 0.001661362997984304566   | 0.0076997067219161793514  | -0.018356996302248441977  |
176   | 0.0030447603476018584093  | 0.0078791182581079092367  | -0.0099346064561167662238 |
177   | 0.0059960701676057860665  | 0.0062671603786627469099  | -0.0029594072119243030293 |
178   | 0.0024047016373208627248  | 0.0075723882541080794056  | -0.008809667356053582643  |
179   | 0.0083492760379861533787  | 0.0096814771211434936388  | -0.012583138811826056688  |
180   | 0.003922170956822438985   | 0.00059949085090787307406 | -0.0069899145760370677213 |
181   | 0.0068209136262884105181  | 0.0088884512354218160601  | -0.013117945786271506883  |
182   | 0.0083806060282787617904  | 0.0057797359222451979988  | -0.012492473360673607766  |
183   | 0.0048209792023433560224  | 0.004216026421201045718   | -0.012960007774047068579  |
184   | 0.0029998068263004913983  | 0.0051247700879278471411  | -0.004393256318163651572  |
185   | 0.00056581739344006831954 | 0.0028217298257785460545  | -0.016182640584982574405  |
186   | 0.0040470575654312952729  | 0.0060870136811347072894  | -0.011572064688708479097  |
187   | 0.0057476772091571912138  | 0.0066876305426694605469  | -0.0045279702926418778294 |
188   | 0.0056031625755107771283  | 0.0002997454043254093323  | -0.0028985904057777789333 |
189   | 0.00247502205117713708    | 0.000739233933300069662   | -0.010693941195538072056  |
190   | 0.0029068083998297329987  | 0.0052006134273705996104  | -0.00076956144799453728676 |
191   | 0.0024984445155835218952  | 0.00052437570092590249024 | -0.011146837384517500891  |
192   | 0.0025349461002578802839  | 0.00011558561678566495331 | -0.0052782597001105116541 |
193   | 0.0029633724836712633383  | 0.005065025841730970424   | -0.0089384429430094738955 |
194   | 0.0093006611007386916917  | 0.0029364056633520681586  | -0.0060555465967836548044 |
195   | 0.0011454630445050643407  | 0.0027436773999341842155  | -0.0027927298877337626733 |
196   | 0.0063652727962045709681  | 0.0031033187117455464897  | -0.014595742192810068349  |
197   | 0.0046097504272141816978  | 0.0063878517057285727487  | -0.0083741512126584184694 |
198   | 0.0088012496513727046105  | 0.0042903284710835735624  | -0.012551941833803790388  |
199   | 0.008924393027230165254   | 0.0038579210890438671647  | -0.014449223976915673978  |
200   | 0.003307180102410744657   | 0.0052697556580993190622  | -0.0063100865599530018418 |
201   | 0.0028443771262292678534  | 0.004111038874092197079   | -0.015876515346200509998  |
202   | 0.0040796319916709374367  | 0.0074522756802489582492  | -0.0026586377126472521271 |
203   | 0.0048933908055491387445  | 0.0087625789171957256529  | -0.013749281673563377298  |
204   | 0.0021874174467171984826  | 0.003150080853172554287   | -0.013537867797797593916  |
205   | 0.0069051891108790845047  | 0.0019771100920401882099  | -0.018200859692352692326  |
206   | 0.0062962096814381130622  | 0.0048883645608204301033  | -0.0061105224911223625719 |
207   | 0.0067834049201369577692  | 0.0047803071529249540825  | -0.0059127989594796887679 |
208   | 0.0037346866690395820639  | 0.0091564226272756576303  | -0.0098953121432093938542 |
209   | 0.0077540308428891736858  | 0.0078818027482367783443  | -0.0095622605220510997759 |
210   | 0.0029374298775124776939  | 0.004726602304820850739   | -0.0012690279497584904325 |
211   | 0.0031712802952730207232  | 0.00018099340088132401987 | -0.0042317639561895567177 |
212   | 0.0053483762514580463973  | 0.0056973224091498575472  | -0.00083816429863031011692 |
213   | 0.0069451202043042184475  | 0.00068470571117597973064 | 0.00021567187504291162681 |
214   | 0.0046043899158833730134  | 0.0049949405045423495367  | -0.014143945740451352791  |
215   | 0.00010824975588485825906 | 0.0053364804011497577255  | -0.011395900993156070011  |
216   | 0.0095118197945783106162  | 0.0091190194630918763874  | -0.015722433934011612044  |
217   | 0.0082853107422884934158  | 0.0082090615597741473097  | -0.013977891288931416219  |
218   | 0.00092590590978271019272 | 0.0069254326582558548009  | -0.0057234953116313451796 |
219   | 0.0026754520778787889597  | 0.0045817801216219986374  | -0.017321932320897175106  |
220   | 0.0072767244773933063492  | 0.0062799579416826884978  | 0.0008073843129867752438  |
221   | 0.0069351901795874073761  | 0.0095387091435221952468  | -0.0079798333943274443736 |
222   | 0.0052845171730118928669  | 0.0090465328565287640716  | -0.011605506899230627268  |
223   | 0.0031806484082944272429  | 0.0021178321902651140417  | -0.0099824924320700645503 |
224   | 0.0012245117607906520069  | 0.007570652273387140814   | -0.01311028844480870495   |
225   | 0.0089118105582927167885  | 0.00037685434118195717829 | -0.0089368850757971310395 |
226   | 0.0021650976869700879618  | 0.0037779064651398642713  | 0.00079381869484357087292 |
227   | 0.006621517759423726536   | 0.0041935347921162480916  | -0.0018446177486655104469 |
228   | 0.0066193974586393165838  | 0.0030346533580315150289  | -0.0079310337736196133418 |
229   | 0.0044950682530760155062  | 0.0081329976346193721265  | -0.0050937217166397300364 |
230   | 0.0050817514161651143254  | 0.001042863538997976236   | -0.013297150999533510415  |
231   | 6.8445611695590717898e-05 | 0.0061132706398303411285  | -0.011794859265692228187  |
232   | 0.0058407182969570283632  | 0.0078023829202973531485  | -0.00057461722733105852299 |
233   | 0.00039682776522848088293 | 0.0058579029263525284402  | -0.015745180535837000751  |
234   | 0.0050821328433040833042  | 0.0040600617302330938366  | -0.01407087987875883274   |
235   | 0.0015851346079464167117  | 0.0040456569503781476121  | -0.013580435329603934499  |
236   | 0.0036005693637571373374  | 0.0026415230455793183191  | -0.0073211088823218473109 |
237   | 0.0035782531710269621129  | 0.0039861429704138185565  | -0.00065793904610821594969 |
238   | 0.0023547962372581368942  | 0.0058385311389466711118  | -0.0029826375727482778467 |
239   | 0.0098241298977013759297  | 0.0080208532447557830125  | -0.0022052787842912996256 |
240   | 0.0067653311113966604212  | 0.0095399180342525015386  | -0.017568868751570317771  |
241   | 0.0055840938247787609561  | 0.0087740780528311780595  | -0.0016725638026201105225 |
242   | 0.00079249394682005900453 | 0.0048964596931644630354  | -0.0053534552748899380883 |
243   | 0.0026220807434986742428  | 0.0059169206524966868818  | -0.01085024364147737716   |
244   | 0.0070846300480231771957  | 0.0051104357108463236217  | -0.003055806001295160914  |
245   | 0.0050338252998905460081  | 0.0025062968525209907387  | -0.017155949162961387638  |
246   | 0.0099062033005363862859  | 0.00083723029837885765136 | -0.0074873854538976859774 |
247   | 0.0056969692054475570483  | 0.0032114858026462199218  | -0.01120741588756702517   |
248   | 0.0097549223958811447782  | 0.005103369715182034215   | -0.007552173465944267243  |
249   | 0.0066477066765768992943  | 0.0024702279930958340529  | -0.0052182795035472812756 |
250   | 0.0066682745203418200552  | 0.0054512456872777117003  | -0.0012862082526896852046 |
251   | 0.0043790736887620272666  | 0.0049431768941792155608  | -0.016077046113512783593  |
252   | 0.0072163457804519772279  | 0.0057542950268282934759  | -0.018666956747034755409  |
253   | 0.0047906456959008244384  | 0.0087873772838040903332  | -0.014666067445061332919  |
254   | 0.0023044582410067199034  | 0.0013247437657189485051  | -0.0087845364928702332485 |
255   | 0.0017820393013417039959  | 0.0047467035664320233676  | -0.00059215410820452640296 |
256   | 0.0047209651301959570241  | 0.0075819126926467087652  | -0.010718114042143581099  |
257   | 0.0020415304329379985529  | 0.0026917773284496817471  | -0.0079758818160643105144 |
258   | 0.0032919227373313900316  | 0.0067732067858995879603  | -0.0072208636470462916543 |
259   | 0.0064337723491336784934  | 0.0092543959888446922224  | -0.0082684497790575291892 |
260   | 0.0042564445227468265809  | 0.00062367446564993479514 | -0.0043515591436321769681 |
261   | 0.005726458510667730567   | 0.0068469482869235580996  | -0.018510144547114425889  |
262   | 0.0010411723932194035837  | 0.00016661545511323028125 | -0.010760052723387699553  |
263   | 0.0072648446822525239094  | 0.00072962397764806698457 | -0.014886582055973889352  |
264   | 0.0062332105322540553791  | 0.0016963812940416344178  | -0.00010185517890661716144 |
265   | 0.0065849804868899162319  | 0.0064963318973198609305  | -0.0093638089644356714558 |
266   | 0.0039904879988990468384  | 0.0033808371473940694238  | -0.015210021095933610666  |
267   | 0.00081615988466622059992 | 0.0031513352482071981843  | -0.0091890717396773107656 |
268   | 0.0060474474533746954905  | 0.0064510837501440976977  | -0.0018866720307557701547 |
269   | 0.0037902575987968918463  | 0.0024626295482428491555  | -0.0025424782771259432125 |
270   | 0.0094481651445283698632  | 0.0046128919082239665597  | -0.0085196674232788129066 |
271   | 0.0053270173610301570222  | 0.0091284653799685710335  | 0.00012552636997984555176 |
272   | 0.0056394124215270275899  | 0.0080095457837466316892  | -0.0099529868492319664708 |
273   | 0.0036875462803680363923  | 0.0095627098771753106521  | -0.011661030486489360261  |
274   | 0.0061588102328260369012  | 0.0075628801259293790271  | -0.01137549275805419674   |
275   | 0.0089609840783701176503  | 0.0052628996167493691596  | -0.0032949200236352901329 |
276   | 0.00889142063468057256    | 0.0033977293780431505436  | -0.0088200813595112979165 |
277   | 0.0022959281119594690708  | 0.0048590989921393499054  | 0.00070344751446926086919 |
278   | 0.008633070285233917715   | 0.0047118341559795650156  | -0.0069739759154098020927 |
279   | 0.0039947441605224188674  | 0.0042073471147407162304  | -0.0032481421433393398331 |
280   | 0.0090301673016749267608  | 0.0036919932657899648745  | -0.016796304168954639957  |
281   | 0.0043722919822682653618  | 0.0078356891471138712807  | -0.0081126683551273736511 |
282   | 0.003692103221535832612   | 0.0012846254522673405084  | -0.013704507466122752696  |
283   | 0.0082500405004714873203  | 0.0057083032381797446653  | -0.014203933506078422408  |
284   | 0.0027671414147496741463  | 0.0044359600106050741872  | -0.015257795689753066506  |
285   | 0.0095828782943074598821  | 0.0060418791202948175095  | -0.0027580160159015976    |
286   | 0.0013653936241749297428  | 0.0021146966838968216627  | -0.013669074154207802585  |
287   | 0.0019811486103223506679  | 0.0064214831002021421219  | -0.0071648567159076897298 |
288   | 0.0023531036768561276219  | 0.0028017567924133513803  | 0.00056662393017477535179 |
289   | 0.0098988518112423252299  | 0.00016114362651270896609 | -0.015548998365942560615  |
290   | 0.0014897561648732772065  | 0.0065154098405550671738  | -0.0040344545946720258497 |
291   | 2.4469368715329968458e-05 | 0.0011995638257007328921  | -0.0085872074294903351366 |
292   | 0.002858864197859204738   | 0.0045323997671114423999  | 2.3505260790961924851e-05 |
293   | 0.0095069732433391163778  | 0.00028094841740877512723 | -0.013132247682070798817  |
294   | 0.0078025404048234605139  | 0.0073258115059914603179  | -0.0014630013165861212657 |
295   | 0.0025883501553640711132  | 0.0026225265697545261344  | -0.01112853668922133242   |
296   | 0.0071904927557969689975  | 0.0040179341280299580783  | -0.014442008383728006937  |
297   | 0.00087216010519654317903 | 0.0030203544880663610317  | -0.015714625192506090356  |
298   | 0.0022114135091310955367  | 0.0048652371502842187839  | -0.016989061185706918339  |
299   | 0.0016126827590718195542  | 0.007312773779500324374   | -0.011423774302456068258  |
300   | 0.0044166992579229187588  | 0.0072275077410476479267  | -0.013596822841940223864  |
301   | 0.0013963478528936606841  | 0.0073541241559540717829  | -0.018483296547142685079  |
302   | 0.0095933469729104336315  | 0.0020973467855560572019  | -0.017295841457094219412  |
303   | 0.0080058660619962817434  | 0.0051886780112053209127  | -0.014341011061021450776  |
304   | 0.0012847954394769513925  | 0.0058905435253150265421  | -0.0079036659249750555734 |
305   | 0.0063104302209489463241  | 0.0072861190226915194257  | -0.015145846664306517049  |
306   | 0.0044633073120559051128  | 0.0026297710164938288037  | -0.013484690944875161317  |
307   | 0.00010665525460577654005 | 0.0036368804424292892723  | -0.0040020583363575314151 |
308   | 0.0089477996176317731863  | 0.0049872091350538147458  | -0.0026620983926421044885 |
309   | 0.0061195450282612697326  | 0.0030262634583755913462  | -0.0065124364531390279559 |
310   | 0.0096594184164281067517  | 0.0055281181414210296687  | -0.0070031785678438132972 |
311   | 0.0087500076985173799726  | 0.0057263511095654541158  | -0.0076151814075207718488 |
312   | 0.0070612198714615432085  | 0.0038273006005897381582  | -0.015947812954724936707  |
313   | 0.0069284352974257742627  | 0.002770703005428219734   | -0.0027736421118600773986 |
314   | 0.0041741455073830563416  | 0.0068950087348207383248  | 0.00074006595327346779561 |
315   | 0.0098908839279603262551  | 0.0089219170754807446133  | -0.0049402263685153881626 |
316   | 0.0054284818446881924134  | 0.0050097405744289544294  | -0.0032940302702477160073 |
317   | 0.0061228453764750100444  | 0.0018550721076004467094  | -0.018189428153045441444  |
318   | 0.0073967509048683066988  | 0.0052835500438480464264  | -0.0011917343210454476709 |
319   | 0.0024159836356060448125  | 0.002271812831619630154   | -0.0023228194718240315064 |
320   | 0.0068253284799306241856  | 0.0044752827516502452151  | -0.018449705489204656222  |
321   | 0.003584186829982995582   | 0.0029552920622714306219  | -0.0070527146308467496966 |
322   | 0.008771683012005926372   | 0.00026788971365220275861 | -0.0026545276207129613402 |
323   | 0.0050970195238987268602  | 0.0019907619744741022853  | -0.0042805661597485481287 |
324   | 0.0021957333508839742796  | 0.0044676366434316522325  | -0.0089153188966670307569 |
325   | 0.0053839028375265900531  | 0.0018341422762195567532  | -0.012476755656912075915  |
326   | 0.00077937887044632130854 | 0.0049507198485785244152  | -0.0066617919312192599296 |
327   | 0.0039644341328533370256  | 0.0071191880438880965343  | -0.0077636100912362240867 |
328   | 0.0099195463811275769866  | 0.0078776303289256836143  | -0.014840082461793592181  |
329   | 6.5430303951705441005e-05 | 0.0064915277188671979477  | -0.0070581510670865372017 |
330   | 0.0023422378648237283071  | 0.0030341998786411151709  | -0.0022437951775379190791 |
331   | 0.0064560402992808775535  | 0.0025805875524355778236  | -0.0080628847728499743186 |
332   | 0.0058127297714468933315  | 0.0059013156224238579733  | -0.0018205843933447544286 |
333   | 0.00091161656428239204713 | 0.0072874801617799356279  | -0.010780054451231684681  |
334   | 0.00055279262225611314804 | 0.0037596013231000289384  | -0.0081551084014716557213 |
335   | 0.0034349166427370915119  | 0.009583971193220425927   | 0.00028391282370994388312 |
336   | 0.0087535276654373654626  | 0.0047943753745904984023  | -0.0089752992643196694011 |
337   | 0.0024425984939927063676  | 0.0090226405595095898748  | -0.0057729031087947069861 |
338   | 0.0086162178966804284924  | 0.0020402432053084531421  | -0.0085261568540308616676 |
339   | 0.0046067433792443910484  | 0.0062349610984844374209  | -0.015785593879283608271  |
340   | 0.0044445389254878491653  | 0.0058881058722994256485  | -0.003403148366310593774  |
341   | 0.0043015560039890180996  | 0.0087032656001679205293  | -0.014010261332034430748  |
342   | 0.001378495663180900584   | 0.00096944122464610751975 | 0.0004081644706820852439  |
343   | 0.0017917776278327812462  | 0.0036473381438436010618  | -0.0028579268861951743173 |
344   | 0.0060998617996164761559  | 0.0074128496154615983529  | -0.00071396810514305533279 |
345   | 0.00510873227204406994    | 0.00012136531197045733507 | 0.00035617985518324635393 |
346   | 0.0099234688729415848618  | 0.0078050556289525393344  | -0.009994793058177702319  |
347   | 0.007441853668504996161   | 0.0056187464896695028457  | -0.014346122816661050631  |
348   | 0.0082819345651452408452  | 0.0023474674465404320178  | -0.0095050445286213453011 |
349   | 0.0023650753851928857374  | 0.0021772301927526559011  | -0.010317823089815852944  |
350   | 0.0022039587340113514849  | 0.0036068722840047269702  | -0.0062187006481733871077 |
351   | 0.0024275302592503943816  | 0.002672972524057514853   | -0.013846295017535382652  |
352   | 0.0030526170606719597346  | 0.003456448124923449175   | -0.0094932326594852310675 |
353   | 0.0037967409981419361284  | 0.0044550823005070688473  | -0.0037154664019163926962 |
354   | 0.0067112407426297105914  | 0.003680805735035986171   | -0.0063570876431508077653 |
355   | 0.0050498776350387641204  | 0.004238573822047996334   | -0.002088161700872601112  |
356   | 0.00032445660263945660549 | 0.0091314781470117692419  | -0.015805085639520936175  |
357   | 0.0041066642826618820691  | 0.0043353384225052124523  | -0.018567093308024383569  |
358   | 0.0046837159658333097842  | 0.0025728377894774930555  | -0.017841074372165161704  |
359   | 0.0094313790625389620076  | 0.004243551954089251968   | -0.01389947527110768459   |
360   | 0.0065827311413835919857  | 0.00022588480219945969939 | -0.014583342062885744361  |
361   | 0.0036415542037120831979  | 0.0060633353655172523081  | -0.016058001238726471449  |
362   | 0.00071214697635577355484 | 0.0022638526503593330193  | -0.015882268260332545184  |
363   | 0.0071332292788954219931  | 0.0076962039903419581649  | -0.00021987431471979482396 |
364   | 0.0016613029200289813024  | 0.0043510549625018360778  | -0.00968224526620131698   |
365   | 0.00039986888246020311057 | 0.0074327810131607930516  | -0.003925824288475212101  |
366   | 0.0020288005119929782699  | 0.003306965226381714841   | -0.014551304075525099344  |
367   | 0.0070749759684709100788  | 0.0026332523210576440006  | -0.0018787367186480765854 |
368   | 0.0064063630903784581777  | 0.00011903136899419699288 | -0.0069600802892475742423 |
369   | 0.0043211083236686835887  | 0.00069545422625198608565 | -0.016289421697807476841  |
370   | 0.0021670167155159935843  | 0.0043952071292589940665  | -0.0062101282262397947825 |
371   | 0.0028630722073730331678  | 0.0054649158201660712197  | -0.00043784456964124173319 |
372   | 0.0035685032034999302278  | 0.0063271528865980588077  | -0.0097318141516789368611 |
373   | 0.0076142354832810050722  | 0.0010943652135978968864  | -0.012968988239499769713  |
374   | 0.0076485878719969712519  | 0.0098640463439187767158  | -0.016164897727558316665  |
375   | 0.0058098757152405958518  | 0.0017417387519486121541  | -0.017899577879116390644  |
376   | 0.009262400693051913228   | 0.0039217042544887979055  | -0.0014605177146677157836 |
377   | 0.0098957727017285803534  | 0.0053838159925080992727  | -0.0083707315091763757203 |
378   | 0.004832809673512729505   | 0.0092369871374853949192  | -0.0066920260848871261986 |
379   | 0.0084328644059763323976  | 0.0022804889638403449958  | -0.00012089326503002644484 |
380   | 0.0043942365694690328423  | 0.00035697911851340947964 | -0.016066552306695434243  |
381   | 0.0017943543160553992576  | 0.0045355638712190355505  | -0.010100118243791528574  |
382   | 0.0021278268140447987797  | 0.0070669957495923026863  | -0.011981916472374780358  |
383   | 0.00014234247950364048853 | 0.0090532467685110317585  | -0.010921102222290850897  |
384   | 0.0076822632954714129006  | 0.0054765637904708531006  | -0.0044906400131609486293 |
385   | 0.0082304381835569782877  | 0.0019336367237947874216  | -0.015724096159636997971  |
386   | 0.0078345641395423087222  | 0.0082868847350432706111  | -0.01779114654357770442   |
387   | 0.0053144248944461897413  | 0.0038459547264344789291  | -0.010310803625619608531  |
388   | 0.0073920795045819380487  | 0.0053142434264253999437  | -4.9595478617448837254e-06 |
389   | 0.0067835722241556947396  | 0.0063236266615621919071  | -0.006638343358233504167  |
390   | 0.0045377819269451112258  | 0.0012352877277379550273  | -0.015892053484682585468  |
391   | 0.0055317518365736156188  | 0.0044134278121492516445  | -0.015786220968393268466  |
392   | 0.0052812141923960992732  | 0.003839079610536266958   | -0.018515204062662729556  |
393   | 0.0067608190320307742435  | 0.0093329390758928702787  | -0.014744789637614295896  |
394   | 0.00089057804126175252931 | 0.0040518226565704907466  | -0.0181849157412916837    |
395   | 0.0066226252645421373674  | 0.0080929019928671509093  | -0.011797062464828840869  |
396   | 0.0074497939809393736929  | 0.0047561517133277398869  | -0.010717664753807700298  |
397   | 0.0038642289288134865598  | 0.0067742446976512896151  | -0.00039312609777191289719 |
398   | 0.0054155704794768720275  | 0.006893772863667544      | -0.0042189426570437837949 |
399   | 0.0029729682239482469776  | 0.0074831759989935353605  | -0.016520865533104282102  |
400   | 0.00083722665916596817042 | 0.0082355892531522246341  | -0.0045699573600588823744 |
401   | 0.0050725047013873061225  | 0.0048407103819954359555  | -0.016440904974645009773  |
402   | 0.0021001625166040698879  | 0.0016683748985226230874  | -0.00070167890141746124943 |
403   | 0.0046190815136293167376  | 0.010002232486972482961   | -0.0052024459959328691466 |
404   | 0.0061476179193282300475  | 0.00036383403783873588793 | -0.0099800491217286527168 |
405   | 0.0094316312810604017308  | 0.0046457299386261840732  | -0.015475984533937966678  |
406   | 0.009926289281035390738   | 0.006119535172496202817   | -0.0094727758599639257098 |
407   | 0.0096401676576445653744  | 0.0087901970926952139457  | -0.0016863921378364938371 |
408   | 0.0027263566043026019742  | 0.0078096620265962783322  | -0.0052497884862313208554 |
409   | 0.0038437623032112262257  | 0.0017450771750272182394  | -0.012326638748970884449  |
410   | 0.0013820613454234131467  | 0.002889350680101042488   | 7.4193279674696608911e-05 |
411   | 0.0076933430759906339808  | 0.0039487721299454377893  | -0.013403155458317902657  |
412   | 0.003842023960582040959   | 0.0009324640205577178903  | -0.012111236510916530487  |
413   | 0.0025807548117971969466  | 0.0063351878570352057607  | -0.018619321036896056831  |
414   | 0.0027360379591554978389  | 0.0014374040538324694971  | -0.016455137649685005335  |
415   | 0.0027649883797758127019  | 0.0094170025618108606918  | -0.0049118972327282075033 |
416   | 0.0052039712983914226258  | 0.0056575382980813835113  | -0.00050494581348484981944 |
417   | 0.0073703682956996188422  | 0.0022191561754145525814  | -0.0046169961653778172905 |
418   | 0.007408416611449791106   | 0.0080956318342870620119  | -0.0091796848451362461629 |
419   | 0.0099632391971321166563  | 0.0067514145322975522429  | -0.018041892215129886473  |
420   | 0.0064337142440739339064  | 0.0087537628192685176115  | -0.016129106315838696167  |
421   | 0.005793085709872690045   | 0.0093072780328635924818  | -0.00060370665519139904247 |
422   | 0.0024220473315654965016  | 0.00070979122213038448822 | 8.4287934795109105413e-05 |
423   | 0.0051066721331299224848  | 0.0076962789463086165101  | -0.010739057470407938066  |
424   | 0.0003886660441131803076  | 0.0078142626910710083488  | -0.003356633185348386738  |
425   | 0.0064061343521888951952  | 0.0041289409489181022953  | -0.016660883074117411456  |
426   | 0.0043368106846686715547  | 0.0094183664494774665954  | -0.0011652885208446527813 |
427   | 0.0066706783621588560534  | 0.0023248084389972454959  | 0.00041026581849471166702 |
428   | 0.008222280093339685153   | 0.0046971661222612219946  | -0.015197722840101433178  |
429   | 0.0052385628926343869721  | 0.0037850694516085208255  | -0.0025213500625241446092 |
430   | 0.0019008115425896796469  | 0.0089090375263105366782  | -0.0058969944446942978988 |
431   | 0.006927950663264944263   | 0.0071703576458346770031  | -0.0036435322659763443552 |
432   | 0.0014830289002540552809  | 0.005561049249293905164   | -0.014160105839401087788  |
433   | 0.0026545168052208851887  | 0.005833599146624826072   | -0.013397505883563401788  |
434   | 0.0025460782049027013731  | 0.0027174903309893864295  | -0.010171133485403421187  |
435   | 0.009775807676203800492   | 0.001216840877750766884   | -0.0027573876838493326623 |
436   | 0.0010478220895027824753  | 0.0079798003987513726337  | -0.0039864786618967022747 |
437   | 0.0056946734525289630091  | 0.0042310544850548024651  | -0.0019575840436178494099 |
438   | 0.0085145384487924618416  | 0.003552243532170804019   | -0.013074836800936563003  |
439   | 0.00058198524590859354241 | 0.0074738654374910855685  | -0.0065803889958350415476 |
440   | 0.009359040393352884013   | 0.0042601752911536373836  | -0.0012553924922564115539 |
441   | 0.0017916723204601165721  | 0.0011925060837465904697  | -0.0059608862426860547215 |
442   | 0.0015325176548567304245  | 0.0027606607480136686507  | -0.0011346501622423830081 |
443   | 0.0036227099094128744315  | 0.0083328089935189621207  | -0.0064043771448074778008 |
444   | 0.00050453472868862761763 | 0.00045180805958249100826 | -0.012113530642445902857  |
445   | 0.007203609780720017855   | 0.0071025960548789079246  | -0.0053954327766563810534 |
446   | 0.0014271036997587512561  | 0.0084726797793831069849  | -0.010611783411457820572  |
447   | 0.0038653104847374383964  | 0.008499181787359774351   | -0.01721321943305359134   |
448   | 9.3245661534198289854e-05 | 0.0049557434751846983143  | -0.010662970245040689909  |
449   | 0.0062042289645865781461  | 0.0070187709612181412369  | -0.00642536370162965359   |
450   | 0.0066593576720164323821  | 0.0039399968021529519976  | -0.0026553538358963998944 |
451   | 0.00065141087586173573084 | 0.0097331222289538388281  | -0.018539079654893018262  |
452   | 0.0081340134891893806773  | 0.0088257200956974087708  | -0.013820130730888077406  |
453   | 0.0058553017588971563098  | 0.0036860635819685847077  | -0.01436507372364608133   |
454   | 0.0081411050857176595758  | 0.0066368698373730885057  | -0.010757803077980883713  |
455   | 0.0015723769678648222541  | 0.0062062006541396524256  | -0.0031022156797272755144 |
456   | 0.00086446050598634792753 | 0.0042799242180030505622  | 0.00082837543201176155189 |
457   | 0.0023584400203688119478  | 0.005227958964551124299   | -0.0021913929504638607337 |
458   | 0.0027494744826118636821  | 0.0092889742251953226482  | -0.00453517790977879965   |
459   | 0.0055884580110752259466  | 0.0010987141903398760061  | -0.00069092488890582133294 |
460   | 0.0064036881537997674546  | 0.0087996946736631151409  | -0.0055806023084151957711 |
461   | 0.0029966033392677718893  | 0.0044262150772434441168  | -0.0050555895754391304633 |
462   | 0.0037271623379015318515  | 0.0034230315457721934881  | -0.0075091566877786087089 |
463   | 0.0064638661617250573604  | 0.0039395840237210636228  | -0.011877459586148405787  |
464   | 0.0084602821656755387847  | 0.001202296820207512636   | -0.015966733412169559214  |
465   | 0.0092487280139871338308  | 0.00022994558932616589219 | -0.016669727680679119475  |
466   | 4.4953307173430966169e-05 | 0.0062443379227622069008  | -0.0051427903310735734524 |
467   | 0.0070238947284646715413  | 0.0045288481681284940145  | -0.012451777806343771945  |
468   | 0.0030842055326642798911  | 0.0071124442059256479456  | -0.01359905769012292702   |
469   | 0.0054903185253553869055  | 0.0031179948174505350139  | -0.012087556837501513621  |
470   | 0.0046565602811483438814  | 0.00039101264564824199941 | -0.013279509976654769315  |
471   | 0.00087606585039058714002 | 0.0083468944126787111837  | -0.01737578776515013787   |
472   | 0.0054612841240169246113  | 0.0086079436545223059901  | -0.017334804576766765088  |
473   | 0.0068101238946604320673  | 0.0015493528050959100122  | -0.012091485931099149945  |
474   | 0.0010357685461207634739  | 0.0018903127699258657959  | -0.0085091271201122621604 |
475   | 0.004956301440992460193   | 0.0047207913672787918044  | -0.014130250121879914596  |
476   | 0.0081251313185521766708  | 0.0085983659534699299204  | -0.005937193396906885294  |
477   | 0.0080494189065684548789  | 0.0079508022954604927468  | -0.0033819826610680002107 |
478   | -6.5008320288427632756e-07 | 0.008004802302014488169   | -0.01854862287397512563   |
479   | 0.0040640942586949429377  | 0.0025226585114577512563  | -0.011280525243883994177  |
480   | 0.00020959710287951573062 | 0.0044579983610435235455  | -0.007488025282210641724  |
481   | 0.0033474665912606085122  | 0.0079919193963187643709  | -0.015529615505213841334  |
482   | 0.0044472149239453600059  | 0.0048322606791497690892  | -0.017829093775055707832  |
483   | 0.0057831976515522482557  | 0.003789695822176039966   | -0.01661775678746930246   |
484   | 0.0019810902626154576131  | 0.006119510462601754526   | -0.012662643981708833485  |
485   | 0.0012794493134250519654  | 0.0053039832558641796315  | -0.016375313059365886187  |
486   | 0.0010383712925815802297  | 0.0072330342844201611988  | -0.0044039883750164408177 |
487   | 0.0081290256266332780455  | 0.005067730140507914656   | -0.0079524789085676020339 |
488   | 0.008757581631367488198   | 0.006101900421123204396   | -0.0063709482780055929144 |
489   | 0.0042319208989118521982  | 0.0094533801764628416775  | -0.018196451606582491473  |
490   | 0.0047132969018407674944  | 0.0086191705202672674185  | -0.0070869847060701755825 |
491   | 0.0035017588003985271848  | 0.0029154879931109134103  | -0.005891719884707808004  |
492   | 0.0073354979944167926845  | 0.008247918219617766597   | -0.0086303945645545519783 |
493   | 0.0093915180596121430878  | 0.0071147376570630700698  | -0.0072048664023450599211 |
494   | 0.0047347807107678786462  | 0.0046826658605634138496  | -0.018247218407629467452  |
495   | 0.007632539867952961056   | 0.0081007958781740569548  | -0.0023190324375977860831 |
496   | 0.0087924538770343344668  | 0.0056720798849398653199  | -0.011601752450001747569  |
497   | 0.0049639797003071615272  | 0.0050324006850262026705  | -0.00096596389355554142936 |
498   | 0.005219243673373951363   | 0.00022028353977721106525 | -0.018510998289873091538  |
499   | 0.0093840737972100563696  | 0.0051097226017378736401  | -0.0058276848293825770156 |
500   | 0.00049592142120097315854 | 0.0003129747008277223414  | 0.00074402295596859551602 |
501   | 0.0045906261144311412067  | 0.0038777136251064818484  | -0.014850541221539908035  |
502   | 0.0055177799729539539486  | 0.0052877886761701813415  | -0.010444613082865731798  |
503   | 0.0012524770067803895051  | 0.0026733376500644055393  | -0.0063227288343327605474 |
504   | 0.0022238994302041844436  | 0.0033346398846122700735  | -0.013401709565133947816  |
505   | 0.0070462468324096905886  | 0.0076108372680231840129  | -0.017607668513899610296  |
506   | 0.0036434346089245731731  | 0.0022690605487706281586  | -0.0099089358507249286623 |
507   | 0.0089442423119666346343  | 0.0037436975062443878133  | -0.0027526927508800531734 |
508   | 0.0045748278484108034769  | 0.001727103457358416562   | -0.013355940155194907445  |
509   | 0.0013912689531269202461  | 0.0030346663760882001785  | -0.018625522810971743143  |
510   | 0.0076756705038923227213  | 0.0084674887980899019024  | -0.003167592875884823328  |
511   | 0.0023036628902775692709  | 0.0029210311009970043108  | -0.015800932383223068034  |
512   | 0.0074020720491316934972  | 0.0097583566998428079853  | -0.015987317686737039651  |
513   | 0.0056379426676095075605  | 0.0032298447531499204118  | -0.014532517913977915924  |
514   | 0.0069371114017998851756  | 0.0016147181321644963736  | -0.0010759860845556920052 |
515   | 0.0076404956213676749471  | 0.0056397067182992555515  | -0.0071036208985834261437 |
516   | 0.0042660163471244742089  | 0.0010292587806489815645  | -0.0012265208826467408933 |
517   | 0.0075096841692318689471  | 0.0055450613895033076459  | -0.01287939067490552307   |
518   | 0.0032618400941391034221  | 0.0029215354547251688212  | -0.0079143377842438595443 |
519   | 0.0019531889690724653016  | 0.0036542398667805870739  | -0.0150515081206613454    |
520   | 0.0028315197381492541832  | 0.0033426464517397561776  | -0.016378161301073859007  |
521   | 0.0042770636601319189651  | 0.0059122572536878525984  | -0.0050935736814069921402 |
522   | 0.0029142590933737542482  | 0.0034828488058017284881  | -0.0038303620614717403745 |
523   | 0.001511383392820606162   | 0.0083892488529437314604  | -0.0059834282798487551172 |
524   | 0.008774220734497217497   | 0.001266850388574957938   | -0.0082638943959977718273 |
525   | 0.0034116873772622050356  | 0.00058069234183633609576 | -0.018188297511560910791  |
526   | 0.00032221905277075786915 | 0.0055568519150719000027  | -0.0037535912412357094921 |
527   | 0.0092094799369590689408  | 0.0053380536249380576216  | -0.0050385910709582351977 |
528   | 0.008762001596046620211   | 0.002354012493695621655   | -0.0072219890340673139131 |
529   | 0.0067007720628431835866  | 0.0056770543604194138865  | -0.011048170083417371487  |
530   | 0.0034264632565922372928  | 0.0065929285395578858531  | -0.0014594249439234682156 |
531   | 0.0037750083290099406552  | 0.0040034121123777863596  | -0.010259621142122660881  |
532   | 0.0047687451350118545759  | 0.0037139373418294254967  | 0.0002889515566803963517  |
533   | 0.0002830629161595579887  | 0.005727307475574655235   | -0.0044624627913572223123 |
534   | 0.0023043118571194468915  | 0.0040576365581260903648  | -0.0066481449402902735232 |
535   | 0.00040441225493078827467 | 0.0084929811996915290789  | -0.013714216328888039625  |
536   | 0.00017897395040358051073 | 0.00015654856958595457983 | -0.0015581714648572751909 |
537   | 0.0022698557782269402315  | 0.0041967794743762842219  | -0.0060018692473133494411 |
538   | 0.0085699794173347988019  | 0.0016519763442126786379  | -0.01849774311534136198   |
539   | 0.009249522116067197125   | 0.0060446109927206970527  | -0.0021357632831310725645 |
540   | 0.0048300047920990032968  | 0.0060510323700099346092  | -0.011409675903883146481  |
541   | 0.00174046066645154574    | 0.00047897470131739501185 | -0.0080958942972454966264 |
542   | 0.0064702916310238672501  | 0.0027211083289031285509  | -0.0048805291086962861169 |
543   | 0.0078948710984178861738  | 0.0061058930163738313682  | -0.0035318211965836444205 |
544   | 0.0045188314166677507125  | 0.0035657399992053725839  | -0.013889362803124411308  |
545   | 0.0083515733019310697122  | 0.0085587806156046664086  | -0.010083976303663309479  |
546   | 9.8567447608033855887e-05 | 0.008115491531654403512   | -0.015487683183392903646  |
547   | 0.0030866918116005479661  | 0.0035144868662901184581  | -0.0016984269398928031856 |
548   | 0.0040846509092452932058  | 0.0030605627563727549716  | -0.015429563719730893245  |
549   | 0.00077413557564789232338 | 0.0085869508279273545903  | -0.016651498699885827065  |
550   | 0.0034962214555927248819  | 0.004128869387670947716   | -0.0044555233340877404072 |
551   | 0.0062943719815730008252  | 0.0023807156574316887775  | -0.015224993032039968802  |
552   | 0.0048465909508684304474  | 0.0054766019454595927726  | -0.0077675831954238105936 |
553   | 0.0031114181844310827285  | 0.0049610424540430840892  | -0.010298098648751283918  |
554   | 0.0017052076680352532337  | 0.0089136111470175093813  | -0.0096576470640546592528 |
555   | 0.0070064219790810225094  | 0.0035345848482847951749  | -0.0018820592085033041943 |
556   | 0.0032408867521862955684  | 0.0078178160678300523401  | -0.0038543737628395674695 |
557   | 0.0054935531962015506438  | 0.0054144736788292674792  | -0.015532927751409537215  |
558   | 0.0027595487426252712955  | 0.005804618317023156962   | 0.00067354170937999110341 |
559   | 0.0070623629555416839523  | 0.0010806510845677253993  | -0.00039338802881867161948 |
560   | 0.0054993632817962262785  | 0.0036269071851492864882  | -0.013523298611830174634  |
561   | 0.00058645250602437268804 | 0.0061444268995025693586  | 0.00023445546878586573446 |
562   | 0.0044862059505360110667  | 0.0070615548585356456221  | -0.0019886312422179750967 |
563   | 0.0070877616913935332851  | 0.0043642250614641621073  | -0.0099730042890859259275 |
564   | 0.0047396886594511470486  | 0.0072461623719972823726  | -0.014092666672434479846  |
565   | 0.0071857535395031396641  | 0.0049427847133692286857  | -0.018122487178557227655  |
566   | 0.0042167844396065476756  | 0.0089772223859541679103  | -0.01551361369325155587   |
567   | 0.0088443703120296406767  | 0.0009401606112583028689  | -0.002064339106104843332  |
568   | 0.007089912646391521335   | 0.0011449746747520801564  | -0.018660094523550656287  |
569   | 0.0049001715669084880758  | 0.0039232314751104693101  | -0.01237883342748417187   |
570   | 0.0062635157543107881917  | 0.0098093336571715272071  | -0.0018798127469295065461 |
571   | 0.0097786910452340586319  | 0.0065230282565535780206  | -0.017323975487891447866  |
572   | 0.0042112103846908286245  | 0.00026155319936658273953 | -0.002965299070678409539  |
573   | 0.00094521928724732116184 | 0.0069140899135395903277  | -0.0050536205623204349946 |
574   | 0.0066366892533361405634  | 0.0090486979799644633865  | -0.0061782817386457694261 |
575   | 0.0050631402268965439162  | 0.00030220614309684867404 | -0.013631126530636293939  |
576   | 0.0059320245898925316741  | 0.002708584267864975418   | -0.0044926979245855083386 |
577   | 0.0024805606212833183379  | 0.0079886396764182274893  | -0.015909652679101847494  |
578   | 0.0035016081146252422615  | 0.0074113160909234122864  | -0.0067314268149946294983 |
579   | 0.0048674017272078680743  | 0.00043831375657976781894 | -0.011861125750691441441  |
580   | 0.0064221525422545281542  | 0.0024974310563676597151  | -0.010630485314182348822  |
581   | 0.0080544471757232217329  | 0.0070035965014971441125  | -0.0051661749015310173133 |
582   | 0.0041585691354980363829  | 0.0073063090412542946658  | -0.0004343922737344952734 |
583   | 0.009264952870438061816   | 0.0077091720347514753817  | -0.0089057777951676540817 |
584   | 0.0053505284916413910212  | 0.0087244067013949079537  | -0.015027755977060909889  |
585   | 0.0035323736961815868814  | 0.0025416040417697337642  | -0.0076192775805828966834 |
586   | 0.0076515317004550616187  | 0.0088853139660561592655  | -0.010967307322135255027  |
587   | 0.0018168270679362111524  | 0.0033756798638142730684  | -0.013182007364845057737  |
588   | 0.0082218796008037640238  | 0.0041019381486173634929  | -0.013668861200424254482  |
589   | 0.0035168025933286456257  | 0.0070411406908758500042  | -0.0083857038360919504416 |
590   | 0.00033852301724491667403 | 0.0092920505572261381105  | -0.006972111378064272183  |
591   | 0.0030145668539269371809  | 0.003361722287386772947   | -0.004392663829325348622  |
592   | 0.0030936430809898368861  | 0.00072971204145056073938 | -0.015789391729040470197  |
593   | 0.0081374496828279952593  | 0.0081330123661866940421  | -0.013008387456455564046  |
594   | 0.0093495289839157069006  | 0.0072880271976888833657  | -0.0023081426498662185702 |
595   | 0.0024910283755540940653  | 0.0080009236883041828098  | -0.0051570382286829172941 |
596   | 0.009997076490469283816   | 0.0075495393707900940172  | -0.010875805252920547894  |
597   | 0.0028693472732576612468  | 0.0080229814200341517672  | -0.011031024807377644292  |
598   | 0.0043382931284348547757  | 0.0044730641983689979971  | -0.011940397070653897826  |
599   | 0.00014637230880820852443 | 0.0069879755006056632621  | -0.0022847441315714460235 |
600   | 0.0011817439124802518041  | 0.0014780480969293497816  | -0.013167819036287208359  |
601   | 0.0015713710920595026083  | 0.00096672697182501130669 | -0.014378166542643492157  |
602   | 0.0065733276287968022897  | 0.0062916516685550512647  | -0.010586587620169800664  |
603   | 0.0025231673309048770551  | 0.0024706982738468617582  | -0.011282313263125894748  |
604   | 0.0092581965887501595225  | 0.0077494735972592817402  | -0.015939741088508034561  |
605   | 0.0070405514565485384851  | 0.007523046054153257646   | -0.012500779562351044261  |
606   | 0.0089244652959607345677  | 0.0023931113606144691248  | -0.015233267566729385631  |
607   | 0.0017424704292849410147  | 0.00077379624636287431746 | -0.017754917182149155402  |
608   | 0.0040408497018810853735  | 0.0069529514555267497508  | -0.0034391316296800522427 |
609   | 0.00037989116384547054212 | 0.00012857888049486331417 | -0.0083532717613305027676 |
610   | 0.00054134623857604558753 | 0.0020051313994464609915  | -0.018324638215166624833  |
611   | 0.004797769701016613153   | 0.005690445356758572909   | -0.011497335875980790529  |
612   | 0.004756489025763289101   | 0.0085597538957914217489  | -0.00015249427330448845014 |
613   | 0.0065958708631252164697  | 0.0096863837896270493094  | -0.013058819578723504171  |
614   | 0.0046407939768586649668  | 0.0030343693357271547123  | -0.015562350274320449137  |
615   | 0.001166042820523121833   | 0.0089087126511436503379  | -0.0027562262416306595667 |
616   | 0.0092818972575885293902  | 0.0038702223031675201531  | -0.0015697397352932185733 |
617   | 0.0065572012541747276212  | 0.0030853108934489116046  | -0.0024517548985497753834 |
618   | 0.002191004280447355311   | 0.0070174390072982976985  | -0.0060202878232146865567 |
619   | 0.0021027443522821163795  | 0.0086021936300626471866  | -0.0033298321074765190215 |
620   | 0.0077342913337440236457  | 0.0040167797628068626498  | -0.0040032727433018024804 |
621   | 0.004406688581135418184   | 0.0057976998020485004393  | -0.013459187186484578708  |
622   | 0.0020002179812531736477  | 0.008996852758418376339   | -0.013963507640781315164  |
623   | 0.0031163670242754129384  | 0.0027737014639729702312  | -0.0086651888871165129447 |
624   | 0.00013792899323431369535 | 0.0053135088326494083963  | -0.0027941741973769636947 |
625   | 0.006719609260460110596   | 0.0058321226055393074125  | -0.0091699289390213805512 |
626   | 0.0016380681946416744254  | 0.0002888331640565950818  | -0.0031646591401342798362 |
627   | 0.0054705876228871089251  | 0.0095043606625247866598  | -0.012967299452006711413  |
628   | 0.0070407761727319115655  | 0.008249216527940424204   | 0.00018721604447272945874 |
629   | 0.007540526799246667633   | 0.0067591808503581806214  | -0.010788487399722454171  |
630   | 0.0061417475832443828299  | 0.0094444949473406480944  | -0.0082294743610390446581 |
631   | 0.0088846500986557355034  | 0.0051870291589216892952  | -0.0091710400898601263792 |
632   | 0.0052957189643778636301  | 0.0069824353489897003633  | -0.014848400221359268902  |
633   | 0.0049425912003564350869  | 0.0018444914207555380189  | -0.007601647613280175346  |
634   | 0.0036302879992622144774  | 0.0039037729334198733103  | -0.0032860833716315766134 |
635   | 0.0015197468551254918884  | 0.0026555745634447170539  | -0.0034912949299208476117 |
636   | 0.00075943722511132114462 | 0.0071493182572842286365  | -0.0065426013297241059768 |
637   | 0.0062090285842212036491  | 0.0027323933872527355823  | -0.018706292432787111069  |
638   | 0.00011065487932413966719 | 0.0025534372981249535244  | -0.013042559538280592418  |
639   | 0.0071019936445977571368  | 0.0022998940417600652678  | -0.0089587072931372399576 |
640   | 0.0031012270313707738373  | 0.0004918428597122990022  | -0.0049107327935974925265 |
641   | 0.0058742455066977602995  | 0.0079090431303843952704  | -0.0044071511741094531941 |
642   | 0.00091104777478029916934 | 0.0087528519432308986292  | -0.0034121853719271972444 |
643   | 0.0089602475744091168025  | 0.0059907273881082525116  | -0.0009661126018598955624 |
644   | 0.0054120769968889594417  | 0.0093228029664388888109  | -0.014310716851252217388  |
645   | 0.0034692295143531372281  | 0.0093849154059089546359  | 0.00078290868145021712959 |
646   | 0.0023070552594335489924  | 0.0018517576418329479999  | -0.0054736371697568222613 |
647   | 0.004923304770546525766   | 0.0037919730069055214254  | -0.0117984810816503978    |
648   | 0.004082035672519469284   | 0.0062569333901876722157  | -0.013048095254615706129  |
649   | 0.0043281077714923330002  | 0.0061112804363815196457  | -0.0015716084367578748212 |
650   | 0.0033899130564265704882  | 0.0081379849296333763714  | -0.0035583645916589532257 |
651   | 0.0046682216200202427889  | 0.006593063097060544199   | -0.0042384936745384358195 |
652   | 0.0025980295681245287216  | 0.0057620615127240903605  | -0.0081680453866223440285 |
653   | 0.0064733938847522593321  | 0.0047925672755023589547  | -0.00094796555420219590256 |
654   | 0.0056073485913749479895  | 0.0080400209274665741799  | -0.0055275242159085781479 |
655   | 0.0051190991687167456542  | 0.0047590786646927478107  | -0.00020681678200790620456 |
656   | 0.0027866337077136964055  | 0.0028902999198489797913  | -7.7271798531468551587e-06 |
657   | 0.0081772285403811598853  | 0.0091964974538786010277  | -0.0096528071453053747308 |
658   | 0.0056238872202241888681  | 0.0083806380895041481666  | -0.0056533406513173149396 |
659   | 0.0081553473460961971309  | 0.004503813040998532434   | -0.008730369287417757973  |
660   | 0.0064074064554489858561  | 0.0016240071687209439114  | -0.013328659305845851762  |
661   | 0.0010899172115175713958  | 0.0042236040349484076095  | -0.0080401801948465079217 |
662   | 0.0043217882204740331459  | 0.0081335441857013721784  | -0.0011001196867354470343 |
663   | 0.0077367133102483522794  | 0.0019674083368953075752  | -0.012141529196893685247  |
664   | 0.0044399297570778765293  | 0.0026545578784685675174  | -0.0053531786327938356632 |
665   | 0.0022019316313098319556  | 0.0056999129194892240308  | -0.0017593548470547276576 |
666   | 0.0062720477734357141242  | 0.00094756528971713660514 | -0.012138219561198508242  |
667   | 0.0083987704395504757249  | 0.0020743560218893287474  | -0.0076064858480929609455 |
668   | 0.0055287523232978906876  | 0.0016918523842305425477  | -0.0040334395594688642397 |
669   | 0.0091506014326067676434  | 0.002477170249413345772   | -0.012756452581787590048  |
670   | 0.0020416509294514631652  | 0.0059173911280148826924  | -0.0057759384609617353545 |
671   | 0.0021760560167603916829  | 0.0079352250995976241627  | -0.013213644975085371905  |
672   | 0.0098847193367521558188  | 0.0058428579066635271538  | -0.0093472684912526051576 |
673   | 0.0080503075256801951559  | 0.0049216009631024917881  | -0.017610698031053053508  |
674   | 0.0072740345694192066334  | 0.002440314668917239159   | -0.0086368536967506952251 |
675   | 0.0025634437600465039171  | 0.0040283503171558571188  | -0.015444933493713145986  |
676   | 0.0023896885643762753697  | 0.009908432404853496217   | -0.002016969863258715346  |
677   | 0.006254968693718609106   | 0.0027898454752230713964  | -0.011120388386393023628  |
678   | 0.0024055271755678989468  | 0.0029264166882720351118  | -0.0014630382938524337608 |
679   | 0.0039072458791643022852  | 0.0074805527163229442247  | -0.0049929283671432183808 |
680   | 0.0015889296454864928077  | 0.0068484044453623249202  | -0.010497803057271541671  |
681   | 0.0040278140352629507662  | 0.0014026516867589979617  | -0.0045242966161902140043 |
682   | 0.0012845999495147981517  | 0.00086806757898108468253 | -0.0093075767146787516393 |
683   | 0.0044786105532696983411  | 0.0053571378137752439022  | -0.0028476381657106691371 |
684   | 0.00062387512640925217849 | 0.0019838832042431311757  | -0.013693959542803614896  |
685   | 0.0059373134119984462623  | 0.0017031761811272972274  | -0.016116399501545683459  |
686   | 0.0052801336060154429111  | 0.0037920893153487195831  | -0.013889675403059102352  |
687   | 0.0080129689001356644434  | 0.0048761089595180263229  | -0.0069198307794695419412 |
688   | 0.0036279822352353941796  | 0.0071794202251488289934  | -0.005039528478323582715  |
689   | 0.0049443869735504644702  | 0.0066560345829877543347  | -0.0019472638618838029011 |
690   | 0.0062988510150116684     | 0.0067215479890975551869  | -0.0082793972666348521899 |
691   | 0.0077847466939844952444  | 0.0044667693659636706002  | -0.0084404643679241945359 |
692   | 0.0070230048258946584441  | 0.0082358792490021589389  | -0.011032216071118441936  |
693   | 0.0075862332838592047568  | 0.0037669390429489156558  | -0.012592701866288108503  |
694   | 0.0077283526775374210976  | 0.009380999758993494031   | -0.0094965795307030195088 |
695   | 0.0047765379706120568437  | 0.0082410927131684810765  | -0.016128952627833769568  |
696   | 0.0020603274195789157003  | 0.0025791937836038844947  | -0.012327945952166489627  |
697   | 0.0063489187777198826876  | 0.0045121335267827465329  | -0.012540903227390241131  |
698   | 0.0019211419537850265606  | 0.0088089559412976095598  | -0.012037810799227449329  |
699   | 0.007961863783525681415   | 0.0010307174454295810282  | -0.0095352929208248442261 |
700   | 0.0058487315147873900414  | 0.0019140677865039420341  | -0.0046150707843501340838 |
701   | 0.0050299099345950610065  | 0.0061861917092650474739  | -0.014428776135827362306  |
702   | 0.0054098946886663602102  | 0.0068185607752307168458  | -0.012318711507643763381  |
703   | 0.0040875908912645841572  | 0.0055157525222182084146  | -0.014935737860859089887  |
704   | 0.0028221395790364693645  | 0.0089236966952222964572  | -0.0065641406909590100521 |
705   | 0.0025731612890633622469  | 0.0091520179445383018774  | -0.0029851484791670298072 |
706   | 0.00095935761977491453272 | 0.0083069364380054279418  | -0.016219272666979013542  |
707   | 0.0015475098062190323703  | 0.0082210833033624329536  | -0.016587341960141194219  |
708   | 0.007054555006333885353   | 0.004452289382721276445   | -0.0061612694293799296491 |
709   | 0.0046171092533541157818  | 0.0019895573119002958259  | -0.011282713241227275772  |
710   | 0.0057757868718404832553  | 0.0091813396521391466704  | -0.0094583516255828010977 |
711   | 0.00063845664975792837045 | 0.0071037080713600153636  | -0.010996232707533613177  |
712   | 0.0045537734258720864028  | 0.0051428987675368100646  | -0.016258621945407596837  |
713   | 0.00084219222205355410895 | 0.0060299661985904334793  | -0.013676773936804957968  |
714   | 0.0011263757309157391637  | 0.005408649001871905157   | -0.016650475393421165088  |
715   | 0.0046561158371343797785  | 0.0090852328484907450556  | -0.013711464706726367996  |
716   | 0.00014253170692136416008 | 0.0075402618031957463832  | -0.010651468614650745972  |
717   | 0.0028740958164972857034  | 0.0089487089398610740465  | -0.0055230889134914671473 |
718   | 0.0043961001877965734386  | 0.0069309682271326009464  | -0.0093685413647217295752 |
719   | 0.0092736848209253996272  | 0.004203294122271056775   | -0.016006483821840240128  |
720   | 0.0066562267635536815497  | 0.0078495694587447720214  | -0.018384393081593064512  |
721   | 0.0069273770671242256361  | 0.0048870573354328674526  | -0.0099252697642229111008 |
722   | 0.002136497265148013143   | 0.006723650685318275505   | -0.0041481947885453410163 |
723   | 0.0042102329576751799933  | 0.004901938995993824523   | -0.0065833601995923017938 |
724   | 0.0073229123737848589651  | 0.0054275387813559053049  | -0.010236489502354376505  |
725   | 0.0087857990694736216863  | 0.0063475678878325480711  | -0.0073312301385203317017 |
726   | 0.0030609243779682786604  | 0.0071069915913551792372  | -0.0073980934465905706307 |
727   | 0.0033180034374601448562  | 0.0030324577466371033935  | -0.0066120058517888848776 |
728   | 0.0049545435064609821482  | 0.00057808233368006572798 | -0.0020020229243543890413 |
729   | 0.0099305234073452999799  | 0.0063133991231426106125  | -0.010595367450468563125  |
730   | 0.008455338549652479524   | 0.0028350375250366000209  | -0.0022905381689594921796 |
731   | 0.0058275030114491215352  | 0.0018383098751006379974  | -0.008807659650179648636  |
732   | 0.0043254335734686007869  | 0.0098827831281361432081  | -0.01841664410229039775   |
733   | 0.0080371735470683575153  | 0.0084454027886208486026  | -0.0097817813749287840092 |
734   | 0.0050889799112223046279  | 0.004380030182946067184   | -0.010263638429151303311  |
735   | 0.0045935855036789005265  | 0.00030962095583486967535 | -0.0043572597416426470801 |
736   | 0.009346883270467048338   | 0.00028879452721746346616 | -0.00083886988153373360459 |
737   | 0.0061258112759939560912  | 0.0080075912829061131337  | -0.0070692092493709769024 |
738   | 0.002303605514029548329   | 0.0072768685424735180672  | -0.012780935880170042965  |
739   | 0.0071261995458371902787  | 0.00081494804868434259949 | -0.017248542213964299791  |
740   | 0.006616963118253246616   | 0.0033553781124590043548  | -0.014593766597611041586  |
741   | 0.0017614313897787580322  | 0.0068742594919600089401  | -0.0020799329223518138975 |
742   | 0.00082277129213731154799 | 0.004660539940236300277   | -0.0013673228905325802117 |
743   | 0.0035815814982781300421  | 0.004735622909744174186   | -0.016333324656506210265  |
744   | 0.0089276214791584752178  | 0.0049769195773744631314  | -0.010418551861290606397  |
745   | 0.0016868217350183337642  | 0.006446390091080149258   | -0.011682884757135095222  |
746   | 0.0068230065760170590869  | 0.0036334178241983162636  | -0.0027880954256030410741 |
747   | 0.0045808066756778615183  | 0.00059253614105400219825 | -0.0068804421515963392827 |
748   | 0.0086175189890812294718  | 0.0031717682434229542594  | -0.011244278663968782644  |
749   | 0.0099591903767805908115  | 0.0041467687607100837954  | -0.013093601111235969939  |
750   | 0.0080864815572314948516  | 0.0019131287190054593883  | -0.0034272837804374786837 |
751   | 0.0045107960050943763861  | 0.0067555491174620943204  | 0.00087716530960667792299 |
752   | 0.0020350615284929736773  | 0.0086912485313400521941  | -0.0096303495406886326091 |
753   | 0.0073660565444787703959  | 0.0089667149387232959051  | -0.0040784381642794886522 |
754   | 0.0059927104776690493307  | 0.0080334257725738888317  | -0.0049308091080119721694 |
755   | 0.0013685419639676290552  | 0.0081085992932954150531  | -0.0072433276902913361697 |
756   | 0.0084956225642476759091  | 0.0091096418500875835783  | -0.0053755982328721587174 |
757   | 0.0063916488422445663989  | 0.0044017976504813517702  | -0.011787031572428907991  |
758   | 0.0030991677176717830067  | 0.0023433737021218495333  | -0.011887292271536576901  |
759   | 0.0042172829114166445613  | 0.009952862162751388575   | -0.0071401226558623943907 |
760   | 0.0015532100305262325473  | 0.0095994564302301823439  | -0.0085449429534812330195 |
761   | 0.0033783613698952245571  | 0.0088401898878890609185  | -0.013363254778236311957  |
762   | 0.0079121106513875653909  | 0.0037825535035379835753  | -0.0085746848875562740877 |
763   | 0.0081441257258210476844  | 0.0039978637861305408099  | -0.008323984617237137687  |
764   | 0.0065041952149431942615  | 0.0050568794315769827197  | -0.0099943486880763390823 |
765   | 0.0019883756946848071996  | 0.0050119254597235486995  | -0.0066951199703097321117 |
766   | 0.0077232220089130760796  | 0.006852682752100898618   | -0.016789836946624000363  |
767   | 0.0052990762455596565964  | 0.0020771741399849613305  | -0.011278960662991312225  |
768   | 0.0036007207588907913162  | 0.000526163725830045329   | -0.012735163631951797181  |
769   | 0.0014523873703727544632  | 0.0056478631839663191033  | -0.0067321697230950114724 |
770   | 0.0010391903086706952893  | 0.0089124981171991319445  | -0.0027478816950593418743 |
771   | 0.0071793336385609779482  | 0.0062365507319063519243  | -0.0046918758357672894418 |
772   | 0.002939623330663602551   | 0.0094775888540267107935  | -0.016902417926098069201  |
773   | 0.00051188767844815728694 | 0.0018895754619711959982  | -0.0043701550640717163818 |
774   | 0.007626015651622923032   | 0.008902289006537196861   | -0.01197099154479427767   |
775   | 0.0085130550924773472354  | 0.0040852174927129593363  | -0.0094641291469314010182 |
776   | 0.0032488362020729301752  | 0.0056584031720114677869  | -0.012779604301781247525  |
777   | 0.008633019636719484885   | 0.0051930960662844522294  | -0.0027421532242909263215 |
778   | 0.0019588796224576771575  | 0.00011121605554942702425 | -0.0015206499877876953914 |
779   | 0.0049284869461021152057  | 0.004324168805292948406   | -0.0042175796627316550907 |
780   | 0.0077685250745569214836  | 0.0061969526882446690844  | -0.012905779913855565041  |
781   | 0.0020986698595776630098  | 0.0033296120797508140486  | -0.0027879531201147902085 |
782   | 0.0016839929189161025394  | 0.0032315971456033216157  | -0.01502463072987668749   |
783   | 0.0029943489669924053947  | 0.0056081814621883954719  | -0.0027506479457246753827 |
784   | 0.0082619723982764129572  | 0.0037233383214456488262  | -0.012431173279378617685  |
785   | 0.0014405602638924317957  | 0.00061501061538309759712 | -0.010369855992070832473  |
786   | 0.0041068205940701209625  | 0.0064895067435061211739  | -0.0067869864271457511218 |
787   | 0.0026198827302621519909  | 0.0011341381564649076832  | -0.00097146260423497897678 |
788   | 0.00082901316896863961638 | 0.0060945571553158986097  | -0.012690218591651602348  |
789   | 0.0053407495527854646419  | 0.0052553165030201180741  | -0.01473950117507427833   |
790   | 0.0049074145857454154127  | 0.004215831610223850362   | -0.0097608100791874256863 |
791   | 0.0012775444791938385045  | 0.0091098822403718766189  | -0.015101899544282343379  |
792   | 0.0032602448580789965618  | 0.0022672327953731793125  | -0.0045730291071353571658 |
793   | 0.0062004868504778720001  | 0.001580828900975320226   | -0.0018344575657460733108 |
794   | 0.0094094641102139883054  | 0.0061139675155043454735  | -0.018686625961642253785  |
795   | 0.0041680751163729488559  | 0.0070125881359207080032  | -0.010502586967793823766  |
796   | 0.0046587321803920386104  | 0.0067367222931476273759  | -0.0027299384891074098512 |
797   | 0.0019709556202578627955  | 0.0066767014823629717776  | -0.010303596552492017349  |
798   | 0.0029715627123657233424  | 0.00052650496397259089094 | -0.0014341575505507034739 |
799   | 0.0069875316896985360804  | 0.0024051940898095910092  | -0.015423313867157987037  |
800   | 0.007009558771322439881   | 0.0080328286371494188323  | -0.007780076529823693951  |
801   | 1.4458209741080409248e-05 | 0.0020479416445952484428  | -0.002536085295985569376  |
802   | 0.0031053040138104108514  | 0.0095317714447787603438  | -0.0077008618309974451524 |
803   | 0.0079172810640772122576  | 0.0083719657427289394247  | -0.0045281179417849112476 |
804   | 0.00090501006504340158337 | 0.0039771381765561870589  | -0.015189176636535786299  |
805   | 0.0028603652009790785614  | 0.0040552454188031881663  | -0.0085097310939152067538 |
806   | 0.0023979103948636908486  | 0.0038939386581852857873  | -0.0030238736656802807021 |
807   | 0.0019607270860989905667  | 0.0081983172462907882155  | -0.00181318577195288262   |
808   | 8.5105928485120147572e-05 | 0.0021687419994239095881  | -0.015705131464462535051  |
809   | 0.0031019791759485434296  | 0.0041878513811530850355  | -0.011007804055058974246  |
810   | 0.0070242695629526242726  | 0.0035266706693814413136  | -0.0019799537792299010987 |
811   | 0.0075183695424651400888  | 0.0027226882008847758457  | -0.017964438227470302251  |
812   | 0.0083699035829458631741  | 0.0049633718556075893946  | -0.014206059308749473952  |
813   | 0.0062751967623101050434  | 0.0046583243719988606801  | -0.0047107008559326511016 |
814   | 0.0045095422075888949229  | 0.0075037878146276409952  | -0.012709466434794964781  |
815   | 0.0041958117264918638745  | 0.0036082104763879873678  | -0.012233458576556888175  |
816   | 0.0032419929462094154715  | 0.0041111940031805672274  | -0.012269438829523814788  |
817   | 0.0090583657720586102657  | 0.0015138316543298275044  | -0.0030988553729300550785 |
818   | 0.0076732460544412907713  | 0.0053179691973759242798  | -0.0034523911204968581179 |
819   | 0.0033531921200733458624  | 0.0059334901656031661943  | -0.0062877276521052689884 |
820   | 7.9667297313700685419e-05 | 0.001523497832586152758   | -0.0077569919689819116088 |
821   | 0.0066223412271787874053  | 0.0095617540695365470932  | -0.0041151988909166924493 |
822   | 0.0023303998623050111751  | 0.0066410448114562438057  | -0.0067175775021737780049 |
823   | 0.0032944210777308036327  | 0.0026295543909683936033  | -0.017164804355669631419  |
824   | 0.0058925605645975898464  | 0.0016894092110153731499  | -0.010465866429181295422  |
825   | 0.0064529334821195058827  | 0.0056233826910450359846  | -0.012822751746251722163  |
826   | 0.0076828521757299926206  | 0.0069040521340834595451  | -0.012309886664151181018  |
827   | 0.0090349782167930339782  | 0.0073839184466991426847  | -0.0014063269870834059581 |
828   | 0.00013143905094537602354 | 0.0050227928646183117242  | -0.012286671382458248108  |
829   | 0.0012356852747212911103  | 0.0073510643657503016088  | -0.0052962779370295323678 |
830   | 0.0028115155896832576266  | 0.003949406765875987553   | -0.0018787106981247761028 |
831   | 0.0039032127300540593942  | 0.00760110138617543004    | -0.00067652624164290945177 |
832   | 0.0054607419908327039376  | 0.0023114240399782839952  | -0.0064397873249255662559 |
833   | 0.0090561417914065342472  | 0.0048482309536413657758  | -0.004199546161644808831  |
834   | 0.0047378506647947401381  | 0.007916008195280901244   | -0.015437789929073651718  |
835   | 0.007507893799186383596   | 0.0094620595289096245256  | -0.011552315630445467165  |
836   | 0.0098855761319875355697  | 0.0011032359310319550267  | -0.0064092883938092135021 |
837   | 0.0081004132588880801286  | 0.0026852422495936244251  | -0.0053723345946494324363 |
838   | 0.0065919991727437605641  | 0.0013501685459547752097  | -0.014073312812899183011  |
839   | 0.0067350371861149673294  | 0.0027034183175177594477  | -0.001789339437185387318  |
840   | 0.0092263247732915030369  | 0.00051133716479634448542 | -0.0056619980957769962607 |
841   | 0.0064110841694538477087  | 0.0011643808304258162351  | 0.00062392104352638132984 |
842   | 0.0028919843856780808392  | 0.0065699261718914206062  | -0.0018191006040121765735 |
843   | 0.0065825382547186547799  | 0.007352289392962950941   | -0.012069392201915335114  |
844   | 0.0038271125209788843004  | 0.0012356106448039110533  | -0.0088452120019269532547 |
845   | 0.0096482741154116161142  | 0.0025050784235479610189  | -1.5579094852525893124e-05 |
846   | 0.00862690901199194074    | 0.0022884942272229352039  | -0.0046164394630899500266 |
847   | 0.0092555150016009977293  | 0.0074740818743131614069  | -0.0065716653084112348904 |
848   | 0.0043820131146892595322  | 0.0015363915036627981154  | -0.00037597224497480283799 |
849   | 0.0062876413127375364517  | 0.0051399510760627943259  | -3.9157503699662198375e-05 |
850   | 0.0040935706317207299146  | 0.003575593597048893138   | -0.0077527346791277183119 |
851   | 0.0050205354217103329018  | 0.0067524082627446416899  | -0.01537672683660134057   |
852   | 0.0051635054062712064382  | 0.0088341818449334912067  | -0.0098870881345658676032 |
853   | 0.0092820929187507096592  | 0.0031675356687906699484  | -0.01090556346022162823   |
854   | 0.0079678816318526426987  | 0.0093103063485832481677  | -0.0043861315976107175668 |
855   | 0.00015319515636521869196 | 0.0037183404681424081853  | -0.0011710294517674859141 |
856   | 0.0098455641056446746573  | 0.003141019896260740206   | -0.0032104563594186406698 |
857   | 0.00820465449246290425    | 0.0076375476825903398925  | -0.012357314510717537157  |
858   | 0.0054802326227560687472  | 0.0030772553091574731537  | -0.0052176772109579659317 |
859   | 0.0020295375286403733242  | 0.0053609548071354455254  | -0.0097795811446326312566 |
860   | 0.0077359440852842551589  | 0.00075614191774142842147 | -0.0049563990838178122872 |
861   | 0.0011483928815235067838  | 0.002424021797452659624   | -0.010928819752536155993  |
862   | 0.0088351035596147074053  | 0.00068879561523334969283 | -0.016132171063631753349  |
863   | 0.0011601550152265046895  | 0.0073092604612346526172  | -0.0025389515566457214989 |
864   | 0.0038528894110188977029  | 0.0045045090893885584779  | -0.0070412052229689220048 |
865   | 0.0057756283813559222001  | 0.004243311160149790609   | -0.0022119528217418547855 |
866   | 0.0053467676824868956564  | 0.0096652803395574898165  | -0.0065865501630123545265 |
867   | 0.004983525106871021515   | 0.0057836114373345324374  | -0.01413695059591135901   |
868   | 0.0069161012632568755198  | 0.0078436765683805777932  | -0.0063747105836331882309 |
869   | 0.0036913999453509747407  | 0.0049560789414044032625  | -0.013381900049488701723  |
870   | 0.00018376460124869609179 | 0.0037552731564933945763  | 0.00038874048508510478323 |
871   | 0.0081370628530351013508  | 0.0017733500779878008224  | -0.016623857997041437823  |
872   | 0.0039729841347448226554  | 0.0022578077961490296451  | -0.01705511435962512104   |
873   | 0.0077364808686268436363  | 0.0034466277650528789715  | -0.016034622156486360439  |
874   | 0.0058272789525713438244  | 0.0014158544122981515934  | -0.00082394427510562389359 |
875   | 0.0064548530535633256294  | 0.0064327228386829807955  | -0.010196580752117517799  |
876   | 0.0045072886586751204421  | 0.0015941120973392371076  | -0.0044179138245425651765 |
877   | 0.0011323680024707032457  | 0.0052977836505295238315  | -0.0066678747539422739132 |
878   | 0.00041443571119292898271 | 0.0034341257158599881524  | -0.01843326136226497089   |
879   | 0.0055992321373344242086  | 0.0080404933462987996512  | -0.0063778442383637693955 |
880   | 0.00615714427329457515    | 0.0055610384592115870775  | -0.0052230017369350543316 |
881   | 0.0043100885140422142902  | 0.0044943979096201827975  | -0.0094865153067173295376 |
882   | 0.0054742031231606426769  | 0.0059449426164274628281  | -0.010802117917109155948  |
883   | 0.0074761056250416957347  | 0.0054519289700555775141  | -0.0046078337801858069989 |
884   | 0.0081535386353845194091  | 0.0093294791127633801275  | -0.015443405417944719091  |
885   | 0.0095410419976353060684  | 0.0014643104776766707048  | -0.0088407760676431999119 |
886   | 0.0044355856612310470485  | 0.0051023976673699273851  | -0.004888408545857478478  |
887   | 0.0024803004148345451398  | 0.0016610931080105579508  | -0.016441871181190888945  |
888   | 0.0078280812979887176573  | 0.0030763765896497504912  | -0.010952498637024179681  |
889   | 0.0036788509063585645917  | 0.0096501649620081876579  | -0.014158890896549517283  |
890   | 0.0054485244523035727959  | 0.007071990815811705737   | -0.017808850545681296357  |
891   | 0.0039200761276759312282  | 0.0063729616867668429508  | -0.0023831578025915660206 |
892   | 0.0057575830281882209999  | 0.0090877913642379189174  | -0.0070755059668425124633 |
893   | 0.006235743556364407858   | 0.0048675177976363198651  | -0.0067234544910482535104 |
894   | 0.0066090438770910050689  | 0.0048315973405854513098  | -0.00062372026725888128369 |
895   | 0.0045455073604608311685  | 0.007563581583725355155   | -0.0078987980304135660403 |
896   | 0.0021809664033327460023  | 0.0014911142164634315788  | -0.016363840929661158108  |
897   | 0.0090605234032295409174  | 0.00035109047858599166589 | -0.01184354739533374605   |
898   | 0.0023500782160522323307  | 0.0042444001195686906214  | -0.017784117918142362813  |
899   | 0.0019135796633856375429  | 0.0040431032713107700055  | -0.011421574260701561343  |
900   | 0.005169188634697135902   | 0.0084148235953071994636  | -0.013909849750848204963  |
901   | 0.0051047113288152645705  | 0.0071876273141953982496  | -0.01416488987281796369   |
902   | 0.0052414354971712208767  | 0.0010279980246432804912  | -0.0061952012907093255423 |
903   | 0.0061817717204274398937  | 0.0070047110919877805107  | -0.0055850682485090461307 |
904   | 0.0037871712207573128041  | 0.0093435513579558874403  | -0.016225290709959594437  |
905   | 0.0072731902202739610874  | 0.0065842419981219802577  | -0.01084473309332144482   |
906   | 0.007953911844531445785   | 0.0039578156310550701227  | -0.016137410955591405953  |
907   | 0.0036939817712954366342  | 0.0085943867966041323503  | -0.00041045723183184411754 |
908   | 0.0032189711667758294164  | 0.0047950225892750709261  | 0.00087353909572127183721 |
909   | 0.0065491708360015969334  | 0.0030336575866019921746  | -0.00016234960009440916901 |
910   | 0.0031832969582565370098  | 0.0068010318041329727995  | -0.0060186396241412951774 |
911   | 0.0097132035979037040924  | 0.0084124663153907538321  | -0.0021686066817363978086 |
912   | 0.0088481452690812416317  | 0.0044054551386674151853  | -0.00089495763775809149872 |
913   | 0.0060123919138180990582  | 0.0050263419221959143926  | 0.00027624299671333892719 |
914   | 0.0027582963394567985328  | 0.004134804518643409206   | -0.0086032507071830410794 |
915   | 0.0043298445804438815548  | 0.003395706810451146803   | -0.014787295596347883181  |
916   | 0.00047671978978416755003 | 0.0035363040106076437663  | -0.018103204820422796884  |
917   | 0.0029621216021028973393  | 0.00050903098049352366299 | -0.015241063093301324138  |
918   | 0.002733978602695855218   | 0.0033455011574287265956  | -0.0018398145186399941786 |
919   | 0.0020483726925508418878  | 0.0071717086217943266935  | -0.018337514306692444949  |
920   | 0.0085336294823004834459  | 0.0092549565252181189429  | -0.0060562921295380552078 |
921   | 0.0033304840891498501375  | 0.0037471453433726240739  | -0.001934046273699582992  |
922   | 0.005811584530348094281   | 0.0029546726318339117806  | -0.0061384403991315865043 |
923   | 0.0056552076359734941222  | 0.0077474688028932531605  | -0.0056486917954583311038 |
924   | 0.0007879471332415884403  | 0.0075602267507166448501  | -0.0066441307918344147052 |
925   | 0.0038355455459898545566  | 0.0038767219393476518192  | -0.016718925223873280089  |
926   | 0.0064660872373281394823  | 0.0011734463812034350016  | -0.018577334765975370839  |
927   | 0.0014240441197095586329  | 0.0067312640936798310773  | -0.0063032917940625899159 |
928   | 0.0041309275024170484525  | 0.0092046775377764566972  | -0.0076119442912445309246 |
929   | 0.0074191351416631077728  | 0.0066689995194616040475  | 0.000842038027920987385   |
930   | 0.0062724605577108120957  | 0.0041431717846064633134  | -0.0042507591177168039739 |
931   | 0.0048756916491499158184  | 0.0018154913491060821733  | -0.015817278781566874307  |
932   | 0.0085469460180362978596  | 0.0053635565900418931753  | -0.0034188972034024673469 |
933   | 0.00056798222135000676208 | 0.0042099042317787120984  | -0.0038646445447860942532 |
934   | 0.0032961916180663328874  | 0.0073326864345988366709  | -0.01145627241895273013   |
935   | 0.0025380288152149132683  | 0.0072177063271020476531  | -0.014677087768176892008  |
936   | 0.0029289087272933692248  | 0.0024889339766109601013  | -0.016261908183033385589  |
937   | 0.0030933840468778633741  | 0.0062350041540889852149  | -0.016044600828715897128  |
938   | 0.0061988282112681748065  | 0.0026466496392594639903  | -0.013301404103059369377  |
939   | 0.0053154815940728208229  | 0.0036864011006412142867  | -0.0022269183147364491823 |
940   | 8.6079831288688832161e-05 | 0.00024296022946255151726 | -0.01647704257777114073   |
941   | 0.00071200011080440792598 | 0.0038523788725242633958  | -3.6596481088442127686e-05 |
942   | 0.001798802072638640932   | 0.0033576120242075476949  | -0.0084627398439150684079 |
943   | 0.0061453107201851764341  | 0.0082939339504599206981  | -0.0011356354558997466299 |
944   | 0.0092430474261955813259  | 0.007278650805555060381   | -0.014930002794726818585  |
945   | 0.00091792501485762141751 | 0.007093974164682572553   | -0.0055142486536847315839 |
946   | 0.0074505300732419189533  | 0.0046742269318019794011  | -0.017903452839418455139  |
947   | 0.0083734837120861445314  | 0.0074931279301691487704  | -0.0027255864592828893921 |
948   | 0.0080659161439981617164  | 0.0066632887217417972534  | -0.015185867000888888384  |
949   | 0.0061314099288335196375  | 0.000620949285449746936   | -0.014504393541024316466  |
950   | 0.0056531463386493537374  | 0.0085856944467163770485  | -0.011128975888314823761  |
951   | 0.0038903578784453096522  | 0.0057723764951940021925  | -0.0033006881367208234374 |
952   | 0.00023066019464812109806 | 0.0067603034246733655424  | -0.014558878508580357439  |
953   | 0.0078110635624259417906  | 0.0064559474323891757538  | -0.01824357088659478085   |
954   | 0.0027056725378521453117  | 0.0016021973279168571624  | -0.0071622032506878539546 |
955   | 0.0035036545689809922392  | 0.00034904999260294323777 | -0.0061797797359531021072 |
956   | 0.006253888656120253596   | 0.0031419845904664526516  | -0.0093699490933855950764 |
957   | 0.0070427213562497797267  | 0.0054118378136407798221  | -0.011955512423085035492  |
958   | 0.0063988606155214473176  | 0.0087883901941051834061  | -0.0090294763178735814452 |
959   | 0.002034343798984165376   | 0.0097220536468881936509  | -0.0090274765098725586604 |
960   | 0.0035541490234635019115  | 0.0047821141913910849078  | -0.0049634224963990038193 |
961   | 0.0032769073624713098217  | 0.0074202937968436792626  | -0.01464114126856771482   |
962   | 0.0071515720171699097285  | 0.0042477414272124435629  | -0.0086643133288780375262 |
963   | 0.0061503962174801352775  | 4.5040229562889919719e-05 | -0.013733015039299653268  |
964   | 0.0040739733001789527056  | 0.0066470067922140725625  | -0.0078308373543511076986 |
965   | 0.00038804686574788507499 | 0.0090220457817540584272  | -0.016789899756020586902  |
966   | 0.0074553543782540990237  | 0.0099996335145013347245  | -0.0063557869410097861396 |
967   | 0.0030699407263634699745  | 0.005508501299476017618   | -0.013140482477076614529  |
968   | 0.0047243919107846574224  | 0.001707167065785935179   | -0.0011340776466250250543 |
969   | 0.0063549194481819400171  | 0.0016926531031697415394  | -0.017677501443964065142  |
970   | 0.0031458328687347120872  | 0.0032055785719450119106  | -0.0074018305802851158334 |
971   | 0.0088161146526323317524  | 0.007117743580652240859   | -0.013032693892553886411  |
972   | 0.0071838144929631244859  | 0.0072166510750109038805  | -0.011331361391080296483  |
973   | 0.0055330006475898391161  | 8.3666800629592782902e-05 | -0.0083768339674035827841 |
974   | 0.0069486407533275200074  | 0.002558882840739265703   | -0.016440587300411257932  |
975   | 0.0012110857652351235143  | 0.0034476951909065620128  | -0.0075124918630744665429 |
976   | 0.0021464285819702022019  | 0.0074185803138400677886  | 2.6785954255635364957e-05 |
977   | 0.0065855741392461678366  | 0.0084857946640972195529  | -0.0045154215886854618539 |
978   | 0.0063909807020657545887  | 0.0049389213861647752665  | -0.0096455298303334581489 |
979   | 0.0083733727037093915596  | 0.0014118567471757424627  | -0.018233820944582600915  |
980   | 0.0042576235684647278576  | 0.0063956661236702723114  | -0.013801801220946803214  |
981   | 0.0094871027472105337597  | 0.0016704916719714143526  | -0.015156953949597054554  |
982   | 0.00046058015135078784422 | 0.0068285047895839902019  | -0.0047013542626294846025 |
983   | 0.0046932768597603381419  | 0.0070769064682479673051  | -0.013173332545649197103  |
984   | 0.004193704802602313958   | 0.0059043095115602879999  | -0.014110815436936794548  |
985   | 0.0097229559104066373698  | 0.0015127498233848326193  | -0.014409178243616673626  |
986   | 0.001234509535596958231   | 0.0057333053460333974205  | -0.018489964610310528903  |
987   | 0.0066657456410422434231  | 0.0059902398098630113554  | -0.013509798996104226826  |
988   | 0.0038593172383605063754  | 0.0091584221503470449738  | -0.0025382164092409972497 |
989   | 0.0017925521345928902093  | 0.0025788161434949492638  | -0.0157732060708412683    |
990   | 0.005110033273107773312   | 0.004245775051807058019   | -0.010605896994127573738  |
991   | 0.00080861385016374671183 | 0.00997631188022507151    | -0.016976892221226693586  |
992   | 0.0022064444531398209187  | 0.0098427278330680875035  | -2.3637486468331777607e-05 |
993   | 0.0016200879502989836908  | 0.0012848506744852650902  | -0.0010168292046875777781 |
994   | 0.0087238590731503733861  | 0.004668649762557597338   | -0.0063203296570207498362 |
995   | 0.00039038688026191300205 | 0.00095471193118911996771 | -0.011435847207995307462  |
996   | 0.0078013443142383844323  | 0.0099597473543668671447  | -0.011918209553361217012  |
997   | 0.0056945446826996218292  | 0.0091441755275634643146  | -0.00090328793357751500405 |
998   | 0.0084248985401614226443  | 0.0036033049912936971834  | -0.0087610714035770941022 |
999   | 0.0034556606854889474444  | 0.0024989232896656067215  | -0.0030381703897485413599 |
