N			X			Y			Z
0     | 0.0057477695264659895216  | 0.0097616079312047160377  | -0.0071173566815135201266 |
1     | 0.0047972076904313357484  | 0.0090593197698692722042  | -0.0047473249353184041391 |
2     | 0.0030421414057876868149  | 0.0067339046690260877595  | -0.013144404307586494626  |
3     | 0.0036955551111849701922  | 0.00099140260761293040777 | -0.015727330304756842461  |
4     | 0.0047433634961589251494  | 0.0014737463789582269484  | 0.00091346666143240964203 |
5     | 0.0065989464238078582303  | 0.0010437903949102771747  | -0.0060600925276406156575 |
6     | 0.003225454942634666932   | 0.0079578471516864226348  | -0.019472926807452911602  |
7     | 0.0059557533425483259043  | 0.0015908596829745625615  | -0.022236919228153895906  |
8     | 0.00085668007577534180212 | 0.0071692566676524504057  | -0.0066972256825286362661 |
9     | 0.0035678235633619876169  | 0.00072016066691459165641 | -0.014487713130859346949  |
10    | 0.0077852883431685981561  | 0.0030221405776746190601  | -0.0034371947406265550631 |
11    | 0.0044732564102171294695  | 0.0082156468425963902896  | -0.01323495013001183343   |
12    | 0.0030913821172362603538  | 0.0036869532829382854061  | -0.022769516353852818635  |
13    | 0.0086344952524074619626  | 0.0069930907728291509182  | -0.013019965354062157728  |
14    | 0.0058518962333721450536  | 0.0094072775361051207133  | -0.0050181704488431204056 |
15    | 0.0039930692036567374398  | 0.0064687029128230461028  | -0.011591284941589410917  |
16    | 0.0032600158314488210387  | 0.0084073411297312453105  | -0.0053214253859142973332 |
17    | 0.0014766019616030640147  | 0.0088938919455475561743  | -0.016073700627486618014  |
18    | 0.00460802366917922087    | 0.0097804499159546334081  | -0.017039840956773837782  |
19    | 0.0065192157641764036588  | 0.00078067973726678912064 | -0.014787758255608209751  |
20    | 0.0041836502941690239046  | 0.0032141936105608971512  | -0.017361842748595621849  |
21    | 0.0084409105688960858749  | 0.0047970945276421487341  | -0.01054723349295296278   |
22    | 0.0062317575643979113142  | 0.0018352778382529097521  | -0.0076782127570372508268 |
23    | 0.0059845754334797111179  | 0.0065638557678992272282  | -0.016896398706216241709  |
24    | 0.0079347114786832290134  | 0.00076947796138052387393 | -0.0017969758101420789907 |
25    | 0.0076231970222557093875  | 0.001817380307097916925   | -0.002874648792536738974  |
26    | 0.0029264818921272096539  | 0.0091647179993344773247  | -0.0096291557887698189105 |
27    | 0.002932493918149189048   | 0.0046534382412162875881  | -0.01626130447423690395   |
28    | 0.0052767384279530666485  | 0.0073109799413040472971  | -0.020671941389349857143  |
29    | 0.0044168620860893809815  | 0.0032601483615873868074  | -0.017821775597858160317  |
30    | 0.0054003276659619313393  | 0.0019592422688279767344  | -0.017229495989179346993  |
31    | 0.0040727163512003540513  | 0.002428834538526593919   | -0.016724980098333140643  |
32    | 0.0027878833667789688563  | 0.0054671170561257512524  | -0.011290283621929717711  |
33    | 0.0019556326406782401778  | 0.0091437489794734972542  | -0.0041622792231513165012 |
34    | 0.0036181954437025029558  | 0.0081253144856446440913  | -0.0031297574969974726287 |
35    | 0.00094233469940271767391 | 0.0055671029317020106694  | -0.018742271384073711654  |
36    | 0.0093445252013915139355  | 0.0097008592954646050838  | -0.016251003655277776461  |
37    | 0.00016784563041510785542 | 0.0054779591162607745719  | -0.01988161605979502089   |
38    | 0.0060549313783617390167  | 0.0067893249726751212295  | -0.016287261649448204343  |
39    | 0.00075342880216687599815 | 0.0031946455802367118397  | -0.019976741834997677888  |
40    | 0.0060339901071095021837  | 0.0032607132397616152286  | -0.019171129607314180143  |
41    | 0.007720705591212021629   | 0.0044100054206726016157  | -0.013367411365303854057  |
42    | 0.0066865886897255078641  | 0.00931440675879352184    | -0.0046998576600843300702 |
43    | 0.00054039910156635873138 | 0.0029994983495552052753  | -0.0059210959433638587351 |
44    | 0.0023623524787930831603  | 0.0065956308655225935958  | -0.0053128687329200138464 |
45    | 0.00060053323963040784739 | 0.0026471156573328593828  | -0.015463616862985137684  |
46    | 0.0035374331333346471264  | 0.0016497355648142488036  | -0.0084867249319414434644 |
47    | 0.0033919387682739133953  | 0.0031762453367969213647  | -0.0077816620815897149729 |
48    | 0.0049117294885545692909  | 0.007901320470553648001   | -0.0029162990534444934235 |
49    | 0.0036173473508589598646  | 0.0060506670955366307144  | -0.015543590507212379226  |
50    | 0.0044972077833428146867  | 0.0069856528980701331974  | -0.019291494870942837991  |
51    | 0.0007678769232836493144  | 0.0065756604642030576022  | -0.012247259484016660008  |
52    | 0.0036202998721649643811  | 0.0053332253946740525857  | -0.010282930333371477147  |
53    | 0.0088823159163755622397  | 0.0081204933417370339654  | -0.016577803870048219564  |
54    | 0.0016363216796641503071  | 0.0057719467425262601171  | -0.008899012101030197644  |
55    | 0.0054065863880262323565  | 0.0089034485403919356311  | -0.0063027394323218379618 |
56    | 0.0087096387190569012765  | 0.0037900691048322913621  | -0.014679702233020551841  |
57    | 0.0029534368132731643464  | 0.0084404629716594258004  | -0.0042123189068315877379 |
58    | 0.0018920950766212886289  | 0.0093598052778196081519  | -0.013696494710918072704  |
59    | 0.0053613406268721236839  | 0.0076761973803744429357  | -0.020311337250211385086  |
60    | 0.0052525602072833440029  | 0.00011260988102443003829 | -0.017039602265621432015  |
61    | 0.0076455430758061689381  | 0.0062126433173064913099  | 0.00048791111498297273959 |
62    | 0.0069690459540226032051  | 0.0071925356124331735197  | -0.015792918485708368898  |
63    | 0.0082982015405509215733  | 0.0099295270472065585987  | -0.0014494416823832908126 |
64    | 0.0071234123363052796046  | 0.0073057585448649811286  | -0.0082870875716974014974 |
65    | 0.006507903204699330181   | 0.0085316222370758320465  | -0.015818537469594693562  |
66    | 0.0019617677586070631293  | 0.0064568711400782140969  | -0.021444607154521420911  |
67    | 0.0057557030080215895035  | 0.0027901703627390079046  | -0.011391961684156537774  |
68    | 0.0017704731267792124007  | 0.0075161441305454422881  | -0.005508706965021639354  |
69    | 0.0013513011252675678677  | 0.0059290696940693587633  | -0.012066173830713443696  |
70    | 0.008844143426118548923   | 0.0051255528225634802361  | -0.0046325595630749109854 |
71    | 0.0090567952219260828423  | 0.0075086384070538218435  | -0.019562330414975275666  |
72    | 0.006801726656259284888   | 0.0082656251407009842525  | -0.0071004055883644393715 |
73    | 0.0021769104433487368455  | 0.0035395470985771023027  | -0.017708650560405197333  |
74    | 0.0041397207331578143516  | 0.0066022072766285400808  | -0.0088396017483532846049 |
75    | 0.007298101139464383165   | 0.00052341237172692854467 | -0.021150960533769691541  |
76    | 0.0060238235323442938449  | 0.0015863594729692762336  | -0.0057845060657685668307 |
77    | 0.0044718049027619288099  | 0.0047440169690876905079  | -0.001766953680581743449  |
78    | 0.0054719059681643698531  | 0.0044587595400232028775  | -0.0080423900817398925878 |
79    | 0.0041842915211579489662  | 0.0067765846252853065984  | -0.014232608419044393694  |
80    | 0.0016880948670618578684  | 0.0040919083610398967674  | 0.000560540690692750386   |
81    | 0.0078845484411307065198  | 0.0014213715075748962254  | -0.0043218445471361376445 |
82    | 0.0069078351082152468499  | 0.0047733706391812858946  | -0.020930421572771657629  |
83    | 0.0051648004094267336087  | 0.00691258189446597969    | -0.0046516004327591103235 |
84    | 0.0096252863283247409171  | 0.002147417904507509679   | -0.0046219672467460413967 |
85    | 0.002850666211311401934   | 0.00036457494338269861569 | -0.011590445288826625378  |
86    | 0.0017496883759675083223  | 0.0048225242285604005485  | -0.011352667355162137861  |
87    | 0.0036686739085716041364  | 0.0067809696639193374479  | -0.022956715636386133828  |
88    | 0.0060119075314763398624  | 0.00072519010927259510996 | -0.005904991826626304792  |
89    | 0.0093357241283657591002  | 0.0070637633437210219436  | -0.013446765945511595514  |
90    | 0.0040958222222809217983  | 0.006212147856731079637   | -0.019915548145064680685  |
91    | 0.0049474334600935069087  | 0.0024579524462249786355  | -0.010266231388974464411  |
92    | 0.0082618504424643371409  | 0.0073733692780124397356  | -0.0046889312282432623127 |
93    | 0.00091256282287281319156 | 0.0074776207694109714935  | -0.0063761264651977216794 |
94    | 0.0052665523039445143877  | 0.0076405044867732816241  | -0.021387570420551317574  |
95    | 0.0045478545629418177729  | 0.009657348367001954495   | -0.00931110736671787384   |
96    | 0.0013776095236718332356  | 0.0097953476952702470126  | -0.003404915308778370172  |
97    | 0.0056354027218458039097  | 0.0049317746442173815771  | -0.0022645156521973156157 |
98    | 0.009957990898172302055   | 0.0050769410715002672579  | -0.022089657558286925759  |
99    | 0.0044897073923693062159  | 0.0072949519760794482096  | 2.634786534676710104e-06  |
100   | 0.0098295377010428133802  | 0.0048395082787291215584  | -0.016591727067730054762  |
101   | 0.0063438672546935852281  | 0.0069260419570889670757  | -0.013974271403494366306  |
102   | 0.0060240477067281337359  | 0.0056148534237335937305  | -0.014475490697644678717  |
103   | 0.00012990312620780265144 | 0.0084158377466660577726  | -0.0070187593195144811278 |
104   | 0.0031873656402066764641  | 0.0077460700341363446578  | -0.0079716103280458635444 |
105   | 0.0086173623147005884437  | 0.0066700572311389145011  | -0.010800155158746046341  |
106   | 0.0040991803599550510201  | 0.0084130581263439589007  | -0.022614273637033367736  |
107   | 0.0081090994269798002958  | 0.0066036997084718005238  | -0.019087884342963507694  |
108   | 0.0066821925853170396209  | 0.0092434866311800166494  | -0.022615860546612312487  |
109   | 0.00060279740496905164209 | 0.0035213022615381509711  | -0.0068274774914605712225 |
110   | 0.0040279903760204339297  | 0.0037394903944188051699  | -0.01695621950176811471   |
111   | 0.0065497793076262269402  | 0.0037000204639450989634  | -0.012148333545791673016  |
112   | 0.0089003362402519485552  | 0.0083560785599020945963  | -0.0011314319401959256877 |
113   | 0.0069622895182866652991  | 0.0044018598348674990717  | -0.0013386585311239900063 |
114   | 0.0085644087573902433208  | 0.0078181106512389738489  | -0.0051236927931622121279 |
115   | 0.001678869611669180301   | 0.0022253020710158743535  | -0.010394227789860856215  |
116   | 0.0033802372118090836389  | 4.5718091305392210497e-06 | -0.018550010903844421639  |
117   | 0.0086973377118542589959  | 0.0035260605352723782026  | -0.0049709553252994947981 |
118   | 0.0053547361888507489722  | 0.0043425515296295971734  | -0.0034573333922408720949 |
119   | 0.0064885384903876752033  | 0.0026541680019368210815  | -0.017819567400444220884  |
120   | 0.0024687508427714420674  | 0.0033248352180882869561  | -0.019552263293034329722  |
121   | 0.0048298001694607271134  | 0.0015499754644558003027  | -0.020900609827598004564  |
122   | 0.0096616842704466028569  | 0.0074766606347030969276  | -0.0059284132945646838414 |
123   | 0.00313713742296932354    | 0.0024744157445266406342  | -0.015981471020660796556  |
124   | 0.003828733453574073662   | 0.006517016299817950456   | -0.010473374071637387567  |
125   | 0.0065482858736775478858  | 0.0086614988659207969857  | -0.0049859208630098393947 |
126   | 0.0081838347395421905811  | 0.0069110539932195772309  | -0.011045321207523313076  |
127   | 0.0023079057701188799775  | 0.0073424825307071952055  | -0.0069577206404730198089 |
128   | 0.0042133472563287057561  | 0.00165753434189889917    | -0.021143402965658308901  |
129   | 0.0097201348790778695913  | 0.0061165349494665460436  | -0.00015229877486366282815 |
130   | 0.0058938919501792643232  | 0.0068723051804162743617  | -0.0016296065247482607093 |
131   | 0.0036952807043341253171  | 0.0053705040568767948433  | -0.023259764572418441253  |
132   | 0.0042132845007893261063  | 0.0031104788202840970117  | -0.007794227593928598069  |
133   | 0.0034443492858486795573  | 0.0034095631376587372773  | -0.015344898875432281399  |
134   | 0.0075959390462737013533  | 0.0079278912598732664135  | -0.019104733784563673188  |
135   | 0.0037120560388442247479  | 0.006095955323571238503   | -0.016844064878069539559  |
136   | 0.00423303950831885583    | 0.0062180853291080966094  | -0.017689265884574489202  |
137   | 0.0056058046944819639457  | 0.0062254450089168347424  | -0.0081992241462410103692 |
138   | 0.007281066013943471478   | 0.0048216993424139622387  | 0.00076380257186114768574 |
139   | 0.0062101826189244844351  | 0.00082669199084341941485 | -0.0093597324700436471817 |
140   | 0.006129197929887664556   | 0.0065501406288966581432  | -0.013438027517391416127  |
141   | 0.00054775637690558350371 | 0.0074056056052732421174  | -0.020350112891938613308  |
142   | 6.5866009692553464114e-05 | 0.0069494920412848390848  | -0.01115944620751700353   |
143   | 0.0034178095179011888996  | 0.00030435248651731642644 | -0.013868178469143550499  |
144   | 0.0096863241630267132853  | 0.0056441840307391421411  | -0.011510490315310649076  |
145   | 0.0069857528884618722356  | 0.009453481464082265362   | -0.011130344747385979842  |
146   | 0.0052552106639794727086  | 0.0093299858740220620312  | -0.00010449839012373846406 |
147   | 0.0043667326940295186563  | 0.00045245346363680631488 | -0.016423066771014915161  |
148   | 3.3699962435297667134e-05 | 0.0081476648750828540441  | -0.0022558360098465846978 |
149   | 0.0016631269571990041009  | 0.0078020917344907925531  | -0.015499822737809781925  |
150   | 0.004149025061407375474   | 0.0032979927954557377613  | -0.018812613921148933771  |
151   | 0.0040577785196396305364  | 0.0038256485818272925777  | -0.016773087536353127602  |
152   | 0.0074247025737637440193  | 0.0013075510926097095102  | -0.013177547301144270503  |
153   | 0.0075264884033399894608  | 0.0074440417694722526079  | -0.0072808012400018976354 |
154   | 0.0043027563096728312433  | 0.0082638011976558563981  | -0.0088237422241207504742 |
155   | 0.0044648102352915367344  | 0.0010506696409102042004  | -0.0020669660375818525028 |
156   | 0.00085874203047775097761 | 0.0084731876519050699365  | -0.014061125228815578303  |
157   | 0.005558791937753920949   | 0.00033109368639602614059 | -0.0015693455068208925305 |
158   | 0.009379265921805641712   | 0.003597947509211252802   | -0.013613557815709274521  |
159   | 0.0042032218530762329584  | 0.0028083937789339366228  | -0.018763452771422179516  |
160   | 0.0037254565542371989237  | 0.00073521355055163365669 | -0.021799260253329327125  |
161   | 0.0053846384603549925923  | 0.0076747109661572223208  | -0.0068324402414336633804 |
162   | 0.0053599578455217596409  | 0.00026557954864047647386 | -0.0055309921083371944503 |
163   | 0.0050269758691832231584  | 0.00027141820572784258053 | -0.0083568223709509486391 |
164   | 0.0040503711656459202503  | 0.00024376669828410468918 | -0.007924337316827517394  |
165   | 0.0063273102150149902398  | 0.0075368565791929286249  | -0.0090874603019852218805 |
166   | 0.0075044159951015119991  | 0.0076440870935494354896  | -0.020348113853886535402  |
167   | 0.0015640625413580553499  | 0.0098521663505115320003  | -0.0091502939646693221692 |
168   | 0.00073380387427467099089 | 0.0058972321373677956055  | -0.0062681238200865191032 |
169   | 0.0039045585411585093105  | 0.00017884666352490529622 | -0.004510428231092718232  |
170   | 0.0099442141069815883497  | 0.0069424427033549594018  | -0.0069321052881174865037 |
171   | 0.0032322901795592906896  | 0.0077598982149774042502  | -0.019833299124532733498  |
172   | 0.0037050564926573762402  | 0.004002970050880010934   | -0.0016208623715529709396 |
173   | 0.0042551496843615489382  | 0.00076672512310041723155 | -0.0043773162119728325353 |
174   | 0.0052755110407103804684  | 0.0013641976412210937361  | -0.0087788947627379897154 |
175   | 0.0016652210332736571991  | 0.0076937450954158151037  | -0.023081571229091775443  |
176   | 0.0030258003489305575553  | 0.0078752675513357635328  | -0.012603479595808332256  |
177   | 0.0059925281467464557028  | 0.0062542728662796460634  | -0.0039258028110327461077 |
178   | 0.0023928799217051805945  | 0.007580688609819186824   | -0.011203970051888306747  |
179   | 0.0083678002100779236977  | 0.0096816702504191522877  | -0.015898454682957655071  |
180   | 0.0039179119188754545078  | 0.00058044734243413963204 | -0.0089400596028649838287 |
181   | 0.0068266190404691938845  | 0.0088759998738468601914  | -0.01656379511329647905   |
182   | 0.0083780816406081749098  | 0.0057826279825258213724  | -0.015785659986570377972  |
183   | 0.0048134077371165652839  | 0.0042274182428876710613  | -0.016367308249720571162  |
184   | 0.0029948899136461172403  | 0.005110728221335467461   | -0.0057096198270909417211 |
185   | 0.00056171682546818596602 | 0.0028232076930139451618  | -0.020376507836766408199  |
186   | 0.0040532574946595470444  | 0.0060889505105979797872  | -0.014640601804655851981  |
187   | 0.0057430155977235526968  | 0.0067093907046194096663  | -0.0058772142265994279861 |
188   | 0.0055930473694132017137  | 0.00029061614722238770679 | -0.0038501420924917893751 |
189   | 0.0024614174903979995843  | 0.00073089002004474872866 | -0.013548149591588539223  |
190   | 0.0029078167020250979095  | 0.0051999931383642358437  | -0.0012014686260571978606 |
191   | 0.0025035524483629158395  | 0.0005379735082043148606  | -0.014111586793475398849  |
192   | 0.0025384343032527120071  | 0.00012523874728411391152 | -0.0068106311435371449936 |
193   | 0.0029744122048729936328  | 0.0050538704785419814522  | -0.011364176647107294971  |
194   | 0.0092928761816260651435  | 0.0029289980248363846164  | -0.007777634984126246924  |
195   | 0.0011335899321319633636  | 0.0027398044774878901365  | -0.0037184435806984429858 |
196   | 0.0063665888572777482035  | 0.0031148352501011388437  | -0.018402285903388659882  |
197   | 0.0046127778853701315726  | 0.0063850430309924039243  | -0.010662154944674446383  |
198   | 0.008810516829531177263   | 0.0042862414941901832294  | -0.015859643276663983047  |
199   | 0.008914329435986106942   | 0.0038720547263232092498  | -0.018220006132377761926  |
200   | 0.0033101460657648240637  | 0.0052592989839080010045  | -0.0080943019999279910287 |
201   | 0.0028464032847286585733  | 0.0040902152365237523166  | -0.01999566482629582323   |
202   | 0.0040792357709471867983  | 0.0074722334682502189809  | -0.0035516227467633255943 |
203   | 0.0048874668629565526032  | 0.0087631824785710642906  | -0.017349224830939032754  |
204   | 0.0021975504806873444666  | 0.0031513083565441126106  | -0.017086209938022518806  |
205   | 0.0068996348467506097082  | 0.0019820630800015002701  | -0.022887325446531246037  |
206   | 0.0063041933120386731484  | 0.0048930676965798060654  | -0.0078460291654967890401 |
207   | 0.0067796816233215654451  | 0.0047705013648743676072  | -0.0076000460988817301194 |
208   | 0.0037329267657336229029  | 0.0091390364114395401113  | -0.012554594490959082934  |
209   | 0.0077778434423193577862  | 0.0078853608976930944507  | -0.012140253019140956336  |
210   | 0.0029400458550182815079  | 0.0047188054328131164711  | -0.0018228428284890975039 |
211   | 0.0031781821350485538191  | 0.00017923503271146781269 | -0.0055087110828961885142 |
212   | 0.0053587211199070811096  | 0.0056969710540978367799  | -0.001286815774355329605  |
213   | 0.0069332618258060984412  | 0.00067605883236935963333 | 2.423633743217188817e-05  |
214   | 0.0045973785279056211817  | 0.0049995640887714352593  | -0.017840216857244510507  |
215   | 9.6103787148989989271e-05 | 0.005337486283480412548   | -0.014421440808962958033  |
216   | 0.0095161757766588032231  | 0.0091092376667012125296  | -0.019803975865760617414  |
217   | 0.0082922915131082367002  | 0.0081911423443656924265  | -0.017633632527604973378  |
218   | 0.00091736595472511933864 | 0.0069224835107209951174  | -0.0073645380062024564174 |
219   | 0.0026909847906407364723  | 0.0045816806898054032032  | -0.021793873147992907924  |
220   | 0.0072712347627833726071  | 0.0062636718745064145011  | 0.00076037147942803419345 |
221   | 0.0069344274484975489473  | 0.0095438254718952161837  | -0.010171593677795916222  |
222   | 0.0052779218297871596452  | 0.0090295520805353853694  | -0.014682206450417864194  |
223   | 0.0031665931134905339096  | 0.0021177831072999335135  | -0.012663053381181574655  |
224   | 0.0012350727570929291837  | 0.0075558644579588451345  | -0.01655426879986159408   |
225   | 0.0089172019360366852614  | 0.00038204506909319770796 | -0.01136223854214914869   |
226   | 0.0021481079105794974489  | 0.0037816599492039994039  | 0.00074349482178279386636 |
227   | 0.0066129086164157420413  | 0.0041828215641654710455  | -0.0025389201849588356394 |
228   | 0.0066172490554538224844  | 0.003028593139734811826   | -0.010110883249189083627  |
229   | 0.0044894083836546560748  | 0.0081477043531421634859  | -0.0065810518986530739186 |
230   | 0.0050864388107314251197  | 0.0010252796991061744608  | -0.016786739987618631148  |
231   | 5.6500518765321333713e-05 | 0.0061074017396113948475  | -0.014917775152811346348  |
232   | 0.0058386262521398770917  | 0.0077889922085796411966  | -0.00095894323305486010248 |
233   | 0.00040652640646453134816 | 0.0058708721524344236603  | -0.019832274363317348859  |
234   | 0.0050759346910962312854  | 0.0040585556863912920431  | -0.017749317384766802319  |
235   | 0.0015790798640462116922  | 0.0040579962187507210084  | -0.017139167175481660743  |
236   | 0.0036041240689912148673  | 0.0026495055864048091751  | -0.0093520904342338020965 |
237   | 0.0035756276511285257219  | 0.0039948951581923663676  | -0.0010626018938582840884 |
238   | 0.0023613150204130572106  | 0.0058295067620008972006  | -0.0039547031414525150167 |
239   | 0.0098303196525606068024  | 0.0080294308309220123465  | -0.0029876098619734492261 |
240   | 0.0067529950844958429659  | 0.0095452448424719511799  | -0.022101080792827933891  |
241   | 0.0056012314821592620873  | 0.0087805802931945932388  | -0.0023248720293258455342 |
242   | 0.00079900214380798542223 | 0.0048842178973978285159  | -0.0069041801405594982813 |
243   | 0.0026280759906990207656  | 0.0059135706736293527572  | -0.013742601686677635014  |
244   | 0.0070859313008305975859  | 0.0050873748792093940671  | -0.004045730214897362044  |
245   | 0.0050404682774596925796  | 0.002497535628358446818   | -0.021587377513163103632  |
246   | 0.0098961954478141503366  | 0.00083184723828799809076 | -0.0095589510978817855691 |
247   | 0.0057000105222841145405  | 0.0031992743698945362227  | -0.014186951044976907343  |
248   | 0.0097667752581582518295  | 0.005103028988082091745   | -0.0096395522976737181564 |
249   | 0.0066631923006446247201  | 0.0024704732264201182713  | -0.0067360112307507744728 |
250   | 0.0066530478629301462168  | 0.0054576849527852456384  | -0.0018442164281073885994 |
251   | 0.0043693169043680863198  | 0.0049479246374268693459  | -0.020245140307105519845  |
252   | 0.0072022503334576949349  | 0.0057533275124779627643  | -0.023467185526484250074  |
253   | 0.004804865353412213734   | 0.0087887858102514409414  | -0.018489775850021341469  |
254   | 0.0023157808783932439141  | 0.0013289670571862267998  | -0.011172705352488231101  |
255   | 0.0017773034617945833013  | 0.0047336820962724157277  | -0.00098076044267416382684 |
256   | 0.0047190917763645316013  | 0.0075817249631109848163  | -0.013578222445811929942  |
257   | 0.0020391645308124183196  | 0.0027086695202317729453  | -0.010166677614766424231  |
258   | 0.0032967948005932631514  | 0.0067848697631602986405  | -0.0092273777599449560705 |
259   | 0.0064314860574674753702  | 0.0092783110072225897375  | -0.010530654345920381285  |
260   | 0.004254403738743092224   | 0.00063517746927340963496 | -0.0056577453801405601375 |
261   | 0.0057138680862109936243  | 0.0068392136906309155403  | -0.023272099258700950503  |
262   | 0.001054301962401996964   | 0.00017222421222263343816 | -0.013630397345394281577  |
263   | 0.0072664043867935890902  | 0.00071195481930682658674 | -0.018764112747495887562  |
264   | 0.0062284775043733734204  | 0.0017017314182940833454  | -0.00037079139555748404653 |
265   | 0.0065831531793305569228  | 0.0064924622325708974957  | -0.01189336423293636813   |
266   | 0.0039887491450616794492  | 0.0033691771574904040738  | -0.019166495439292743214  |
267   | 0.00082242781523349023018 | 0.0031366563828396695074  | -0.011675977875135105585  |
268   | 0.0060576083148700934564  | 0.0064549692132328945204  | -0.0025912389008216577674 |
269   | 0.0037927433294264955264  | 0.0024488969000932931872  | -0.0034071116006898342389 |
270   | 0.0094400652013172676319  | 0.0046156519357064430126  | -0.01084318814514053167   |
271   | 0.0053266948177915192722  | 0.0091252409138527987298  | -8.7911506540788337551e-05 |
272   | 0.0056440250341791529942  | 0.0080032876972120844949  | -0.012626346198759443029  |
273   | 0.0036888096987716233882  | 0.0095488972394595413723  | -0.014751282003330432394  |
274   | 0.0061669473569421189713  | 0.0075519001670577880214  | -0.014396051417026857477  |
275   | 0.008946663206766236609   | 0.0052724873719385461149  | -0.0043432061905380146827 |
276   | 0.008905750088976014528   | 0.0034014573019521378641  | -0.011216925861928942268  |
277   | 0.0022903672671952639284  | 0.0048592577949653987038  | 0.00063106622060749278241 |
278   | 0.0086332408332667528311  | 0.0047159439076218988632  | -0.0089202307004232674753 |
279   | 0.0039880458956522129438  | 0.0042204355601696951633  | -0.0042850109603145671369 |
280   | 0.0090402018087083774872  | 0.0036926933767532877859  | -0.021139951869115908289  |
281   | 0.004384591950954263434   | 0.0078276939664732331919  | -0.010336850441742579873  |
282   | 0.0036826105407665949212  | 0.0012873382141628305492  | -0.017293522321676860903  |
283   | 0.0082451501013522058431  | 0.0056963481351018016574  | -0.017914846186520578392  |
284   | 0.0027714638754950519407  | 0.0044310853275780649058  | -0.019225930656721249012  |
285   | 0.0095924389649459356616  | 0.0060373348212554621764  | -0.0036752568918327964236 |
286   | 0.0013802959335545202796  | 0.0021192536094953168258  | -0.017249440594679074645  |
287   | 0.0019876038843838817784  | 0.0064238418333244758432  | -0.0091577008907017219685 |
288   | 0.0023604844373614213178  | 0.0027854596955386628013  | 0.00046084730649705463873 |
289   | 0.0098973024458468943088  | 0.00016320685725243304354 | -0.019588208867753913178  |
290   | 0.0014945505556787643756  | 0.0064986517802842515279  | -0.005263243275328218472  |
291   | 1.2357913936659991585e-05 | 0.0011972734161476432553  | -0.010927213034336764191  |
292   | 0.0028466069417872694874  | 0.0045244394557839200458  | -0.0002148335025707254816 |
293   | 0.0095157708926621627221  | 0.00027409988581111253666 | -0.016581587756124883254  |
294   | 0.0078025763073921467622  | 0.0073370349941585975492  | -0.0020641604057071516812 |
295   | 0.0025979712478406886446  | 0.0026251145067470306287  | -0.0140888193408558373    |
296   | 0.0072036934068040502435  | 0.0040278816119508975904  | -0.018211029387288697745  |
297   | 0.00088149256689498147431 | 0.0030082648331459099778  | -0.019794261199347615299  |
298   | 0.0022172347494599799721  | 0.0048546970361876308486  | -0.021379756214480984816  |
299   | 0.0016149212803671154394  | 0.0073006142364049585181  | -0.014456117319419894279  |
300   | 0.0044169343838150057838  | 0.0072415607046017599346  | -0.017159554483532273722  |
301   | 0.0014048813745183919618  | 0.0073624721693997721012  | -0.023238698311010035774  |
302   | 0.0096056156959648652388  | 0.0020981120200225119275  | -0.021761414135161017552  |
303   | 0.008014752390003784463   | 0.0051757962460527084589  | -0.018085381059250209973  |
304   | 0.0012754814451928855618  | 0.0058800646361117014579  | -0.010076835570162989003  |
305   | 0.0063248303136157367141  | 0.0072952389869051139509  | -0.019086657580123629618  |
306   | 0.004450592485213541831   | 0.0026245198996174287989  | -0.017020053900615967485  |
307   | 0.00012291603259648756176 | 0.0036417181281101322632  | -0.0052229398734427411044 |
308   | 0.0089470912556739497917  | 0.0049739995321764164313  | -0.0035559280951164388973 |
309   | 0.0061212786511015779972  | 0.0030149300422594614221  | -0.0083460406111358180492 |
310   | 0.0096636912106407343165  | 0.0055379272828356227582  | -0.0089565610144900654338 |
311   | 0.008747079388039683337   | 0.0057299665330461510213  | -0.0097179389548515474062 |
312   | 0.0070504200871749963392  | 0.003826212327696876421   | -0.020084364457760954525  |
313   | 0.0069356801848676772129  | 0.0027596046053430206384  | -0.0036946969400928246843 |
314   | 0.0041905841871452157929  | 0.0068873709622116544016  | 0.00067662233523357959847 |
315   | 0.0098955959163896448083  | 0.0089188631616818961345  | -0.0063900920461358425365 |
316   | 0.0054229153100733059473  | 0.0050083639048826011919  | -0.0043420992698428376166 |
317   | 0.0061339861245485434796  | 0.0018501023034649586273  | -0.022873103744747932259  |
318   | 0.0073794518556393011444  | 0.0052773729873999818824  | -0.0017266836932456105635 |
319   | 0.0024138563930050285083  | 0.0022805445742642934705  | -0.0031338393903074281133 |
320   | 0.0068253764820521093531  | 0.0044807023656202003836  | -0.023196908487714409247  |
321   | 0.0035785394833161292445  | 0.0029640669673646931337  | -0.0090181876331102885785 |
322   | 0.0087671901035548463477  | 0.00025319173882141398279 | -0.003546509480744868166  |
323   | 0.0050917443427643260812  | 0.0019843045129367105697  | -0.0055694247248142753418 |
324   | 0.0022010826008572320633  | 0.0044465273380002705989  | -0.011335408579956844644  |
325   | 0.0053859494988779061178  | 0.0018522963683709134375  | -0.015766105971276467984  |
326   | 0.00079258304884827397458 | 0.0049503281254715423773  | -0.0085318501513920366047 |
327   | 0.0039528479430172500098  | 0.0071227031219625825884  | -0.0099025954925843432536 |
328   | 0.0099205940960008735102  | 0.00785953793887824749    | -0.018706263726022697574  |
329   | 7.6115068214070363893e-05 | 0.0064841904950497493768  | -0.0090249509720612079017 |
330   | 0.0023392366044458299396  | 0.0030510604647949897926  | -0.0030355271758453596445 |
331   | 0.0064502611308285707353  | 0.0025705429435288165881  | -0.010274915890314182537  |
332   | 0.0058175841131998676584  | 0.0058940954596803660573  | -0.0025090208685137238738 |
333   | 0.00090630354517705488063 | 0.0072873361553502579921  | -0.013655281011538063923  |
334   | 0.00056663370323711999277 | 0.0037571687774287662945  | -0.010389649077684054435  |
335   | 0.0034312002031338670674  | 0.009602064313311094515   | 0.0001091332522458865863  |
336   | 0.0087502108512663955009  | 0.0048081269867886909306  | -0.011410028705553590389  |
337   | 0.0024588642700636908697  | 0.0090238978913372031726  | -0.0074260050524104798814 |
338   | 0.0086210123838166372728  | 0.0020254289624068869471  | -0.010851261489085892512  |
339   | 0.0046095121245597111409  | 0.0062519325970679289275  | -0.01988255162720481764   |
340   | 0.0044435836708886441992  | 0.0058733827690801163404  | -0.0044778504557321302179 |
341   | 0.0043178724184610170825  | 0.0087036295133126641288  | -0.017673903315981620565  |
342   | 0.0013996981888094832402  | 0.00097036788549777089428 | 0.0002637117230049638647  |
343   | 0.0017999417079720640006  | 0.0036348600309445752016  | -0.0037995535906616708342 |
344   | 0.006108208899033729794   | 0.0074035259608212118654  | -0.001132306291942513591  |
345   | 0.0051203183685900122493  | 0.00011721408966108846949 | 0.00019903891936343823059 |
346   | 0.0099415997672176511374  | 0.0078085878602435279672  | -0.012678356292740710146  |
347   | 0.0074478682434611625379  | 0.0056079315718585483891  | -0.018091740470847262473  |
348   | 0.008269246043792298842   | 0.0023591908119190807373  | -0.012069071984605050929  |
349   | 0.0023661356341129831556  | 0.0021904381705087879254  | -0.013080230147288554599  |
350   | 0.0021870729239783955056  | 0.003609174430697798322   | -0.0079806109959307813817 |
351   | 0.0024325966937340515184  | 0.0026641232319235415814  | -0.017469916787138644459  |
352   | 0.0030608725368167577843  | 0.0034482243512991817523  | -0.012054377123752051809  |
353   | 0.0037812732386217407822  | 0.0044454727911438854382  | -0.0048663977748865695772 |
354   | 0.0067237785732956684495  | 0.0036769282609893268188  | -0.0081527749115117009726 |
355   | 0.0050509983610886937874  | 0.0042401026951102626858  | -0.0028419073292780122619 |
356   | 0.00033821868060359094833 | 0.0091288886050383613591  | -0.019906800854855220134  |
357   | 0.0041062991477983689162  | 0.0043533394811654030007  | -0.023342947835926212974  |
358   | 0.0046763078530810929523  | 0.0025878957691615436972  | -0.022439725226158880461  |
359   | 0.0094319229336331245062  | 0.0042378377504556433153  | -0.017536077055238463718  |
360   | 0.0065723841768894489604  | 0.00022989798877614089131 | -0.01838685920153686898   |
361   | 0.0036637149910475467519  | 0.0060649040358272581289  | -0.020221447038701267918  |
362   | 0.00071595000750393912158 | 0.0022474003596161104199  | -0.020002821887712414484  |
363   | 0.0071234086384014431645  | 0.0076921783913296388688  | -0.00051761614982753691855 |
364   | 0.0016634394607099381447  | 0.0043629607564235443895  | -0.012289523139233149429  |
365   | 0.00041620831468225166164 | 0.0074418904711121853374  | -0.0051280989370972602376 |
366   | 0.0020308424095306881578  | 0.0033001281704267745182  | -0.018347001515746141909  |
367   | 0.0070750283201906237138  | 0.002639423416990735894   | -0.0025813667708175580887 |
368   | 0.0063986276146696819539  | 0.00011718813796354175815 | -0.0089029434878368420708 |
369   | 0.0043310568580451486165  | 0.00068357468685367761031 | -0.02050935163812989126   |
370   | 0.0021857890775638481873  | 0.0044011001358853210283  | -0.0079699462530308674141 |
371   | 0.0028609933344926315527  | 0.0054494454687453999439  | -0.00078878767550411585472 |
372   | 0.0035482029485175230719  | 0.0063247379911393107957  | -0.012351190591612560762  |
373   | 0.0076101537842272869855  | 0.0010890940505872449828  | -0.0163784806297149442    |
374   | 0.0076664128743396493457  | 0.0098630567966444780692  | -0.020354434376562993703  |
375   | 0.005816377116370030978   | 0.0017323085389365029587  | -0.022512508025115868238  |
376   | 0.0092643796666883135998  | 0.0039055830647003303945  | -0.0020610706165871827029 |
377   | 0.0099016661204311042649  | 0.0053760542549100599763  | -0.010657900574207570046  |
378   | 0.0048233602477220699142  | 0.0092391562873785255949  | -0.0085694637311977666511 |
379   | 0.0084493233309689084326  | 0.0022893784862491961887  | -0.0003944762183406661806 |
380   | 0.0043840317885126302289  | 0.00035690228878540946429 | -0.020232085215641990722  |
381   | 0.0017942184074664572612  | 0.0045495217469560655238  | -0.012809388810388478222  |
382   | 0.002116248447248109902   | 0.0070769829948519307611  | -0.01515048850237411121   |
383   | 0.00015408848375465363715 | 0.0090576966219919965995  | -0.013830755134371746501  |
384   | 0.0076972642439016780366  | 0.0054781126496388256319  | -0.0058307725281935979256 |
385   | 0.0082282128337330673329  | 0.0019552059709673796396  | -0.019806043800362833907  |
386   | 0.0078489510581966157737  | 0.0082794746154715697511  | -0.022377611221284607335  |
387   | 0.0053223606459792491968  | 0.0038563579746168884232  | -0.013071497401488916396  |
388   | 0.0073959816167484624533  | 0.0053021022526540794589  | -0.00025024588300088271243 |
389   | 0.006797704105618623989   | 0.0063261689928967015581  | -0.0085026783485110685873 |
390   | 0.0045543521899104807971  | 0.0012386988807521483961  | -0.020014995448917129867  |
391   | 0.005544346644378954185   | 0.00440622084857625676    | -0.019883331773478642862  |
392   | 0.0052634631031433449025  | 0.0038439123246217254438  | -0.02327839367985064245   |
393   | 0.0067497383715787000191  | 0.0093263419748148453092  | -0.0185877122267892117    |
394   | 0.00089707444678237887193 | 0.0040415606268952046151  | -0.022867489962360591782  |
395   | 0.0066053140228343448087  | 0.0080935012654851992697  | -0.014920516099655433198  |
396   | 0.0074401104346538552217  | 0.004757021121887490718   | -0.013577663497085905656  |
397   | 0.00387777339748326174    | 0.0067771943666003206866  | -0.00073315450552076323783 |
398   | 0.0054121288719305516227  | 0.006896041879870961136   | -0.005492760414536133895  |
399   | 0.0029655549700469381949  | 0.0074999588895884134951  | -0.020797285319630241102  |
400   | 0.00082819139833477221652 | 0.0082453635543001148334  | -0.0059294493223364776527 |
401   | 0.0050724042940407916905  | 0.0048351671263736073492  | -0.020697808321411548249  |
402   | 0.0021085109777772047604  | 0.0016603031819686405856  | -0.001117017590625788391  |
403   | 0.0046387661619029622873  | 0.010008824564740051097   | -0.0067163131465956382032 |
404   | 0.0061416238376854693018  | 0.00036713004036053356301 | -0.012660013717770805808  |
405   | 0.0094384694885609049519  | 0.0046503179062346135589  | -0.019497374123940473811  |
406   | 0.0099261819177911096712  | 0.006099808105862376123   | -0.012028927313996313347  |
407   | 0.009645467390032913535   | 0.0088019941266195972362  | -0.0023420755269370238487 |
408   | 0.0027158863260253545378  | 0.0078063207896847952583  | -0.0067752107944549187779 |
409   | 0.0038554220313519677391  | 0.0017448323768074610815  | -0.015579349154467929048  |
410   | 0.0013895720704240001244  | 0.0028895125446462628822  | -0.00015177376343597064881 |
411   | 0.00768504133726193462    | 0.0039339620068266261191  | -0.016918617572497234025  |
412   | 0.0038355434062393258844  | 0.00093991153312183311781 | -0.015311372436623062535  |
413   | 0.0025785388738329782093  | 0.0063348333187612819103  | -0.023407923090888148321  |
414   | 0.0027534275780065013001  | 0.0014424616469856869471  | -0.020715514848542945087  |
415   | 0.0027513314457526761789  | 0.0094174689496918338738  | -0.0063548484530415979069 |
416   | 0.005189677965658394572   | 0.0056501728470924406436  | -0.00087226671108807678125 |
417   | 0.0073596484770422181121  | 0.0022179212764360635782  | -0.0059879691630495036903 |
418   | 0.0074167282634685065962  | 0.0081056137465278337018  | -0.011664299866635766123  |
419   | 0.0099608089875315233841  | 0.0067683558056640434966  | -0.022689557850617571994  |
420   | 0.0064207928223381713351  | 0.00875285896280603333    | -0.020309907146472603451  |
421   | 0.0058014828591019581422  | 0.0093158988143443380303  | -0.00099513268714283365304 |
422   | 0.0024314206687818668007  | 0.00069735908300934412469 | -0.00013921524699543160928 |
423   | 0.0051031464566806553421  | 0.0077172529305161198521  | -0.013604277658632694947  |
424   | 0.00037475503429851135008 | 0.0078159978639146931306  | -0.004419982043383659763  |
425   | 0.0063985461992300913733  | 0.0041269385690518300969  | -0.020971477757916568568  |
426   | 0.0043206192793354665851  | 0.0094116213690499800348  | -0.0016937831124157669369 |
427   | 0.0066667490994482053387  | 0.0023390182821537565221  | 0.0002663259590321822635  |
428   | 0.0082253503992986264776  | 0.0046993972076648021438  | -0.019151195476544324164  |
429   | 0.0052431317370765775573  | 0.0038038770468499182552  | -0.0033808264996029254064 |
430   | 0.0019080552887950107729  | 0.00890814224749249782    | -0.0075803840840391115141 |
431   | 0.0069322101462285920168  | 0.0071530119120170364624  | -0.0047769062550759655919 |
432   | 0.0014754551298468304189  | 0.0055589761791740308419  | -0.017860321245689959879  |
433   | 0.0026408833120641918811  | 0.0058318494122998462345  | -0.016911589073150167656  |
434   | 0.0025609794417469971747  | 0.0027138567072684427646  | -0.012897737156013219101  |
435   | 0.0097691493059774876795  | 0.0012206403662362852718  | -0.0036744751990896314629 |
436   | 0.0010450540137351574475  | 0.0079803186616537787751  | -0.0052035575770050628008 |
437   | 0.0056996665877326498084  | 0.0042149279504901373747  | -0.0026794588220294180726 |
438   | 0.0085149867131048568442  | 0.0035337629212994301625  | -0.016510164266526277527  |
439   | 0.00057890473832817419212 | 0.007457339250937491601   | -0.0084305787270461066824 |
440   | 0.009349036131475169098   | 0.0042512174338178625524  | -0.0018058792853878099897 |
441   | 0.0018096297409301331013  | 0.0011909003578879882868  | -0.0076598703255850554908 |
442   | 0.0015286419526336274353  | 0.0027532911310795501504  | -0.001655666671034184247  |
443   | 0.0036152249367872148558  | 0.0083277308255553517125  | -0.0082116066374974573672 |
444   | 0.00048308447947046967343 | 0.0004471134162537366793  | -0.015314226510163595624  |
445   | 0.0071998046438491117988  | 0.0071060313772658076359  | -0.0069564033358799253273 |
446   | 0.0014308877730110252432  | 0.0084609978356878050298  | -0.013445939078220456656  |
447   | 0.0038602110340277199889  | 0.0084886844933350687897  | -0.02165862607179585772   |
448   | 0.00010286746754393888382 | 0.004955311674521100003   | -0.013509619380611431749  |
449   | 0.0062027252864709217159  | 0.0070273748221301246888  | -0.0082377155056031006741 |
450   | 0.0066572750777407858555  | 0.0039232159393933815211  | -0.0035475373550708164117 |
451   | 0.00065409790640267597393 | 0.0097474226246822368719  | -0.023308096727026609424  |
452   | 0.0081225242204595992507  | 0.0088270291227195655376  | -0.017437366430566446363  |
453   | 0.0058482989279046099576  | 0.0036974759382640432631  | -0.018115316836174046033  |
454   | 0.0081468965630233734082  | 0.0066420429532971243108  | -0.013627598615969628917  |
455   | 0.0015754438233914948991  | 0.0062186535173462060069  | -0.0041034673740705093423 |
456   | 0.00085998775739921939649 | 0.0042934489049407742814  | 0.0007864860232373810725  |
457   | 0.002378957928060446321   | 0.0052327596968642893852  | -0.0029703348317381139676 |
458   | 0.002761521745312823465   | 0.0092960262273537076771  | -0.0058861810488677447986 |
459   | 0.0055827607081736898079  | 0.0010964717992610758471  | -0.0011036387835920077882 |
460   | 0.0064107829759895360033  | 0.0087954776301081370043  | -0.0071867682747135423413 |
461   | 0.0029925121902588938325  | 0.0044487064425061152717  | -0.0065336126235061272108 |
462   | 0.003714194015529778941   | 0.0034194262805174076292  | -0.0095860361637256988332 |
463   | 0.0064580894361348758007  | 0.0039262878557391328593  | -0.015020536215011972767  |
464   | 0.0084605128172178887397  | 0.0011796646976941814813  | -0.020107902941677219255  |
465   | 0.0092522588619159875506  | 0.00024364137096776473349 | -0.020982481119160234506  |
466   | 5.6284981324229401345e-05 | 0.0062377604363861808429  | -0.0066420969758511439265 |
467   | 0.0070328288715457067809  | 0.0045378835619291095146  | -0.015735031631099884175  |
468   | 0.0031011799491893411902  | 0.0071080381001890728665  | -0.01716233480406739384   |
469   | 0.0054843761814436179508  | 0.0031154205269693620653  | -0.015281913127280210077  |
470   | 0.0046576437927236570558  | 0.00038714228103519727131 | -0.016764793217412993914  |
471   | 0.00088429077572147591051 | 0.0083438442646411280224  | -0.021860873404501903611  |
472   | 0.005462854422044216042   | 0.0086092858683565805927  | -0.02180988721030250807   |
473   | 0.0068083185100070000087  | 0.0015729210251264232057  | -0.015286801217594953375  |
474   | 0.0010161349986081964856  | 0.0018919889402524822566  | -0.010830075208688758753  |
475   | 0.0049445869212517389035  | 0.0047154610008747375668  | -0.017823178469107914257  |
476   | 0.0081205447704510314716  | 0.0085836523133362412769  | -0.0076303946288621233782 |
477   | 0.0080401777157544720986  | 0.0079567073916576233628  | -0.0044515187133992396504 |
478   | 9.7142603697898887393e-06 | 0.0080184312119779624362  | -0.023319969215365356913  |
479   | 0.0040856845915543558642  | 0.00252797442417043456    | -0.014277904628068894752  |
480   | 0.00022509037025391086554 | 0.0044564756586953548773  | -0.0095597470928523581302 |
481   | 0.0033381797934017684755  | 0.0079948257609237655119  | -0.019564095119172727338  |
482   | 0.0044476360349051018497  | 0.0048302541798700337691  | -0.022424820454896608052  |
483   | 0.0057941497544140557058  | 0.0037806092896652981374  | -0.020917825387087092548  |
484   | 0.0019753624450548679971  | 0.0061248694209172574454  | -0.015997365143139558735  |
485   | 0.0012843386048994598347  | 0.0052922242083335837778  | -0.02061620700512615742   |
486   | 0.0010490958674340992648  | 0.0072202078814619903915  | -0.0057229713196667465064 |
487   | 0.0081402196720936608604  | 0.0050610184535468064754  | -0.010137562623215697066  |
488   | 0.0087382998033243338559  | 0.0060948152387458841284  | -0.008170018592299694779  |
489   | 0.0042179536122320159322  | 0.0094599528821465422163  | -0.022881841453675399317  |
490   | 0.0047295112817633353647  | 0.0086142779168776606458  | -0.0090608222054184249517 |
491   | 0.0034957808011311687635  | 0.0029232687755119247767  | -0.007573822131420018984  |
492   | 0.0073543134124997100801  | 0.0082527213811262878362  | -0.010980941105174526345  |
493   | 0.0094108064656214483745  | 0.0071210117075949730739  | -0.0092074759744835647096 |
494   | 0.0047291967039997375929  | 0.004690231762171793127   | -0.022944999203947380462  |
495   | 0.0076355276755522430779  | 0.0081200450558071637919  | -0.0031291280325697885638 |
496   | 0.0087793718062461091611  | 0.0056741261843801411857  | -0.014677535630971429853  |
497   | 0.0049801826683858289868  | 0.0050342896892179127277  | -0.0014458081614057076252 |
498   | 0.0052065998508152629837  | 0.00021541872903991506972 | -0.023273161379732586196  |
499   | 0.0093789166261576718819  | 0.0051166802642188171507  | -0.0074941576668860971147 |
500   | 0.00050203118863524653394 | 0.00030111952899854318652 | 0.00068154514664339489044 |
501   | 0.0045903791064312417583  | 0.0038696860023816042479  | -0.018719275216419292707  |
502   | 0.0055387550866003018232  | 0.00528721000967375971    | -0.013237966513025068924  |
503   | 0.001236476047756772086   | 0.0026752929642713252356  | -0.0081100299479405155156 |
504   | 0.0022097387244493587287  | 0.0033400773296552153414  | -0.016916818771748994704  |
505   | 0.0070474770267025792919  | 0.0076169137368071390681  | -0.022149350639318526879  |
506   | 0.0036454449554854683781  | 0.0022596285594581083829  | -0.012571543416181704678  |
507   | 0.0089264041955643223109  | 0.0037380742920468416554  | -0.0036686343464725520817 |
508   | 0.0045739371570729372637  | 0.0017188738427375146404  | -0.016859878155098019514  |
509   | 0.001390034968411195046   | 0.0030245258303920972281  | -0.02341563856811277114   |
510   | 0.0076815348166684822503  | 0.0084670747154382379474  | -0.004184801563588951695  |
511   | 0.0022916577672321587766  | 0.0029328241939423054657  | -0.019901633889124983878  |
512   | 0.0073988882673348150415  | 0.0097678547109844339469  | -0.020133511340135922668  |
513   | 0.0056450138862994807959  | 0.0032237961810868192777  | -0.018323630106291899367  |
514   | 0.00695240681168866545    | 0.0016251469533638926608  | -0.0015826841099429102451 |
515   | 0.0076265938244217488379  | 0.0056382535800132459539  | -0.0090815188904155904476 |
516   | 0.0042495837960100125985  | 0.0010361143986185087328  | -0.0017699608137215845811 |
517   | 0.0075157143720411935875  | 0.0055439905775689418341  | -0.016267014465214557628  |
518   | 0.0032593907352879546852  | 0.0029096788019075596303  | -0.010090112172316716491  |
519   | 0.001933845512269099327   | 0.0036513043452736288798  | -0.018969293278075238102  |
520   | 0.0028380058917070022893  | 0.0033545881715417299671  | -0.020619750433926050531  |
521   | 0.004267666523524423286   | 0.005908553589711565586   | -0.0065808677316335374013 |
522   | 0.0029134563876804147123  | 0.0034864725942628372983  | -0.0050093366878592648569 |
523   | 0.0014898671353396127515  | 0.0083858836417455284717  | -0.0076879143292022398062 |
524   | 0.0087649327602659383302  | 0.0012753716776103566841  | -0.010524987104094109605  |
525   | 0.0034038985522948320833  | 0.00057857746834688084971 | -0.022871697141312194446  |
526   | 0.00032262725866200015704 | 0.0055533302757329958826  | -0.0049138279660267646098 |
527   | 0.009201679256155779682   | 0.0053258700494774307427  | -0.0065124651948869566667 |
528   | 0.0087688601604182618565  | 0.0023399023129273004325  | -0.0092287778267344921374 |
529   | 0.0066819889546292287816  | 0.0056729030560468312119  | -0.013988837189145555615  |
530   | 0.0034336507243315304155  | 0.0065788112310235982022  | -0.0020597111269173439159 |
531   | 0.0037950648681297784702  | 0.0040004134353079845096  | -0.013007822510879733097  |
532   | 0.0047648739171800786121  | 0.0037327200609747323429  | 0.00011540181814304184137 |
533   | 0.00027702110646926267606 | 0.0057282341823191645566  | -0.0057957179276764752771 |
534   | 0.0023015437372059868726  | 0.004037923286997493165   | -0.0085148722598263545946 |
535   | 0.00038932698370894026603 | 0.0084898302042337309148  | -0.017305600883025195474  |
536   | 0.00018332419308211912235 | 0.00016302634324514916225 | -0.0021825592868424050115 |
537   | 0.0022574509977791594635  | 0.0041903260978342973808  | -0.0077108562910912286856 |
538   | 0.0085575444492183988521  | 0.0016521738919094302624  | -0.023256670937362503709  |
539   | 0.0092604951180889315265  | 0.0060495857336903434073  | -0.0029011273072286239243 |
540   | 0.0048367965181045965289  | 0.0060424345073859771563  | -0.014438577842495890075  |
541   | 0.001736835721525953509   | 0.00049380635296072115156 | -0.010315982241764177704  |
542   | 0.0064515801031475288746  | 0.0027145408064729800723  | -0.0063158241281211259521 |
543   | 0.0078875673632968004712  | 0.0061056477542592909463  | -0.0046379292137876748994 |
544   | 0.0045230076236804101636  | 0.0035764536637789036411  | -0.017523496378338089541  |
545   | 0.0083423013981691745977  | 0.0085574630922740195504  | -0.012789307012835577845  |
546   | 8.4777296735166418552e-05 | 0.0081176375622265036641  | -0.01951192813100201609   |
547   | 0.0030956669922306704126  | 0.0035145351916217437011  | -0.0023570477332849610989 |
548   | 0.0040795019199291919845  | 0.0030666361203870902419  | -0.019439623111171012992  |
549   | 0.00077230626386957078062 | 0.0085975051047131531567  | -0.020959802885088637397  |
550   | 0.0034923259589004916788  | 0.0041480009266857704314  | -0.0057870847165389311187 |
551   | 0.0062851374214976220636  | 0.0023901672342095969283  | -0.019185121663239480122  |
552   | 0.0048351890648738555731  | 0.005482339766081386831   | -0.0099075383355192586654 |
553   | 0.0031164020708785676594  | 0.0049583170626007287002  | -0.013055691446837009578  |
554   | 0.0017133498638573871776  | 0.008927929982718541338   | -0.012258921110549870354  |
555   | 0.0069961167247503059166  | 0.0035284328205949229244  | -0.0025855002001707798158 |
556   | 0.0032438119843782452396  | 0.0078264774294890503137  | -0.0050392090651404141191 |
557   | 0.0054958174981047025129  | 0.0054259013513969734863  | -0.019568215804431399879  |
558   | 0.0027639328443867833447  | 0.0058003960636207043886  | 0.00059386113133766665201 |
559   | 0.0070565360381557229105  | 0.0010689010526313514563  | -0.00073348036760637015316 |
560   | 0.0054804212013052893554  | 0.0036247876721618730103  | -0.017068084765941890502  |
561   | 0.00056532892889195860992 | 0.0061452134410118902652  | 4.7604552398843573034e-05 |
562   | 0.0044911288528364347664  | 0.0070688307913737008503  | -0.0027180838913853496916 |
563   | 0.0070808711448931875923  | 0.0043789091881504989268  | -0.012651249411847306087  |
564   | 0.0047536243852115463854  | 0.0072475062153938380957  | -0.017776421808175998929  |
565   | 0.0072089767092060226539  | 0.0049461501669881245691  | -0.022789824096661619873  |
566   | 0.0042141720135300047775  | 0.0089634175958570785209  | -0.019544187651513035553  |
567   | 0.0088331511565937007036  | 0.00094627805350670486737 | -0.0028122702149404369375 |
568   | 0.0070910366985500478815  | 0.0011291927149591652214  | -0.023458648400040769955  |
569   | 0.0048978326647233080479  | 0.0039120985256395363755  | -0.015644283292541395769  |
570   | 0.0062624487230033666976  | 0.009802626436319489267   | -0.0025827054316009097693 |
571   | 0.0098011834130430301043  | 0.0065258887962343602174  | -0.021796415002578402309  |
572   | 0.0042109561299210236662  | 0.00026638779922857398373 | -0.0039331327300969722363 |
573   | 0.00095179694927582047213 | 0.0069247026107974417319  | -0.0065311630218341035214 |
574   | 0.0066400477599553951041  | 0.0090336912692609745712  | -0.0079303268075655488495 |
575   | 0.005054578411344725318   | 0.00028846331308194321638 | -0.017202230873460545857  |
576   | 0.005924684397340351967   | 0.0026987882834924202188  | -0.0058333327261118053317 |
577   | 0.0024761138932831248255  | 0.0079825559654666377457  | -0.020036890181206239159  |
578   | 0.0034883819173244746611  | 0.0074044120055515531137  | -0.0086184812272227136198 |
579   | 0.004872870425142413961   | 0.00044074973066509737316 | -0.015000215685118627532  |
580   | 0.0064392077771907498679  | 0.0024924667279739025523  | -0.013469205663363494063  |
581   | 0.0080588100345005148767  | 0.0069961015848226592792  | -0.0066711891547838447075 |
582   | 0.0041809476519440481879  | 0.0073085044929883857465  | -0.0007844927576100451435 |
583   | 0.0092549784425695925949  | 0.0076985552507186378463  | -0.011323538726290671014  |
584   | 0.0053336650140201249254  | 0.0087153281049934788055  | -0.018939743810437788263  |
585   | 0.0035530106482671770275  | 0.002544304718066739586   | -0.0097230349046953986475 |
586   | 0.007646069675053655465   | 0.0088992688820458201726  | -0.013888237782338937881  |
587   | 0.0018093932247571897082  | 0.0033808807490707149142  | -0.016643492574748303819  |
588   | 0.0082161226458086541319  | 0.0041056218156649698647  | -0.01724917566399405619   |
589   | 0.0034983094604133951368  | 0.0070417874586996926853  | -0.010676527284216152242  |
590   | 0.00033810319996003027586 | 0.0092869114641553601047  | -0.0089179110745609413424 |
591   | 0.0030087897550899623395  | 0.0033748754219929230809  | -0.0057088827260554217066 |
592   | 0.0031085635480205789545  | 0.00072686297769124143687 | -0.019887276440016605356  |
593   | 0.0081507127565003199138  | 0.0081325805743751242161  | -0.016427496243175812585  |
594   | 0.0093541841786849069112  | 0.007291025548764425851   | -0.0031155803108472639    |
595   | 0.0025017600560503280155  | 0.0080020843669339550286  | -0.0066598224408620666087 |
596   | 0.0099817245637088755639  | 0.0075483343636995863662  | -0.013774402269566179968  |
597   | 0.0028826541393597105226  | 0.0080278100702033238639  | -0.013967507165576424633  |
598   | 0.0043265954412064211443  | 0.0044712515672808072695  | -0.015098835218218635557  |
599   | 0.00015087316840269829766 | 0.0069677079260179256015  | -0.0030864707797982056207 |
600   | 0.0011868527972460985245  | 0.0014599292226246804102  | -0.016625841218092126533  |
601   | 0.0015880932002618297454  | 0.00096525138666395159451 | -0.018131605296012261869  |
602   | 0.0065906973123086697725  | 0.0062890236702068270241  | -0.01341459360335929725   |
603   | 0.0025113941767576394674  | 0.0024717420996084580632  | -0.014280129059524453855  |
604   | 0.0092590750640153523382  | 0.0077661346146465715448  | -0.020074322444220991934  |
605   | 0.0070287367516074939627  | 0.0075266492204372316757  | -0.015795993531354260431  |
606   | 0.0089103786863191578038  | 0.0024016484416462587775  | -0.019195415811846354426  |
607   | 0.0017387614490810090508  | 0.00079019952787643624875 | -0.022332539148258379741  |
608   | 0.0040270995741191603287  | 0.0069605293423341679793  | -0.0045226163639421430515 |
609   | 0.0003870787885543663996  | 0.00014034473758019712429 | -0.010636179323867062455  |
610   | 0.0005482881753502424297  | 0.0019984592198211202467  | -0.023041315315079316517  |
611   | 0.0047950264114823715894  | 0.0056896848746564579122  | -0.014547633494994527056  |
612   | 0.0047529580982099634348  | 0.0085664511203727786853  | -0.0004337902689216324454 |
613   | 0.0065848579101395535162  | 0.0096815191058862801882  | -0.016490237627561975947  |
614   | 0.0046314265637618081892  | 0.003042148166486209962   | -0.019604819653934027479  |
615   | 0.001164640557084408324   | 0.0089258163543747947449  | -0.0036730302769265787619 |
616   | 0.009298681579265478947   | 0.0038729517097940294526  | -0.0021969510924936290139 |
617   | 0.006574224823739157654   | 0.0030933012961354695684  | -0.0032942448382419207455 |
618   | 0.0021787040174082732309  | 0.007017968235186028067   | -0.0077337703961489652482 |
619   | 0.0021020670250205199421  | 0.0085885687084527595481  | -0.004386639470218354174  |
620   | 0.007744603311143936214   | 0.0040053710111968938642  | -0.0052244506877561474462 |
621   | 0.0044050004392751692522  | 0.0058077086401740985952  | -0.016988325291296901831  |
622   | 0.0019885046794587252737  | 0.009003431708305432643   | -0.017615738178743369641  |
623   | 0.0031201861786070489088  | 0.0027882114733673484322  | -0.011024227880827939391  |
624   | 0.00013563061719228051961 | 0.005328463673602076324   | -0.0037202404114286182629 |
625   | 0.0067077437944995030317  | 0.0058427798663770978693  | -0.011652162779660772338  |
626   | 0.0016381881438692973921  | 0.00027680576641497047245 | -0.0041811517738632427224 |
627   | 0.0054595166216464671369  | 0.0095007614191981379359  | -0.016376379650007086286  |
628   | 0.0070480897653466241873  | 0.0082380015322318506099  | -1.1164873581096096118e-05 |
629   | 0.0075417412604189540057  | 0.0067454621751901686078  | -0.013665772239008380437  |
630   | 0.0061326930283764295032  | 0.0094377231214630812051  | -0.010482165970488772563  |
631   | 0.0088844254742080717296  | 0.0051845747626882909484  | -0.01165354513554578593   |
632   | 0.0052985433319403044128  | 0.0069728842410764742613  | -0.018716611649924341093  |
633   | 0.0049366511701017601679  | 0.0018466984909668406663  | -0.0097011018884988094169 |
634   | 0.0036462189684397980881  | 0.0038985706575325701322  | -0.0043322127253881959064 |
635   | 0.0015191692752454146863  | 0.0026508340332186785919  | -0.0045875114649528495048 |
636   | 0.00075368556972649669752 | 0.0071330313961593498628  | -0.0083835680049834347682 |
637   | 0.0062115142930666850801  | 0.0027197920225741161436  | -0.023516122102260575422  |
638   | 0.00010358348489033522794 | 0.0025387611488275978709  | -0.016470008904258655325  |
639   | 0.0070802225561055563002  | 0.0022945336481080716266  | -0.011389387035378346902  |
640   | 0.0031066364452410743374  | 0.0005066656920748578187  | -0.0063533998024648385278 |
641   | 0.0058579143086965029114  | 0.0079070128688423051144  | -0.0057269060815433861164 |
642   | 0.00091066498314070452869 | 0.0087636048445587887146  | -0.004489093175971835617  |
643   | 0.0089517052505514588256  | 0.0059808469426984433442  | -0.0014459931658122495823 |
644   | 0.0054216139378601346452  | 0.0093261971170496196087  | -0.018047692765196333975  |
645   | 0.0034813094795551804278  | 0.0093722608445297433261  | 0.00072992193782313741918 |
646   | 0.0023067812320747001047  | 0.0018381737061273044354  | -0.0070536955310987808562 |
647   | 0.0049128639473725267336  | 0.003807341254126691589   | -0.01492228096655421124   |
648   | 0.0040802552201120983327  | 0.0062671355346779721029  | -0.016476895755135508026  |
649   | 0.0043204625469917389696  | 0.0061296850703581604383  | -0.0021992758988121259567 |
650   | 0.0033927548492972202203  | 0.0081559709331099922852  | -0.0046709512100128339554 |
651   | 0.0046730110782788256141  | 0.0065803824825850969552  | -0.0055170833628613033875 |
652   | 0.0026117829234729526139  | 0.0057520906564381248452  | -0.010405743668209829766  |
653   | 0.006467288084539631228   | 0.0048067959805785237526  | -0.0014234168624629006238 |
654   | 0.0056060233951147142931  | 0.0080513444970305523413  | -0.0071207351027038380542 |
655   | 0.0051221245405372664572  | 0.0047783912039617414819  | -0.00050137158898869778768 |
656   | 0.0028038555246734735669  | 0.0028857443601232857754  | -0.00025368902706695509869 |
657   | 0.008176573623995793752   | 0.0091844964914272082812  | -0.012252899884509015765  |
658   | 0.0056204169435596822504  | 0.0083865921103072789411  | -0.0072772602889872263152 |
659   | 0.0081549084939587634241  | 0.0045185860161499943194  | -0.011105317241453638299  |
660   | 0.006384242622949658913   | 0.0016203921521890411132  | -0.016825938709822470252  |
661   | 0.0011013957186248538728  | 0.0042186187025492882102  | -0.010246669673683567181  |
662   | 0.0043380582553187831477  | 0.0081429264719048398413  | -0.0016127081410710921144 |
663   | 0.0077512078918635894664  | 0.0019665019551389937777  | -0.01534905883499775546   |
664   | 0.0044237785106225630677  | 0.0026504008546709713866  | -0.0069038359767859104957 |
665   | 0.0021956002613170845332  | 0.005701026239608997237   | -0.0024328466699141556261 |
666   | 0.0062665791860180650868  | 0.00093051102987384967311 | -0.015344941397225612609  |
667   | 0.0084164338063576968341  | 0.0020726347849099623945  | -0.0097071210194682854694 |
668   | 0.0055240308543551665602  | 0.00169326491734876107    | -0.0052619804945908997887 |
669   | 0.0091447339644842532552  | 0.0024862289990179257254  | -0.016114070155011761543  |
670   | 0.0020431583289830367728  | 0.0059258985842641021327  | -0.0074297812606727298146 |
671   | 0.0021834926806983531375  | 0.0079428296672686953678  | -0.016682852160991690216  |
672   | 0.0098970522896146499031  | 0.005846931749757039963   | -0.011872786630117501336  |
673   | 0.0080630407907643329712  | 0.0049273256161533563954  | -0.022153119588515342991  |
674   | 0.0072552655442177944184  | 0.002441362897997676959   | -0.010988976755500253629  |
675   | 0.0025518169559547872714  | 0.0040245678892012531555  | -0.019458744275480808344  |
676   | 0.002384860329025434867   | 0.0099245691671101463061  | -0.0027533392848447979691 |
677   | 0.006250900517005930461   | 0.0027854764338407283705  | -0.014078682234195838419  |
678   | 0.0024090969933917715136  | 0.0029064830013216633349  | -0.0020642064082370733397 |
679   | 0.0039169766059178982853  | 0.0074711796281913631784  | -0.0064556573287589324658 |
680   | 0.0015949950565870018877  | 0.0068375214808238434644  | -0.01330413887451290661   |
681   | 0.0040101014664670562443  | 0.0013994144305543750051  | -0.0058726438945611789122 |
682   | 0.0012794734567212633948  | 0.00086185701992806077344 | -0.011823407050258367967  |
683   | 0.0044703800487242983941  | 0.0053651362868345105206  | -0.0037867536421595329212 |
684   | 0.00062143635308612831924 | 0.0019908827578234492006  | -0.017280399905228029794  |
685   | 0.005949514464686557827   | 0.0017077409279289217613  | -0.020294098905917948295  |
686   | 0.005284942435886398962   | 0.0038045641769219144812  | -0.017523885276362172192  |
687   | 0.0080078645581219669997  | 0.0048669128288762342899  | -0.0088528700455031347771 |
688   | 0.0036139250221284596916  | 0.0071750712992850480126  | -0.0065136314007498133036 |
689   | 0.004940620115260290629   | 0.0066695876608313794595  | -0.0026666197333863619033 |
690   | 0.0063017025998366848344  | 0.00671846605107171823    | -0.010544273850593135697  |
691   | 0.0077863568770562656407  | 0.0044573723755703337571  | -0.010744653538233667547  |
692   | 0.0070341276176597664765  | 0.008244253071616249387   | -0.013968989188006916691  |
693   | 0.0075933061821919570211  | 0.0037632481871085290449  | -0.015910351847901231526  |
694   | 0.0077104967770661005447  | 0.0093845312023873792007  | -0.01205854088542789547   |
695   | 0.0047765367426910679965  | 0.0082336705232411537547  | -0.020309715947119482554  |
696   | 0.0020431903398215886872  | 0.0025759994272765251826  | -0.015580975414425447464  |
697   | 0.0063349799650671790793  | 0.0045102902134165285056  | -0.015845910413276129841  |
698   | 0.0019146032845622617397  | 0.008799686333738045152   | -0.015220025283459051244  |
699   | 0.0079641843186808811833  | 0.0010492665509236470678  | -0.012106703278204688362  |
700   | 0.0058392667751658829459  | 0.0019298888170854035067  | -0.0059855738431249961434 |
701   | 0.0050316669805060016546  | 0.0061655435862118367768  | -0.01819456746764148633   |
702   | 0.0053964519999046755769  | 0.0068111951663197920631  | -0.015569487065150648675  |
703   | 0.0040852347256405381962  | 0.0055249367407286115172  | -0.018825266296088667695  |
704   | 0.0028126275497784183725  | 0.0089153650109311879945  | -0.0084103646037016234482 |
705   | 0.002555041446274675717   | 0.0091567641604557350327  | -0.0039578268994365697203 |
706   | 0.00095735683193212456257 | 0.0082867590362772219903  | -0.020422080924601328233  |
707   | 0.0015552530212289375922  | 0.0082104736580591308748  | -0.020879987035720443123  |
708   | 0.0070598679664766322839  | 0.0044700507090208972671  | -0.0079091622047739364859 |
709   | 0.0046250492430131408608  | 0.0019913061350289723572  | -0.014280626662723077194  |
710   | 0.0057856151801231985032  | 0.0091895229735157665796  | -0.012010982472524609627  |
711   | 0.00063413855131747151259 | 0.0070932217341473959016  | -0.013924223155102850163  |
712   | 0.004537252671476015714   | 0.0051363968563287315527  | -0.020471034410719467916  |
713   | 0.00085589518591971437429 | 0.006035770678692918903   | -0.017259019708067941529  |
714   | 0.0011201289100438546927  | 0.0054229806806179144466  | -0.020958529814223841176  |
715   | 0.004655344813678351755   | 0.0090808477309286851631  | -0.017302177656475448836  |
716   | 0.00013369159357218201125 | 0.0075373121130804477882  | -0.013495310480362206554  |
717   | 0.0028873879321439591822  | 0.0089533431767984793942  | -0.0071152172501868175131 |
718   | 0.0043886333426860612422  | 0.0069298935507596942651  | -0.01189925169775776434   |
719   | 0.0092754150947810948269  | 0.0041953208015647110857  | -0.020157355465550214763  |
720   | 0.0066488465931521393074  | 0.0078680815760040125756  | -0.023115654899935250688  |
721   | 0.0069402395558676426707  | 0.0048858722940945458965  | -0.012591864043234455434  |
722   | 0.0021399154878702282036  | 0.0067103698548449707342  | -0.0054047447013895952295 |
723   | 0.0042149236915539570886  | 0.004919613316858902595   | -0.0084342751298326669451 |
724   | 0.00731662970841654315    | 0.0054406186230299934115  | -0.01297904499707059657   |
725   | 0.0087702750186827369006  | 0.0063561656709606520477  | -0.0093646820443184074917 |
726   | 0.0030615207115622369502  | 0.0071176648413403126314  | -0.0094478650698164492322 |
727   | 0.0033366476197439600207  | 0.0030381639746191488154  | -0.008469912493345060564  |
728   | 0.0049503379796173897776  | 0.00059041872250211835209 | -0.0027347441594384475777 |
729   | 0.0099407784856369550697  | 0.0062994723520233449066  | -0.013425516377969643617  |
730   | 0.0084540751696024919043  | 0.0028581381468515947714  | -0.0030936790016688770627 |
731   | 0.0058266410135394061665  | 0.0018481329526474942534  | -0.011201472313692360794  |
732   | 0.0043361528044348705141  | 0.0098786583940471336951  | -0.023155777615407758391  |
733   | 0.0080512037012867906233  | 0.0084534049024919399873  | -0.012413353606268688265  |
734   | 0.0050846525804507042637  | 0.0043985010978168075785  | -0.013012820320678991637  |
735   | 0.0045818109876137732769  | 0.00030982204243723955681 | -0.0056648373563182256168 |
736   | 0.0093308788217571769774  | 0.00028485363202953662212 | -0.0012876935730056925013 |
737   | 0.0061261982173900463022  | 0.0080194728537286846803  | -0.0090387081893297614027 |
738   | 0.0022921381268407679116  | 0.0072876655441637006733  | -0.016144529234864563039  |
739   | 0.0071415624744738019983  | 0.00081308513628829159111 | -0.021702570289874909687  |
740   | 0.0066029222119574782629  | 0.0033508941346637290473  | -0.018399828113155731329  |
741   | 0.0017515730045057755025  | 0.0068664430058110112465  | -0.0028316701048372318848 |
742   | 0.0008309852772008222057  | 0.0046453295187839577576  | -0.0019451291884586617391 |
743   | 0.0036017835195187161354  | 0.0047341340844334845947  | -0.02056397024786179098   |
744   | 0.0089153687671300572981  | 0.0049868623896839230428  | -0.01320554437721190022   |
745   | 0.0016671632027285660741  | 0.0064434543696566563484  | -0.014778470373216598399  |
746   | 0.006826084583391714769   | 0.0036455980145163203315  | -0.0037126779584043547409 |
747   | 0.0046034913086884935232  | 0.00059720035953042776948 | -0.0088038676056789218899 |
748   | 0.0086014110491753476007  | 0.0031727327968716590931  | -0.01423281113408430068   |
749   | 0.009965225251566215206   | 0.0041493426866937646591  | -0.0165335084914633966    |
750   | 0.0080674754960744637922  | 0.0019063857845935481411  | -0.0045078767410516237812 |
751   | 0.004512458509218246136   | 0.0067745420968477847168  | 0.00084718433066968419198 |
752   | 0.0020304875697831920728  | 0.0087038352143788237647  | -0.012224960921540687503  |
753   | 0.0073596220313192888679  | 0.0089702940155007779288  | -0.0053179621712016447374 |
754   | 0.0059901678202377963214  | 0.0080451319956973254416  | -0.0063783762599935074633 |
755   | 0.0013777831917430698183  | 0.0081228184886074968757  | -0.00925532473318023928   |
756   | 0.0084776868208706959718  | 0.0091078587318051164312  | -0.0069317276594030629092 |
757   | 0.0063796278430069807558  | 0.00439757594825298994    | -0.01490803690888417056   |
758   | 0.003102638685580922772   | 0.0023353729198036369576  | -0.015032768821210835616  |
759   | 0.0042170250173157149479  | 0.0099691398229411858078  | -0.0091269298444370070694 |
760   | 0.0015349400434654606601  | 0.0095973758129544242679  | -0.010874632821255817219  |
761   | 0.0033726305274019508298  | 0.0088255800537113612836  | -0.016868978100927117109  |
762   | 0.0079243188294734392269  | 0.0037754763793254623658  | -0.010911634042594178101  |
763   | 0.0081485790492185836142  | 0.0040077635164976962989  | -0.010599743895833230525  |
764   | 0.0065248581904551244612  | 0.0050623811284889134315  | -0.01267780346259805152   |
765   | 0.0019791282365960098481  | 0.0050135619446748371994  | -0.0085733127592794722283 |
766   | 0.007720113635301522996   | 0.0068496738488838145031  | -0.021131906154101483958  |
767   | 0.0052922201616480831973  | 0.0020640924542097288663  | -0.014275958170788062562  |
768   | 0.0036037207288727693584  | 0.00052199035595552401631 | -0.016087585087114469884  |
769   | 0.0014631092010451941451  | 0.0056411740818173060699  | -0.0086194054611801757676 |
770   | 0.0010496921793452140999  | 0.0089088669979727683201  | -0.0036626490282180234302 |
771   | 0.0071743481236471087076  | 0.0062314945663746630633  | -0.006081125151136064326  |
772   | 0.0029468789190992147019  | 0.0094780587699327938783  | -0.021271965429353202615  |
773   | 0.00051625312467064527269 | 0.0019014873607967582372  | -0.0056808801152843880697 |
774   | 0.0076304846130407170263  | 0.008893596678435030517   | -0.015136897063972433106  |
775   | 0.0085033076896436580322  | 0.0041014418105373533219  | -0.012018170147190242528  |
776   | 0.0032517648924716507051  | 0.0056501570302022801826  | -0.016142872650321833661  |
777   | 0.0086319936764727225875  | 0.0051969161370673915001  | -0.0036555223761739886849 |
778   | 0.0019748670667710894674  | 0.00011229488492605718838 | -0.0021358797241454877472 |
779   | 0.0049089172805996516419  | 0.004322818898044156373   | -0.005491064746256638443  |
780   | 0.0077728306759020961147  | 0.0061878715636050143911  | -0.01629984467952877436   |
781   | 0.0020898327795039520725  | 0.003327467456659353312   | -0.0037125009195857427112 |
782   | 0.0016954382405334536815  | 0.0032365503233310909982  | -0.018935855765736635259  |
783   | 0.0029954411028683164582  | 0.0055983773749683123436  | -0.0036660904538032361953 |
784   | 0.0082655233314531100647  | 0.0037382150706547633175  | -0.015709398037153033539  |
785   | 0.0014465763782131376564  | 0.0006041695405247251259  | -0.013144963023379994949  |
786   | 0.0041085523561048596999  | 0.0064990822159118801643  | -0.0086876015977503037724 |
787   | 0.0026362829072036570235  | 0.0011389119342691935224  | -0.0014526489744622651801 |
788   | 0.00084078006402923120052 | 0.0060903365678699247082  | -0.016031670048839662818  |
789   | 0.0053294974498725132539  | 0.0052547478699101982796  | -0.018581132978556742785  |
790   | 0.0049109615970996346387  | 0.0042258955645594169226  | -0.012387263724113233704  |
791   | 0.0012767672443127571404  | 0.0090984907274418193313  | -0.019031984030248388917  |
792   | 0.0032628846313889916207  | 0.0022734235524214121103  | -0.0059332708086792824292 |
793   | 0.0061980821370858640851  | 0.0015633181458923281221  | -0.0025262801469420142174 |
794   | 0.0094042172299137853642  | 0.0061207216166232359528  | -0.023491655521122204592  |
795   | 0.004175315179800755637   | 0.0070185279257719062826  | -0.013310090421965041149  |
796   | 0.0046703327448317363477  | 0.0067321314659205943459  | -0.0036403263193868196611 |
797   | 0.0019570009470527265777  | 0.006668322051321831298   | -0.013062531256075921374  |
798   | 0.0029531132822858342964  | 0.00052999804638663721053 | -0.0020282765735513824668 |
799   | 0.0070024121004600642718  | 0.0024062285738113550412  | -0.019431847820350518774  |
800   | 0.0070103956684383029671  | 0.0080214348196208911518  | -0.0099230809908919508783 |
801   | 3.183377156856012619e-05  | 0.0020475473610376605273  | -0.0033991582473894203613 |
802   | 0.0031114799941649360325  | 0.0095483827704316466545  | -0.0098245318986681338946 |
803   | 0.0079316794590573828916  | 0.0083739074130745171781  | -0.0058773979133667350258 |
804   | 0.00089628700835527258875 | 0.0039770100309326457746  | -0.019140563351153012245  |
805   | 0.0028641158286681661811  | 0.0040453044603996398537  | -0.010830826597944811715  |
806   | 0.0023928067855288302768  | 0.0039139069834050015106  | -0.0040060039679747083685 |
807   | 0.0019418441379725579366  | 0.0081976523045157439346  | -0.0024998164224369315463 |
808   | 7.6151369040291499849e-05 | 0.0021798704452451324147  | -0.019782450281652097512  |
809   | 0.003115343086620476435   | 0.0041842583968199420844  | -0.013938618788924363179  |
810   | 0.0070391756762946677828  | 0.0035170464155198466298  | -0.0027072884694059281586 |
811   | 0.0075286097825335461173  | 0.0027110899833232356311  | -0.022593199216599229445  |
812   | 0.0083848128599597563509  | 0.0049652874708050907457  | -0.017917490846145561062  |
813   | 0.006262301361544386942   | 0.0046596431662282019812  | -0.0061045449037154132094 |
814   | 0.0045118279331037769095  | 0.0075151460707950507034  | -0.016055615825296670057  |
815   | 0.0042013141916150721633  | 0.0036006200726662928105  | -0.015463425954204051971  |
816   | 0.0032336815706262129165  | 0.0041063429455802146276  | -0.015508188117293691261  |
817   | 0.009066341988376837302   | 0.0015006148761285992982  | -0.0040992868976185660099 |
818   | 0.0076631531019369170457  | 0.0053255124860100830006  | -0.0045391121759847143091 |
819   | 0.0033604659719279985665  | 0.00593649663584428465    | -0.0080664858231023761626 |
820   | 7.3964686347586917447e-05 | 0.0015384968180574517312  | -0.0098943620466961906129 |
821   | 0.0066343371308001082912  | 0.0095566901657463034642  | -0.005363695302680518591  |
822   | 0.0023278346663084198767  | 0.0066608743662353630047  | -0.0086012516318592774356 |
823   | 0.003297193948663619794   | 0.0026074125737017609349  | -0.021598394044215755982  |
824   | 0.0058901399991594756075  | 0.0016941005412890773954  | -0.013264407287494329318  |
825   | 0.0064516696009720058205  | 0.0056329098387592089689  | -0.016196551343082402769  |
826   | 0.0076947378540841238417  | 0.006899110730318825345   | -0.01555850829070606553   |
827   | 0.0090309752713208617247  | 0.0073709886408254475867  | -0.0019936532422315470653 |
828   | 0.00012668529908818848507 | 0.0050274437391308792605  | -0.015529626719929360418  |
829   | 0.0012296069367924750311  | 0.0073531270359908250042  | -0.0068330471965171377113 |
830   | 0.0028146172610642719233  | 0.0039292904597124497443  | -0.0025813343993243984334 |
831   | 0.0039048888536031131288  | 0.0076186694622788625475  | -0.0010857257745553324738 |
832   | 0.0054545825324900029663  | 0.0023298280123824261813  | -0.0082556595866835596337 |
833   | 0.0090553563445265015941  | 0.0048339377702604638745  | -0.0054686297034354045682 |
834   | 0.0047355368199388713987  | 0.007906918066809548104   | -0.01944985713928789467   |
835   | 0.007510216998854388204   | 0.0094510174414079977517  | -0.014616032478650592408  |
836   | 0.0098705772416086585974  | 0.0010967596713298780747  | -0.0082177166036733265142 |
837   | 0.0081039666402496542824  | 0.0026914419441651424823  | -0.0069276674459743661436 |
838   | 0.0066023449967980516601  | 0.0013526600136373326862  | -0.017752344139312356552  |
839   | 0.0067451520096384401382  | 0.0027020431400381792961  | -0.0024701497737495948202 |
840   | 0.0092182336325207451383  | 0.00052344373061402930079 | -0.0072880308063501932428 |
841   | 0.0064175558671430007682  | 0.0011625788676945397488  | 0.00053212926031195233265 |
842   | 0.0028896462932893256063  | 0.006555921176325982605   | -0.002507174922069504118  |
843   | 0.006578390801519525162   | 0.0073699027840158498615  | -0.015259314943188278732  |
844   | 0.0038334884958303445772  | 0.0012394361821970920588  | -0.011248190286779691932  |
845   | 0.0096509232108961014174  | 0.0024895867815819131344  | -0.00026345740473111969393 |
846   | 0.0086339461354155554867  | 0.0022875975415702336918  | -0.0059872765832553413029 |
847   | 0.0092564126332911941114  | 0.0074898638805190329362  | -0.0084197257983702374073 |
848   | 0.0043743714041597518347  | 0.0015210663789709585186  | -0.00071181381187600061521 |
849   | 0.0062876773098747397797  | 0.0051482979650996048629  | -0.00029279073327439472966 |
850   | 0.0040860196633125097157  | 0.0035631051478878690564  | -0.0098890656553322995453 |
851   | 0.0050239347242950864458  | 0.0067511835079767570228  | -0.019373890022001981348  |
852   | 0.00514436624096365272    | 0.0088340152261793362942  | -0.012544363200651754975  |
853   | 0.0092885262659265187268  | 0.0031624521530777887843  | -0.013811423736109575827  |
854   | 0.0079833772696342487907  | 0.009317276666289921877   | -0.0057007561344674991671 |
855   | 0.00015604315042473370094 | 0.0037350794933443212144  | -0.0017009252658225634466 |
856   | 0.0098423262703208769936  | 0.003142646992378686846   | -0.0042381269874168861489 |
857   | 0.0081961523022083572487  | 0.0076411079505125621691  | -0.015617512128247237543  |
858   | 0.0054867438661113966669  | 0.003058584393008213255   | -0.0067352619330389744065 |
859   | 0.0020294889932764045674  | 0.005367515865243480816   | -0.012410616352977018456  |
860   | 0.0077236046951318420781  | 0.00075154092473782513686 | -0.00641021213033442748   |
861   | 0.0011563413666914616664  | 0.002407467036226163936   | -0.013840356327145092105  |
862   | 0.0088408624001091173916  | 0.00067627360441245543653 | -0.020313719925295140034  |
863   | 0.0011636591642409273295  | 0.0073060002197008573274  | -0.0034027240929959691983 |
864   | 0.0038677494373898723377  | 0.0045151555032577703891  | -0.0090038690570442090483 |
865   | 0.0057545892936567916501  | 0.0042431767660221515054  | -0.0029959128706362643524 |
866   | 0.0053337613835167056037  | 0.0096680660969122780152  | -0.0084382436861859030225 |
867   | 0.004993280987315676378   | 0.0057970836155800970629  | -0.017831514367020441514  |
868   | 0.0069020061439489894736  | 0.0078526532140427100087  | -0.008174699185772821286  |
869   | 0.0037062385140797953799  | 0.0049583339421344170203  | -0.016892174232247082061  |
870   | 0.00018470348945690267129 | 0.0037576822366847937619  | 0.0002395468120176199602  |
871   | 0.0081255412612598592464  | 0.0017660966574521443605  | -0.020925415754657530204  |
872   | 0.0039780162298756671299  | 0.0022548880267160269913  | -0.021461931371692697518  |
873   | 0.0077451338189476115134  | 0.0034411370764797426063  | -0.020192361687434417367  |
874   | 0.0058176877219810671504  | 0.0014152004874881363682  | -0.0012691249868020581994 |
875   | 0.0064689186914215057039  | 0.0064278157180074364102  | -0.012929395485436603885  |
876   | 0.0045134317804382140943  | 0.001584300122040224355   | -0.0057402956347698784467 |
877   | 0.0011328753049777277352  | 0.0053118991190118612644  | -0.008539417644116573114  |
878   | 0.00041570474336547256046 | 0.0034414697565149114308  | -0.023176450746934137287  |
879   | 0.0056001777845547055096  | 0.0080528296746563109154  | -0.0081785976899249948624 |
880   | 0.0061482705133878608195  | 0.0055759634548316018218  | -0.0067418860471250650207 |
881   | 0.0043078386081976558983  | 0.0045005796290287407649  | -0.012046020227571656996  |
882   | 0.005496369032809788821   | 0.0059488077644194413407  | -0.013682729636151139824  |
883   | 0.0074764638626144564598  | 0.0054391153265599062952  | -0.0059765704611284727055 |
884   | 0.0081536556932799535147  | 0.0093221156027564477942  | -0.019456843233215496969  |
885   | 0.0095372535319952905786  | 0.0014644336296396717918  | -0.011242671648198193993  |
886   | 0.0044397199995172918069  | 0.0050846311561307359905  | -0.006325626745427835769  |
887   | 0.0024785066726056037036  | 0.0016692419969506246125  | -0.020699010355589155669  |
888   | 0.0078101287043877941352  | 0.0030786907067927799311  | -0.013869814655126341471  |
889   | 0.0036831715581654069641  | 0.009653733811320189262   | -0.017858809764570167389  |
890   | 0.0054568675815668725784  | 0.0070803878486656339139  | -0.022399636342375132264  |
891   | 0.0039299927260918743332  | 0.0063641117747727116855  | -0.0032089048492009056117 |
892   | 0.0057632538667174437741  | 0.0090937484619783622714  | -0.0090465417833675235842 |
893   | 0.0062508230116733211335  | 0.0048681837470337637266  | -0.0086085630516710611587 |
894   | 0.0066048368457440088941  | 0.004820330551064342002   | -0.0010200311381776787367 |
895   | 0.0045503475290650432367  | 0.0075603577979632434133  | -0.010070779540186793055  |
896   | 0.0021758280089862673361  | 0.0014807996380807723381  | -0.020601934805689794961  |
897   | 0.0090602028934873724692  | 0.00036458959880391456337 | -0.014978346878096846992  |
898   | 0.0023565336535672090981  | 0.0042478686421831557407  | -0.022368867078287925365  |
899   | 0.0019075953858324092016  | 0.0040634230570788694437  | -0.014453380300589735441  |
900   | 0.0051526274488389008435  | 0.0084215514612570666064  | -0.017548983694722228299  |
901   | 0.0051039859035199239279  | 0.0071997877895648215371  | -0.017866272945946150286  |
902   | 0.0052442283956487915908  | 0.0010173406140158746443  | -0.0079513760133262355312 |
903   | 0.006167556567454195865   | 0.0070115892227679988552  | -0.0071923242427875963903 |
904   | 0.0038049928010167816464  | 0.0093456819287036467514  | -0.020429567826498351568  |
905   | 0.0072769035662230800721  | 0.0065902430972278004326  | -0.013735746146922704972  |
906   | 0.0079553721721619344992  | 0.0039642150363503724647  | -0.020320238748035516357  |
907   | 0.0036823692794442338186  | 0.0085827782231114660427  | -0.00075471575049964494727 |
908   | 0.003239651082431520019   | 0.0047963500888997395721  | 0.00084267304562273535364 |
909   | 0.0065541761114290050111  | 0.0030328225842633665423  | -0.00044605104276908069194 |
910   | 0.0032033600566553593718  | 0.006801273684420457849   | -0.0077317199115408286741 |
911   | 0.0097135143498355211444  | 0.0084207717738930178836  | -0.0029419869855581716987 |
912   | 0.0088498998175542201161  | 0.0043964801243845091222  | -0.0013574709948474511078 |
913   | 0.0060064521597603800704  | 0.0050377284431928816971  | 9.9591405866035525229e-05 |
914   | 0.0027505132946243565986  | 0.0041334561878335679061  | -0.010947172088326434514  |
915   | 0.0043482492861755166549  | 0.0033936333417132211535  | -0.01864059286275539587   |
916   | 0.00047700971837292698062 | 0.0035264652843686621932  | -0.022765835380817389666  |
917   | 0.0029674790167836693697  | 0.00048765020710020212181 | -0.019205114037874934652  |
918   | 0.0027134609516107745589  | 0.003346248826948878749   | -0.0025329446025551308717 |
919   | 0.0020512568046878467375  | 0.0071525435518323592435  | -0.023057334149310101251  |
920   | 0.0085430108539592576611  | 0.0092397460757747667398  | -0.0077785624834587376031 |
921   | 0.0033360340774916457871  | 0.0037377717902057640796  | -0.0026501760514196738214 |
922   | 0.0057981769752931408904  | 0.0029473078395163966429  | -0.007880761160081394337  |
923   | 0.0056503236621222620306  | 0.0077411033636307323424  | -0.0072714767597825092846 |
924   | 0.0007655160286727922701  | 0.0075586593518798218458  | -0.0085098783547650110048 |
925   | 0.003818147393537584932   | 0.0038780158034862721554  | -0.021043686593805652901  |
926   | 0.0064625351531666487895  | 0.0011865505175731891428  | -0.023355688986226145337  |
927   | 0.0014061078479599899583  | 0.0067351272623293705066  | -0.0080858487959410679097 |
928   | 0.0041365601961124891586  | 0.0092156455078982006668  | -0.0097139117367302449391 |
929   | 0.0074196120656326546017  | 0.0066500234285550600608  | 0.00080348332857468809237 |
930   | 0.0062743114857151489547  | 0.004122059093105882345   | -0.0055323425042977129526 |
931   | 0.0048726209997798130072  | 0.0018310243811367750248  | -0.01992197004799422036   |
932   | 0.0085556089078032259571  | 0.0053535066197894064927  | -0.0044974432032813000532 |
933   | 0.00057203327228356635678 | 0.004191748927677285165   | -0.0050519866966827337018 |
934   | 0.0033032275957350222366  | 0.0073192945829952558642  | -0.014496547440627595427  |
935   | 0.0025329866864792468031  | 0.0072032625319468582964  | -0.01850348596765303763   |
936   | 0.0029480441631600665456  | 0.0024916768303369315508  | -0.020475122739384676862  |
937   | 0.0030785130342997585155  | 0.0062259529413744990611  | -0.020204775912503223495  |
938   | 0.0062032820231482203865  | 0.0026420974633202874531  | -0.01679203117086263547   |
939   | 0.0053246918883276218512  | 0.0036785120057331601416  | -0.003014531078778570454  |
940   | 9.3236670647160716408e-05 | 0.00022397423612587850092 | -0.02074276624010588238   |
941   | 0.0006976342802107001655  | 0.0038613030656098556136  | -0.00028960462694402414876 |
942   | 0.0017861803053140798501  | 0.0033465380650891402708  | -0.010772365919645207968  |
943   | 0.0061494898679932260763  | 0.0082736746794530528076  | -0.0016568924510678034213 |
944   | 0.0092380330857981477616  | 0.0072768355085668159909  | -0.018818131438837287783  |
945   | 0.00093178280098836778651 | 0.0070855999833947464275  | -0.0071042192966792880662 |
946   | 0.0074698065925108978261  | 0.0046787002493072025328  | -0.022517328769542561268  |
947   | 0.0083747646252795484439  | 0.0074876225109397100133  | -0.0036349120642736681107 |
948   | 0.0080859600952495128134  | 0.0066668647080701491647  | -0.019136445913270336283  |
949   | 0.0061369577141726014413  | 0.00061879057359595938861 | -0.018288641253765860334  |
950   | 0.0056663158945993840482  | 0.0085833390023311185307  | -0.014089365737819700697  |
951   | 0.0038931288686259676347  | 0.0057889599587673786288  | -0.0043503821606274903355 |
952   | 0.00024957545169252440221 | 0.0067577681052547466933  | -0.018356424684765917238  |
953   | 0.0078103715654596504378  | 0.0064498596511807686563  | -0.02294046141108074463   |
954   | 0.0027155195975313694418  | 0.0016133109364183887552  | -0.0091543997787014736583 |
955   | 0.00349465882182571283    | 0.00034331832625925009367 | -0.0079321904298215728524 |
956   | 0.0062477131328569695742  | 0.0031367031498267792557  | -0.011901003019042998357  |
957   | 0.0070619546761210693492  | 0.0054189373537609740461  | -0.015117639862846166468  |
958   | 0.0063964020033766035012  | 0.0087873302614039101172  | -0.011477429068424816958  |
959   | 0.0020351879128590278853  | 0.0097108601213241538264  | -0.011474941155664058687  |
960   | 0.0035693420909707600924  | 0.0047840435838744366226  | -0.0064189497882108127735 |
961   | 0.0032751518179142914342  | 0.0074391413412990695445  | -0.01845876579633625586   |
962   | 0.0071458978434451288567  | 0.0042467005593013760004  | -0.011023138620113609801  |
963   | 0.0061474254156990816925  | 3.595609470993159449e-05  | -0.01732898790438501882   |
964   | 0.0040709795324566401542  | 0.0066271257028829881272  | -0.0099862313057506001124 |
965   | 0.00038222132897568428462 | 0.0090203240642243182751  | -0.021131984293585964058  |
966   | 0.0074664885835952765625  | 0.0099966082034179514632  | -0.0081511567394349226934 |
967   | 0.0030733755395216948332  | 0.0054870685956261338115  | -0.016591832465543444874  |
968   | 0.0047329324110926248095  | 0.0017142904600432483288  | -0.00165495441818505791   |
969   | 0.0063535808551251219192  | 0.0016714659010248760374  | -0.022236228099562597993  |
970   | 0.0031475356619261162655  | 0.0031971596724558902156  | -0.0094525143474928699505 |
971   | 0.0088112751363747729427  | 0.007128507254942186358   | -0.016457735292855085046  |
972   | 0.0071838362788016196792  | 0.007213896753184269317   | -0.014341148649980725235  |
973   | 0.0055304067116823032307  | 7.2631426199230546682e-05 | -0.010665492495076542637  |
974   | 0.0069565296329392196234  | 0.0025561090574970440036  | -0.02069741311086015223   |
975   | 0.0012044354507282967106  | 0.0034337750955249126544  | -0.0095901853747519839877 |
976   | 0.0021410756906250377231  | 0.007435398893390364472   | -0.00021075207112763977941 |
977   | 0.0066060975313866916042  | 0.0084868499183322083229  | -0.005861602687382424029  |
978   | 0.0064019961850571988071  | 0.0049339461291484669123  | -0.01224384635288243775   |
979   | 0.0083780173822546651768  | 0.0014037411427629436275  | -0.022928331743707352358  |
980   | 0.004269833672980156633   | 0.0064043832282141659185  | -0.017414563130326198709  |
981   | 0.009491845595753422779   | 0.0016871651692214172796  | -0.019100475885271209209  |
982   | 0.00045966533193828436549 | 0.0068191654844973427149  | -0.0060929170328643039375 |
983   | 0.0046821061212970124799  | 0.0070813999396794986493  | -0.016632700441903389144  |
984   | 0.0041994039813745527925  | 0.0059198139822287014836  | -0.017799000247372801647  |
985   | 0.0097167322713707163229  | 0.0015142645908821279234  | -0.018170186203552898124  |
986   | 0.0012488870696612897147  | 0.0057298621299176309696  | -0.023246993887121737699  |
987   | 0.0066545138276737723221  | 0.0059929639207011260391  | -0.01705129022025082125   |
988   | 0.0038715582606100224818  | 0.0091667950160721264202  | -0.0034018095138522467732 |
989   | 0.0017954830140750083645  | 0.0025595860157967970094  | -0.019867140254009742206  |
990   | 0.005119103155930930342   | 0.0042539367436213882528  | -0.013438615928726414459  |
991   | 0.00082328403304381613751 | 0.0099684768141701796118  | -0.021364617099878382284  |
992   | 0.0022228829374509157489  | 0.0098472816076340518449  | -0.00027348265496626305042 |
993   | 0.0016292609633075539471  | 0.001295051159509809412   | -0.0015090884655468270095 |
994   | 0.0087199884117231535319  | 0.004680052436703984256   | -0.0081070451894302460183 |
995   | 0.00038805707509884638682 | 0.0009390851136629676946  | -0.01447113692932749246   |
996   | 0.0078091946576044554695  | 0.0099702055920723679089  | -0.015071232264203635043  |
997   | 0.0057062986717541864037  | 0.0091528969222735116762  | -0.0013678345145308793383 |
998   | 0.0084275638813260129317  | 0.0035842386037290290164  | -0.011143513002000279138  |
999   | 0.0034500753402580777197  | 0.002491768880882844206   | -0.004023790176820811644  |
