N			X			Y			Z
0     | 0.0057460437858613908763  | 0.0097619495598009527887  | -0.0051073445508435814585 |
1     | 0.0047996643355726507571  | 0.0090535836797888229188  | -0.0033241778084812522061 |
2     | 0.0030493013091472710718  | 0.0067345459765490592666  | -0.0096419803838719408268 |
3     | 0.0036958738249634392678  | 0.00098481945519144405837 | -0.011585324705487147143  |
4     | 0.0047467480799685407566  | 0.0014716498001350638951  | 0.00093489396431581297392 |
5     | 0.0065919159037348901489  | 0.0010461854695926820543  | -0.0043118791398720221833 |
6     | 0.003223138915715855965   | 0.0079627595255815242919  | -0.014403440169407174046  |
7     | 0.0059510254175975645791  | 0.0015975835982768563006  | -0.016483015419288638698  |
8     | 0.00086149817056588729857 | 0.0071763356309350722489  | -0.0047912459897226271702 |
9     | 0.0035756065308694194409  | 0.00072271347104079690718 | -0.010652660355598846803  |
10    | 0.0077867356244676428842  | 0.0030237787476409222313  | -0.0023384608048570331221 |
11    | 0.0044668624729453315983  | 0.0082108140156394952142  | -0.0097101053358592571974 |
12    | 0.0030980633525670943015  | 0.0036857426238349482069  | -0.016883731351938040255  |
13    | 0.0086421656962448727829  | 0.0069983273399483085855  | -0.0095483548853816605645 |
14    | 0.0058453065838478196828  | 0.0094010256837178413775  | -0.0035279568138776749506 |
15    | 0.0040003559456581157597  | 0.0064705373801731405278  | -0.0084734429559758378536 |
16    | 0.0032653865398613790214  | 0.0084111976520774168337  | -0.0037561200522943480502 |
17    | 0.0014809869118462539936  | 0.0088935332689772730874  | -0.011845927138829067185  |
18    | 0.0046068058863286799956  | 0.0097859587699391081123  | -0.012572832719908772284  |
19    | 0.0065255575785945112502  | 0.00078617774964198042665 | -0.010878408592330853638  |
20    | 0.0041759701163985394473  | 0.0032207013956337747322  | -0.012815100734596253026  |
21    | 0.0084385419585194295505  | 0.0047893811048816343004  | -0.007687918532850963188  |
22    | 0.0062342821834049993654  | 0.001843241030940982652   | -0.0055293219791131779234 |
23    | 0.0059828450550926176241  | 0.0065706090638917137928  | -0.012464909502775411293  |
24    | 0.007937291634984683722   | 0.0007703447168013572658  | -0.0011043913238137650044 |
25    | 0.0076264329528857137397  | 0.0018189522524001352794  | -0.0019152119486709412791 |
26    | 0.0029218119886997764162  | 0.0091648912206911629236  | -0.0069971743553980461638 |
27    | 0.0029284334563438457755  | 0.0046565750830215553793  | -0.011987076699709940317  |
28    | 0.005273774179553786072   | 0.0073164347359795699546  | -0.015305555902339331928  |
29    | 0.0044193729556067547215  | 0.003261153846194361685   | -0.013161145449776317715  |
30    | 0.0053947497353633152781  | 0.0019579719223426776849  | -0.012715525553783345661  |
31    | 0.0040773801364355479956  | 0.0024210652815631530238  | -0.012335937407273643573  |
32    | 0.0027947025394020105077  | 0.0054602577190063549331  | -0.0082469752964973754017 |
33    | 0.0019582132886496097374  | 0.0091418242854740486975  | -0.0028840005583669705604 |
34    | 0.0036201595105695124135  | 0.0081186170300224860807  | -0.0021071508786986484739 |
35    | 0.0009395925365321402753  | 0.0055597823912301100324  | -0.013853708946220530049  |
36    | 0.0093356471875414622635  | 0.0096938702471759327639  | -0.011979326559689707984  |
37    | 0.00017139390905630697286 | 0.0054707495597204015489  | -0.014710930178186015088  |
38    | 0.0060487090503191041219  | 0.006783880176987329251   | -0.01200660638391653004   |
39    | 0.00075781333477347324196 | 0.0031992112150289585965  | -0.014782500999769000727  |
40    | 0.0060341513331911567075  | 0.0032641896061832331895  | -0.014176373704440900503  |
41    | 0.0077213427777934372578  | 0.0044032801401069007752  | -0.0098097666462744360222 |
42    | 0.0066930023690974513664  | 0.0093052885678333811109  | -0.0032884643347396488172 |
43    | 0.00054854424030403197473 | 0.0029950424102252550841  | -0.004207300757356131557  |
44    | 0.0023635727169225915871  | 0.0066019812960463591239  | -0.0037496821895181961168 |
45    | 0.00059407802650258219237 | 0.0026406088958343069267  | -0.011386911734995727036  |
46    | 0.0035327400574711865892  | 0.0016465618091059223971  | -0.0061376311392434285824 |
47    | 0.0033978098668528255305  | 0.0031791254928899546385  | -0.0056071552804567844838 |
48    | 0.0049129909499353316762  | 0.0078947167684744867094  | -0.0019465488116392109033 |
49    | 0.003612418473785362124   | 0.0060573600895776841604  | -0.011447082381665224515  |
50    | 0.0044916068283902795336  | 0.0069876031262095820648  | -0.014266934236196571195  |
51    | 0.00077308796112469631637 | 0.0065759110876154325265  | -0.008966985707017722379  |
52    | 0.0036223789633738566994  | 0.00533238090007725693    | -0.0074890618698645727153 |
53    | 0.0088907451116851648337  | 0.0081236630551617654977  | -0.012225204816538220651  |
54    | 0.001637796132990332245   | 0.0057773460947201718541  | -0.0064478281522356382244 |
55    | 0.0054066871724986328637  | 0.0089082388261873899499  | -0.0044944420490832994591 |
56    | 0.0087103760647769777614  | 0.0037885997393981634893  | -0.010797109299179446021  |
57    | 0.0029478942194035755511  | 0.0084340339722311259696  | -0.0029216494632362658736 |
58    | 0.0018851807671969385456  | 0.0093650179837638028446  | -0.010057362687328369813  |
59    | 0.0053631124688129864359  | 0.0076760147512891369059  | -0.015034244216678630326  |
60    | 0.0052579799051190347081  | 0.00010761672484242430347 | -0.012572653133140352516  |
61    | 0.0076496634469426635569  | 0.0062134661517569550471  | 0.00061471407698720451768 |
62    | 0.0069682841951893698118  | 0.007195717811947180409   | -0.011634672003529319614  |
63    | 0.0083000747676457136554  | 0.0099323109933977162672  | -0.00084291326579047300312 |
64    | 0.007124115404077201695   | 0.0073109741126501622335  | -0.0059874277920483557486 |
65    | 0.0065096386901166893718  | 0.0085275911214784810843  | -0.01165394723903494939   |
66    | 0.0019698049108329983466  | 0.006464234922665621115   | -0.015886894906778213643  |
67    | 0.0057560111040134438048  | 0.0027897107362113361846  | -0.0083234759337355804926 |
68    | 0.0017680878233990446943  | 0.0075223203940499158357  | -0.003897027145150460184  |
69    | 0.0013481096467454424699  | 0.0059364563949535712611  | -0.0088307403107080895827 |
70    | 0.0088420168246792600619  | 0.0051330879345270639599  | -0.0032378305283977488679 |
71    | 0.0090542050701086628645  | 0.0075153296918768755161  | -0.014470705740803039077  |
72    | 0.0067940619351471833245  | 0.008272855754452922844   | -0.0050945908712483837372 |
73    | 0.0021810366173778844047  | 0.003539559590500819964   | -0.01307603232636655663   |
74    | 0.0041464805687529719333  | 0.0066098409365728119993  | -0.0064031289345053855194 |
75    | 0.0073010990828228988433  | 0.0005161937175445867592  | -0.015665960782675236729  |
76    | 0.0060288040939620790234  | 0.0015844471185489743519  | -0.0041045331351565331537 |
77    | 0.0044758980511408674383  | 0.0047470087012300050955  | -0.0010818032453820210139 |
78    | 0.0054669292792379527851  | 0.004457433661013634682   | -0.0058033220615277998633 |
79    | 0.0041814307448117780941  | 0.0067725000974494407521  | -0.010460724429506938066  |
80    | 0.0016855841780953253334  | 0.0040880236730469607029  | 0.00066935918633073600986 |
81    | 0.0078813666181028960156  | 0.0014203797080284852761  | -0.0030040544688058751222 |
82    | 0.0069045451414128005199  | 0.0047697747302427630223  | -0.015500031469170496776  |
83    | 0.0051610161266174925734  | 0.0069159394837010447835  | -0.0032521565160975192919 |
84    | 0.0096307963829462793492  | 0.0021407501736626284063  | -0.0032298610713760961093 |
85    | 0.0028554914958289039084  | 0.00037001267542337339328 | -0.0084728112172462646118 |
86    | 0.0017512806496844568645  | 0.0048184515312583910823  | -0.0082939116290621558297 |
87    | 0.0036670404322886327245  | 0.0067775362653059671031  | -0.017024576526454067438  |
88    | 0.006010455779528431873   | 0.00072197000391190503492 | -0.0041951843266680001812 |
89    | 0.0093401627146244732558  | 0.0070597439239460189203  | -0.0098694715209736265382 |
90    | 0.0040991365822702768851  | 0.0062161333517589721989  | -0.014736460032907234066  |
91    | 0.0049438069271677421296  | 0.0024644625043646825602  | -0.007476497902186227118  |
92    | 0.0082663792948496402774  | 0.0073725496994746968563  | -0.00328024349555783995   |
93    | 0.00091778254966475166475 | 0.0074756243181051560895  | -0.0045496570547949016089 |
94    | 0.0052613623765342364125  | 0.0076438193849202333216  | -0.015843981554543064283  |
95    | 0.0045411201941106902474  | 0.0096527021017135169328  | -0.0067578807806947353842 |
96    | 0.0013751425574096861042  | 0.009787736144592428314   | -0.0023141743751761054658 |
97    | 0.0056342872583249091825  | 0.0049365739588178789155  | -0.0014561593954694929294 |
98    | 0.0099536972754210150532  | 0.0050719095910929466037  | -0.016372218543973606625  |
99    | 0.0044947173854335458268  | 0.0072987707455086179437  | 0.00024960141082196098811 |
100   | 0.0098323777352919694561  | 0.0048441020886568928946  | -0.012235680365218166987  |
101   | 0.0063396570904470416277  | 0.0069274313019988464565  | -0.010266356579719977671  |
102   | 0.0060209594001465237614  | 0.0056065884360615263204  | -0.010643464429658140713  |
103   | 0.00013345873755401410111 | 0.0084215307153432360232  | -0.0050331617737642666069 |
104   | 0.0031832080760136427337  | 0.0077391321443350579237  | -0.005750068722996692569  |
105   | 0.0086233224207414877621  | 0.0066609187471616581114  | -0.007878211976648171605  |
106   | 0.0040984802420639095469  | 0.0084087719006478815753  | -0.016766929688688071709  |
107   | 0.0081155581627437127501  | 0.0066073200093601323207  | -0.014113741553289720423  |
108   | 0.0066764844392438868134  | 0.0092479129613440985702  | -0.016768123649503210992  |
109   | 0.00059958313440237507533 | 0.0035259671092177295552  | -0.004889244969740003631  |
110   | 0.0040251193008898943429  | 0.0037436825335982991392  | -0.012509917529900363778  |
111   | 0.0065460228106213186328  | 0.0036981282523681139988  | -0.0088925557153486378681 |
112   | 0.0089060525891519921882  | 0.0083515131854487723029  | -0.00060364879309955741388 |
113   | 0.0069659222090218677823  | 0.004398767610422611371   | -0.00075956213294146716387 |
114   | 0.0085678334014619994541  | 0.0078102548709998963206  | -0.0036073498158326602545 |
115   | 0.0016754272437685879468  | 0.0022203019583175239056  | -0.0075727999561088889593 |
116   | 0.0033841052708515335749  | 4.5763532571620256333e-06 | -0.013709055822879708322  |
117   | 0.00869575013686672664    | 0.0035298507575265421037  | -0.0034924330542424617332 |
118   | 0.0053576109354143966121  | 0.0043393471001635193149  | -0.0023536127427210844394 |
119   | 0.0064901605353137005114  | 0.0026472471111844589169  | -0.013159484044106301015  |
120   | 0.0024594782389934536845  | 0.0033186218033607090168  | -0.014463131429993223917  |
121   | 0.0048226963190732058048  | 0.0015440412841494488821  | -0.015477601679777852617  |
122   | 0.0096563916009248258049  | 0.0074710630434861062185  | -0.0042128061930174747624 |
123   | 0.0031431764769167666249  | 0.0024799912992356926145  | -0.011776535339341169181  |
124   | 0.0038250260716907627349  | 0.0065127192295065632066  | -0.0076323481110391784565 |
125   | 0.0065515551451791010848  | 0.0086585725764915157793  | -0.0035036928398189666305 |
126   | 0.0081758470523861787038  | 0.0069053765287666124886  | -0.0080626702418509898357 |
127   | 0.0023100933905148058646  | 0.0073414524463474538363  | -0.0049872374342510130199 |
128   | 0.0042207965133860938026  | 0.0016513056094430999827  | -0.015660274612253444193  |
129   | 0.0097162808453370441697  | 0.0061215143055788441215  | 0.00013303235033873777975 |
130   | 0.0058954497101477761761  | 0.0068741265408284691826  | -0.00097846586148515510804 |
131   | 0.0037012397825005329509  | 0.0053611769683335128156  | -0.017252584773649971839  |
132   | 0.0042206332294996056279  | 0.0031143353353713736607  | -0.0056166093325742509623 |
133   | 0.0034420469112783572824  | 0.0034040440838933711497  | -0.011297590582513231811  |
134   | 0.0075937927925903000656  | 0.0079308460208731713231  | -0.014126418752199661893  |
135   | 0.0037175597587419321848  | 0.0060958204014742653487  | -0.01242553452734507756   |
136   | 0.0042285901223043402195  | 0.0062172847437978427665  | -0.013061447665588764994  |
137   | 0.0056133592024200963666  | 0.00623178491742385713    | -0.005921321024314626924  |
138   | 0.0072880172456041818901  | 0.0048194391949297182148  | 0.00082228955406835730312 |
139   | 0.0062080941945909049601  | 0.00083073888356265297456 | -0.0067944653822724519407 |
140   | 0.0061366958159066479703  | 0.0065564460829010753895  | -0.0098628968940923274211 |
141   | 0.00054542743972044302123 | 0.007413511322196409542   | -0.015063418271077605101  |
142   | 6.018593407111064755e-05  | 0.006954952149265791056   | -0.0081485357181131749804 |
143   | 0.0034166814952956560229  | 0.0003005273931514241539  | -0.010186534276785936745  |
144   | 0.0096787687249692087171  | 0.0056408624622883447169  | -0.0084126546182499688936 |
145   | 0.0069899159423912702455  | 0.0094475399055597014675  | -0.0081266403337703144172 |
146   | 0.0052476670785536264074  | 0.0093344423529103225795  | 0.00016899644933386395967 |
147   | 0.0043658235670062418843  | 0.00044497071553099132703 | -0.012108783570543023983  |
148   | 3.6391353283409705896e-05 | 0.0081524196161419440476  | -0.0014496289978766219424 |
149   | 0.0016582998602505099467  | 0.0078097347558953398444  | -0.011414152345594924531  |
150   | 0.0041469514547463493664  | 0.0032906554823782670736  | -0.013906633331049928631  |
151   | 0.0040579107380672033503  | 0.0038229452220732750359  | -0.012372132527356005313  |
152   | 0.00741842763814009893    | 0.0013152943611701682636  | -0.0096669165408652217575 |
153   | 0.0075218276165170006725  | 0.0074369500858492169557  | -0.0052303171234564663564 |
154   | 0.0043076650019764515728  | 0.0082673108189538178914  | -0.0063911965305296133261 |
155   | 0.0044677967964646221263  | 0.0010507877491088349342  | -0.0013075268282762926488 |
156   | 0.00085191618483546819977 | 0.00847093438749272655    | -0.010331703743537416773  |
157   | 0.0055532974167213956795  | 0.00033984091699803869926 | -0.0009331266194268710663 |
158   | 0.0093881374648278406725  | 0.0036022535038869934673  | -0.0099949625470030483559 |
159   | 0.004203162827963689667   | 0.0028111592184958196679  | -0.013869645418488804264  |
160   | 0.0037226228211005708661  | 0.00073895272511357245303 | -0.01615372914302224891   |
161   | 0.0053814295668252873014  | 0.0076717793901353997787  | -0.0048929788483160936707 |
162   | 0.0053578781274429797266  | 0.00027309289105787419452 | -0.0039137940624513157736 |
163   | 0.005032952981294881549   | 0.00027588724921590848573 | -0.006039894926727098351  |
164   | 0.004044980693319663069   | 0.00024153776746411323114 | -0.0057145014098008515419 |
165   | 0.0063345280587434214456  | 0.0075317122638428922812  | -0.0065896129890769660625 |
166   | 0.0075120510475793133773  | 0.0076495111362816017864  | -0.015061914232785191328  |
167   | 0.0015563462278459806992  | 0.0098524591111081374906  | -0.0066368878401056605534 |
168   | 0.00072758989007692682471 | 0.0058952082290251398705  | -0.0044683979217413688154 |
169   | 0.0039021948031980877893  | 0.00017484085834346550412 | -0.0031459412405352368824 |
170   | 0.00994252048013846354    | 0.0069439459626279799107  | -0.0049679649310493722084 |
171   | 0.0032305964504572124048  | 0.0077663175759160674519  | -0.014674577436679344875  |
172   | 0.0037096112027754754754  | 0.0039952283284677885325  | -0.00097188692716645432804 |
173   | 0.0042497666431741722148  | 0.00076287272169722471042 | -0.0030457902928067315945 |
174   | 0.0052815545442181730668  | 0.0013712127392213001829  | -0.0063574541547999881622 |
175   | 0.001666751506726225603   | 0.0076968730666508236582  | -0.017118515496182713786  |
176   | 0.0030322101016848272519  | 0.0078682724927004541599  | -0.0092349989340616955164 |
177   | 0.0059988394054149383333  | 0.0062560411321155966202  | -0.0027060802102165013548 |
178   | 0.0023923790950791555196  | 0.0075736227714915758252  | -0.0081820346105435093342 |
179   | 0.008363037740502380149   | 0.0096894064657763092491  | -0.011714075428131366305  |
180   | 0.0039269915138656821124  | 0.00058346997465040582702 | -0.0064787115107520802312 |
181   | 0.0068304100513959077959  | 0.0088815442721483714439  | -0.012214664894734031733  |
182   | 0.0083775041613787012279  | 0.0057808362140488881234  | -0.011629210847091302553  |
183   | 0.0048105335873652541739  | 0.0042213573724346649396  | -0.01206683192119041223   |
184   | 0.003002033757957260629   | 0.0051122103918547620247  | -0.0040481901556293133776 |
185   | 0.0005621320007767958548  | 0.0028211108998629206603  | -0.015083277324806229625  |
186   | 0.0040508767126282117788  | 0.0060910666480874673875  | -0.010767690881615478438  |
187   | 0.0057350486608242637679  | 0.0067019325202658484864  | -0.0041742849895656268175 |
188   | 0.0055994403042198626422  | 0.00028867218631334589903 | -0.0026491545267362422156 |
189   | 0.002468362180655581193   | 0.00072728114610023984841 | -0.0099457506451170758083 |
190   | 0.0029078225750947986165  | 0.005200573645613473274   | -0.00065634306151209228196 |
191   | 0.0024965469523680096364  | 0.00053668383604175994885 | -0.010369670063722712106  |
192   | 0.0025334959356811902718  | 0.00012426523509203538792 | -0.004876570098435568934  |
193   | 0.0029763105055128431971  | 0.0050613291719930082052  | -0.0083025710011585887593 |
194   | 0.0092979566895719702874  | 0.0029275983211180336453  | -0.0056041253690336549284 |
195   | 0.0011382180709421359319  | 0.0027357933882103230815  | -0.0025500670750148658923 |
196   | 0.0063614162977116434777  | 0.0031124779593810461727  | -0.013597910346347719113  |
197   | 0.0046131931881528360009  | 0.0063870251486789096293  | -0.0077743832440716935731 |
198   | 0.0088098924950611584572  | 0.0042911689784473220147  | -0.011684874465290363138  |
199   | 0.0089109327963201537953  | 0.0038642536145978277108  | -0.013460766518687748011  |
200   | 0.0033137910792877152411  | 0.0052631880087329850626  | -0.0058423795999558592734 |
201   | 0.0028546426491925583346  | 0.0040963291657088096373  | -0.014796738297984257313  |
202   | 0.0040709483839645637174  | 0.0074670233530838708846  | -0.0024245542571022619949 |
203   | 0.0048887102675565403953  | 0.0087605403374845063069  | -0.012805607253691220909  |
204   | 0.0021944738542263972532  | 0.0031552566880447474248  | -0.012607719858126982537  |
205   | 0.0068989569261974819162  | 0.0019784771431353770019  | -0.016972368669412683101  |
206   | 0.0063001991891435708479  | 0.004895234375152712758   | -0.0056555838483256350505 |
207   | 0.0067847435585271257882  | 0.0047714146544556986992  | -0.0054705108743937167631 |
208   | 0.0037406782976242380738  | 0.0091426905172695381585  | -0.0091982187122458831247 |
209   | 0.0077703303238288602001  | 0.0078944692573631961713  | -0.008886476081066380095  |
210   | 0.0029426614985228471966  | 0.0047218752042155667098  | -0.0011238531757223118798 |
211   | 0.0031771769252476483349  | 0.00018257998269947985624 | -0.0038970302433632237823 |
212   | 0.0053562544956270137855  | 0.0057014074102739887434  | -0.00072055663023434866725 |
213   | 0.0069398925577623541208  | 0.00067326037742035035882 | 0.00026585400626141271344 |
214   | 0.004597207278074539813   | 0.0049954490215588301383  | -0.013175020302068679925  |
215   | 9.8750499900538270086e-05 | 0.0053321275839885553041  | -0.010602798322993099364  |
216   | 0.0095191858878931889798  | 0.0091135403141918494563  | -0.014652515175203618611  |
217   | 0.0082980581603940908875  | 0.0081986045270489547876  | -0.013019590187505817452  |
218   | 0.00092076353208336435448 | 0.0069196397734975047603  | -0.0052933190713068791269 |
219   | 0.0026871012551641228032  | 0.0045882336399616606426  | -0.01614967598758081796   |
220   | 0.0072794665159364273233  | 0.0062654804569506252626  | 0.00081970806547304716962 |
221   | 0.0069324699979459950688  | 0.009542211960153345815   | -0.0074052942908939614619 |
222   | 0.0052867249503072344038  | 0.0090310715704792540043  | -0.010798993424647565162  |
223   | 0.0031701657010593077904  | 0.0021118885927115618219  | -0.0092798211153126784062 |
224   | 0.0012386186226742799     | 0.0075640399300744357025  | -0.012207497477950180614  |
225   | 0.0089136579930187542081  | 0.00038299909902811673113 | -0.0083011128079184468009 |
226   | 0.0021508240029248005577  | 0.0037735712217353265842  | 0.0008070103897235803795  |
227   | 0.0066195866331923390591  | 0.0041819108361373629607  | -0.0016626161391517261731 |
228   | 0.0066203388702180919478  | 0.0030292217433667166168  | -0.0073596169208004318107 |
229   | 0.0044846580201823608644  | 0.0081416091369322703825  | -0.0047038390475682709604 |
230   | 0.0050926440788041692567  | 0.0010316933070569848496  | -0.012382404371604460377  |
231   | 6.1985683362454551478e-05 | 0.0061038648096922738101  | -0.010976230829262944785  |
232   | 0.0058447825585849922519  | 0.0077914970106661742     | -0.00047387157534520762351 |
233   | 0.00039862494675899068754 | 0.0058716706353979415678  | -0.01467380642572079473   |
234   | 0.0050781339808497983832  | 0.0040563314304648814476  | -0.013106629270414860491  |
235   | 0.0015754242419936290934  | 0.0040523333375813977084  | -0.012647563874879216503  |
236   | 0.0035998709822272628722  | 0.0026489822028505616812  | -0.0067887156599937478751 |
237   | 0.003572612935367559632   | 0.0039915799554833516008  | -0.00055186237728052818519 |
238   | 0.0023634602477995768181  | 0.0058345269445129179994  | -0.0027278242683306621642 |
239   | 0.0098251505782695550129  | 0.0080298644850138097689  | -0.0020002017056755905071 |
240   | 0.006753873902765061138   | 0.0095387143131843796923  | -0.016380813167939680536  |
241   | 0.0055941679181601084228  | 0.0087861394116691710759  | -0.0015015703839690926636 |
242   | 0.00080250220812103079376 | 0.0048900467154393053443  | -0.0049469545819474320184 |
243   | 0.00262796878376890964    | 0.0059169368376005941623  | -0.010092052697589930926  |
244   | 0.0070952940681941207429  | 0.0050937495261274964506  | -0.0027963113045256517662 |
245   | 0.0050424715259234885456  | 0.0025025415029650186459  | -0.015994312605141520339  |
246   | 0.0099009868654952176703  | 0.00082900168023657355796 | -0.0069443536831445724922 |
247   | 0.0057043739528457723317  | 0.0032036385138026913372  | -0.010426372690964434697  |
248   | 0.0097639230772599075459  | 0.0051080964122449572587  | -0.007004996490636547328  |
249   | 0.0066591758151462749488  | 0.0024769192854842835179  | -0.0048204274973871422821 |
250   | 0.006654189657461727879   | 0.0054496584660849532039  | -0.0011399342649588309166 |
251   | 0.0043697872732783183541  | 0.004942624405408164133   | -0.01498443889771662943   |
252   | 0.0072062190506267708237  | 0.0057476482232339150269  | -0.017408644348538285934  |
253   | 0.0048006799055855383859  | 0.0087944058509450365874  | -0.013663736115640888469  |
254   | 0.0023111446048394200872  | 0.001332658259358514936   | -0.008158511646174253229  |
255   | 0.0017839727117933046243  | 0.0047349824973532501568  | -0.00049028642829497819274 |
256   | 0.0047196440935316583826  | 0.0075809851038057159134  | -0.0099683768877839168399 |
257   | 0.0020326632647607598484  | 0.0027034063380231778025  | -0.0074015955387346293523 |
258   | 0.0032906620491730963381  | 0.0067839699210612593172  | -0.0066948842193932439279 |
259   | 0.0064220132395471068304  | 0.0092713065207052774985  | -0.0076754446984181644645 |
260   | 0.0042500851866927062336  | 0.00063141284162038040749 | -0.004009160809790173613  |
261   | 0.0057203004174454482114  | 0.0068358770380302583819  | -0.017261865156698540796  |
262   | 0.0010486267934010484043  | 0.00017632467515044198346 | -0.010007632288492770284  |
263   | 0.0072734359198855002074  | 0.00071707553638335251676 | -0.01387014197182642912   |
264   | 0.0062274251448676326212  | 0.0016983902549093155866  | -3.1357335706607733603e-05 |
265   | 0.0065852412406453538288  | 0.006492672198773163407   | -0.008700721661042284949  |
266   | 0.0039940888373380450602  | 0.0033713930162237986526  | -0.014172887044761798767  |
267   | 0.0008270128079249101493  | 0.0031430001057078708025  | -0.0085371643061107043565 |
268   | 0.0060534076142496366299  | 0.0064582575378585287823  | -0.0017019797444278190329 |
269   | 0.0037978864743536183343  | 0.0024534119830998618941  | -0.0023158268233761853706 |
270   | 0.0094409522275659459728  | 0.0046115503347099202208  | -0.0079105891758004982794 |
271   | 0.0053281314521327997891  | 0.0091259202263538237443  | 0.00018147610460176420298 |
272   | 0.0056454894070463420078  | 0.0080068077086848359752  | -0.009252203330423793004  |
273   | 0.0036942953548897267645  | 0.0095529188444508136152  | -0.010850964554890244265  |
274   | 0.0061695054665254775786  | 0.0075580946797302699103  | -0.01058369582803223713   |
275   | 0.0089462529038803785542  | 0.0052640458881872635027  | -0.0030201265624034815717 |
276   | 0.0089005621374133592205  | 0.0034065373435887571184  | -0.0081917823151882260962 |
277   | 0.0022917058276512528719  | 0.0048568806468108358457  | 0.00072242125169516124145 |
278   | 0.0086314705574996545417  | 0.0047149769937602781233  | -0.0064637926222509325264 |
279   | 0.0039842380486040775492  | 0.0042143129040315705294  | -0.0029763415796662221098 |
280   | 0.0090373717247600963282  | 0.0036967335801125610767  | -0.01565767807279586088   |
281   | 0.004384843662922135836   | 0.0078348836750110600197  | -0.0075296303324110551089 |
282   | 0.0036838693942798103956  | 0.0012826632419276891121  | -0.012763697746727430821  |
283   | 0.0082514102561210538739  | 0.0056973140953978530093  | -0.013231169987904264559  |
284   | 0.0027724201804801553925  | 0.0044341337945238883458  | -0.014217604970256552191  |
285   | 0.0095919326565423214392  | 0.0060425012208893159882  | -0.0025175742328905066462 |
286   | 0.0013746148152698992474  | 0.0021243649011065180755  | -0.012730531495055139035  |
287   | 0.001984981262877386337   | 0.006425958662103550649   | -0.0066424606701037027662 |
288   | 0.0023654682857501335355  | 0.0027926800481198319794  | 0.00059435178298349825715 |
289   | 0.0098968268918085081781  | 0.00016203431067509039068 | -0.014490176195610783225  |
290   | 0.0015003817398678176865  | 0.0065049016692947797535  | -0.003712344940512383052  |
291   | 1.638121363353844251e-05  | 0.0011927622383640778137  | -0.0079738079020063197533 |
292   | 0.0028530499365904114263  | 0.0045212998626737227123  | 8.5982412351885619418e-05 |
293   | 0.0095164257932705640514  | 0.00027952792611403724701 | -0.012228051740341455006  |
294   | 0.00779785041900872989    | 0.0073342137580317389584  | -0.0013054159242922589237 |
295   | 0.0025944522560645863311  | 0.0026285038885882762265  | -0.010352540265977335995  |
296   | 0.0071961768687075957501  | 0.0040309154939940222695  | -0.013454012586678117114  |
297   | 0.00088421496282697074117 | 0.0030152421367606648678  | -0.014645206045124524799  |
298   | 0.0022201932632326532024  | 0.0048598071142763625205  | -0.015838102294669056253  |
299   | 0.0016194657807370206604  | 0.0073046278819507122829  | -0.010628888268883026486  |
300   | 0.004410969025608479574   | 0.00723810814860028056    | -0.012662902897077044778  |
301   | 0.0013992164801020488298  | 0.0073639488377125108393  | -0.017236734919721146547  |
302   | 0.0096021936269402308195  | 0.00210307472383983304    | -0.01612525444439709757   |
303   | 0.0080179204243675788327  | 0.0051827862330274688391  | -0.013359477177959834179  |
304   | 0.0012822391033817767854  | 0.0058787984647484465076  | -0.0073340000956539468102 |
305   | 0.0063173584364743127703  | 0.0072989860749699819742  | -0.01411281856020142611   |
306   | 0.0044560125404023110882  | 0.002620503357054406162   | -0.012557945315700386885  |
307   | 0.00011677361819950145196 | 0.0036473293818314184156  | -0.0036820214285779133412 |
308   | 0.0089528217737477617383  | 0.004977040076178526444   | -0.0024277935191779585755 |
309   | 0.0061256035555283866109  | 0.0030185227244636128434  | -0.0060317829359874241407 |
310   | 0.0096584890008446257215  | 0.0055372440791666465223  | -0.0064911268585287765567 |
311   | 0.00874629998277917306    | 0.0057278222073162020009  | -0.0070639731184146464446 |
312   | 0.0070536066969029680845  | 0.0038219486004032916793  | -0.014863474211177748682  |
313   | 0.0069385135509623897462  | 0.0027654540757405697213  | -0.0025322005549446970421 |
314   | 0.004189639786487600083   | 0.0068962096955762627534  | 0.00075669680460431227448 |
315   | 0.0098956885808535663407  | 0.0089216152000637597569  | -0.0045601644918575991519 |
316   | 0.005424900610453302352   | 0.0050063723997732460097  | -0.003019293736373266767  |
317   | 0.0061332593335663579751  | 0.00185604028176702485    | -0.016961668531919545794  |
318   | 0.0073864195427791054863  | 0.0052716638636263191131  | -0.0010515048739638515728 |
319   | 0.0024107243482785842975  | 0.0022774439457582864449  | -0.0021102220174643061823 |
320   | 0.0068230866887670953494  | 0.0044793529306412435687  | -0.017205293052702099604  |
321   | 0.0035762788761021539405  | 0.0029594760621036134314  | -0.0065374935525691259958 |
322   | 0.0087745025342980172839  | 0.00025501790983617641205 | -0.002420707133131781881  |
323   | 0.0050957912824613699546  | 0.0019837194365471422924  | -0.0039427100310419982768 |
324   | 0.002208602231530180926   | 0.0044541100312053983484  | -0.0082809264554163028449 |
325   | 0.0053778027895149916812  | 0.0018485687237480964793  | -0.011614498778389371197  |
326   | 0.00078941080413154557718 | 0.0049559763449933489504  | -0.0061715824948632893449 |
327   | 0.0039542986704003135756  | 0.0071169455696396691571  | -0.0072029051801803384292 |
328   | 0.0099279328842579641495  | 0.0078645504419866101714  | -0.013826617470162226239  |
329   | 7.6498448987505891328e-05 | 0.006490535118709213      | -0.0065425821599572548184 |
330   | 0.0023329091845417171749  | 0.0030455382522673385068  | -0.0020362537799233472804 |
331   | 0.0064559429796615906694  | 0.0025706525798044116068  | -0.0074830319556373117024 |
332   | 0.0058193917228172098791  | 0.0058979601903644575389  | -0.0016401204629653831635 |
333   | 0.00090770673628122553606 | 0.0072851396830417953707  | -0.010026354284937779443  |
334   | 0.0005641581867170154807  | 0.0037636004064439472667  | -0.007569355020328599748  |
335   | 0.0034245355302788965668  | 0.0095959300598023114515  | 0.00032972882788016074501 |
336   | 0.0087452697623118160614  | 0.0048032578377623837834  | -0.0083370692166175736082 |
337   | 0.0024542252823646229856  | 0.0090304160485748762033  | -0.0053395657060993102078 |
338   | 0.0086260266293987451075  | 0.0020311876634150054927  | -0.0079166634060067273687 |
339   | 0.0046016799351457958814  | 0.0062488072746365499327  | -0.01471163408132467737   |
340   | 0.0044500126500093273307  | 0.0058767020349268688298  | -0.0031214303428699968421 |
341   | 0.0043135961044628761199  | 0.0087103947307668409122  | -0.013049889161511361857  |
342   | 0.0013939505876101932792  | 0.00097904434021463715605 | 0.00044603072492754424622 |
343   | 0.0018031226239185068044  | 0.0036414444756688343734  | -0.0026110927015291995022 |
344   | 0.006110017861900920999   | 0.0074093901482210232021  | -0.00060430663869938904247 |
345   | 0.0051191350125832897969  | 0.00012313236488134001291 | 0.0003973721393303963987  |
346   | 0.0099355333835838381684  | 0.0078153149600749885484  | -0.0092913347345543895878 |
347   | 0.0074508933888008241006  | 0.0056131923478636132699  | -0.01336426187815420788   |
348   | 0.0082675257066374182452  | 0.0023508956472843454619  | -0.0088329208265673642142 |
349   | 0.0023603168725045793261  | 0.002187545922220360782   | -0.0095936969679540767819 |
350   | 0.002190372685849296952   | 0.003601496168673775939   | -0.005756840654103295013  |
351   | 0.0024350353672893485651  | 0.0026684887999583800297  | -0.01289641358276116638   |
352   | 0.003062242414952278443   | 0.0034537720782870768264  | -0.0088218646931240256304 |
353   | 0.0037892206670171119445  | 0.0044414007169116514334  | -0.0034137659449242105207 |
354   | 0.0067222396551962987701  | 0.003683177334895893721   | -0.0058863735048426124585 |
355   | 0.0050500726101410870275  | 0.0042401873281094392201  | -0.001890577895368269817  |
356   | 0.00033582910891212443575 | 0.0091353267070715636622  | -0.014729878738413890865  |
357   | 0.0040988262456906465053  | 0.0043486369217454632838  | -0.017315170276438467123  |
358   | 0.0046718516719132727189  | 0.0025809770628311100304  | -0.016635602789079429603  |
359   | 0.0094341869577864116009  | 0.0042395103744934268739  | -0.012946191308277286633  |
360   | 0.006573312399048933212   | 0.00022453535821032483697 | -0.01358630358968111046   |
361   | 0.0036574554116412948297  | 0.0060738209680336000679  | -0.014966612533878709268  |
362   | 0.00072190321787693673746 | 0.0022531563449498378734  | -0.014802123134673012689  |
363   | 0.0071275822545777724193  | 0.0076890684631681516931  | -0.00014182548415771537541 |
364   | 0.0016578959653804027294  | 0.0043608499127610975826  | -0.0089987840761832638137 |
365   | 0.00040825075604930598184 | 0.0074464552466527765898  | -0.0036106649145645785572 |
366   | 0.0020331997556266700328  | 0.0033027141190608553557  | -0.013556315426146768252  |
367   | 0.0070724216077390766877  | 0.0026378859005055355601  | -0.0016945521418605504274 |
368   | 0.0064013571137613725984  | 0.00011440301373798372785 | -0.0064507860527373180048 |
369   | 0.0043335352604706245741  | 0.00069075780395374869382 | -0.015183226470713963654  |
370   | 0.0021785684402841833281  | 0.004407500221495554496   | -0.0057488167046558808632 |
371   | 0.002868020307560417443   | 0.0054524813591035111576  | -0.00034584977490174163882 |
372   | 0.0035543479836758844724  | 0.0063168168239389347121  | -0.0090451814926672102074 |
373   | 0.0076134005579174416148  | 0.0010887107569938412038  | -0.012075237807102916568  |
374   | 0.0076623241292918253809  | 0.0098707980550018954713  | -0.015066669673911918872  |
375   | 0.005818697294254478701   | 0.0017374239765970394406  | -0.016690363180650508168  |
376   | 0.00927065469120325579    | 0.0039104887927804499528  | -0.0013030912258150399892 |
377   | 0.0099034387452936866597  | 0.0053804925342175605532  | -0.0077711823367895577902 |
378   | 0.004824836630066644573   | 0.0092346368715834608459  | -0.0061998822358542400937 |
379   | 0.0084414280056664420943  | 0.0022940490607991962345  | -4.9177345230119760345e-05 |
380   | 0.0043866429609848598889  | 0.00035263301416596542137 | -0.014974616495612356332  |
381   | 0.0017883867764838096408  | 0.0045459372888945253841  | -0.0093899211049748524532 |
382   | 0.0021149771861011770931  | 0.0070695931275857317941  | -0.011151319920821557707  |
383   | 0.00014925000416509694688 | 0.0090615084943045480503  | -0.010158377672522072438  |
384   | 0.0076928223768432417093  | 0.0054840255739507393767  | -0.0041393431402883124059 |
385   | 0.0082197104555339819271  | 0.0019488199036072763153  | -0.014654071049889668202  |
386   | 0.00784842949072450842    | 0.0082873935388798336543  | -0.016588869395052593947  |
387   | 0.005315983077165597516   | 0.0038570640372200572232  | -0.0095871266164111491881 |
388   | 0.0074000979856478545788  | 0.0053068104014982993635  | 5.9338811835054937674e-05 |
389   | 0.0067930643438725828859  | 0.00633146561701071562    | -0.0061496341860248224589 |
390   | 0.0045487310832565824859  | 0.0012448007032829137928  | -0.014811282290174501014  |
391   | 0.0055441925882167937198  | 0.0044133352741180485734  | -0.014712221048613608951  |
392   | 0.0052659180290642272279  | 0.0038352309098544719486  | -0.017266600959128033943  |
393   | 0.0067553111183801346426  | 0.0093233523598046409708  | -0.013737421580221655104  |
394   | 0.00089974546878033103987 | 0.0040468841762141488996  | -0.016957444828972649542  |
395   | 0.0066094369516870275783  | 0.0080860745492388787226  | -0.010978293065408277832  |
396   | 0.0074421922153798539604  | 0.0047527317758529691663  | -0.009967956345375549379  |
397   | 0.0038731108938837568653  | 0.0067821411832993698174  | -0.00030399243748823368168 |
398   | 0.0054120450286461131359  | 0.006894022089458089024   | -0.0038850292643023264655 |
399   | 0.0029603751721091597221  | 0.0074926021147090635446  | -0.015399862288092622947  |
400   | 0.00082636695301037312728 | 0.008239096273848368901   | -0.0042135856806268913791 |
401   | 0.0050747592928179624527  | 0.0048365257832711462324  | -0.015325017689557693737  |
402   | 0.0021097934534196455779  | 0.001665851560268457373   | -0.00059280371104246290092 |
403   | 0.004631021184124920094   | 0.010015431385806404171   | -0.0048056070341086481318 |
404   | 0.0061417534343175149078  | 0.0003637780067698485561  | -0.009277534130533136858  |
405   | 0.0094348132302056221532  | 0.0046520323105329981425  | -0.014421833864714008952  |
406   | 0.0099344996035122482697  | 0.0061047482770295175003  | -0.0088027167409457270086 |
407   | 0.0096391702219020495429  | 0.0088012401400733176332  | -0.001514513967878102418  |
408   | 0.0027199365023250860959  | 0.0078027648954861706862  | -0.0048499205025222223708 |
409   | 0.0038525783426707044775  | 0.0017497943913610380234  | -0.011473986506753212564  |
410   | 0.0013876059847251949204  | 0.0028926281181543386962  | 0.00013342735893661852734 |
411   | 0.0076933634418046240727  | 0.0039342158092680124329  | -0.012481626554600991005  |
412   | 0.0038340512154715635472  | 0.00093530591134907941752 | -0.011272365928449769659  |
413   | 0.0025792478700827911955  | 0.0063339916388512858617  | -0.017364056420801042557  |
414   | 0.0027469074715744750369  | 0.0014484917370631788212  | -0.015338339743188265582  |
415   | 0.0027545867290008881414  | 0.009411611585013086867   | -0.0045336478837140177858 |
416   | 0.0051963855063855701744  | 0.0056460272374506794216  | -0.00040865781120050871699 |
417   | 0.0073628764998922135304  | 0.0022137282100879790078  | -0.0042576148941434917294 |
418   | 0.007410432771456864319   | 0.008106584263340134433   | -0.0085283779948402554938 |
419   | 0.0099543033456663179009  | 0.0067630531938428252448  | -0.01682357209708942522   |
420   | 0.0064244380946726171652  | 0.0087476569855898245187  | -0.01503316823402204086   |
421   | 0.005795737793525973687   | 0.0093172492382949390066  | -0.00050109983128193854272 |
422   | 0.0024342766683195550537  | 0.00070444011539631508703 | 0.00014287614749757785067 |
423   | 0.0050952228552247789614  | 0.007710470815022405118   | -0.0099879803336888270393 |
424   | 0.00037754130266910685505 | 0.007809713081790338636   | -0.0030778912516886548605 |
425   | 0.0064013053522508798696  | 0.0041242555781338492357  | -0.015530921360884606536  |
426   | 0.0043275457695265218475  | 0.0094065212940866085173  | -0.0010267511036366908182 |
427   | 0.0066617702069233092343  | 0.0023337759426935462265  | 0.00044799762631498636503 |
428   | 0.0082236368498215615258  | 0.004700123718315934139   | -0.014161375644182450789  |
429   | 0.0052340729954385434297  | 0.0038010442332093359076  | -0.0022960504139695127497 |
430   | 0.0019066009502882754183  | 0.0089114127739058669742  | -0.005455717548943715689  |
431   | 0.0069384234861095423624  | 0.0071591855120406644106  | -0.0033464342299987736261 |
432   | 0.0014782403566942663772  | 0.0055563170970751368447  | -0.01319014646105351983   |
433   | 0.0026450640253681705939  | 0.0058265619424853623901  | -0.012476338445516385947  |
434   | 0.0025587407782544477515  | 0.0027210374088153209404  | -0.0094563927173794935788 |
435   | 0.0097692351807090373889  | 0.0012168819192247381632  | -0.002516986102184399967  |
436   | 0.0010455357366213470331  | 0.0079790243702684161137  | -0.0036674385579362586869 |
437   | 0.005705182139765924143   | 0.0042211017694513850926  | -0.0017683547327720984012 |
438   | 0.0085226401452838315698  | 0.0035386216061581293735  | -0.012174314067226219699  |
439   | 0.00058662856609964313635 | 0.0074602210149960733465  | -0.0060953878041583543432 |
440   | 0.0093553289962446609801  | 0.0042492767836454147998  | -0.0011110901290083750707 |
441   | 0.0018057664890405132618  | 0.0011988529831860525714  | -0.0055155214830911710247 |
442   | 0.0015327185704509713703  | 0.0027535247175042455031  | -0.00099807301916103705226 |
443   | 0.003619250654293610682   | 0.0083258684900358679443  | -0.0059306373748790365552 |
444   | 0.00049047822683635224853 | 0.0004392850717669260943  | -0.011274513279063595045  |
445   | 0.0071993225140755357991  | 0.0071035640679013014806  | -0.004986246319384189836  |
446   | 0.0014348409745642894553  | 0.0084655403236147501456  | -0.0098688494017239256767 |
447   | 0.0038659113558983473381  | 0.0084891941892850149992  | -0.016047918663674550638  |
448   | 0.00010061737905679844394 | 0.0049594644840780799377  | -0.0099167612483376799126 |
449   | 0.0061994894026542231996  | 0.0070245685720368407703  | -0.0059502811899084587233 |
450   | 0.0066648537505086050126  | 0.0039265814494219312622  | -0.0024214804862099023608 |
451   | 0.0006474089327450859542  | 0.0097449379837614320821  | -0.01728894896608130019   |
452   | 0.0081248775759334927044  | 0.0088218698011626704714  | -0.012871923314444066663  |
453   | 0.0058452724467902700267  | 0.0036916488542965922998  | -0.013382000286350366827  |
454   | 0.0081432589111922488306  | 0.0066431695810044780193  | -0.010005526577731406815  |
455   | 0.0015694353122279592998  | 0.0062167953987891507936  | -0.0028397516433437330549 |
456   | 0.00085543415669688622951 | 0.0042881513066309780158  | 0.00083935615081669624066 |
457   | 0.0023717552105303302788  | 0.00524016940273059912    | -0.0019872043019744933812 |
458   | 0.0027555135472422296293  | 0.0092993071098479186676  | -0.0041810314558428625722 |
459   | 0.005585142886051962241   | 0.0010946441164349487909  | -0.00058273775146381126284 |
460   | 0.0064107622869365712623  | 0.0087995250233898637121  | -0.0051595685114243670585 |
461   | 0.0029840937923208518852  | 0.0044413032175309478597  | -0.0046681466405089468499 |
462   | 0.0037189864420853215553  | 0.0034148872746146119971  | -0.0069647319707827693228 |
463   | 0.0064651371771669574606  | 0.0039272202308572937146  | -0.011053546295087082404  |
464   | 0.008469965969225700872   | 0.0011854810701600923106  | -0.014881184118026774543  |
465   | 0.0092456107412387522615  | 0.00024166414917880694405 | -0.015539200080297020309  |
466   | 5.6185589933998798578e-05 | 0.0062441849365006346986  | -0.0047497682008891617747 |
467   | 0.0070267738543228555614  | 0.0045393548864116452582  | -0.011591119036747509971  |
468   | 0.0030987420111420176799  | 0.0071162852986479735104  | -0.012664994757341367301  |
469   | 0.0054869597694371680802  | 0.0031135737378961149922  | -0.011250201305229428142  |
470   | 0.0046589965454793677221  | 0.00038857573330039181601 | -0.012365892039756982285  |
471   | 0.00088349409172635629591 | 0.0083480717083022765168  | -0.016200085704349189569  |
472   | 0.005461893504224739869   | 0.0086096066110322409803  | -0.016161724663121473239  |
473   | 0.0067988699069605005448  | 0.0015662062865215594081  | -0.011253879011338114094  |
474   | 0.00102039222488648244    | 0.0018833140987428555538  | -0.0079007232522329863544 |
475   | 0.004949787491173449766   | 0.004711884877652136247   | -0.013162200943452462623  |
476   | 0.0081278874487235516777  | 0.0085854430899134030059  | -0.0054933445302778423011 |
477   | 0.0080400313948436712141  | 0.0079513313660016255585  | -0.0031016188415248597751 |
478   | 1.3673281950946933262e-06 | 0.0080193427540294678207  | -0.017297881600018463061  |
479   | 0.0040779943467372679541  | 0.0025357046375788310465  | -0.010494804434437466842  |
480   | 0.00022181495090671331629 | 0.0044633717108014288322  | -0.0069449525745864477619 |
481   | 0.0033393052535371182607  | 0.0079901883876526864914  | -0.014472033470532484969  |
482   | 0.0044483728717102611824  | 0.0048309382262082031095  | -0.016624388723058578649  |
483   | 0.0057952007446586987702  | 0.0037875083393700621943  | -0.015490554339020216543  |
484   | 0.0019745577694954348676  | 0.0061211079518832863661  | -0.011788493774348728083  |
485   | 0.0012880449069961762056  | 0.0052972506636046814976  | -0.015263622413389892757  |
486   | 0.0010517760857113858317  | 0.0072279564245656229005  | -0.0040582355642828655401 |
487   | 0.0081402114608257591238  | 0.0050674190277049252495  | -0.0073796899736598489672 |
488   | 0.0087461502166335473168  | 0.0060885023221540221852  | -0.0058993473218360648405 |
489   | 0.0042187210670885889538  | 0.0094524219400958404969  | -0.016968242617538719513  |
490   | 0.00472746987196700965    | 0.0086223286445976377035  | -0.0065695709926487898256 |
491   | 0.0034940215470783027307  | 0.0029187901372589642769  | -0.0054507804608123740578 |
492   | 0.0073475399158226713248  | 0.0082594149799369385306  | -0.0080142318791493159791 |
493   | 0.0094032952785687469455  | 0.0071275323724605803982  | -0.0066799104950854516424 |
494   | 0.0047274281892234759628  | 0.0046859730075690213258  | -0.017015761305682053361  |
495   | 0.0076266829022573938771  | 0.0081164361973484634022  | -0.0021066772816342514522 |
496   | 0.0087818178357503152293  | 0.0056681111487220173228  | -0.010795479188970859979  |
497   | 0.0049752940846617141682  | 0.0050406218185862269182  | -0.00084017947382496530051 |
498   | 0.0052118396121517123615  | 0.00021133440224458332427 | -0.01726266427602642789   |
499   | 0.0093772958646424625639  | 0.0051127546029303182554  | -0.0053908424350855377663 |
500   | 0.00050546945770767951877 | 0.00030668319688495715393 | 0.00076040063414122092272 |
501   | 0.0045938152403863846338  | 0.0038716108810575326424  | -0.013836407067542398977  |
502   | 0.0055336975886204325253  | 0.0052961713078084667744  | -0.009712374805056973523  |
503   | 0.001239697956831465513   | 0.0026680742214496458269  | -0.0058542130084394804895 |
504   | 0.0022110321667700477861  | 0.0033327519962032896815  | -0.01248027317116689669   |
505   | 0.0070446124260539642534  | 0.0076158951373582074035  | -0.01641713048102280692   |
506   | 0.0036489008290680607915  | 0.0022628570225396702799  | -0.0092109707607508223282 |
507   | 0.0089332753528116003172  | 0.0037319986550582886879  | -0.0025125915559189126829 |
508   | 0.0045776208480571376619  | 0.0017205792512447566286  | -0.012437432135786323159  |
509   | 0.0013946085075693332236  | 0.0030265698831225726871  | -0.017369861398905648425  |
510   | 0.0076802268504437181187  | 0.0084696439125348261384  | -0.0029009459383313139502 |
511   | 0.0022897354223340130215  | 0.0029247986151575331402  | -0.014725991211773052994  |
512   | 0.0073957011899104642752  | 0.0097641164120511186875  | -0.014900451389244130304  |
513   | 0.0056457688855883125453  | 0.0032282965062927415287  | -0.013538731222788813469  |
514   | 0.0069441586119938659288  | 0.0016289395444544255923  | -0.00094316233032871066733 |
515   | 0.0076307176933575800865  | 0.0056327783983173328533  | -0.0065851427842196549184 |
516   | 0.0042508553584291825997  | 0.0010274759017708612416  | -0.0010840657550834323537 |
517   | 0.0075146404821321557618  | 0.0055467954563058214507  | -0.011991372788134361735  |
518   | 0.0032649926317457173518  | 0.0029116457610983948433  | -0.0073439891582441777299 |
519   | 0.0019399675516060088231  | 0.0036439168539427763821  | -0.014024515894931489576  |
520   | 0.0028313480930745957981  | 0.003354296229714556505   | -0.015266288421603442516  |
521   | 0.0042715978172977965219  | 0.0059055402872452240556  | -0.0047037004837747909552 |
522   | 0.0029121362983467657601  | 0.0034852194673540516298  | -0.0035213104603798650247 |
523   | 0.0014967188529109466937  | 0.0083776915912663913605  | -0.005536621257202696024  |
524   | 0.0087636987734409418221  | 0.001269314843916307398   | -0.0076711807734926654168 |
525   | 0.0034067556946920873016  | 0.00057583857106892203433 | -0.016960610229975622842  |
526   | 0.00032400411385635340556 | 0.005554391794582374392   | -0.0034494515172715238711 |
527   | 0.0092087708962488960818  | 0.0053256706644541317031  | -0.0046522357180837159776 |
528   | 0.0087730568950757630703  | 0.0023463505430948252729  | -0.0066959376029798014021 |
529   | 0.0066884803348234659476  | 0.0056660583029117684434  | -0.010277315599391536813  |
530   | 0.0034377673362716294585  | 0.0065853994883449612843  | -0.0013020683716823552249 |
531   | 0.0037912565467268211604  | 0.0040096002595166029686  | -0.0095392188415746904939 |
532   | 0.0047579585459642985759  | 0.0037263464890762315086  | 0.00033444517746256179026 |
533   | 0.0002781584916519034092  | 0.0057254608429380769025  | -0.0041129687264968356128 |
534   | 0.0023105280337660260605  | 0.004041741754628033409   | -0.0061588086526360814529 |
535   | 0.00039446347864979444935 | 0.0084842867233197016147  | -0.012772785426325313635  |
536   | 0.00017950246119664625211 | 0.00016321756920332304488 | -0.0013944969872473713703 |
537   | 0.0022632979652180439979  | 0.0041867436832563661303  | -0.0055538823523424490566 |
538   | 0.0085606039089865266362  | 0.0016468980136155591393  | -0.017250257181413489876  |
539   | 0.0092556313957159030287  | 0.006052940095823831218   | -0.0019351338787565114732 |
540   | 0.0048386935210725564444  | 0.0060474616118049379435  | -0.01061569190055747583   |
541   | 0.0017315186008336328795  | 0.00048853476769582064587 | -0.0075139294962431471894 |
542   | 0.0064590688407696545195  | 0.002708336746315492035   | -0.0045042867249635611115 |
543   | 0.0078895161888034998077  | 0.0061026402465859620403  | -0.0032418705513048966943 |
544   | 0.0045174496852563609736  | 0.0035755012830711290633  | -0.012936725846539468346  |
545   | 0.0083451982376265207431  | 0.0085538994110645645563  | -0.0093748119430065012664 |
546   | 8.7360354197240267069e-05 | 0.0081112997434187646822  | -0.014432784022369155724  |
547   | 0.0030933785354441438106  | 0.003518294914321279214   | -0.0015257787707547601323 |
548   | 0.0040782507285905033115  | 0.0030629373715552795504  | -0.014378383102601824395  |
549   | 0.00076833298463879848988 | 0.0085940691068663570967  | -0.015522137408623336643  |
550   | 0.0034852701272365463336  | 0.004141528999866363539   | -0.004106473262959758376  |
551   | 0.006283498970810636082   | 0.0023838977524239467719  | -0.014186901060796766952  |
552   | 0.0048356590800685949477  | 0.0054760979532331513497  | -0.0072066240810298581865 |
553   | 0.0031162879573512791177  | 0.0049611003476569982135  | -0.0095752345172142490359 |
554   | 0.0017052745477872562063  | 0.0089277332851782909007  | -0.008975759692643293236  |
555   | 0.007001306468299479599   | 0.0035256566040239608988  | -0.0016976620553530155297 |
556   | 0.0032394326906286068091  | 0.007825517954741021201   | -0.003543785868061675743  |
557   | 0.0054904426524676587865  | 0.0054239650286534739007  | -0.014475133795763029526  |
558   | 0.0027645993799225165866  | 0.0058033055583584349305  | 0.00069442885119691110524 |
559   | 0.0070629466797526409619  | 0.0010694216048713215197  | -0.00030423760991315839742 |
560   | 0.0054860988694321174627  | 0.0036173626481918880193  | -0.012594082823859141865  |
561   | 0.00057033658341903677776 | 0.0061361372164078593558  | 0.00028343580609178876343 |
562   | 0.0044868269655869638668  | 0.0070690609794732753302  | -0.00179741549923235263   |
563   | 0.0070764412843869906738  | 0.0043723024733193548499  | -0.0092709400336047874391 |
564   | 0.0047495378745969520085  | 0.0072530232763819988198  | -0.013127022122315999686  |
565   | 0.0072016935303474693963  | 0.0049550595080299708953  | -0.016899010510704619986  |
566   | 0.0042206338490037541289  | 0.0089658083441330905378  | -0.014457055471183012652  |
567   | 0.0088334154524733268787  | 0.00094001710009590272628 | -0.0018682794950508525584 |
568   | 0.0070973852073151740341  | 0.0011336534233579676975  | -0.017402221177286257559  |
569   | 0.004903102501669195229   | 0.003913929016210427117   | -0.011522841715284705411  |
570   | 0.0062655371718700033148  | 0.009803873006544084126   | -0.001695559324734090224  |
571   | 0.0097942971141167477211  | 0.0065346186068398828817  | -0.016151588430643411265  |
572   | 0.0042089885806768237778  | 0.00026505917774276511112 | -0.0027115951017046115504 |
573   | 0.00094567456406271371838 | 0.0069247849882448937048  | -0.0046663036069139393613 |
574   | 0.0066455057839720620833  | 0.0090388951201504624117  | -0.0057190077885405843014 |
575   | 0.0050625176970968141857  | 0.00028833809573771882178 | -0.012695011800013729711  |
576   | 0.0059306562500527444312  | 0.0026981790485780354598  | -0.0041412693843795858259 |
577   | 0.0024797943983681952108  | 0.0079822246054263544524  | -0.014827755469777832709  |
578   | 0.0034946258839059396624  | 0.0074005982800831975055  | -0.0062367620661681437422 |
579   | 0.0048704646630283125047  | 0.0004424324183132301194  | -0.011038257515453247029  |
580   | 0.0064369840155116785085  | 0.0025008889616954543302  | -0.0098863547372125340496 |
581   | 0.0080608573172739304835  | 0.0069998291974320888537  | -0.0047716566021346450838 |
582   | 0.0041743696365386471353  | 0.0073173545326582333653  | -0.00034261836048680310591 |
583   | 0.0092619609531803398506  | 0.0076970463714992731069  | -0.0082719958035140477015 |
584   | 0.0053417420359276445579  | 0.0087105352935065490788  | -0.014002283438254230566  |
585   | 0.0035466604222007393037  | 0.0025522951659408378913  | -0.0070678072140467011059 |
586   | 0.0076415852684564820885  | 0.0088934468028247556232  | -0.010201626521887687676  |
587   | 0.0018090861167853284838  | 0.0033764422479804529105  | -0.012274627746715080154  |
588   | 0.0082160293963792034588  | 0.004102271469620624722   | -0.012730332166263350763  |
589   | 0.003502711108412722308   | 0.0070338520347947956768  | -0.0077851967186224994844 |
590   | 0.00034036906336143424312 | 0.0092880337476673648783  | -0.0064620473799401906972 |
591   | 0.0030047219306817960806  | 0.0033691235499189462269  | -0.0040476355748427081047 |
592   | 0.0031059903033846775026  | 0.00073385349224073560814 | -0.014715188940686668023  |
593   | 0.008147542467554533957   | 0.0081382636712864220296  | -0.012112116221101712488  |
594   | 0.0093517476534670171406  | 0.0072922242310984970379  | -0.002096484233880896008  |
595   | 0.0024985602276125736844  | 0.0080063011748411593016  | -0.0047631045031602276679 |
596   | 0.0099861106193962732858  | 0.0075421870402374137712  | -0.010115978850498877351  |
597   | 0.0028772620150507828909  | 0.0080321821878360597641  | -0.010261267296005148475  |
598   | 0.0043303133837956642171  | 0.0044667935396657081071  | -0.011112456973719452014  |
599   | 0.00015825345038276921014 | 0.006974721355676441123   | -0.0020745827771819070999 |
600   | 0.001193176404239824559   | 0.0014666551775634787628  | -0.012261347202208285403  |
601   | 0.001584487434899370514   | 0.00097265196780128664305 | -0.013394255413150918735  |
602   | 0.0065874122125291019111  | 0.0062969876333313582611  | -0.0098452656634113889372 |
603   | 0.002513930728092074636   | 0.0024665304914354992637  | -0.010496478054361223914  |
604   | 0.0092518510546866650907  | 0.0077622933446276883365  | -0.01485591879137939525   |
605   | 0.0070302082075915685311  | 0.0075207733706394415754  | -0.01163698560931379633   |
606   | 0.0089103507416565513183  | 0.0023935709288243206538  | -0.014194646182129280407  |
607   | 0.0017328050675436963528  | 0.00078449545394602753987 | -0.01655495802598460145   |
608   | 0.0040273897097288496177  | 0.0069528356414823378265  | -0.0031551113595336788102 |
609   | 0.00038031762740775874659 | 0.0001403920408768875481  | -0.007754839681828371023  |
610   | 0.00054933792500034075729 | 0.0020030628065583872509  | -0.017088227713247763906  |
611   | 0.0047960392796009962066  | 0.0056887241558642945988  | -0.010697743296239325614  |
612   | 0.004751035815725214613   | 0.0085632747249605872808  | -7.8756488045346990739e-05 |
613   | 0.0065896854756853986967  | 0.0096781201409215523307  | -0.012159321643602899118  |
614   | 0.0046305246798386944657  | 0.0030362455766619446743  | -0.014502673834958157081  |
615   | 0.0011578068763195784735  | 0.0089209047019698645142  | -0.0025158989702424089038 |
616   | 0.0092932928898224118064  | 0.0038793157796269939729  | -0.0014053251076775769447 |
617   | 0.0065665646718812715338  | 0.0030984363893376450083  | -0.0022309080211547469876 |
618   | 0.002181590042544377054   | 0.0070126651484411078874  | -0.0055711224885620115599 |
619   | 0.0021079642432559279192  | 0.0085917272517494185785  | -0.0030528049347242733509 |
620   | 0.0077467920120602561801  | 0.0040125878955724787744  | -0.0036831581365030902596 |
621   | 0.0044012207121452446429  | 0.0058044698104015943901  | -0.012534073314367403379  |
622   | 0.0019886998981678157515  | 0.0089968464544141184963  | -0.013006126820176015443  |
623   | 0.003113123009378903662   | 0.0027861496498782596307  | -0.0080468000246873040704 |
624   | 0.00012992648301772595715 | 0.0053237184644050420529  | -0.0025514189762177921089 |
625   | 0.0067062635044586932018  | 0.0058351000201504448633  | -0.0085192462817663943547 |
626   | 0.0016432124997335813537  | 0.00027989565987459734961 | -0.0028981999060468219449 |
627   | 0.0054638270391400298523  | 0.0094970182650942289865  | -0.012073657070006613146  |
628   | 0.0070509547695422579439  | 0.0082439093421261266936  | 0.00023921880939923353526 |
629   | 0.007547199799710482826   | 0.0067494394596904544112  | -0.010034247684569832723  |
630   | 0.0061378271817108549097  | 0.0094356291586758928025  | -0.007638962968270669382  |
631   | 0.0088855137313919706904  | 0.0051851006199258543525  | -0.0085202863400201962057 |
632   | 0.0053018435527204220425  | 0.0069764849098125089957  | -0.013834403050801975799  |
633   | 0.0049372247450453340609  | 0.0018436443608365255583  | -0.0070513052304348065522 |
634   | 0.0036443793241578243888  | 0.0039065805365963114301  | -0.0030118552886127646778 |
635   | 0.0015213075061874055307  | 0.0026517892928413400351  | -0.0032039371974367306106 |
636   | 0.00076198385246216122999 | 0.0071347300952636924856  | -0.0060600178323187651325 |
637   | 0.0062161820070626870247  | 0.0027240212060553915807  | -0.017445463296129018471  |
638   | 0.00011153836085348325881 | 0.0025394981623254966364  | -0.012144101937478678915  |
639   | 0.0070879771739608575173  | 0.0022867387107435958871  | -0.0083215388170157847392 |
640   | 0.0030990399284118392079  | 0.00050519314109833497392 | -0.0045325579466128484291 |
641   | 0.0058628946630457940553  | 0.0079006625468091128822  | -0.0040611960041995872825 |
642   | 0.00090624267452393033728 | 0.0087607265703521335076  | -0.0031298891514494765059 |
643   | 0.008958016393661286797   | 0.0059797538410604781853  | -0.00084031866761709447453 |
644   | 0.0054177773906404708484  | 0.0093293473922399453718  | -0.013331121223325118411  |
645   | 0.0034835749540404331581  | 0.009380535581217902541   | 0.00079679841036217006339 |
646   | 0.002312559306210243415   | 0.00184149138371512088    | -0.0050594471138710661248 |
647   | 0.0049090437785143581015  | 0.0037990696034856542146  | -0.010979620917646485539  |
648   | 0.004076417581597308222   | 0.0062638090591224096157  | -0.012149283472926049321  |
649   | 0.0043146598125829082812  | 0.0061218209707406875258  | -0.0014070742476779884902 |
650   | 0.0033844778410589857962  | 0.0081526199309825825301  | -0.0032667156722846349762 |
651   | 0.0046771299099234763322  | 0.006585599873879178362   | -0.0039033293873081691301 |
652   | 0.0026124976484257506765  | 0.0057603904489194213828  | -0.007581464283681936013  |
653   | 0.0064628513050077433799  | 0.0048006341565672390123  | -0.00082333268699097601241 |
654   | 0.0056015994140025341524  | 0.0080479259497065643025  | -0.0051098864106321507939 |
655   | 0.0051132436457215551737  | 0.0047747821200229264779  | -0.00012960338600329773806 |
656   | 0.0028014178752100694046  | 0.0028941333008080075313  | 5.6748255824391651892e-05 |
657   | 0.0081817826889712848282  | 0.0091872540571177122026  | -0.0089712294369704397023 |
658   | 0.0056187916747404195034  | 0.008383629021684945587   | -0.005227652979306755647  |
659   | 0.0081488108648197967593  | 0.0045146682557077677869  | -0.0081078101150005854603 |
660   | 0.006391615688533687327   | 0.0016115708162357535692  | -0.012411896743622304745  |
661   | 0.001100590097398077916   | 0.0042247025526301277415  | -0.0074617800401999010221 |
662   | 0.0043300035747417479209  | 0.008147393134979022053   | -0.00096575183948217836923 |
663   | 0.0077479258370225373431  | 0.001972822544297834612   | -0.011300720456808152278  |
664   | 0.0044296071880294734038  | 0.0026446636206816603702  | -0.0049466956397085344935 |
665   | 0.0021967323955647314292  | 0.0056980840491043351428  | -0.0015828084468876930848 |
666   | 0.0062751284429022804318  | 0.00093252262379039615493 | -0.011297622575055480884  |
667   | 0.0084126934107720437173  | 0.0020804930215679012101  | -0.0070558339099443265555 |
668   | 0.0055246303970956220017  | 0.0016909236933748145876  | -0.0037113948483203690505 |
669   | 0.0091424096955795390584  | 0.0024814738536017427739  | -0.011876300402398730013  |
670   | 0.0020392020211215133342  | 0.0059243821410385252152  | -0.005342406853270503797  |
671   | 0.0021784174194524863998  | 0.007944033245653257802   | -0.012304241149653618106  |
672   | 0.0098922235035132383835  | 0.0058510853175993719419  | -0.0086852394645598653827 |
673   | 0.0080574170663159552092  | 0.0049312302387392904779  | -0.016419966166475560149  |
674   | 0.0072595681946058575676  | 0.0024332100722135921976  | -0.0080202777493114905949 |
675   | 0.0025563448179137071396  | 0.0040206374449874840091  | -0.014392769502420727987  |
676   | 0.0023792988062881748577  | 0.0099184620647605695881  | -0.0018239409857516493841 |
677   | 0.0062537647451979495525  | 0.0027848708450585180074  | -0.010344913300075780915  |
678   | 0.0024165722414267016248  | 0.002913020770851479542   | -0.0013054505357127709018 |
679   | 0.0039184566828267004129  | 0.0074776377952839355803  | -0.0046094945616711379896 |
680   | 0.0015980359524701659261  | 0.0068428208176851594916  | -0.0097621616294509896972 |
681   | 0.0040159381666159364721  | 0.0013927885932638107459  | -0.0041708463587531649508 |
682   | 0.0012833790569520104555  | 0.00086127203618737812989 | -0.0086480872092355512426 |
683   | 0.0044690985453952137077  | 0.0053596559909300503163  | -0.0026014622641172776597 |
684   | 0.00061911101105828318398 | 0.0019880889517236628207  | -0.012753824690539221701  |
685   | 0.0059445127029121016746  | 0.0017117150051335621331  | -0.01502127441496266258   |
686   | 0.0052784844595548958274  | 0.0038034325862191025944  | -0.012937018446004129243  |
687   | 0.008013019285434779676   | 0.0048670916479108608521  | -0.0064131117485549280974 |
688   | 0.0036193051587867335062  | 0.0071702626059595543986  | -0.0046531131491438912015 |
689   | 0.0049358761950535675472  | 0.0066645795472428546666  | -0.0017586948470239087937 |
690   | 0.0063022771905620524752  | 0.006720443312993455362   | -0.0076856917543301058945 |
691   | 0.0077898991685253268086  | 0.0044604238201041901055  | -0.0078364536145420996688 |
692   | 0.0070277975336269869061  | 0.0082468113917045660771  | -0.010262382341448647582  |
693   | 0.0075930698964309538065  | 0.0037671533919775611679  | -0.011723026628385493919  |
694   | 0.0077135250659282001209  | 0.0093761345877574238383  | -0.0088249974280081491113 |
695   | 0.0047796563238294157219  | 0.0082355456932424499217  | -0.015033024379114271959  |
696   | 0.0020488635770155956203  | 0.0025696046052907858814  | -0.01147521007371025796   |
697   | 0.0063392771644624123714  | 0.0045048980778224952115  | -0.011674542120410445062  |
698   | 0.0019201513650463325044  | 0.0087992809268998134486  | -0.011203638070351204167  |
699   | 0.0079558023883266760362  | 0.0010455541801687479476  | -0.0088612338951039142099 |
700   | 0.0058350096489861429799  | 0.0019219129537440379687  | -0.0042558127009819663594 |
701   | 0.0050399005910644299744  | 0.0061715000625179022159  | -0.013441626951791541336  |
702   | 0.0054029446379621958937  | 0.0068074070906620123139  | -0.01146656645858856044   |
703   | 0.0040819703739997433706  | 0.0055216255577108692976  | -0.013916152737061045219  |
704   | 0.0028185328635426326951  | 0.0089134729855999510206  | -0.0060801790827719279925 |
705   | 0.0025576259130837874015  | 0.0091479496315068822149  | -0.0027301745243384712217 |
706   | 0.00096634227033550964582 | 0.0082910172770562489547  | -0.015117565647990639788  |
707   | 0.0015577550478369890045  | 0.0082164090421998382807  | -0.015462085484018476753  |
708   | 0.0070510608848964118414  | 0.004467795025647745312   | -0.00570308394456920352   |
709   | 0.0046223077366635643287  | 0.0019942010670056273085  | -0.010496852441417696758  |
710   | 0.0057796922898693189885  | 0.0091915854124578443007  | -0.0087892153841514532309 |
711   | 0.00063963681034254627877 | 0.0070940570345110988068  | -0.010228701230986337462  |
712   | 0.0045441601975594707319  | 0.0051310969160895739116  | -0.015154397318578271409  |
713   | 0.00084999285735421121514 | 0.0060400626563130435306  | -0.012737738637520481036  |
714   | 0.0011156844922971904596  | 0.0054167335680448559093  | -0.015521179574380108979  |
715   | 0.0046573825636377795198  | 0.0090816318758949500511  | -0.012770209855821269135  |
716   | 0.00013716525294685298977 | 0.0075343423675897722852  | -0.0099059955042215281501 |
717   | 0.0028820812401334368856  | 0.0089577582261704067484  | -0.0051057348834839481194 |
718   | 0.0043909719602701147503  | 0.0069270270980221620993  | -0.0087051512774210214329 |
719   | 0.0092783287222070968264  | 0.0041980629355424419272  | -0.014918391255042478052  |
720   | 0.0066429317048168623483  | 0.0078603017063278209781  | -0.017144159401056763281  |
721   | 0.0069374870628646110801  | 0.0048915773962023983978  | -0.0092262596134140596738 |
722   | 0.0021446330974581903454  | 0.0067151626493205940349  | -0.003818807918188109763  |
723   | 0.004206310419974991846   | 0.0049171181223212441155  | -0.0060981689071991961384 |
724   | 0.0073127204496887393548  | 0.0054346728022136815348  | -0.0095175671882054644485 |
725   | 0.008770584823667833263   | 0.0063474687147721566005  | -0.0067981893476621833849 |
726   | 0.0030568844394860588201  | 0.0071152181860658766585  | -0.0068607746715701944593 |
727   | 0.0033295378713231976557  | 0.0030445573924801263427  | -0.0061249817807013436782 |
728   | 0.0049462162460027648409  | 0.00058553372629737462495 | -0.0018099503675847814638 |
729   | 0.0099440397958148393776  | 0.0063073016608163464877  | -0.0098534837510265323168 |
730   | 0.008444686108955530221   | 0.0028517693609403397745  | -0.0020800061060162553656 |
731   | 0.0058227305771256206504  | 0.0018452882646684111521  | -0.0081801553597442774879 |
732   | 0.0043351773848670401013  | 0.0098842056639274478158  | -0.017174346967783905155  |
733   | 0.008044295103499753824   | 0.0084572790148033562957  | -0.009091951760888226583  |
734   | 0.0050779835147960750152  | 0.0043920146356709105148  | -0.0095429790983624918077 |
735   | 0.0045847020550991105653  | 0.0003048228332881280098  | -0.0040144966776014760074 |
736   | 0.0093365795705927165371  | 0.00027912347310912819908 | -0.00072121706920816200468 |
737   | 0.0061211070491246598324  | 0.0080166328399518069908  | -0.006552932828202151852  |
738   | 0.0022904985091117403655  | 0.0072801176812925579712  | -0.011899217233793809093  |
739   | 0.0071384629711084626735  | 0.00082001238746371352042 | -0.016080981456201324381  |
740   | 0.0066083549849800509585  | 0.0033461264239037324768  | -0.013596061151788647187  |
741   | 0.00175734932839004699    | 0.0068642752224886563819  | -0.0018828756026732574366 |
742   | 0.00083530186933874345234 | 0.0046526254273843289586  | -0.0012158591036975879666 |
743   | 0.0035973038982194489518  | 0.0047430004897666584729  | -0.01522432047234753387   |
744   | 0.0089142865955055966554  | 0.0049792003489537257563  | -0.0096879810076025002497 |
745   | 0.0016733649498463518471  | 0.006435934514319833176   | -0.010871420566511788564  |
746   | 0.0068201878482981271798  | 0.0036438134907300868612  | -0.0025457291305968714722 |
747   | 0.004595798402566393312   | 0.00060555515845475661133 | -0.0063762432461572154593 |
748   | 0.0086050763736989117902  | 0.0031657194723704248918  | -0.010460876948501608014  |
749   | 0.0099626184329759514408  | 0.0041512284551709242517  | -0.012191877817389945929  |
750   | 0.0080751123853142845604  | 0.0019001022719741587734  | -0.0031440215480369603125 |
751   | 0.004504056328337921293   | 0.0067704410072520386857  | 0.0008850244011726859884  |
752   | 0.0020263537544329772964  | 0.00869873212726592418    | -0.0089502086932808123942 |
753   | 0.0073597439652510329364  | 0.0089666853482707493256  | -0.0037535143954746516201 |
754   | 0.0059858906926635209456  | 0.0080411050930094315342  | -0.0045513497574925405875 |
755   | 0.0013694720108452323147  | 0.0081231088538389929765  | -0.006715910989728225873  |
756   | 0.0084829688000286132543  | 0.0091007716225436751517  | -0.0049676808103834750943 |
757   | 0.0063844399339850581299  | 0.0043935908489044954786  | -0.010968903959960052755  |
758   | 0.0031051239575779045546  | 0.0023388535427710274543  | -0.011062749875020023646  |
759   | 0.0042102492944259446717  | 0.0099649178585327676666  | -0.0066193091210088143839 |
760   | 0.0015404315182256029301  | 0.0095902234154336303551  | -0.0079342475512490604622 |
761   | 0.0033802187582886462219  | 0.0088268636927004082149  | -0.012444278761608624714  |
762   | 0.0079242079131184722796  | 0.0037823955066202015474  | -0.0079620865653618720648 |
763   | 0.0081432931461244556504  | 0.0040071332895095001028  | -0.0077274263597410745158 |
764   | 0.0065173242229658269117  | 0.0050696746579020788778  | -0.0092909187957259872781 |
765   | 0.0019807774383137724018  | 0.0050092620199163918893  | -0.0062027781712688983065 |
766   | 0.0077221636929258492821  | 0.0068491279047123718518  | -0.015651624630100776508  |
767   | 0.0052994505319673276475  | 0.0020645170125994588908  | -0.010493339957064008738  |
768   | 0.0036047165089755236166  | 0.00052430579798437202364 | -0.011856373541769986424  |
769   | 0.0014632108331728991071  | 0.0056473704941519108774  | -0.0062374574422277223942 |
770   | 0.0010485642416145038881  | 0.008914198176356287126   | -0.00250808831646434768   |
771   | 0.0071777329481616065562  | 0.0062306770998147732038  | -0.0043277036851366397149 |
772   | 0.002944847847253198158   | 0.0094809892703428266802  | -0.015757002561167111898  |
773   | 0.0005101437896195955236  | 0.001900311700579537539   | -0.004026566943850918949  |
774   | 0.0076330083098272603556  | 0.0088976714838283500059  | -0.011141093981514567021  |
775   | 0.0084989525095614908146  | 0.004093245238296872382   | -0.0087946232536596658652 |
776   | 0.0032544903206869145972  | 0.0056534717596725837102  | -0.011897970851192938083  |
777   | 0.008630647516360881108   | 0.0051955195814079313532  | -0.0025027263592342012359 |
778   | 0.0019703734351586205988  | 0.0001187411796032037764  | -0.0013593761734026429695 |
779   | 0.0049144301110858393256  | 0.0043149356337974830236  | -0.0038837534757874239873 |
780   | 0.0077755590526983062519  | 0.00619197596887875127    | -0.012016073616048420988  |
781   | 0.0020929673325531779685  | 0.0033242955348038046547  | -0.0025455959299622104262 |
782   | 0.0016904642189505731959  | 0.0032401086331702842226  | -0.013999358147621324827  |
783   | 0.0029992853994298324972  | 0.0056013139822810569662  | -0.00251067757952932449   |
784   | 0.0082583738181493965974  | 0.0037359478437477126357  | -0.01157183280889285612   |
785   | 0.0014496121273707552983  | 0.00060943757370102321063 | -0.0096424007508538675526 |
786   | 0.0041040905013233269436  | 0.0064973901620365122692  | -0.0062887669164047518833 |
787   | 0.0026301321229463478502  | 0.0011445979225631463388  | -0.00084532637126277776745 |
788   | 0.00083958016942588893552 | 0.0060963483554846804521  | -0.011814304132000363196  |
789   | 0.0053325799812242438355  | 0.0052501627300133094089  | -0.01373247147905180994   |
790   | 0.0049058357138698372585  | 0.0042248429466928243137  | -0.0090723222305175536817 |
791   | 0.0012817510917941066315  | 0.0091010428712158461528  | -0.01407168322271842853   |
792   | 0.0032596157802727014803  | 0.0022729684645296063979  | -0.0042164608941092796696 |
793   | 0.0062060489602771629417  | 0.0015667327347091103244  | -0.0016531060153306363896 |
794   | 0.0094027046883998627314  | 0.0061168096965311252733  | -0.017427055106244596777  |
795   | 0.0041709892464183787042  | 0.0070200695917456267664  | -0.0097666394603897182386 |
796   | 0.0046693304822195292464  | 0.0067381669154652776635  | -0.0024912931355390208719 |
797   | 0.0019640490421805505486  | 0.0066645750139417434324  | -0.0095803806593195376534 |
798   | 0.00295630768566459241    | 0.00052136168763036272282 | -0.0012784176124818237303 |
799   | 0.0069982168676555349049  | 0.0024122208300585709986  | -0.014372533122101871852  |
800   | 0.007014972571845879204   | 0.0080246659055403894711  | -0.0072183180788640537856 |
801   | 2.7608438876136957401e-05 | 0.002054949305181688439   | -0.0023098428718311618361 |
802   | 0.003102938118476041441   | 0.0095467804028570857344  | -0.0071441716190615818863 |
803   | 0.0079272247813129397692  | 0.0083794678379395439588  | -0.0041744231919527826843 |
804   | 0.00089854529557524510323 | 0.0039733764382127879228  | -0.014153376235616707199  |
805   | 0.0028673458108876012998  | 0.0040493929222740468118  | -0.0079012885831501646766 |
806   | 0.0023857045898176697414  | 0.0039067158647046133085  | -0.002766422033038804483  |
807   | 0.001946895560295268      | 0.0081898845422033166724  | -0.0016331952130834704023 |
808   | 7.3737432678597664712e-05 | 0.0021732948702311381123  | -0.014636319735684688581  |
809   | 0.0031134758466603543355  | 0.0041907827471469013061  | -0.010239532231618532487  |
810   | 0.0070394534198509710332  | 0.0035257430783421990668  | -0.0017892932293729019253 |
811   | 0.0075308962379312125238  | 0.0027183245997264618952  | -0.016751073696339418423  |
812   | 0.0083802400255458073947  | 0.00497106918490109774    | -0.013233159779529140437  |
813   | 0.0062650059604793684881  | 0.004653890431285924445   | -0.0043453242608828008403 |
814   | 0.0045064768465707689266  | 0.0075132362940471654825  | -0.011832320478067535549  |
815   | 0.0042031136103771815984  | 0.0036048507503533234672  | -0.01138676809892122388   |
816   | 0.003237820685091848897   | 0.0041040759097763068047  | -0.011420446297778313188  |
817   | 0.0090698808136062750163  | 0.0015073070392048707345  | -0.0028366063324777269702 |
818   | 0.0076625335610749495396  | 0.005319364503539237253   | -0.0031675224943010123202 |
819   | 0.0033573642650732904089  | 0.0059387937906946281982  | -0.0058214512383520898575 |
820   | 6.9102295285751054433e-05 | 0.0015323097794209222626  | -0.0071967104922995277921 |
821   | 0.0066334337772351887469  | 0.0095630113144049306434  | -0.0037879231324931652083 |
822   | 0.0023201492998692540767  | 0.0066547851175398952187  | -0.0062237988468193264704 |
823   | 0.0033057985909507362453  | 0.0026141734399269169614  | -0.016002601233429385175  |
824   | 0.0058887801163041266286  | 0.0016918977059979843983  | -0.0097322683401089467303 |
825   | 0.0064479850941146334489  | 0.0056299710395804379928  | -0.011938357677179602459  |
826   | 0.0076938108736970926838  | 0.0069053545980060524953  | -0.011458306237772716146  |
827   | 0.0090374207861493270622  | 0.0073725738852889050046  | -0.0012523676774814659993 |
828   | 0.0001259320455079483887  | 0.0050242705759322220035  | -0.011436576293994946824  |
829   | 0.0012302761498696390338  | 0.0073500512720727460836  | -0.0048934355097852086369 |
830   | 0.002822287564002167598   | 0.0039356776349780044771  | -0.0016945277861598266166 |
831   | 0.0038970820648530800009  | 0.0076149341884214315213  | -0.00056926034466664747133 |
832   | 0.0054484046032585407848  | 0.0023225884922998848818  | -0.0059637819747502800877 |
833   | 0.0090615617316351076277  | 0.0048372197535285375511  | -0.0038668737769021990953 |
834   | 0.0047399418027524809274  | 0.0079082428400252934714  | -0.014386082990473801624  |
835   | 0.007514270474781387793   | 0.0094547842782475854939  | -0.010749205388682958606  |
836   | 0.0098770893920507914915  | 0.0010920928315508297325  | -0.0059352343970487178582 |
837   | 0.0081004631521257274007  | 0.00269136855318235493    | -0.0049646259831370711732 |
838   | 0.0065986833981879619224  | 0.0013563783523269147026  | -0.013108906542868545286  |
839   | 0.0067431737953186432835  | 0.0027066415504103783808  | -0.0016108745916782649631 |
840   | 0.0092151904312684270598  | 0.00051698383448411456068 | -0.0052357565114519834595 |
841   | 0.0064166776811403255371  | 0.0011657540618608347796  | 0.000647982967281619999   |
842   | 0.0028961229399179040309  | 0.0065584778114477848901  | -0.0016387316080212807178 |
843   | 0.0065720366638306135926  | 0.007363708625401392191   | -0.011233198861970000379  |
844   | 0.0038302694709185574826  | 0.001241149003526379694   | -0.0082153050728878858344 |
845   | 0.0096567643111390433219  | 0.0024946150418890646397  | 4.9398714533243273249e-05 |
846   | 0.0086325446044724224448  | 0.0022907815876264995235  | -0.0042570938102310610512 |
847   | 0.009249553198639607135   | 0.0074862527990439478587  | -0.0060872222673540206384 |
848   | 0.0043827431468415412388  | 0.0015217277144991883924  | -0.0002879361060783723527 |
849   | 0.0062841603253934409309  | 0.0051462037235524829212  | 2.7328876868461575921e-05 |
850   | 0.0040931763248595615795  | 0.0035630877533481763141  | -0.0071927255882779737167 |
851   | 0.0050235903942995839555  | 0.0067529216204400398932  | -0.014328926778336362885  |
852   | 0.005149272986111762436   | 0.0088260138524483399552  | -0.0091905208842326738261 |
853   | 0.0092890368864759868817  | 0.0031664405220044340022  | -0.010143833096639350705  |
854   | 0.0079765319502869223151  | 0.0093220274155322146309  | -0.0040415212821239884095 |
855   | 0.00014828863372980295591 | 0.0037320462253310161468  | -0.0010321247238113005415 |
856   | 0.0098424607062635362936  | 0.0031408750616026097358  | -0.0029410669714967706094 |
857   | 0.0081968046702893069405  | 0.0076366350686238307008  | -0.011502699601268004045  |
858   | 0.0054929450811381976688  | 0.0030660392155018225541  | -0.0048198637401211967199 |
859   | 0.0020267438897098224299  | 0.0053658374010382278371  | -0.0090898923036103161655 |
860   | 0.0077286566495552745659  | 0.00074751786933071348671 | -0.0045753024599736510231 |
861   | 0.0011612900302711435998  | 0.0024149910976089656277  | -0.010165601427153230993  |
862   | 0.0088446696007511149684  | 0.00068185830981356730044 | -0.015036036896036419561  |
863   | 0.0011641437776652003265  | 0.0073082967897868909846  | -0.0023125257461461420048 |
864   | 0.0038595198187777513855  | 0.0045187101302623941881  | -0.0065267205286138876494 |
865   | 0.0057599626316331350995  | 0.004234368781866289233   | -0.0020064487312549707243 |
866   | 0.0053358774977716643198  | 0.0096618960344915603283  | -0.0061011547734425896142 |
867   | 0.0049851536903826251801  | 0.0057977790513606469389  | -0.013168472714192290887  |
868   | 0.0069017956170998621609  | 0.007844461041098980611   | -0.0059028689112276535797 |
869   | 0.0037015409174522440755  | 0.0049640001729285175222  | -0.012461731088976713347  |
870   | 0.00018345377297618851607 | 0.0037574680099499943066  | 0.00042784950618044234475 |
871   | 0.0081315012639651112342  | 0.0017630875960301395106  | -0.015496265186792560972  |
872   | 0.0039779716232251419172  | 0.0022577406939937216986  | -0.015899929317626824293  |
873   | 0.0077452546359134677445  | 0.0034461611601841147731  | -0.014944729269703750998  |
874   | 0.0058203863737549205518  | 0.0014113349049033486332  | -0.00070724641864151004643 |
875   | 0.0064674263983823471538  | 0.0064349670779357453013  | -0.0094802118414416408632 |
876   | 0.0045160029407945887978  | 0.0015893614645910646935  | -0.0040712700490460849989 |
877   | 0.0011268148956223506593  | 0.0053085451529089498421  | -0.0061772761322460983946 |
878   | 0.00041229761447841986122 | 0.0034401471469243196689  | -0.01718990103812839329   |
879   | 0.0055947543061952717883  | 0.0080501095409179820178  | -0.0059058020714544230342 |
880   | 0.0061442406090016542589  | 0.0055684623982649927507  | -0.0048248475973706825976 |
881   | 0.0043058092421821856158  | 0.0044980718744830104974  | -0.008815577123580758262  |
882   | 0.0054891430346296144274  | 0.0059571464989088508332  | -0.01004700610726319901   |
883   | 0.0074817584297843502811  | 0.0054425040585410235094  | -0.004249038727899865503  |
884   | 0.0081567207210284826957  | 0.0093240256546984617847  | -0.014391339194524224374  |
885   | 0.0095381591714220614886  | 0.0014628103560661682384  | -0.0082111529542938325316 |
886   | 0.0044461418022476769524  | 0.0050908584985405068088  | -0.004511662027523501324  |
887   | 0.0024755352996716820622  | 0.0016664288211460202838  | -0.015325922077209857067  |
888   | 0.007813693025910291301   | 0.0030705610901548972998  | -0.01018776531189060329   |
889   | 0.0036805798171757669532  | 0.0096546477251819168286  | -0.013189009251506117817  |
890   | 0.0054512302007938169546  | 0.0070817721142824403488  | -0.016605440676645048109  |
891   | 0.0039312059592569092645  | 0.0063705158432592907253  | -0.0021666998389172731181 |
892   | 0.0057593172234619190164  | 0.0090946262670618827767  | -0.0065588266751320728823 |
893   | 0.0062467323590756100235  | 0.0048743527879064789746  | -0.0062292998198269214014 |
894   | 0.0066106350317638746389  | 0.0048214097594753979603  | -0.00051983295158113823359 |
895   | 0.004550479191573451182   | 0.0075632066346157751299  | -0.0073294436540652435283 |
896   | 0.0021814613838318031372  | 0.0014812467927948684641  | -0.015252884282531166404  |
897   | 0.0090546107115799818327  | 0.00036104349334994858666 | -0.011021803841599729298  |
898   | 0.0023534445874389057878  | 0.0042497050810994876913  | -0.016582290468395467775  |
899   | 0.0019005680408677905376  | 0.00405577300747517102    | -0.010626828988109515706  |
900   | 0.0051539852083976652602  | 0.0084128911886363327149  | -0.01295590201796326113   |
901   | 0.005099058631878435055   | 0.0071964098064858112586  | -0.013194624407018136492  |
902   | 0.0052480015070366621902  | 0.0010212076348650219858  | -0.0057348448100233394287 |
903   | 0.0061682583025907452429  | 0.0070038769267362806226  | -0.0051637487160282611112 |
904   | 0.0037995936510260446863  | 0.0093526332535899484727  | -0.015123198650305711213  |
905   | 0.007273443115221723751   | 0.0065902871211353511102  | -0.010086894720047328081  |
906   | 0.0079523136955355379352  | 0.003963211543049364495   | -0.015040941534271103433  |
907   | 0.0036901825628796163653  | 0.008580831564804190098   | -0.00032021470751973440342 |
908   | 0.0032338670940666694627  | 0.0048047056127644418785  | 0.00088163019623253868241 |
909   | 0.0065532621322756485702  | 0.0030351371318598878435  | -8.798126075198412898e-05 |
910   | 0.0031981881917063268404  | 0.0068096443333324806549  | -0.0055695797429783106686 |
911   | 0.0097099453428809608113  | 0.0084188034716310179706  | -0.0019658759224821464005 |
912   | 0.0088532282850768955623  | 0.0043994856013639289938  | -0.00077371627230989352322 |
913   | 0.00600316788259077673    | 0.0050323546599103478882  | 0.00032254972441177458958 |
914   | 0.0027530468268796293163  | 0.0041305260042077251298  | -0.0079888247140677826064 |
915   | 0.0043444695743190932594  | 0.0034018921492411161034  | -0.01377720796340610801   |
916   | 0.00048107130087229172354 | 0.0035290735074866765725  | -0.016880961857989262853  |
917   | 0.0029751106720307955895  | 0.00049530493519094845756 | -0.014201942942782028179  |
918   | 0.0027183318170254061434  | 0.0033374370740316349447  | -0.0016581202247932646382 |
919   | 0.0020585823184841923507  | 0.0071585989049940427706  | -0.017100279979015971937  |
920   | 0.0085470324437511725063  | 0.0092475326006874053464  | -0.0056048232018112743857 |
921   | 0.0033385708780048397454  | 0.0037424730657034332125  | -0.001746322933914578289  |
922   | 0.0058046603914119927758  | 0.0029435343228870775728  | -0.0056817155394651317965 |
923   | 0.005654233064993814846   | 0.0077406594418839153038  | -0.0052233015620917989594 |
924   | 0.00077184338648395955755 | 0.0075496284940594323223  | -0.0061550513335817185964 |
925   | 0.003822000374866081629   | 0.0038703770293713551064  | -0.015585249913310124381  |
926   | 0.0064579256301143250774  | 0.0011817461190539208134  | -0.017324756475230022185  |
927   | 0.0014090170359049648038  | 0.0067266130392538304311  | -0.005836019570265611224  |
928   | 0.0041305273089649267165  | 0.009215240968068869401   | -0.0070609431162142952121 |
929   | 0.0074274664869957256197  | 0.0066550193723943227089  | 0.00085214459959428914132 |
930   | 0.0062827166118888016014  | 0.004128172427191378023   | -0.0039148100746324880281 |
931   | 0.0048668690370995415506  | 0.0018258084975650765418  | -0.014741291750523180179  |
932   | 0.0085576433097337631373  | 0.0053596870717566146708  | -0.003136171552948792754  |
933   | 0.00057863951803833470981 | 0.0041980395206296780217  | -0.0035533995146659674499 |
934   | 0.0033070776086192481616  | 0.0073256358420558534764  | -0.010659307122008833402  |
935   | 0.0025403310902091173588  | 0.0072047936514869860211  | -0.013674051346990224315  |
936   | 0.0029420556645932001948  | 0.0024990255879015882932  | -0.015157473299309822887  |
937   | 0.0030860750254599503099  | 0.0062219905687394931604  | -0.014954069496072617401  |
938   | 0.0062040695962020967966  | 0.0026451196304426976419  | -0.01238638535711469868   |
939   | 0.005325679818198096778   | 0.0036843764295582401638  | -0.0020204567163953105965 |
940   | 9.9407150225108996443e-05 | 0.00023178000284065106108 | -0.015358843171139703598  |
941   | 0.00069751420957201706527 | 0.003853010378228246928   | 2.9726042582676879449e-05 |
942   | 0.0017940239675067329913  | 0.0033440321416181870498  | -0.0078573038823159056104 |
943   | 0.0061569479611311723338  | 0.0082805508071683471549  | -0.00099899527270035310203 |
944   | 0.0092400631781862935937  | 0.0072751869171679252671  | -0.013910784606426385493  |
945   | 0.0009318001116801616357  | 0.0070935401632611179076  | -0.0050974602327055760012 |
946   | 0.0074630551906219701544  | 0.0046856709877885413529  | -0.016693990216958737999  |
947   | 0.0083767546447649776642  | 0.0074895521238098998473  | -0.0024872195531202580775 |
948   | 0.0080793918680718869452  | 0.0066743847372333214851  | -0.014150278353912314894  |
949   | 0.0061364629415108550362  | 0.00062166763695333622161 | -0.013512406276552219736  |
950   | 0.0056639776785729579675  | 0.008589468929791059526   | -0.010352951364658205535  |
951   | 0.0038854591886109358587  | 0.0057859336413745203823  | -0.0030255256256046126478 |
952   | 0.00024586081542461588533 | 0.006766358194347625761   | -0.013563405239061134336  |
953   | 0.0078131049106820726902  | 0.0064511072937816138148  | -0.017012347156875159276  |
954   | 0.0027083604776788326209  | 0.001614640733370042297   | -0.0066399769763541864262 |
955   | 0.0034993409732405268871  | 0.00034098621603002708278 | -0.0057204099424131658186 |
956   | 0.0062514933630619827151  | 0.0031354424969592281126  | -0.0087064689381161786824 |
957   | 0.0070541104874457362731  | 0.0054252262557767235926  | -0.011126605230137942906  |
958   | 0.0063974687777026782026  | 0.0087865648570947217644  | -0.0083877799657873352429 |
959   | 0.0020396788172203487478  | 0.009714043623737496011   | -0.0083859081075776994302 |
960   | 0.0035646917488454514002  | 0.0047899410828738291437  | -0.004581876507283286909  |
961   | 0.0032676745442695928623  | 0.0074336405261013552281  | -0.013640404741905873612  |
962   | 0.0071477692207006834207  | 0.0042445789559342333996  | -0.0080459804855444409105 |
963   | 0.0061519939013647299483  | 3.7003258657332407607e-05 | -0.012790381375658693361  |
964   | 0.0040800913809764267209  | 0.0066308917490087455199  | -0.0072658311729162892989 |
965   | 0.00038441709349867767475 | 0.0090183109083371605641  | -0.015651683420930633667  |
966   | 0.0074649462478213737468  | 0.010002052032811825297   | -0.0058851560229760124798 |
967   | 0.0030815148861715142489  | 0.0054939284492034213409  | -0.012235759664565892466  |
968   | 0.0047277804150426599658  | 0.001716079538784067186   | -0.0009975371336918125581 |
969   | 0.0063628233297233580817  | 0.0016762576276716546764  | -0.01648249542744794488   |
970   | 0.0031506434942983243402  | 0.0032000028610118984654  | -0.0068642726995607533311 |
971   | 0.008807974573831882717   | 0.0071237532623949773036  | -0.012134867506067164439  |
972   | 0.007184988312421185068   | 0.0072146019626994611212  | -0.010542388031951057878  |
973   | 0.0055356999918735371249  | 7.433007705678078465e-05  | -0.0077768943533547798055 |
974   | 0.0069557017263026515996  | 0.002560125432563317531   | -0.015324720340403276755  |
975   | 0.0012119661728098322841  | 0.0034344980084065669136  | -0.0069678537580916593067 |
976   | 0.0021353602129400997903  | 0.0074288989933147826089  | 8.9053203627994202696e-05 |
977   | 0.0066004675132226714451  | 0.0084952084612043218814  | -0.0041625391647551902158 |
978   | 0.0064013033418697067034  | 0.0049398328412034045801  | -0.0089644177321895508748 |
979   | 0.0083802542974359302275  | 0.0014077440497982012056  | -0.017003221026365433061  |
980   | 0.0042630845419145092443  | 0.0064073117535707168474  | -0.01285476654567259229   |
981   | 0.0094836397631093242999  | 0.0016849447979724837317  | -0.0141232151898014191    |
982   | 0.00046382148210533829299 | 0.0068211411864014482795  | -0.0043365756723737552622 |
983   | 0.0046830406761976563212  | 0.0070755697331357954305  | -0.012266507951499120224  |
984   | 0.0041914477698335650055  | 0.0059182909496208286823  | -0.013144009709929297541  |
985   | 0.0097176684671473993749  | 0.0015112662246099960086  | -0.013423282953147954583  |
986   | 0.0012467007315761333315  | 0.0057367746200994162997  | -0.017242976353282347957  |
987   | 0.006656207413572402809   | 0.0059875551875830821877  | -0.012581446927619751447  |
988   | 0.0038649459870153620757  | 0.0091698235287293178297  | -0.0023118376342458153358 |
989   | 0.0018028240504924849391  | 0.0025656774644917104342  | -0.014700038857777687762  |
990   | 0.0051133810199735646451  | 0.0042556859105825134079  | -0.0098633396035045766553 |
991   | 0.00082286947016443348028 | 0.0099766221726393863878  | -0.015826711913230619849  |
992   | 0.0022168149316041932048  | 0.0098530392928355987198  | 4.1855907215660815082e-05 |
993   | 0.0016226559358995349281  | 0.0012963284381143935255  | -0.00088779036931670651193 |
994   | 0.0087161744587744421908  | 0.0046755441341091155336  | -0.0058519673329949367657 |
995   | 0.00039521321898411653764 | 0.00094205508756484981295 | -0.010640188737354831783  |
996   | 0.0078028155625152403885  | 0.0099708618642108479829  | -0.011091689036926796752  |
997   | 0.0056996630041306018885  | 0.0091556326750563826744  | -0.00078151358711647735296 |
998   | 0.0084349032089075584584  | 0.0035901770772207358337  | -0.008136547877776841714  |
999   | 0.0034544935635932539839  | 0.002491229581873251591   | -0.0027798040377989543734 |
