N			X			Y			Z
0     | 0.0057456881955784489327  | 0.0097587006333942575426  | -0.00099455049887084293406 |
1     | 0.0048098872473641609421  | 0.0090590504343840399376  | -0.00041219984125540661945 |
2     | 0.003046966223846244836   | 0.0067476952933369213281  | -0.0024754822013303427915 |
3     | 0.0037080073709213684161  | 0.00098646497413164713902 | -0.0031101440177506963283 |
4     | 0.004750085882142763595   | 0.0014782504614963267939  | 0.00097873752252339209917 |
5     | 0.0065886102507358365599  | 0.0010327887386096391408  | -0.00073476559250903702211 |
6     | 0.0032144180588036474176  | 0.0079576851229324254561  | -0.0040304905869443545183 |
7     | 0.0059393383583565230108  | 0.0015877545690055098419  | -0.0047096430103797277955 |
8     | 0.00084762324252959735625 | 0.0071841182453839117286  | -0.00089131831058078124681 |
9     | 0.0035696335777980997377  | 0.000736709496492465735   | -0.0028055523692965935248 |
10    | 0.0077834714883770837052  | 0.0030261948149861508939  | -9.0282136273656340996e-05 |
11    | 0.0044768327512830496939  | 0.0081997545286538933013  | -0.0024977306033560874032 |
12    | 0.0030992327978519394055  | 0.0036983029467333090358  | -0.0048405097326354963247 |
13    | 0.0086312434522466379566  | 0.0070116847523955926763  | -0.0024449057726937113537 |
14    | 0.0058579346964884402432  | 0.0093898314985291445739  | -0.00047875045313011443992 |
15    | 0.0039957921210772989751  | 0.0064837301359236126919  | -0.0020938585856194961293 |
16    | 0.0032573873642176669196  | 0.0084205198127004637909  | -0.00055326452340227695766 |
17    | 0.0014809476483811385289  | 0.0089017068178714568727  | -0.0031952521542220153547 |
18    | 0.0045968049091045289772  | 0.0097828214434440858432  | -0.0034326466351002572416 |
19    | 0.0065143644771101325702  | 0.00079703409995750327914 | -0.0028792777428408369844 |
20    | 0.0041651564865723723907  | 0.0032054427453265354857  | -0.0035117670753584242019 |
21    | 0.0084531984196397347286  | 0.0047862339385409541359  | -0.0018373202296931533117 |
22    | 0.0062191384109197295899  | 0.001846636900256420433   | -0.0011323608488885386798 |
23    | 0.0059706229552803262786  | 0.0065663234346477541981  | -0.0033974008249657112676 |
24    | 0.0079352736398912125659  | 0.00077498130175185332095 | 0.00031274308665516539459 |
25    | 0.0076230045788279188201  | 0.0018246895215503653939  | 4.7943439547834055051e-05 |
26    | 0.0029222402008672577166  | 0.0091562199944545865499  | -0.0016117354223851244801 |
27    | 0.0029232786258389081152  | 0.0046485566423656102253  | -0.0032413490994121839199 |
28    | 0.0052641533077666989929  | 0.0073100735726562534114  | -0.0043251055985092552725 |
29    | 0.0044171092990910303805  | 0.0032656399439406733239  | -0.0036247791468976705252 |
30    | 0.0053979954275750604772  | 0.0019478515209558849939  | -0.0034792475859119556536 |
31    | 0.0040910122868137175148  | 0.00243094321749028194    | -0.0033552808241362579167 |
32    | 0.0028063049145654640759  | 0.0054739791203885657805  | -0.0020198982613819681589 |
33    | 0.0019613618640485562354  | 0.0091469093928337723981  | -0.00026844575196867311593 |
34    | 0.0036322407840900946228  | 0.0081233262354842798031  | -1.4740413553532266051e-05 |
35    | 0.00095358171768073960155 | 0.0055558808233556120082  | -0.0038509581115497774732 |
36    | 0.0093500067064156231617  | 0.0096785587751336034368  | -0.0032388180410248944979 |
37    | 0.00018416899169347672959 | 0.0054784730735763544074  | -0.0041309113746582186433 |
38    | 0.0060597844940942207498  | 0.0067732364487416516635  | -0.0032477271481786123414 |
39    | 0.00074865980869955343815 | 0.003206594371476193233   | -0.0041542851366092974075 |
40    | 0.0060276911290721912548  | 0.0032639305772947124241  | -0.0039563347035047177411 |
41    | 0.0077336883189628533725  | 0.0044055379057173910118  | -0.002530278221183474268  |
42    | 0.0067088506422535113677  | 0.0093186216582288056848  | -0.0004005364536159064493 |
43    | 0.00055548558441113524663 | 0.0030108326333749329748  | -0.00070061214607359709964 |
44    | 0.0023516231393711666854  | 0.006603221515960818605   | -0.00055116203150591246834 |
45    | 0.0006071563893189710218  | 0.0026297044118267160276  | -0.0030453458577369934938 |
46    | 0.0035393668519820144051  | 0.001638384385310199436   | -0.0013310238404000654822 |
47    | 0.0033915375937929440921  | 0.0031895303792562235308  | -0.0011577798257699928059 |
48    | 0.0049250113601778050879  | 0.0078981104991195510978  | 3.7709375439352330669e-05 |
49    | 0.0036008208691377498537  | 0.0060471640794815010797  | -0.0030649965246573335903 |
50    | 0.0044888953022379244825  | 0.0069769236862666471344  | -0.0039859101682631608438 |
51    | 0.00077178848983931811877 | 0.0065855159268954077678  | -0.0022550409017737436078 |
52    | 0.0036236086401303748729  | 0.005336364472685743536   | -0.0017723771676138074926 |
53    | 0.0088835267075738615777  | 0.008138756251201169703   | -0.0033191175223397425403 |
54    | 0.0016275661274696743511  | 0.0057792093440914363289  | -0.0014323286876827987998 |
55    | 0.0053978047477959423261  | 0.0089076572382804346945  | -0.00079438740337840784735 |
56    | 0.0087129774555847697842  | 0.0037902000954380433984  | -0.0028527268344219793017 |
57    | 0.0029606823140075470314  | 0.0084248061714478524042  | -0.00028074121710932074336 |
58    | 0.0018766413707887836474  | 0.0093513845345460297476  | -0.0026111387004375073012 |
59    | 0.0053631663770237984062  | 0.0076793235101560945038  | -0.0042365000100136962838 |
60    | 0.0052663526031905254915  | 0.00011844861616613105884 | -0.0034325879852807536508 |
61    | 0.0076474797691106714131  | 0.0062209605386300392132  | 0.00087417244539582123625 |
62    | 0.0069625164616993751032  | 0.0071937976149899418229  | -0.0031262599707629549865 |
63    | 0.0082946216316264389373  | 0.0099353317103998313453  | 0.00039813718661278974182 |
64    | 0.0071143492548283223526  | 0.007311439086827220199   | -0.0012819700890574312491 |
65    | 0.0065168215306149216912  | 0.0085314496982320381369  | -0.0031325549210989506524 |
66    | 0.0019548866354130067964  | 0.0064779299681913902337  | -0.0045149606151752112726 |
67    | 0.005756812415867756938   | 0.0027903546878672944725  | -0.0020448820138212094044 |
68    | 0.0017570387618783445301  | 0.0075169151024301675279  | -0.00059928228284110950097 |
69    | 0.0013349494771172972646  | 0.0059293648714470398656  | -0.0022105455698036061661 |
70    | 0.008828411208980709024   | 0.0051279435771744057496  | -0.00038400034978445358146 |
71    | 0.0090422356115227534717  | 0.0075094626652344393172  | -0.0040524583305736961228 |
72    | 0.0067819079547214644252  | 0.0082575098061516086917  | -0.00099038537314937759304 |
73    | 0.002180351859138726818   | 0.0035471946572871323154  | -0.003596982709134659284  |
74    | 0.0041312676009359217827  | 0.0066211285418931583799  | -0.0014177307153101575358 |
75    | 0.0073139792510875222681  | 0.00052290008339732840185 | -0.0044428074454299490079 |
76    | 0.0060315450010932653707  | 0.0015939722092381386747  | -0.00066705006185907643294 |
77    | 0.0044697043602715076302  | 0.0047541049164920900008  | 0.00032011995277512675503 |
78    | 0.0054701813458658708408  | 0.0044484349929843555738  | -0.0012218444201031563971 |
79    | 0.0041894494614614181602  | 0.0067678600911300831888  | -0.002742869497220311141  |
80    | 0.0016931768774113105033  | 0.0040839995933227351763  | 0.00089201856971307582483 |
81    | 0.0078837125333874689265  | 0.0014146495586853688291  | -0.00030765323157780404212 |
82    | 0.006911728302340315773   | 0.0047642619914861463262  | -0.0043886178721914718623 |
83    | 0.0051554084325606836653  | 0.0069083968212313631024  | -0.00038867896348286293121 |
84    | 0.0096422540358032746838  | 0.0021520178250533637289  | -0.00038139766635653658041 |
85    | 0.0028446531437121562631  | 0.00037807177069391011788 | -0.0020936522709558919378 |
86    | 0.001758563417272261762   | 0.0048220517074316522621  | -0.0020352268358360629114 |
87    | 0.0036736571851255475814  | 0.0067750634397721002516  | -0.0048865072706913001074 |
88    | 0.0060166486115532302401  | 0.00071979932722066280841 | -0.00069665513453304726312 |
89    | 0.0093468904619290263391  | 0.0070686037516131637604  | -0.0025497767752146686254 |
90    | 0.0040912284311691114042  | 0.0062216287688634311359  | -0.0041392489727265814603 |
91    | 0.0049323390831666185513  | 0.0024567063163362444327  | -0.0017682739984484277789 |
92    | 0.0082671700326177703644  | 0.0073810635007583585976  | -0.00039785167323017924228 |
93    | 0.00092064075995048288113 | 0.0074856055608516500546  | -0.00081241964573893041442 |
94    | 0.0052560590955931327933  | 0.007633681882785031507   | -0.004500945874797279006  |
95    | 0.0045507997570482855085  | 0.0096409825999737124025  | -0.0015335863815534769416 |
96    | 0.0013896262366012419962  | 0.0097843905975921810492  | -8.2350618728395025606e-05 |
97    | 0.0056255831492289165227  | 0.0049337397890651312968  | 0.00019786186831268243896 |
98    | 0.0099636984502260925178  | 0.0050647693971754056269  | -0.0046734587143162954759 |
99    | 0.0044868459272189116158  | 0.0073074313175581981361  | 0.00075493311897729866583 |
100   | 0.0098234197225401352627  | 0.0048486220397424206405  | -0.003322538650942537166  |
101   | 0.0063377606791238877762  | 0.0069194159927758762049  | -0.0026793924019805947026 |
102   | 0.006036752148170911568   | 0.0056021976395807865021  | -0.0028025491428549167972 |
103   | 0.00012235156567835046956 | 0.0084271988652236656109  | -0.00097032371853046628634 |
104   | 0.0031967159764844771917  | 0.0077325494741549878619  | -0.0012044528234440425064 |
105   | 0.0086392809849681079931  | 0.0066734155799043253302  | -0.0018994666961656180362 |
106   | 0.0041065258138047056741  | 0.0084081633651994017176  | -0.0048023643793562763651 |
107   | 0.0081078217391008459286  | 0.0066186938609063472247  | -0.0039358801528802814587 |
108   | 0.0066692071234671999186  | 0.0092366380770222064611  | -0.004802754305770311205  |
109   | 0.00059146445431099430208 | 0.0035192698528243074839  | -0.00092332304075278502642 |
110   | 0.0040178205176278859387  | 0.0037376962915747166151  | -0.0034120996489751774516 |
111   | 0.0065501274338982014289  | 0.0036914788302900261759  | -0.0022307333855294958491 |
112   | 0.0089135859444592693834  | 0.0083628255481765848001  | 0.00047627672326259361995 |
113   | 0.0069710630515868619514  | 0.0044059871419597192513  | 0.00042535818949580427722 |
114   | 0.0085818243942215217956  | 0.0078178531743720355157  | -0.00050467880061134528114 |
115   | 0.0016852338608059332179  | 0.0022147323086115187907  | -0.0017997245426413694975 |
116   | 0.0033834766121225152806  | 1.1734953559086990361e-05 | -0.0038037169649069477    |
117   | 0.0086889894444047953426  | 0.0035263045733813442109  | -0.00046714902277806489824 |
118   | 0.0053630809937593379444  | 0.0043451817571032204379  | -9.5230490662945991068e-05 |
119   | 0.0065027102050062950134  | 0.0026513591017769521513  | -0.0036242365612573147933 |
120   | 0.0024724654230313383371  | 0.0033024556172912785702  | -0.0040499846948475739725 |
121   | 0.0048348189102593889729  | 0.0015318444336485746021  | -0.0043812927004633463526 |
122   | 0.009667600779615185061   | 0.0074621645063628269656  | -0.00070241012380083318357 |
123   | 0.0031318884015776953487  | 0.0024902748410025516736  | -0.0031725900222185879525 |
124   | 0.0038335739340782703025  | 0.0065065463359139279545  | -0.0018191719147382275079 |
125   | 0.0065564471359890030139  | 0.0086650928532629439144  | -0.00047082626920592175008 |
126   | 0.0081876362166069683451  | 0.0068915026341419480249  | -0.0019597074967060814157 |
127   | 0.0023116491696216572536  | 0.0073456666534510110106  | -0.00095532564307256582527 |
128   | 0.0042311306775853225332  | 0.0016660921058410419707  | -0.0044409504429788757354 |
129   | 0.0097076826334108884398  | 0.0061135824898837015304  | 0.00071686372960221077071 |
130   | 0.0058918287943819491054  | 0.0068767177165702433189  | 0.00035386811105766341218 |
131   | 0.0037175475967393249201  | 0.0053737021415754711307  | -0.0049609707235153694543 |
132   | 0.0042123168892774440208  | 0.0031273185834667181077  | -0.001160867351649202267  |
133   | 0.0034526312287347670806  | 0.0034006676425555660594  | -0.0030161751522653351687 |
134   | 0.0075886680268990244769  | 0.007926399754466847275   | -0.003940020301362531091  |
135   | 0.0037169269555758265369  | 0.0061060287840196238521  | -0.0033845416557420639724 |
136   | 0.0042307853775014605743  | 0.0062091778208431848418  | -0.0035922196174074561177 |
137   | 0.0056004133918618305768  | 0.0062447508237961938879  | -0.0012603807902191045253 |
138   | 0.0072910858779937116891  | 0.0048326675365073460539  | 0.00094196291766157082791 |
139   | 0.0062009387466635040517  | 0.00082622452790133437718 | -0.0015455342640783885973 |
140   | 0.0061238228560344552462  | 0.0065693127134859360255  | -0.0025476296185818754318 |
141   | 0.00053116832198518725873 | 0.0074079330378640827551  | -0.0042460277391620010121 |
142   | 5.0990714243431208865e-05 | 0.0069435634525380927548  | -0.0019877496395764378441 |
143   | 0.0034239421795940910322  | 0.0002990529125301519286  | -0.002653323852423433455  |
144   | 0.0096861280870711181229  | 0.0056274108397917658661  | -0.0020740061917810495747 |
145   | 0.0070002455276831345929  | 0.0094561979721600724486  | -0.0019805989951051940733 |
146   | 0.0052406282759648722611  | 0.0093197654486982459132  | 0.00072860896699732547593 |
147   | 0.0043798190461071199314  | 0.00044448789474715812067 | -0.0032810964065858963003 |
148   | 2.7159310814803882335e-05 | 0.0081566386400133139567  | 0.00019999458044318952168 |
149   | 0.0016449275444966960161  | 0.0077995747909448912699  | -0.0030542421584476009411 |
150   | 0.0041608644762247248144  | 0.0032879940240665554187  | -0.0038682422777621093546 |
151   | 0.0040628931422486448677  | 0.0038236234301562491145  | -0.0033671015089465111854 |
152   | 0.0074051019392521663653  | 0.0013024385398876750942  | -0.0024836259082942437927 |
153   | 0.0075357008639010316514  | 0.007429460669938279041   | -0.0010347111618433330136 |
154   | 0.0043003819848234240211  | 0.0082758334673241184393  | -0.0014138338036431320494 |
155   | 0.004467099293080577585   | 0.0010562965888847566844  | 0.00024640263076602161169 |
156   | 0.00085718124893366062257 | 0.0084586618521123365516  | -0.0027007336276430450421 |
157   | 0.005537988360008765619   | 0.00032826856610782223587 | 0.00036867510403495887348 |
158   | 0.009378745004816611483   | 0.0036179832301596833756  | -0.0025907599204079085134 |
159   | 0.0041980537846144248479  | 0.0028106065281810659398  | -0.0038561626809487802199 |
160   | 0.0037161564350095344436  | 0.0007331082322323957505  | -0.0046021039480221067469 |
161   | 0.0053873701243239589462  | 0.0076663101820005907783  | -0.00092454245932168256216 |
162   | 0.0053443052868458636173  | 0.00026803880014581382089 | -0.00060475806089294460288 |
163   | 0.0050237228624254830212  | 0.00028623357427425124904 | -0.0012991049254228190322 |
164   | 0.0040499705548625915957  | 0.00023191803980187364093 | -0.0011928371692673867595 |
165   | 0.0063428921999848873053  | 0.0075458965533595021707  | -0.0014786331027770995786 |
166   | 0.0075007874829997869467  | 0.0076627729814768893307  | -0.004245536546943958281  |
167   | 0.0015570416823808912697  | 0.0098381301646340672817  | -0.0014940722313341340752 |
168   | 0.00073233232993033406475 | 0.005884031400729564619   | -0.0007858818529175026768 |
169   | 0.0039099881126152865457  | 0.00017110818919073922189 | -0.00035399093677985344047 |
170   | 0.0099400096966296789397  | 0.0069405702061480951948  | -0.00094903158506287263463 |
171   | 0.003218986548966332531   | 0.0077621533271518966535  | -0.0041190392134644515307 |
172   | 0.0037232098802214559467  | 0.0040048999637960968831  | 0.00035601667441789280324 |
173   | 0.0042577601690050644739  | 0.00075352707373864749596 | -0.00032128341208623867461 |
174   | 0.0052676013276058810189  | 0.0013812736840516743816  | -0.0014028141416864187314 |
175   | 0.0016607165811980864178  | 0.0076992042215443916298  | -0.0049171860734610927171 |
176   | 0.0030441293326285579629  | 0.0078812578684737694817  | -0.0023425692721508600824 |
177   | 0.0059945545321289468374  | 0.0062674389967761392345  | -0.00021034011928589688351 |
178   | 0.0024055374510263327278  | 0.0075738288154174483041  | -0.0019986897841903013447 |
179   | 0.0083494825704644483333  | 0.0096793511748356486635  | -0.0031521917221021935121 |
180   | 0.0039199410476262602776  | 0.00059979056976815832859 | -0.0014424146452953975645 |
181   | 0.0068195401194493026828  | 0.0088876719428127633899  | -0.0033156753706981650053 |
182   | 0.0083809131166664978946  | 0.0057800546792315934605  | -0.0031244764538940080455 |
183   | 0.0048222124295722442952  | 0.0042170095224883475879  | -0.0032673957413143763992 |
184   | 0.0029981449077994635349  | 0.0051251951517780952247  | -0.00064864944323463004545 |
185   | 0.00056594634799237136108 | 0.0028222155646271170765  | -0.0042525133541800180792 |
186   | 0.0040473417487659783462  | 0.0060863207712153156656  | -0.0028431193006096997476 |
187   | 0.0057501304038567960936  | 0.0066883825726120529204  | -0.00068982978139550622711 |
188   | 0.0056020132355009801331  | 0.00030081648421318216537 | -0.00019174919987511354061 |
189   | 0.0024739281983202888147  | 0.0007407136502638564813  | -0.0025746881853930870566 |
190   | 0.0029067471817060680506  | 0.0052004914309256387167  | 0.00045906770902794064937 |
191   | 0.0025000573260548289434  | 0.00052392427546549323689 | -0.0027131327549981694956 |
192   | 0.0025360896672941232212  | 0.00011528099299148448348 | -0.00091918365239172566874 |
193   | 0.0029622009335703749881  | 0.0050636466956841558879  | -0.002038054833294312973  |
194   | 0.0092997327131541188822  | 0.0029372261966988193714  | -0.0011567903103985920175 |
195   | 0.001144900004474730176   | 0.0027450027198746970378  | -0.00015938899411922061752 |
196   | 0.0063666087959699316223  | 0.0031032821456504150817  | -0.0037674188219425008492 |
197   | 0.004609457923735772733   | 0.0063874759909586025994  | -0.0018655580721081220074 |
198   | 0.0088008724056316389034  | 0.0042892232794800502077  | -0.0031426552051210428218 |
199   | 0.0089259164053258083921  | 0.0038592177462306899438  | -0.0037226300782734578036 |
200   | 0.0033060084626451631019  | 0.0052693108963202030942  | -0.0012345999199840106998 |
201   | 0.0028420052825714301088  | 0.0041105988981966256127  | -0.0041589347858996010207 |
202   | 0.0040819205960641652062  | 0.0074525198087783918119  | -0.0001183987320660067461 |
203   | 0.0048934011829951384875  | 0.0087632654058901159055  | -0.003508666672728494567  |
204   | 0.0021876592911307907001  | 0.0031489290891977004053  | -0.0034440401561868861161 |
205   | 0.0069057027851104598251  | 0.0019777974002015644844  | -0.0048694571097238122798 |
206   | 0.0062968293808075325238  | 0.0048874942870114719204  | -0.0011735957378097266589 |
207   | 0.006782241477762767333   | 0.0047806372626952014365  | -0.0011131541842874744831 |
208   | 0.003732672003486600578   | 0.0091564517639402872445  | -0.0023305575034942589002 |
209   | 0.0077546765436801098903  | 0.0078791028090499041353  | -0.0022287478846984010161 |
210   | 0.0029365602857717907313  | 0.0047262242155134458546  | 0.00030638719071420189664 |
211   | 0.0031711469971593942395  | 0.00018018308897746414233 | -0.00059928329466568967723 |
212   | 0.0053484388408132745377  | 0.0056961305993976528092  | 0.00043809669544210083983 |
213   | 0.0069440089274023031676  | 0.00068598182946410721228 | 0.00076024092862834297644 |
214   | 0.0046048512506494509305  | 0.0049957919141148682957  | -0.0036293104277330830686 |
215   | 0.0001082444278764463396  | 0.0053378856166500336655  | -0.00278926831309106232   |
216   | 0.0095107395110088539802  | 0.0091184217463229789297  | -0.004111834069910070763  |
217   | 0.0082833218360923253215  | 0.0082080813525177275664  | -0.0035785497067943629335 |
218   | 0.00092548215432509245947 | 0.006926384292189796503   | -0.0010552864815090048749 |
219   | 0.0026755952336905623572  | 0.0045799948922116470035  | -0.004600780259288839158  |
220   | 0.0072747990676027881468  | 0.0062804264694875742286  | 0.00094111984922668910549 |
221   | 0.0069357703007955186572  | 0.0095388476746759102293  | -0.0017450201608134262819 |
222   | 0.0052825009592165411351  | 0.0090471214741300043372  | -0.002853342156404241152  |
223   | 0.0031805028954967327383  | 0.0021194462309628890953  | -0.0023572074022292469238 |
224   | 0.0012229181874155719157  | 0.0075692919691605501167  | -0.0033133346193789242617 |
225   | 0.0089124604698559619503  | 0.00037628669137783712396 | -0.0020375786132273629447 |
226   | 0.0021653597711564784647  | 0.0037798954313642075045  | 0.00093697301335626662945 |
227   | 0.0066202014569198891145  | 0.0041944171075439812962  | 0.00013043675455886227441 |
228   | 0.0066186799421141450858  | 0.0030348398349950580187  | -0.0017301027412167291255 |
229   | 0.004496701285606930984   | 0.0081337941402364177107  | -0.00086277275225530084251 |
230   | 0.0050797782114080083579  | 0.0010421501090249920933  | -0.0033704561112595536262 |
231   | 6.7652577729551680225e-05 | 0.0061145843647116412609  | -0.0029112247518485218252 |
232   | 0.0058391592888496655564  | 0.0078024899722176285777  | 0.00051865966273494893291 |
233   | 0.00039841405623119438085 | 0.0058569179115693431256  | -0.0041187874149463043691 |
234   | 0.0050818981619194410204  | 0.0040607587230927898875  | -0.0036069751288498831318 |
235   | 0.0015864917622209456349  | 0.0040464752549059764333  | -0.0034570525060004329149 |
236   | 0.0036015216922744442557  | 0.0026411941574101603473  | -0.00154365650668728655   |
237   | 0.0035792324047531167731  | 0.0039865316629085776126  | 0.00049318924893438070151 |
238   | 0.0023538244819572774931  | 0.0058376925192532933689  | -0.00021744134332756217469 |
239   | 0.0098251768022987670537  | 0.0080202275906521430793  | 2.0187291057656639313e-05 |
240   | 0.0067658202359499571357  | 0.0095413880824327390595  | -0.0046762655662452518382 |
241   | 0.0055850112854656450145  | 0.0087721741618526014039  | 0.00018303144422291469512 |
242   | 0.00079115250185356048897 | 0.0048955902705850587106  | -0.00094216997740249430575 |
243   | 0.0026217555951794516492  | 0.005916198641420237353   | -0.0026224678429950902536 |
244   | 0.0070819940042158822935  | 0.0051100567407609542858  | -0.00023980799564987157987 |
245   | 0.0050328850088527336132  | 0.0025054465854661418615  | -0.0045500413318050516448 |
246   | 0.0099054853538492002724  | 0.00083832632778441248337 | -0.0015944851268859692658 |
247   | 0.0056955967467835324006  | 0.0032110149221244539339  | -0.0027316508281565233564 |
248   | 0.0097550012132306320595  | 0.0051020047882194830002  | -0.0016142899931568660803 |
249   | 0.0066478889553961894796  | 0.0024684516027730489009  | -0.00090084847382385611902 |
250   | 0.0066688626658569843605  | 0.0054530588525455734109  | 0.00030113539195071240126 |
251   | 0.0043795219641796240967  | 0.0049443449025371715572  | -0.0042202344754285921191 |
252   | 0.0072160943680237635278  | 0.0057559045398098643981  | -0.0050119370151505736669 |
253   | 0.0047909490034191088217  | 0.0087857578916207008241  | -0.0037889163517195838249 |
254   | 0.0023050560496786247008  | 0.0013234851655216837117  | -0.0019910076009113674735 |
255   | 0.0017804963975856789079  | 0.0047471179851677836395  | 0.00051329886265505430057 |
256   | 0.0047209249226071239858  | 0.0075821260162250011735  | -0.0025820775152242026081 |
257   | 0.0020434472910928736487  | 0.0026922172059055580161  | -0.0017438122139289780142 |
258   | 0.0032933109469179865439  | 0.0067727631998016971093  | -0.0015130128210286896903 |
259   | 0.0064364967103651147054  | 0.0092548966108092524385  | -0.0018332464964272269809 |
260   | 0.0042577455613288985731  | 0.00062402336504426827654 | -0.00063590315054716051255 |
261   | 0.0057254447423609007226  | 0.0068483175739966848511  | -0.0049640015322012865165 |
262   | 0.0010419473321939592882  | 0.00016516308078360161403 | -0.0025948976334599972195 |
263   | 0.0072628305510211493487  | 0.0007292689757925356793  | -0.0038563248465212454121 |
264   | 0.0062337779981890594286  | 0.0016969782191418340475  | 0.00066317697137484137027 |
265   | 0.0065845177943131003376  | 0.0064965032899077079093  | -0.0021680837829673510128 |
266   | 0.0039891313133566912164  | 0.0033809208520247462613  | -0.0039551960221932700237 |
267   | 0.00081453610288873684597 | 0.003150469171903634482   | -0.0021146688493190392462 |
268   | 0.0060479948940699449281  | 0.0064499552409517657559  | 0.00011758129865533575723 |
269   | 0.0037887048693469173137  | 0.0024622073490667690902  | -8.2890279026718940189e-05 |
270   | 0.009448401579850317436   | 0.0046138498143050233127  | -0.0019100405156475684827 |
271   | 0.0053266437573271539427  | 0.009128470341401906385   | 0.00073268460124733657962 |
272   | 0.0056387394597886457762  | 0.0080089536549166912699  | -0.0023481879230888374165 |
273   | 0.0036859721983970535931  | 0.0095624272887462301307  | -0.0028703150065433969199 |
274   | 0.0061576299454942518691  | 0.007561836146260398489   | -0.0027830297767213944653 |
275   | 0.0089619429044678726448  | 0.0052646400675183365261  | -0.00031290209252505450611 |
276   | 0.0088919914636327781338  | 0.003396120455564841361   | -0.0020018732118217302286 |
277   | 0.0022958910135272817162  | 0.004859739345731058438   | 0.00090934769992069824224 |
278   | 0.0086335440689074456622  | 0.0047118554643396440285  | -0.0014375424007031869806 |
279   | 0.0039961809684755742605  | 0.0042082467960207082386  | -0.00029860269310781856027 |
280   | 0.0090303475841036623395  | 0.0036908475711141261813  | -0.0044401024592472413885 |
281   | 0.0043714959834180834933  | 0.0078341966859846855903  | -0.0017856261085370534868 |
282   | 0.0036923203673059315673  | 0.0012857428714838138074  | -0.0034949797704624066021 |
283   | 0.0082486185519715198022  | 0.0057087460233539565752  | -0.0036476479200665307308 |
284   | 0.0027666244768044211122  | 0.0044354149787448884576  | -0.0039698001041922224494 |
285   | 0.0095824514368162815731  | 0.0060407356641121786461  | -0.00014877740770427678118 |
286   | 0.00136606538130552152    | 0.0021130302076688522832  | -0.0034841482604347426277 |
287   | 0.0019814837987794267464  | 0.0064207650575442828597  | -0.0014958922188496085424 |
288   | 0.0023513050837143151424  | 0.0028007467813172715228  | 0.00086752248102499058408 |
289   | 0.0098990733953000925593  | 0.00016134213457086459833 | -0.004058817036045864364  |
290   | 0.0014878788820699483195  | 0.0065146923378880568223  | -0.00053896834765615605437 |
291   | 2.4085739731504909433e-05 | 0.0012009322727476443894  | -0.0019306866312753699026 |
292   | 0.0028578278173127693966  | 0.0045337285369355722828  | 0.00070149805365348968933 |
293   | 0.0095062741056827441272  | 0.00027986967822138950415 | -0.0033200472772619343473 |
294   | 0.0078038300021618231192  | 0.0073259190751113981849  | 0.00024709201459823128657 |
295   | 0.0025887431778314558446  | 0.0026214471510883517388  | -0.0027075384666105559682 |
296   | 0.0071917667909197208198  | 0.0040165167664273906598  | -0.0037204243637933187734 |
297   | 0.00087086424297088131825 | 0.0030191621567795430547  | -0.0041094470375452035044 |
298   | 0.0022102606996141603568  | 0.0048644635729858005935  | -0.0044990258126597609117 |
299   | 0.001611308271750263232   | 0.0073123956323488939132  | -0.002797788827031611001  |
300   | 0.0044183158592032197726  | 0.0072276205836256440448  | -0.0034620619587953540934 |
301   | 0.0013973917110730810567  | 0.007353226989139865534   | -0.0049557944421608022406 |
302   | 0.0095935569704026796983  | 0.0020959450949842380225  | -0.0045928046160446499985 |
303   | 0.0080044747704055355109  | 0.0051875290443391909243  | -0.0036895507745596935016 |
304   | 0.0012834990409253425533  | 0.0058915091389590027934  | -0.001721736740117682388  |
305   | 0.0063116211355653028051  | 0.0072845556461821579786  | -0.0039355787196707877132 |
306   | 0.0044625775825579876502  | 0.0026311793085890765841  | -0.0034277846727192758103 |
307   | 0.00010737278172307307476 | 0.0036350607132105182753  | -0.00052906522603439411385 |
308   | 0.0089462751835159212699  | 0.0049871590459235276907  | -0.00011945661765109281754 |
309   | 0.0061182604133771375729  | 0.0030259515302191665638  | -0.0012964556930018683069 |
310   | 0.009660587712457181786   | 0.0055277249443563859777  | -0.0014464692778637328139 |
311   | 0.0087503938597692058898  | 0.0057267234638140006309  | -0.0016335507146283735104 |
312   | 0.007060987385101525661   | 0.0038285303396378357783  | -0.0041807295524687211608 |
313   | 0.0069272325254654508464  | 0.0027697603381275754351  | -0.00015355410529027552235 |
314   | 0.0041734317513071762101  | 0.0068930444175345729693  | 0.00092054148808596528847 |
315   | 0.0098905800179236672692  | 0.0089213454184693206234  | -0.00081585118848703211316 |
316   | 0.0054282683101997738356  | 0.0050103663009899738687  | -0.00031263010631595581539 |
317   | 0.0061223853658110508752  | 0.0018537429136938291668  | -0.0048659626344910184709 |
318   | 0.0073958691918683937966  | 0.0052854757100250010157  | 0.00033001486394513727474 |
319   | 0.0024169654795298135125  | 0.0022721440836272286529  | -1.5743393041609907309e-05 |
320   | 0.0068259515077064734576  | 0.0044753311722470941192  | -0.0049455260856229588118 |
321   | 0.0035851386008072055021  | 0.0029560280975345501822  | -0.0014616118184266114512 |
322   | 0.0087699499460506744053  | 0.00026825954279786532429 | -0.00011714232955424408033 |
323   | 0.0050962252592321307873  | 0.0019913036705905221707  | -0.00061420150380493969845 |
324   | 0.0021933617631545417395  | 0.0044668121017305091255  | -0.0020309861082448889963 |
325   | 0.0053860085626340767698  | 0.001834087841416137156   | -0.0031196717529434641637 |
326   | 0.00077946527784105823066 | 0.0049491991886795394864  | -0.0013421117514971700468 |
327   | 0.003964722606478058263   | 0.0071205539285526609286  | -0.001678923463895634063  |
328   | 0.0099174785381590958161  | 0.0078773299273382779706  | -0.0038421105155717334527 |
329   | 6.469381038694235113e-05  | 0.0064902273437916447804  | -0.0014632736674429146998 |
330   | 0.0023441447695252328604  | 0.003034712425052987772   | 8.4133225049715915615e-06 |
331   | 0.0064548289640972639561  | 0.0025811514431238547287  | -0.0017704079044814544606 |
332   | 0.0058119487018144710619  | 0.0059006861518835686947  | 0.00013778344374016119819 |
333   | 0.00091154714850265078797 | 0.0072880890342039289509  | -0.0026010119057321913656 |
334   | 0.00055265093902312077863 | 0.003757987192580947676   | -0.0017985994876280329054 |
335   | 0.0034369580111098087596  | 0.0095845781579973182013  | 0.0007811013134089639029  |
336   | 0.0087550743025562906274  | 0.0047948932289071039339  | -0.0020493213390787834959 |
337   | 0.002442904796253465155   | 0.0090207846254097140415  | -0.0010703898128779937987 |
338   | 0.0086145639007833060136  | 0.0020395450359419258976  | -0.0019120242515873883075 |
339   | 0.0046087204460358802832  | 0.0062348119491629000119  | -0.0041311412569772776315 |
340   | 0.0044428381788518588394  | 0.0058880690817191862207  | -0.00034598611196936883937 |
341   | 0.004301760183348242797   | 0.0087013949581733179145  | -0.0035884448147775532476 |
342   | 0.0013788131105772686961  | 0.00096701491627039807761 | 0.00081908345193836256531 |
343   | 0.0017904255160796423482  | 0.0036462761585009102576  | -0.00017931888226780675179 |
344   | 0.0060988738612705291689  | 0.0074117979990776169941  | 0.00047606188254771644773 |
345   | 0.0051083707237184012781  | 0.00011999310727963183451 | 0.00080319242018750424718 |
346   | 0.0099240550536625685152  | 0.0078030080882730513611  | -0.0023609675462397351417 |
347   | 0.0074406712163515758077  | 0.0056179479692822619635  | -0.0036911133728645718899 |
348   | 0.0082831549531231854488  | 0.0023490416425712501783  | -0.0022112576876476930203 |
349   | 0.002366603134518350561   | 0.0021772398445190068936  | -0.0024597136933158379908 |
350   | 0.0022040551379841981892  | 0.0036088348642996054098  | -0.0012066644161591315483 |
351   | 0.0024265641625131105855  | 0.0026723024777906695393  | -0.0035383224105456460851 |
352   | 0.0030517545536471939009  | 0.0034554179790187346949  | -0.0022076469504247468907 |
353   | 0.0037954832244199306589  | 0.0044567634478873156476  | -0.00044145773897708750133 |
354   | 0.0067109201111282225025  | 0.0036793269290915642244  | -0.0012489675496669282086 |
355   | 0.0050500644095842909045  | 0.0042384602993984551306  | 5.5988484799698303926e-05 |
356   | 0.00032429609905228163561 | 0.0091298715291682468881  | -0.0041370996386185564589 |
357   | 0.004108728427270149676   | 0.0043355595073449378768  | -0.0049814100396780173    |
358   | 0.0046853719496062224553  | 0.0025738386111485499035  | -0.00475947534126433449   |
359   | 0.0094307280854706125595  | 0.004243432613443809745   | -0.0035545789336213573853 |
360   | 0.0065830891650903080453  | 0.00022711329432099970648 | -0.0037636282609773931071 |
361   | 0.0036419549349899576172  | 0.0060608053709049099222  | -0.004214412700934089262  |
362   | 0.00071029495148844574472 | 0.0022632520679349123552  | -0.0041606933781446805293 |
363   | 0.0071326691266031388983  | 0.0076972920238131620554  | 0.00062710003175283962531 |
364   | 0.0016626917987105315194  | 0.0043509280218337531218  | -0.002265425685635037191  |
365   | 0.00040107789002805376184 | 0.0074309947605139059848  | -0.00050576145310151656397 |
366   | 0.0020280354610529038352  | 0.0033066626333762430892  | -0.0037538346581954908955 |
367   | 0.007075685362129527714   | 0.0026333077205704302423  | 0.00012000702202876660594 |
368   | 0.0064060743773182013058  | 0.00011990159832555266661 | -0.0014332946855853941157 |
369   | 0.0043198427283703544344  | 0.00069419321782375736224 | -0.0042851549739605790737 |
370   | 0.0021678804617912290215  | 0.0043931093971161291195  | -0.0012040439364588023403 |
371   | 0.0028612744425146876756  | 0.0054650006629933575025  | 0.00056046931401539535483 |
372   | 0.0035680237820281492968  | 0.0063294607407841452576  | -0.0022805782596292453052 |
373   | 0.0076135893657347606528  | 0.0010947816203796970156  | -0.0032701409547112743857 |
374   | 0.0076486515926788090428  | 0.0098619889414227404623  | -0.0042470895896891897384 |
375   | 0.0058088571686433256025  | 0.0017408980901503039434  | -0.0047773591147030943643 |
376   | 0.0092605685491441783186  | 0.0039213164962497177451  | 0.00024785121992386915067 |
377   | 0.0098949397621156572058  | 0.0053830617737749041421  | -0.0018645127125333747775 |
378   | 0.0048329648051333076036  | 0.0092380941781244705485  | -0.0013513539453821022621 |
379   | 0.0084340493387493348926  | 0.0022786867963390609187  | 0.00065735727206122057231 |
380   | 0.0043941261887200672859  | 0.00035815057525696961408 | -0.0042170266530130694205 |
381   | 0.0017959563021764846005  | 0.0045357183881710545423  | -0.0023931641077189480526 |
382   | 0.0021288588221902533457  | 0.0070684251449543780699  | -0.0029684057462734014972 |
383   | 0.00014297052655003273714 | 0.0090519417909252601617  | -0.0026441284044296628659 |
384   | 0.0076825904981882037897  | 0.0054748560480964297836  | -0.00067841839264192122308 |
385   | 0.0082328936929540290357  | 0.0019341070008748772243  | -0.0041123421909356958071 |
386   | 0.007833856115335260592   | 0.0082851583687257469163  | -0.0047442130429163221345 |
387   | 0.0053156988882135571689  | 0.0038451466785249690909  | -0.0024575679329483291792 |
388   | 0.0073907236829660249641  | 0.0053136743656999130617  | 0.00069279672588796689398 |
389   | 0.0067840048981108258888  | 0.0063220286355295972     | -0.0013349438227837355682 |
390   | 0.0045383386684283389886  | 0.0012334182515534042063  | -0.0041636845960528268487 |
391   | 0.0055310493142370804887  | 0.0044119093270352663719  | -0.0041313329500436138039 |
392   | 0.0052815926711508110261  | 0.0038411667688476930013  | -0.0049655481613417734588 |
393   | 0.0067599509523720222037  | 0.0093341462567067164102  | -0.0038129807185934600118 |
394   | 0.00088946389432058910619 | 0.0040509742905930901102  | -0.0048645832479374991053 |
395   | 0.0066225218258936478788  | 0.0080948964958604385095  | -0.0029118982416131227418 |
396   | 0.0074497974816030380213  | 0.0047572727126574598441  | -0.0025819401735570632686 |
397   | 0.0038647025477865871654  | 0.0067727182013378028208  | 0.00057413917864387409382 |
398   | 0.0054157968709704134777  | 0.0068941907811609394463  | -0.00059536398757670250248 |
399   | 0.0029748222967604471753  | 0.0074841945770933396981  | -0.0043559043927925734929 |
400   | 0.00083825951479065351733 | 0.0082367244032300439283  | -0.00070266469064673281724 |
401   | 0.0050718669493938382462  | 0.0048406667507276228413  | -0.0043314614732479616438 |
402   | 0.0020993184017101202202  | 0.0016673355846771559068  | 0.00047981853487500791128 |
403   | 0.0046200346409152725363  | 0.010000036917651965174   | -0.00089600837317313530069 |
404   | 0.0061479368789936128178  | 0.00036455537786895235051 | -0.0023564605135440739106 |
405   | 0.0094322263521316070112  | 0.004644990093236826996   | -0.0040364976419052060741 |
406   | 0.0099240221680267186322  | 0.0061193511866447832664  | -0.0022013935685623823441 |
407   | 0.0096415755223482734609  | 0.0087897057144195028106  | 0.00017880429910099436986 |
408   | 0.0027258685995340211673  | 0.0078108314944357604137  | -0.00091048036664853095046 |
409   | 0.0038438502178727669209  | 0.0017437353880072781632  | -0.003073782935145255666  |
410   | 0.0013821546835603908208  | 0.0028884895353198511078  | 0.0007169927324117654141  |
411   | 0.0076915592230914070493  | 0.0039495783626620770482  | -0.0034028603178704671002 |
412   | 0.0038428149622011160448  | 0.00093328255636914130965 | -0.0030079372272446996441 |
413   | 0.0025806920336106098368  | 0.0063354388731530998299  | -0.0049973753881087526821 |
414   | 0.0027367919809354632026  | 0.0014354568433313503843  | -0.0043358122199240716615 |
415   | 0.0027649060434035898845  | 0.0094185759727102285471  | -0.00080719133416812683529 |
416   | 0.005202982986837493759   | 0.0056591068715568515479  | 0.00053995732241925945699 |
417   | 0.007370119762225331092   | 0.0022203752696406428395  | -0.0007170438515088182075 |
418   | 0.0074096459472978376884  | 0.0080947764137305946303  | -0.0021117993958006194173 |
419   | 0.0099651610533080629828  | 0.0067518622851884344677  | -0.0048208627860816454999 |
420   | 0.0064334818276105534482  | 0.0087552381056888346766  | -0.0042361486131616580761 |
421   | 0.0057941595437239635374  | 0.0093063992456385094543  | 0.00050976739687635345012 |
422   | 0.0024207125350245196904  | 0.00070859078716632131929 | 0.00072007853930693057481 |
423   | 0.0051090463242655492077  | 0.0076968926677688804389  | -0.0025884796532767238159 |
424   | 0.00038872692434263167015 | 0.0078158779142289448727  | -0.00033176701637425938052 |
425   | 0.0064058288238487935684  | 0.0041297926715038475037  | -0.0043987059634272886177 |
426   | 0.0043358747458421206811  | 0.0094201592279744734981  | 0.00033809900665957958853 |
427   | 0.0066722715412557611486  | 0.0023254012053618650438  | 0.00081972580707573500843 |
428   | 0.0082225669326024611316  | 0.004696835639956931964   | -0.0039514366028192996969 |
429   | 0.0052407687856346318184  | 0.0037847317975851849092  | -7.6431654181084005451e-05 |
430   | 0.0019007807899570424055  | 0.0089081965289188394519  | -0.0011083229463639053362 |
431   | 0.0069260005512442948672  | 0.0071696957395597513477  | -0.00041946839409666788643 |
432   | 0.0014827153948686769367  | 0.005561898616267784215   | -0.0036342503632556767343 |
433   | 0.002654180136571245973   | 0.0058351478106028311157  | -0.0034011333151272656224 |
434   | 0.0025458091044486372452  | 0.0027157424677421034519  | -0.0024148725583289479442 |
435   | 0.0097761778603827984707  | 0.0012176435350514853463  | -0.00014858533463646262491 |
436   | 0.0010478540750964617911  | 0.0079801235247295085329  | -0.00052430271891855124555 |
437   | 0.0056928706908214062044  | 0.0042303204374348687966  | 9.5904403723866466815e-05 |
438   | 0.0085124200453921741033  | 0.0035520081258872942404  | -0.0033024975054872819646 |
439   | 0.0005800562294519126744  | 0.0074740548305169737103  | -0.0013172279157880292019 |
440   | 0.0093579118460907408789  | 0.0042612353326252879263  | 0.00031055537559091189823 |
441   | 0.0017916665786110587237  | 0.0011904273383550891506  | -0.0011278538514537129328 |
442   | 0.0015316325383166787787  | 0.0027610326087081234724  | 0.00034746476083206018779 |
443   | 0.0036220520926771109481  | 0.0083336182543538479817  | -0.0012634233452136524323 |
444   | 0.00050378198854936836071 | 0.00045422532593809150777 | -0.0030086385139022750121 |
445   | 0.007203966527843290793   | 0.0071030673376963823773  | -0.00095500196254032730919 |
446   | 0.0014257994551254030233  | 0.0084721288479041798047  | -0.0025495736021019488847 |
447   | 0.0038640539140713048641  | 0.0084996630939896782031  | -0.0045675481205240363314 |
448   | 9.3291814386910405007e-05 | 0.0049546339229096661785  | -0.002565220762135939428  |
449   | 0.0062052023243111655362  | 0.0070190293118408270123  | -0.0012698386670821353202 |
450   | 0.0066574093319246123446  | 0.0039400690305872020786  | -0.00011739489296466375462 |
451   | 0.00065308030034966690555 | 0.0097329558840711129231  | -0.0049728466244015464767 |
452   | 0.0081340495186649000581  | 0.0088270528930045159821  | -0.0035303243229162411046 |
453   | 0.0058565430038329665749  | 0.0036869815686996622144  | -0.0036969064226222169735 |
454   | 0.008141756955881625582   | 0.0066362560529348770672  | -0.0025942099456439677435 |
455   | 0.0015738379465475484803  | 0.0062059722926660837797  | -0.00025399484048386133592 |
456   | 0.00086596957268269105293 | 0.0042805725959947438578  | 0.0009475365657097565078  |
457   | 0.0023591956685094601573  | 0.005225649851867188514   | 2.4432012772850420428e-05 |
458   | 0.0027504044360496435716  | 0.0092876605380142734231  | -0.00069203305772190884266 |
459   | 0.0055881437299396992391  | 0.0010993463227942112427  | 0.00048310589888817413035 |
460   | 0.0064032743486027990029  | 0.008798837725805098639   | -0.0010116059189154650438 |
461   | 0.0029991462042530175544  | 0.0044269088550167329937  | -0.00085111624462148622195 |
462   | 0.0037266191443582966092  | 0.0034244853359409353419  | -0.0016011403144991815002 |
463   | 0.0064622813448526874799  | 0.0039401152751259386348  | -0.0029364746127930121955 |
464   | 0.0084576847132618506592  | 0.001202045096296804191   | -0.0041865132942497098809 |
465   | 0.0092503363840159957138  | 0.00022967629833122878125 | -0.0044014096464765886316 |
466   | 4.4310522389751770707e-05 | 0.0062429707979751621061  | -0.00087777239979708668316 |
467   | 0.007025021532781201318   | 0.0045279118226315010279  | -0.0031120363436772345567 |
468   | 0.0030838683290876339055  | 0.007110450509364738686   | -0.0034627451232711876743 |
469   | 0.0054899636804114151922  | 0.0031186517947443168595  | -0.0030006986540908643646 |
470   | 0.0046561264758951635689  | 0.00039084966600635008376 | -0.0033650634762523870883 |
471   | 0.00087579733276248151411 | 0.008345919262719622353   | -0.0046172431794213285305 |
472   | 0.0054614539310745766065  | 0.0086077766320376506576  | -0.0046047151431289250548 |
473   | 0.0068128132050906606287  | 0.0015497947341123414003  | -0.0030018997277664266968 |
474   | 0.0010357656995317746432  | 0.0018925847527710077441  | -0.0019068184798307493636 |
475   | 0.0049555725629120972453  | 0.0047220839656084891839  | -0.0036251238523796057607 |
476   | 0.0081233955212488117431  | 0.0085987463830888271471  | -0.0011206112516471415826 |
477   | 0.0080500052579618799897  | 0.0079519225953543788005  | -0.00033951602673281723339 |
478   | 1.0186104642502227732e-06 | 0.0080037473831276479547  | -0.0049757638643466483089 |
479   | 0.0040649197580115018283  | 0.0025202313364313787963  | -0.0027539994228703333981 |
480   | 0.00020957637531386142434 | 0.0044562034986985630744  | -0.001594680714242857145  |
481   | 0.0033477080250320892692  | 0.0079930150924865314699  | -0.0040528919435884628794 |
482   | 0.0044469886285247138547  | 0.0048321923380503142148  | -0.0047558130260279603968 |
483   | 0.0057822628757001779884  | 0.0037883473292979691696  | -0.0043855228094487590934 |
484   | 0.0019816488434290075414  | 0.0061202217469259441798  | -0.0031764954351713929441 |
485   | 0.0012781472107330925283  | 0.0053033046008521111253  | -0.0043114108641449195788 |
486   | 0.0010370046541916281765  | 0.0072316747094230294374  | -0.00065193009568177272706 |
487   | 0.0081283660566080790516  | 0.0050663774895740821755  | -0.0017366582445686518706 |
488   | 0.0087565758700078131366  | 0.0061040448113083298556  | -0.0012532045684050122439 |
489   | 0.0042325369056062222411  | 0.0094550500060055289731  | -0.0048681096143667413126 |
490   | 0.0047128962506801956242  | 0.008617259287474414442   | -0.0014720877419047665325 |
491   | 0.00350259308596080534    | 0.0029162521171273813984  | -0.0011067105808793115639 |
492   | 0.0073362369788639988574  | 0.0082458046957804911892  | -0.0019438883858605264261 |
493   | 0.009392430711867386442   | 0.0071125844390946251633  | -0.0015081226680093112562 |
494   | 0.0047355942339237372396  | 0.0046833825882951337846  | -0.0048836283757938457953 |
495   | 0.0076347807513738215335  | 0.0081006442320786659073  | -1.4585745144799053854e-05 |
496   | 0.0087925587457050920909  | 0.0056736029842738419302  | -0.0028521944693138457684 |
497   | 0.0049643579376087414862  | 0.0050305582519083857224  | 0.0003990299946221647037  |
498   | 0.0052185590254079502678  | 0.00022168752004170686159 | -0.00496426251038151016   |
499   | 0.009384821699805832862   | 0.0051103842458904546325  | -0.0010871358838628547919 |
500   | 0.00049462042258837301753 | 0.00031215489335991006194 | 0.00092175109317523418878 |
501   | 0.0045897015247088768924  | 0.0038776621100524411544  | -0.0038453076245474398717 |
502   | 0.0055179222405262488491  | 0.0052853735099403168635  | -0.0024984717718074351753 |
503   | 0.0012525423759760811494  | 0.002675195136097794496   | -0.0012384645014908695487 |
504   | 0.0022243831048588767058  | 0.0033363206343496420829  | -0.0034024183267932291315 |
505   | 0.0070469570778484971404  | 0.0076107564272688077792  | -0.0046881261571254106979 |
506   | 0.0036423711644742611838  | 0.0022687357559167493568  | -0.0023347220965614780101 |
507   | 0.0089434188540688693003  | 0.0037456906066638401276  | -0.0001471501537070783142 |
508   | 0.0045738736501465719966  | 0.0017271238719213501209  | -0.0033884272038350853745 |
509   | 0.0013900918301908470401  | 0.0030347072076090139507  | -0.0049992711910909126347 |
510   | 0.0076756812984124555069  | 0.0084668110447039621885  | -0.0002739798127738155226 |
511   | 0.0023048980888509514389  | 0.002922527489098932646   | -0.0041358300412715062397 |
512   | 0.0074031313997744525521  | 0.0097588169420208016602  | -0.0041928056435732294002 |
513   | 0.0056373182401697795665  | 0.0032289722897250803905  | -0.0037480919689456449091 |
514   | 0.0069384615745447303023  | 0.001613064936133767717   | 0.00036539761870326434648 |
515   | 0.0076401903525614520835  | 0.0056412891539317031736  | -0.0014771732130802789264 |
516   | 0.0042666403182300945487  | 0.0010312146101387066176  | 0.00031938105719926131567 |
517   | 0.0075096211762728506608  | 0.0055443580447605729511  | -0.0032427521257585635063 |
518   | 0.0032604537472020723131  | 0.002921698817799150364   | -0.001724998990943279846  |
519   | 0.0019526592651885050882  | 0.0036564326325984309284  | -0.0039067406340373552961 |
520   | 0.0028329560298486940184  | 0.0033420202293563071837  | -0.0043122815352078262482 |
521   | 0.0042765447030595196351  | 0.0059132998431587280655  | -0.00086272749976962106837 |
522   | 0.0029146673689766540438  | 0.0034829770754611312153  | -0.0004765798718683289764 |
523   | 0.0015107827074113565     | 0.0083916869318205900702  | -0.0011347446637374298487 |
524   | 0.0087751071419099446053  | 0.0012680020981432843594  | -0.0018318539741338354856 |
525   | 0.0034113669297642437717  | 0.00058156599607207717494 | -0.0048656170118051176796 |
526   | 0.00032181858505925909708 | 0.0055567699780945094962  | -0.00045311201450821242918 |
527   | 0.0092080027815102799549  | 0.0053388284399423936027  | -0.00084592001931803589149 |
528   | 0.0087604490167999451294  | 0.0023530842307960364405  | -0.0015133568374460797026 |
529   | 0.0067001082786461736013  | 0.0056791706599412282788  | -0.002682971423589150875  |
530   | 0.0034249131317413365055  | 0.0065919624246547426152  | 0.00024818526595689354873 |
531   | 0.0037748634689925724718  | 0.0040010783793196363911  | -0.0024419221026920480237 |
532   | 0.0047708641771898249728  | 0.0037145689486645311686  | 0.00078264158960331380727 |
533   | 0.0002831092402726743994  | 0.0057280107195001222012  | -0.00066980497649923702048 |
534   | 0.0023020198496380567255  | 0.0040577583501988359269  | -0.0013379400409859159692 |
535   | 0.00040390017595105982568 | 0.0084946826841653371581  | -0.0034979476455272409847 |
536   | 0.00017976134357225518863 | 0.00015611332312281148106 | 0.00021799971808843216598 |
537   | 0.0022689910308811085844  | 0.0041981401869222202683  | -0.0011403818315180232635 |
538   | 0.0085698783600268325228  | 0.001653406712682735152   | -0.0049602105731405910297 |
539   | 0.0092502027641262647706  | 0.006043400033304777326   | 4.1437290225491347812e-05 |
540   | 0.0048290847466773674859  | 0.0060501666419811982872  | -0.0027934791270363096109 |
541   | 0.0017421283010680373767  | 0.00047953869883010186116 | -0.0017804984937042482064 |
542   | 0.006469351008646726485   | 0.0027231923604293583815  | -0.00079760250004255164782 |
543   | 0.0078947702403267261406  | 0.0061067295543146011411  | -0.00038531974966930662794 |
544   | 0.0045201036538976948134  | 0.0035653668986745839023  | -0.0035514876815608371549 |
545   | 0.0083513296866849339589  | 0.0085598325658537872951  | -0.0023882297231773261421 |
546   | 9.8676725746903534318e-05 | 0.0081170969605174145972  | -0.0040400737693203798984 |
547   | 0.0030867866813909603657  | 0.0035134563698442189232  | 0.00017512541410494249011 |
548   | 0.0040852973140600660346  | 0.0030612146603820594021  | -0.0040223073930235955786 |
549   | 0.00077532973866723789349 | 0.0085872659940626275277  | -0.0043958372803085832975 |
550   | 0.003498380325028894143   | 0.0041295072547791640549  | -0.00066768367321988584141 |
551   | 0.006295365782533809268   | 0.002381870489307837211   | -0.0039597727515118886013 |
552   | 0.0048471365846695290899  | 0.0054779687793324758835  | -0.0016801379910310052564 |
553   | 0.0031111547175562653637  | 0.0049604428335245573378  | -0.0024536841841202206189 |
554   | 0.0017069334991086017751  | 0.0089128183518004649305  | -0.0022579063300122970658 |
555   | 0.0070056127415621637089  | 0.0035357073875929897339  | 0.00011899137939062457466 |
556   | 0.0032419107923769415955  | 0.0078175662425633077324  | -0.00048391994172671204616 |
557   | 0.0054948884246166507239  | 0.0054143273041131305401  | -0.0040539044548660750286 |
558   | 0.0027591073625876406938  | 0.0058040726972809998305  | 0.00090020587798582667877 |
559   | 0.0070609552435397264156  | 0.0010812034882399066023  | 0.00057405910967442863764 |
560   | 0.0054989313070553762219  | 0.0036290619656480773911  | -0.0034395865424710729552 |
561   | 0.0005863326395467416928  | 0.0061468611884241469365  | 0.00076598283287660211705 |
562   | 0.0044870907270642993933  | 0.0070610617738389950399  | 8.6413672402629697344e-05 |
563   | 0.0070893798814256015969  | 0.0043651627099059522874  | -0.0023543069983060112282 |
564   | 0.0047399817112241046657  | 0.0072445749512934885794  | -0.0036136350728987729798 |
565   | 0.0071863712395066319666  | 0.0049401505642086849038  | -0.0048454996351792473802 |
566   | 0.0042151726876916836492  | 0.0089773850931739330311  | -0.0040480003944242939559 |
567   | 0.0088449613713844112139  | 0.00094151023280114186538 | 6.3270747185814423105e-05 |
568   | 0.0070881109618147640147  | 0.0011446884971167421274  | -0.0050098393211531729377 |
569   | 0.0048988694508792880386  | 0.003923389352155100436   | -0.0030897381804117626455 |
570   | 0.0062627346782523681673  | 0.0098093894783423517952  | 0.00011967809394454741482 |
571   | 0.0097792434731145058691  | 0.0065204730297014302717  | -0.0046014048292309433705 |
572   | 0.0042117632040206314306  | 0.00026163051824896186616 | -0.0002121411851149856509 |
573   | 0.00094650382503732699135 | 0.0069134399535071174026  | -0.00085051434252216711902 |
574   | 0.0066349988581926510819  | 0.0090481628460291722849  | -0.0011943088726991744723 |
575   | 0.005061476385544759829   | 0.00030305287221470779196 | -0.0034725481574808753429 |
576   | 0.005930826279257228606   | 0.0027093299473546278086  | -0.00067904746984457774617 |
577   | 0.00247981753382946115    | 0.0079890899277422263575  | -0.0041690644445431437187 |
578   | 0.0035006834199106198237  | 0.0074127666741368881259  | -0.0013633982443960986682 |
579   | 0.0048677359701708158499  | 0.00043770981042426322693 | -0.0029314815683056470036 |
580   | 0.0064217520200265023472  | 0.0024954225209235705168  | -0.0025552905344516179363 |
581   | 0.0080536296540456246001  | 0.0070030207532367008683  | -0.00088492076372672593548 |
582   | 0.0041590440318278673604  | 0.0073037602737049218612  | 0.00056152463669922522953 |
583   | 0.0092636340594692175021  | 0.0077102121399877212096  | -0.0020280695155848495193 |
584   | 0.005349317813970171781   | 0.008726253458168154245   | -0.0038994799076991419444 |
585   | 0.0035328892959685222544  | 0.0025392603552653707222  | -0.0016348028622938928431 |
586   | 0.0076530803424584969291  | 0.0088860802636234314383  | -0.0026582527121989290089 |
587   | 0.0018173505130018611717  | 0.0033765855458891113478  | -0.0033352581755086356356 |
588   | 0.0082222454512455057929  | 0.0041026361078894081277  | -0.0034840831631512592277 |
589   | 0.0035166928485712936094  | 0.0070432714301568114662  | -0.0018690895612911487527 |
590   | 0.00033792851264556747004 | 0.0092920476386403796226  | -0.001436972435464423754  |
591   | 0.0030160202599192904166  | 0.0033625167982621181548  | -0.00064846832697669401068 |
592   | 0.0030934642941696614826  | 0.00072796977697235502099 | -0.0041323022109884541622 |
593   | 0.0081375320736482865264  | 0.0081314845422452916579  | -0.0032821847912091030655 |
594   | 0.009349919731248644908   | 0.0072875222951239073538  | -1.1256876385193077722e-05 |
595   | 0.0024912685013965575609  | 0.0079997024928891609374  | -0.00088212779977272907407 |
596   | 0.0099967852931322435245  | 0.0075512908519082110742  | -0.002630281700555289065  |
597   | 0.0028700343659028219705  | 0.0080215009162176061086  | -0.0026777303321131517774 |
598   | 0.004337968499483875473   | 0.0044743898707400213757  | -0.002955713796499987063  |
599   | 0.00014408896758694758307 | 0.0069872567900396472668  | -4.1042487508387739988e-06 |
600   | 0.0011797134429785715616  | 0.001477280925930160322   | -0.0033309209849937356819 |
601   | 0.0015713680059415723912  | 0.00096479142165557232793 | -0.0037009087299039985022 |
602   | 0.0065731986096871763275  | 0.0062896302630106514994  | -0.0025418715710690937236 |
603   | 0.0025231700716056119915  | 0.002472061041806270041   | -0.0027545459975090442854 |
604   | 0.0092601191791455653851  | 0.0077495384930865501491  | -0.0041782620863342820328 |
605   | 0.0070408477747268332844  | 0.0075244390649376715133  | -0.0031270155534547910275 |
606   | 0.0089253057626235525468  | 0.0023948144457177260661  | -0.0039623021708837984425 |
607   | 0.0017443177604415994499  | 0.00077438553744533849751 | -0.0047331381907531186112 |
608   | 0.0040415833346576866131  | 0.0069546063433657519595  | -0.00035698573513437588389 |
609   | 0.00038131423508547116537 | 0.00012787033010771124719 | -0.001859175491009310054  |
610   | 0.00054064889086884713489 | 0.0020042675806312545625  | -0.004907294620269357123  |
611   | 0.0047976550440702540185  | 0.0056907529098081388597  | -0.0028202756587863736688 |
612   | 0.0047572231958585417186  | 0.0085602261418382709357  | 0.00064769724820879382571 |
613   | 0.0065952024597383217264  | 0.0096876004334639307519  | -0.0032976012456384260971 |
614   | 0.0046415943076695918151  | 0.003035522781671493725   | -0.0040628985435458486383 |
615   | 0.0011679935648417098457  | 0.0089090439405061470912  | -0.00014823029660775990067 |
616   | 0.009282377817244846091   | 0.0038683214535345815041  | 0.00021446344584981580318 |
617   | 0.0065582885244251584722  | 0.0030834349175223279942  | -5.5157303112482325837e-05 |
618   | 0.0021909426637329496544  | 0.007018857203015653641   | -0.0011460121545044414312 |
619   | 0.0021011725194287865504  | 0.008602135842837765195   | -0.00032357426982574912172 |
620   | 0.0077330834346439067742  | 0.004015481690902664505   | -0.0005294364547083739176 |
621   | 0.0044078214946014476067  | 0.0057979933239570187464  | -0.0034199885001698166961 |
622   | 0.0020008571362908930506  | 0.0089982637352678009057  | -0.0035741528096645729454 |
623   | 0.0031180717936491178163  | 0.0027734071582573359242  | -0.0019545245650146535719 |
624   | 0.00013962398025361275251 | 0.0053139216733837811232  | -0.00015983050109410145388 |
625   | 0.0067207153760369614873  | 0.0058335916477513473019  | -0.0021088171401262558943 |
626   | 0.0016366878033650068477  | 0.00028869969197053659731 | -0.0002730830072896414662 |
627   | 0.0054700640027293733272  | 0.0095055965676886285814  | -0.0032696247140056445939 |
628   | 0.0070395606911895225455  | 0.0082482648081598150536  | 0.00075154234534896991599 |
629   | 0.007538963023527000748   | 0.0067589048207289982584  | -0.0026035897501234892687 |
630   | 0.006140879596256499165   | 0.0094454676509585708266  | -0.0018213322098859356137 |
631   | 0.0088843659272024380624  | 0.0051870305359767356762  | -0.0021091568047330545507 |
632   | 0.0052946499377212056028  | 0.0069820158642539100272  | -0.0038446531482738575611 |
633   | 0.0049427856124706617477  | 0.0018451957151408853071  | -0.0016294136068920987703 |
634   | 0.0036298489556478132426  | 0.0039018911741873344746  | -0.00031020084109314831344 |
635   | 0.001519196563355279311   | 0.0026555937334139245731  | -0.00037293138852469533747 |
636   | 0.00075750911735334130592 | 0.0071498168662773500109  | -0.0013056767097880598964 |
637   | 0.006207605804880743372   | 0.0027319824488185569591  | -0.0050239614308814082091 |
638   | 0.00010889866004041381757 | 0.0025541035346887692309  | -0.0032926307593177908846 |
639   | 0.0071011612369307345119  | 0.0023023415374904304849  | -0.0020442493858090124946 |
640   | 0.0031029835605123020671  | 0.00049136899430554420616 | -0.00080683538002470625225 |
641   | 0.0058738497670791341501  | 0.0079108988874932902047  | -0.00065289692288461858433 |
642   | 0.00091227914915770506529 | 0.0087530029245205982769  | -0.0003487486089594779657 |
643   | 0.0089590275984508891544  | 0.005991610315668129301   | 0.00039898453639709033315 |
644   | 0.0054125617915139782529  | 0.009321741237469503838   | -0.0036802902222682525382 |
645   | 0.0034678961038672297471  | 0.0093834018475918365421  | 0.00093363796186511378156 |
646   | 0.0023054921481597558629  | 0.0018516539355028999517  | -0.00097890804477435795425 |
647   | 0.0049249662139480218648  | 0.0037933252831734019968  | -0.0029123318946227588939 |
648   | 0.0040831898724018999419  | 0.0062572394395263349759  | -0.0032943229570125691537 |
649   | 0.0043301458251606720837  | 0.0061123418000710487766  | 0.00021389220771816919425 |
650   | 0.0033920073861608236385  | 0.0081378374854423844026  | -0.00039343372588209911053 |
651   | 0.0046668126635863570878  | 0.0065923867386767087684  | -0.00060134048346045158948 |
652   | 0.0025970210874990819032  | 0.0057603824399217046226  | -0.0018025541584576580678 |
653   | 0.006474967570178120739   | 0.004793410248042901875   | 0.00040453185665597095246 |
654   | 0.0056086361397426481856  | 0.0080402858417455633222  | -0.0009953806252480503023 |
655   | 0.0051213477043062314437  | 0.0047589233341603833644  | 0.0006310915524163216361  |
656   | 0.0027862817984495346149  | 0.0028882763171179043696  | 0.00069195069620536699823 |
657   | 0.0081758434744479205336  | 0.009196453253540797998   | -0.0022564268287674073103 |
658   | 0.0056245366222185053107  | 0.008381095972424063012   | -0.001033841099565391275  |
659   | 0.0081570399477234722257  | 0.0045040104686786637186  | -0.0019744493793351076787 |
660   | 0.0064067606787074800334  | 0.0016266320182421729976  | -0.0033800877972718049343 |
661   | 0.0010894587784152378294  | 0.004222235888189831976   | -0.0017634674055333214495 |
662   | 0.0043230278771488779566  | 0.0081317686198343931692  | 0.00035802028533314363221 |
663   | 0.0077367534406557660759  | 0.0019657343268644949033  | -0.0030171973137432710546 |
664   | 0.0044392915074968047201  | 0.0026563717995902952698  | -0.00094208541144968774642 |
665   | 0.00220199651003849051    | 0.0057006512822819228187  | 0.00015650053253527928393 |
666   | 0.006270034331745596122   | 0.00094802374579136224671 | -0.0030161856004612104878 |
667   | 0.0083987485026141943389  | 0.0020723099048518362972  | -0.0016308925933688918873 |
668   | 0.0055288675938865898887  | 0.0016924087956726029548  | -0.00053865806439124235688 |
669   | 0.0091515836180065760624  | 0.0024779343947349966384  | -0.0032051715238525556664 |
670   | 0.0020426431806529936688  | 0.0059173026373015970639  | -0.0010713176812013334212 |
671   | 0.0021770035598157712678  | 0.0079344465300472764163  | -0.003344929388100457545  |
672   | 0.0098853100327136976533  | 0.0058414817644399773949  | -0.002163027571957317971  |
673   | 0.0080510918336854885025  | 0.0049201952655188773214  | -0.0046890522417475108755 |
674   | 0.0072739681948351866264  | 0.002442481095133340694   | -0.0019458628599109189725 |
675   | 0.0025628935662979301056  | 0.0040296482442865400389  | -0.0040270057362704276063 |
676   | 0.0023914941419774940826  | 0.009909147612240218686   | 7.775091858118287182e-05  |
677   | 0.0062544263372906559045  | 0.0027902693063765341211  | -0.0027050476347220378699 |
678   | 0.0024032729224727489292  | 0.0029258082490680190416  | 0.00024708071112405059506 |
679   | 0.003906266031901926665   | 0.0074793416709694800909  | -0.00083196151507564065301 |
680   | 0.0015877398827258909844  | 0.0068475994082530930104  | -0.0025147312663316417208 |
681   | 0.0040272659013431159544  | 0.0014046541099825096167  | -0.00068870678550540407811 |
682   | 0.0012838355261996859183  | 0.00086859465240420670636 | -0.00215089430375809635   |
683   | 0.0044794474285706166114  | 0.005358162849064104262   | -0.00017617375208251777265 |
684   | 0.00062465489381715623429 | 0.0019842330034321735595  | -0.0034917554052677911465 |
685   | 0.005937959185344075623   | 0.0017018200755988741046  | -0.0042322643026237467129 |
686   | 0.0052816144473231720069  | 0.0037916610725207350666  | -0.0035515832393577984223 |
687   | 0.008011861745194059567   | 0.0048766037768513794196  | -0.0014209909254702141491 |
688   | 0.0036273427811751501534  | 0.0071809916952808488036  | -0.00084620657276522018991 |
689   | 0.0049459063263419993442  | 0.0066566021580282521211  | 9.9059151224995052229e-05 |
690   | 0.0062985253715830387747  | 0.006721189757419806371   | -0.0018365930032956492065 |
691   | 0.0077836832875304929127  | 0.004466490888117145841   | -0.0018858291551056541226 |
692   | 0.0070240774165131166298  | 0.0082346849100437460173  | -0.0026780944861832674773 |
693   | 0.0075858797035687607763  | 0.0037660898499638009729  | -0.0031551150254602229085 |
694   | 0.0077285806365103640325  | 0.0093830860070422579533  | -0.0022086700460985397333 |
695   | 0.004775685372784656442   | 0.0082410189905115227571  | -0.0042361016326825078754 |
696   | 0.0020597899406778713387  | 0.0025811305274346398562  | -0.0030741825304007172268 |
697   | 0.0063485683212024714844  | 0.0045137163314815922574  | -0.0031392808443654438184 |
698   | 0.0019200120845107356699  | 0.0088096147883136317197  | -0.0029854919267429699641 |
699   | 0.0079640176092651525364  | 0.0010306354818624327823  | -0.0022205042341034318329 |
700   | 0.0058504546830615636321  | 0.0019153124462139960518  | -0.00071645528716038223496 |
701   | 0.0050275555741190417619  | 0.0061857843929585213522  | -0.0037163794348992721002 |
702   | 0.0054089148243596915297  | 0.0068200316338162467189  | -0.0030713596788888488515 |
703   | 0.0040886224328260693459  | 0.0055161145734942832256  | -0.0038713511470506783638 |
704   | 0.0028210878587301493892  | 0.0089247064255336110844  | -0.0013122610169210705607 |
705   | 0.002573526162049780304   | 0.0091541466006943017497  | -0.00021820889528829655085 |
706   | 0.0009570199339855632939  | 0.0083069654678752172239  | -0.0042637113128472826917 |
707   | 0.0015463681366583970599  | 0.008220088257225401096   | -0.0043762253859206106527 |
708   | 0.0070566481198572885911  | 0.0044518558400659605928  | -0.0011891084274755739543 |
709   | 0.0046173891570655076905  | 0.0019886626505658689529  | -0.0027546682656666419443 |
710   | 0.0057768246972526426236  | 0.0091802921144442054674  | -0.0021969842646982168204 |
711   | 0.00063720911351379104937 | 0.0071040997332360977107  | -0.0026670948324094721424 |
712   | 0.0045528621422533700758  | 0.0051447317982574658143  | -0.0042757398838143530553 |
713   | 0.0008429953499679427838  | 0.0060284499063021851697  | -0.0034865019854131017348 |
714   | 0.001127959841507392624   | 0.005409509198197387167   | -0.0043955244686200850568 |
715   | 0.004655604446451897839   | 0.0090852777762636151293  | -0.0034971065098673330754 |
716   | 0.00014210490204017437376 | 0.0075412479108582673379  | -0.0025617048608775113555 |
717   | 0.0028747604301371195747  | 0.0089472281956767124589  | -0.00099402481006308370491 |
718   | 0.0043959024318119778105  | 0.0069318152473724428675  | -0.002169530417178825582  |
719   | 0.0092727861462616485017  | 0.0042030160176093622759  | -0.0041986644858497280258 |
720   | 0.0066582798015567276964  | 0.0078506014453641938949  | -0.0049255609183321011693 |
721   | 0.0069273689457911083456  | 0.0048855680304657053345  | -0.0023397151648879874024 |
722   | 0.002135005715831718269   | 0.0067231258673174608409  | -0.0005737372694835310297 |
723   | 0.0042123098846655925367  | 0.0049015760625005780002  | -0.0013181361747414471405 |
724   | 0.0073243523293643458122  | 0.0054283906371744034686  | -0.0024348510563950626941 |
725   | 0.0087866322039336901967  | 0.0063494366956308315522  | -0.0015467504451811275867 |
726   | 0.0030621563468107119987  | 0.0071070293080375112477  | -0.0015671897028551387554 |
727   | 0.0033188444528946541186  | 0.0030303728797080285717  | -0.0013268927840686516734 |
728   | 0.0049559187328901072381  | 0.00057868819032408857442 | 8.2320006531654921298e-05 |
729   | 0.0099290256975571693221  | 0.0063120825285515880232  | -0.0025445554528413516504 |
730   | 0.0084579795410495116348  | 0.0028354125406667425417  | -5.8754118373000548112e-06 |
731   | 0.0058286228082014990975  | 0.00183850664936235789    | -0.0019980760541905809476 |
732   | 0.004325066441018583438   | 0.0098815107637406744689  | -0.004935419642645866127  |
733   | 0.0080382323728877061453  | 0.0084438707823169881217  | -0.0022958526003678480197 |
734   | 0.0050910585973822459691  | 0.0043807110803964158935  | -0.0024431501359271344011 |
735   | 0.0045934914255319888796  | 0.0003109754935161460369  | -0.00063764575040062482832 |
736   | 0.0093462713084334556046  | 0.0002905937365647546242  | 0.00043788100777724151512 |
737   | 0.0061271799606143432376  | 0.0080076650773277437828  | -0.0014666540122426166039 |
738   | 0.0023047316431892401166  | 0.0072782932481138418873  | -0.0032126557548019744198 |
739   | 0.007126138441307760911   | 0.00081316477264436841637 | -0.0045783458426846010761 |
740   | 0.006616308313083600276   | 0.0033569463654290645875  | -0.0037668149077622510579 |
741   | 0.0017604354033440624411  | 0.0068753141352421737881  | 5.8503917098206897809e-05 |
742   | 0.000821105817238289553   | 0.0046594450310986626138  | 0.00027633968512170373893 |
743   | 0.0035816115224579780918  | 0.0047332874908342457282  | -0.0042985755466377045114 |
744   | 0.008928641672390172368   | 0.0049784259924652209811  | -0.0024905051898090357389 |
745   | 0.001686288872620492988   | 0.0064486190475724564433  | -0.0028769955774081011797 |
746   | 0.0068244363437950199269  | 0.0036331854681438567264  | -0.00015797229834760468953 |
747   | 0.0045815682051872858374  | 0.0005899767784763751367  | -0.0014089503259567845266 |
748   | 0.0086174694851228767628  | 0.0031736281585367461834  | -0.0027429193072324056617 |
749   | 0.0099595461006984440516  | 0.0041461011507841387738  | -0.0033082335150550414189 |
750   | 0.0080855178541935617681  | 0.0019152448378614728847  | -0.00035336399922954582443 |
751   | 0.0045129942699928381894  | 0.0067555471591176068785  | 0.000962451006971135818   |
752   | 0.0020364618396350852442  | 0.0086918992005485251617  | -0.0022495618264175344138 |
753   | 0.0073664036377724187443  | 0.0089674896881232583901  | -0.00055241356206403515079 |
754   | 0.0059940298655237140082  | 0.0080338343444656366843  | -0.0008129724524530388156 |
755   | 0.001370267286648497139   | 0.0081076792608828860548  | -0.0015198797915879534107 |
756   | 0.0084952392459109408313  | 0.009111684380537554695   | -0.0009489387963061813409 |
757   | 0.0063910442662125747926  | 0.0044031364871933474994  | -0.0029088319261479935428 |
758   | 0.0030982832114334348493  | 0.0023428953709596434321  | -0.0029394803389543246348 |
759   | 0.0042191501567881133788  | 0.0099530537780499108574  | -0.0014883313331920629882 |
760   | 0.0015527892122281100346  | 0.0096015343945589030211  | -0.0019177669218128311473 |
761   | 0.0033766261090422086157  | 0.0088407027954462251429  | -0.0033906631904938202941 |
762   | 0.0079114191960363410699  | 0.0037810807226372061818  | -0.0019268586504471983158 |
763   | 0.0081453072243665436414  | 0.0039974507532291323267  | -0.0018502227858516238999 |
764   | 0.0065050328264372476311  | 0.0050545606307968700757  | -0.0023608317079704516615 |
765   | 0.0019884716491105993742  | 0.0050130039994266666764  | -0.0013522997065836472267 |
766   | 0.0077228454430200519504  | 0.0068530098665884149264  | -0.004438125512151782151  |
767   | 0.0052975053247249727015  | 0.0020778315115554321646  | -0.0027535211505209451939 |
768   | 0.0036002712195748031582  | 0.00052577758752968522648 | -0.0031986637643003053635 |
769   | 0.0014517256953015141279  | 0.0056465650010173017853  | -0.0013636253418846720851 |
770   | 0.0010388777145569206943  | 0.0089112556332682345966  | -0.0001456794754994941482 |
771   | 0.0071787032231950161087  | 0.0062370730994506995079  | -0.00073993360855510411419 |
772   | 0.0029397495155514229148  | 0.0094767600823838626239  | -0.0044725400769642072521 |
773   | 0.00051329943988842195897 | 0.0018891925480831908528  | -0.00064158768546826970558 |
774   | 0.0076250616394185725955  | 0.0089016891539580936255  | -0.0029650661357465001207 |
775   | 0.0085148217732926908402  | 0.0040864986353044939482  | -0.0021987503790382926898 |
776   | 0.0032479181148295111631  | 0.0056579846904147466577  | -0.0032122487083599640147 |
777   | 0.0086334482374658440273  | 0.0051932519345046041989  | -0.00014392835529808707521 |
778   | 0.0019591626502889133987  | 0.00010939031695790966069 | 0.00022946955349598737329 |
779   | 0.0049281371302694982825  | 0.0043264033352846155422  | -0.00059494733765714418253 |
780   | 0.0077675247756478294284  | 0.0061963677316052767283  | -0.0032508189783928545177 |
781   | 0.002098335562785500711   | 0.0033306058507996407457  | -0.00015792879738138525464 |
782   | 0.0016846757904116446171  | 0.0032303317163294262455  | -0.0038985245595653016462 |
783   | 0.0029932336419287897296  | 0.0056079584410071315476  | -0.0001465250829363028964 |
784   | 0.0082637166257188143792  | 0.003723078475944626483   | -0.0031057378033773723469 |
785   | 0.0014393748224030265305  | 0.00061421165786131135672 | -0.0024756194857029835583 |
786   | 0.0041079377608906238184  | 0.0064894031089327407907  | -0.0013803821068823147241 |
787   | 0.0026205943035554103704  | 0.0011323017785192972598  | 0.00039734910913281646511 |
788   | 0.00082864545194207613488 | 0.0060931634920288798435  | -0.0031849246406118448226 |
789   | 0.0053405722559954427534  | 0.0052566033711467351902  | -0.0038113641033299993158 |
790   | 0.0049086059292867039242  | 0.00421552431953634444    | -0.0022894419436217785038 |
791   | 0.0012762282033348421473  | 0.0091098581558209362069  | -0.0039221446473994064572 |
792   | 0.0032609822595543766326  | 0.0022669911739005457578  | -0.00070360368440198464875 |
793   | 0.0061984514621416155616  | 0.0015809308674750680457  | 0.00013354259246199594291 |
794   | 0.0094101877369902244691  | 0.006114637438751758039   | -0.0050179496422990367208 |
795   | 0.0041688294701855456437  | 0.0070118155823981464375  | -0.0025161936465584078433 |
796   | 0.0046583202787099488654  | 0.0067353440516981976857  | -0.0001401944670501291824 |
797   | 0.0019698542032514187831  | 0.0066782210632138159362  | -0.0024553648229030432606 |
798   | 0.0029717803581672456829  | 0.00052865900890114783921 | 0.00025590918478420293224 |
799   | 0.0069877986066741561502  | 0.0024034950746472348582  | -0.0040203968930305148538 |
800   | 0.0070082582941575020247  | 0.0080326191146141891902  | -0.0016839570434838944685 |
801   | 1.4585835542654784143e-05 | 0.0020459417931596780328  | -8.0936026497605093738e-05 |
802   | 0.003107273615521605279   | 0.0095312273226401938303  | -0.0016597421236934479204 |
803   | 0.007917647392487084379   | 0.0083703311247144245033  | -0.00068987491584738755424 |
804   | 0.00090490853538245771739 | 0.003978138917219902447   | -0.0039488241376731871707 |
805   | 0.0028592606101680581934  | 0.004054715655044376782   | -0.0019070031069134628886 |
806   | 0.0024001533629554555431  | 0.0038947236284521923044  | -0.00023004668926971853045 |
807   | 0.001960462786158817354   | 0.0082004797097807342887  | 0.00014004510762632803441 |
808   | 8.6295137581481675152e-05 | 0.0021698813554440060658  | -0.0041065449263248841524 |
809   | 0.0031016994446623011999  | 0.0041862805147160463831  | -0.002670632045269120524  |
810   | 0.0070233123684332000522  | 0.00352486262877507988    | 8.9066261803495932851e-05 |
811   | 0.0075171391655345209254  | 0.0027213964839185992607  | -0.0047971860932880666661 |
812   | 0.0083702720025710681401  | 0.004961678293372927262   | -0.003648297750813765325  |
813   | 0.0062752199202814043164  | 0.0046598187886380771847  | -0.00074568817633510753318 |
814   | 0.0045108696753569108365  | 0.0075036382881710789877  | -0.0031908084599380466886 |
815   | 0.0041949945773013062184  | 0.0036075028714917102383  | -0.0030452989487610260082 |
816   | 0.0032413529934518336799  | 0.0041121004529166135452  | -0.0030562976516930006991 |
817   | 0.0090569269403846137945  | 0.0015127838978647803209  | -0.00025296763768904294723 |
818   | 0.0076740121081911132073  | 0.0053192036418459051964  | -0.00036103899180602526918 |
819   | 0.0033536098602494190252  | 0.005932684539174721064   | -0.0012277650879757280675 |
820   | 8.1333477143292082787e-05 | 0.0015243021564820464532  | -0.001676900388641302999  |
821   | 0.0066218789175909236952  | 0.0095603257076124874281  | -0.00056365084580211894782 |
822   | 0.0023326521514923678584  | 0.0066415368136370092969  | -0.0013591646866676985583 |
823   | 0.0032919052460990421045  | 0.0026290155221690924246  | -0.004552748250912594212  |
824   | 0.0058930753680137698547  | 0.0016897339478285477565  | -0.0025049686477665485118 |
825   | 0.006454015286027800849   | 0.005623622684544443695   | -0.0032254383300246453753 |
826   | 0.0076824028407643614111  | 0.0069026376528038948036  | -0.0030686620371552469737 |
827   | 0.0090334531360687086998  | 0.0073842495902451928472  | 0.00026441663191325475227 |
828   | 0.00013192598795020639315 | 0.005023385211525933057   | -0.0030615654225868548649 |
829   | 0.0012358617232350976693  | 0.0073517831104819228449  | -0.00092469159686200518705 |
830   | 0.0028092357002804284674  | 0.0039488502851897852586  | 0.00012001497616503023079 |
831   | 0.0039052474521087850168  | 0.0076010836831023435856  | 0.0004875073811127648613  |
832   | 0.0054627947544658959911  | 0.0023123147273955272675  | -0.0012742477841428481462 |
833   | 0.0090544921194670672376  | 0.004848178935729930035   | -0.00058943472713463257017 |
834   | 0.004736783456606387735   | 0.0079161835236197259508  | -0.004024822039907768878  |
835   | 0.007506648516483050218   | 0.0094616827753975091264  | -0.0028370822661493884376 |
836   | 0.0098846829401482236982  | 0.0011048944007868268316  | -0.0012649246511860572865 |
837   | 0.0081011607790057154482  | 0.0026848957710741555571  | -0.00094794114386359583715 |
838   | 0.0065923883261396459127  | 0.0013490049174664977411  | -0.0036077188456281514793 |
839   | 0.0067349798798270977748  | 0.0027022427441691530478  | 0.00014733462702152654716 |
840   | 0.0092276349313726059587  | 0.00051238707406676454754 | -0.00103648756957074842   |
841   | 0.0064109415829787285215  | 0.0011636194950234018952  | 0.00088503747538878614707 |
842   | 0.0028903523662951085063  | 0.0065700553740575592249  | 0.00013823701915219782426 |
843   | 0.0065845202273688840933  | 0.0073529410940544300337  | -0.0029951459574455272135 |
844   | 0.0038276154118107321399  | 0.0012349163084873755834  | -0.0020095553275752951229 |
845   | 0.0096465209564267889036  | 0.0025046199536306961407  | 0.0006895504662621813538  |
846   | 0.0086268760415000173003  | 0.0022876769505518427389  | -0.00071687367474208829859 |
847   | 0.0092573368107822136264  | 0.0074741358219542119654  | -0.0013145611961900445768 |
848   | 0.0043801766720821281795  | 0.001537116793898025708   | 0.0005793828919392765911  |
849   | 0.0062886004765979278824  | 0.005140030007152011915   | 0.00068234284839245162163 |
850   | 0.0040920609405580895407  | 0.0035763366936119324845  | -0.0016755989895797850173 |
851   | 0.0050204285633301268602  | 0.0067520055970332658671  | -0.0040061558339480633426 |
852   | 0.0051632957987989254803  | 0.0088363786992263753522  | -0.0023280435292826343399 |
853   | 0.0092815729992264638104  | 0.0031667460815410675319  | -0.0026393784037090743666 |
854   | 0.0079688365195459166801  | 0.0093085957342815568022  | -0.00064647150732880442545 |
855   | 0.0001551463076445334596  | 0.0037181799020174315096  | 0.00033634407754106886591 |
856   | 0.0098457187877830625727  | 0.003141408018254007728   | -0.00028708263119964883654 |
857   | 0.0082049788482009555768  | 0.0076385597585014470418  | -0.0030831601229761411431 |
858   | 0.0054781526962169096659  | 0.0030763215557049064866  | -0.00090066436069338121767 |
859   | 0.0020302907131810035354  | 0.0053610256763314562828  | -0.0022951800181430542964 |
860   | 0.0077352927716456470683  | 0.00075751355335637192336 | -0.00082079498060386266601 |
861   | 0.00114657034037304352    | 0.0024229440077190543545  | -0.0026464875547036769733 |
862   | 0.0088337224689944340156  | 0.00068800948247071177111 | -0.0042370854673477505864 |
863   | 0.0011598153842559003404  | 0.0073088254951967643672  | -8.1812205705687274715e-05 |
864   | 0.0038542602457704577823  | 0.0045029080712088529609  | -0.0014580935397327228573 |
865   | 0.0057754035679861660466  | 0.004245726578873031988   | 1.814712321423956633e-05  |
866   | 0.005346958246615507275   | 0.0096668020938898042982  | -0.0013191113057669395271 |
867   | 0.004985169741527102974   | 0.0057826248527434731539  | -0.0036271721016028993928 |
868   | 0.0069169921379425552271  | 0.0078453850054204816306  | -0.001254354657092501997  |
869   | 0.0036918066464600761759  | 0.0049543968788946712509  | -0.0033963628113400862532 |
870   | 0.00018405067542408713103 | 0.0037551892811165310179  | 0.00081314578809481502866 |
871   | 0.008136114994045665072   | 0.0017746013769814154848  | -0.0043873878710784484924 |
872   | 0.0039726988194654219363  | 0.0022572007035086953143  | -0.0045192174227678700432 |
873   | 0.0077359362661448280787  | 0.0034455791603150015545  | -0.0042072660146383906304 |
874   | 0.0058271083869095800095  | 0.0014169496475222552456  | 0.00044244357467145608437 |
875   | 0.0064544293510811982101  | 0.006431058287028052281   | -0.0024226514621661591337 |
876   | 0.004506222693610215102   | 0.0015933087918273284092  | -0.00065618692740028905942 |
877   | 0.001133994492311705439   | 0.0052978658502621156154  | -0.001343971192565395498  |
878   | 0.00041529194888655698034 | 0.0034340530283518242056  | -0.0049404993263184272465 |
879   | 0.0056006586199655325822  | 0.0080405074879125858905  | -0.0012553125752364181419 |
880   | 0.0061587703954721385868  | 0.0055622063160818621674  | -0.00090229200016549377175 |
881   | 0.0043107762165474723323  | 0.0044947178747627792098  | -0.0022055935415982931731 |
882   | 0.0054748677013884937403  | 0.0059424348873661119244  | -0.0026077564249156874078 |
883   | 0.0074746372892305033842  | 0.0054517603013159304792  | -0.000714243027599190442  |
884   | 0.008152693955258073083   | 0.0093293923866034928621  | -0.0040265386230482385146 |
885   | 0.0095410184422524135783  | 0.0014647468836122860478  | -0.0020081993192547307331 |
886   | 0.004433585969176824168   | 0.005101745948973508693   | -0.00080001114317825104249 |
887   | 0.0024812186253682444806  | 0.0016613802504822474185  | -0.0043317568302441598546 |
888   | 0.0078281684606514058411  | 0.0030784618303058091347  | -0.0026537258866585330605 |
889   | 0.0036793038574356421062  | 0.0096497041657828512562  | -0.0036338789707114713817 |
890   | 0.0054495720465981391592  | 0.0070711160071622114823  | -0.0047496249298434895653 |
891   | 0.0039191582273082354454  | 0.0063717344968824791637  | -3.418804865499350525e-05 |
892   | 0.0057583237536359020356  | 0.0090871992395384314223  | -0.0014685788382258317415 |
893   | 0.0062359701206766140688  | 0.0048657922507023476308  | -0.0013609612069934852278 |
894   | 0.0066077077957429316071  | 0.0048319684773459646923  | 0.00050364949176189433705 |
895   | 0.0045451852128782152529  | 0.0075629935121585747243  | -0.0017202486870355124249 |
896   | 0.0021797304336222500347  | 0.001491601814880402473   | -0.0043079039808695618677 |
897   | 0.0090620708550843455387  | 0.00035126163522303265919 | -0.0029261080900119017592 |
898   | 0.0023505408874532301815  | 0.0042436931024718762412  | -0.004742064482059961221  |
899   | 0.0019158542395051817841  | 0.004043992901420153524   | -0.002797116302441618723  |
900   | 0.0051697966508116102724  | 0.0084167929296915713205  | -0.0035577502792710248569 |
901   | 0.0051061009811655330703  | 0.007187831661562267202   | -0.0036357127809934748977 |
902   | 0.0052402390765509936771  | 0.0010275711451181576347  | -0.0011994809632651060819 |
903   | 0.0061824203445462197828  | 0.0070064124333978159559  | -0.0010129710996687366856 |
904   | 0.0037875933147737362791  | 0.0093415253991589661253  | -0.004265550951669356064  |
905   | 0.0072739165196922328863  | 0.0065838751681287265363  | -0.0026207833389221882846 |
906   | 0.0079546614758555858615  | 0.0039577115687063641608  | -0.0042386872352614384657 |
907   | 0.0036925327320635982151  | 0.008595605195921037292   | 0.00056884127273802449071 |
908   | 0.0032193294575702966973  | 0.0047926603020555262266  | 0.00096134251978798241668 |
909   | 0.0065491247306369571035  | 0.00303307432179711128    | 0.00064468460091695082518 |
910   | 0.0031835244057498261749  | 0.0067987295667975644956  | -0.0011455083211398594395 |
911   | 0.0097141607369344868533  | 0.0084125132731403384073  | 3.1397483547928488942e-05 |
912   | 0.0088471317716330728081  | 0.0044051642769903070346  | 0.00042073569841278392117 |
913   | 0.0060136407705238884014  | 0.0050271375363667557962  | 0.00077875674544080741163 |
914   | 0.0027580640020994943648  | 0.0041356851373497158578  | -0.0019355908559694774262 |
915   | 0.0043297895603222813152  | 0.003393572030627362273   | -0.0038259742462760266968 |
916   | 0.00047559250238401318397 | 0.0035361727941130745301  | -0.0048396052650685958407 |
917   | 0.0029597189121511910219  | 0.00050820279933496380342 | -0.003964685163591928109  |
918   | 0.0027338603010186065916  | 0.0033478654568914844973  | 0.00013190504051052207956 |
919   | 0.0020461999063843671481  | 0.0071711865985548068139  | -0.0049112306767218278161 |
920   | 0.0085319756217147116328  | 0.009253727518315499681   | -0.0011570182102039233869 |
921   | 0.0033294625828454598761  | 0.0037464145340522251801  | 0.00010309959879436001286 |
922   | 0.0058106051094851257632  | 0.0029561394627433345249  | -0.001182129885033350071  |
923   | 0.0056544278350822933105  | 0.0077479664768820722537  | -0.0010324200038191433913 |
924   | 0.00078754385789063334738 | 0.0075627878092736772198  | -0.0013367129671537126851 |
925   | 0.0038355210300301543005  | 0.0038787333381567665712  | -0.0044164487059148915468 |
926   | 0.0064675571576707302848  | 0.0011739848174297329384  | -0.0049845407223060344062 |
927   | 0.0014243093840681478497  | 0.0067333628752064035583  | -0.0012325228469903858151 |
928   | 0.0041322434462564916827  | 0.0092041396616686938642  | -0.0016325611696167143753 |
929   | 0.0074169601077744857359  | 0.0066687558901597420932  | 0.0009517130464497805184  |
930   | 0.0062700537666320740535  | 0.0041427490608163799676  | -0.00060508987248598065933 |
931   | 0.0048774453674092456065  | 0.0018159986547447114474  | -0.004140826926084326641  |
932   | 0.0085458777906113562312  | 0.0053624614707736316735  | -0.00035080032995497172684 |
933   | 0.00056593703987641594353 | 0.0042092582114192939741  | -0.00048705958832488818267 |
934   | 0.0032947233187313219871  | 0.007331744940891633984   | -0.0028077230854343026775 |
935   | 0.0025363194811347960535  | 0.0072181417746120992568  | -0.0037922851234474968564 |
936   | 0.0029294142292941387738  | 0.0024867631887405335263  | -0.0042767444445819457685 |
937   | 0.0030921963432609840539  | 0.0062366223092802418673  | -0.0042103163670684541631 |
938   | 0.0061983496268258530745  | 0.0026460927286248536565  | -0.0033717562305141906935 |
939   | 0.0053146670336335060519  | 0.0036852646055896064008  | 1.3572363505868324736e-05 |
940   | 8.3970136694074459707e-05 | 0.00024194918094807340301 | -0.0043425082761781369153 |
941   | 0.00071288226622361083352 | 0.0038541178841263214194  | 0.00068312572023272299243 |
942   | 0.0017974044004152049583  | 0.0033589516791580971596  | -0.0018926384830864710889 |
943   | 0.0061430251312025998742  | 0.008293252277503899289   | 0.00034716356917042563062 |
944   | 0.0092427890019463904842  | 0.0072792087365603609997  | -0.0038695980106682710889 |
945   | 0.00091710098326693381427 | 0.0070922989856301368872  | -0.00099132245573356589548 |
946   | 0.0074512357573278398259  | 0.0046720571588333755647  | -0.0047785436404946673994 |
947   | 0.0083728640528958550582  | 0.007492926003399974326   | -0.00013886410722174181097 |
948   | 0.0080665263890983725237  | 0.0066610218639938101326  | -0.0039478124244394065603 |
949   | 0.0061312171681153866329  | 0.00062029052941634313378 | -0.0037394947080493408376 |
950   | 0.0056530068291839909167  | 0.0085841582214476325197  | -0.0027076727241712138239 |
951   | 0.0038922903940660402884  | 0.0057722232263816616177  | -0.00031466533089804751182 |
952   | 0.000230557202696858723   | 0.0067581054016947984461  | -0.0037561500653745852861 |
953   | 0.0078103573735307588177  | 0.0064559663379361665117  | -0.0048825133752486938807 |
954   | 0.0027070471514225574045  | 0.0016011767977095658824  | -0.0014950810884743509933 |
955   | 0.0035029066501689513045  | 0.00035002629238707670765 | -0.0011947667913110577957 |
956   | 0.0062532205207892826646  | 0.003142641412174243358   | -0.0021699607417888680354 |
957   | 0.0070437282841406424067  | 0.0054096991384650176815  | -0.0029603343662888085414 |
958   | 0.006398714393774578707   | 0.0087886620662601961512  | -0.0020658825711262892785 |
959   | 0.0020330664011399659022  | 0.0097218452886190936946  | -0.0020652712553730578036 |
960   | 0.0035545218498924365316  | 0.0047803881673022545137  | -0.00082294194794158958411 |
961   | 0.0032790549057522735271  | 0.0074206830217991171655  | -0.0037812967384966227578 |
962   | 0.0071513959849578215278  | 0.0042483828600691957503  | -0.0019542569180724363512 |
963   | 0.0061493231599127643958  | 4.5291082070717555812e-05 | -0.0035036941707975600285 |
964   | 0.0040716597698630761087  | 0.006647152834326508844   | -0.0016994739779968247567 |
965   | 0.00038779111813811594943 | 0.0090226978260177191637  | -0.0044381447121972228409 |
966   | 0.0074551176660419687936  | 0.0099983244232475024238  | -0.0012485699416723658895 |
967   | 0.0030675129379380736659  | 0.0055078934504063951569  | -0.0033225645487119648269 |
968   | 0.0047252951666306415926  | 0.0017062569102394451945  | 0.00034763977152783430598 |
969   | 0.006352472356792975873   | 0.0016925960175734197036  | -0.0047094731902316755087 |
970   | 0.0031448827370371308654  | 0.0032052991896977102264  | -0.0015683320968221509638 |
971   | 0.0088173029123311003757  | 0.0071184066122982345495  | -0.0032896149577084530732 |
972   | 0.0071834983213225969689  | 0.0072166211621793579373  | -0.0027695393826022043741 |
973   | 0.0055317072019586939827  | 8.3854944393136135461e-05 | -0.001866378155905814868  |
974   | 0.0069484006374334926839  | 0.0025579490426015315772  | -0.0043313643643656269538 |
975   | 0.0012094205842054382618  | 0.003448320582148056701   | -0.0016021598349277063177 |
976   | 0.0021483072585598847817  | 0.0074193625736345292926  | 0.00070250091966585128528 |
977   | 0.0065858995995807566651  | 0.0084834476473901396232  | -0.00068599380317621800121 |
978   | 0.0063905188184249653652  | 0.0049376065271694276684  | -0.0022542022467433964032 |
979   | 0.0083724866883416945718  | 0.0014112424494066438951  | -0.0048795329427799103567 |
980   | 0.0042587464124700987605  | 0.0063943503015469384948  | -0.0035247212263044410893 |
981   | 0.0094890652284063785327  | 0.0016701127921393355349  | -0.0039389740746899985779 |
982   | 0.0004594982430281278115  | 0.0068285169323830082269  | -0.00074283104236481988045 |
983   | 0.0046936818557162364798  | 0.0070782343668056605865  | -0.003332606394309474071  |
984   | 0.0041955425150772534398  | 0.0059038091443993790525  | -0.0036191829179295117828 |
985   | 0.0097230679754332863945  | 0.0015134798062423396835  | -0.0037103886100116854896 |
986   | 0.0012342570954756942967  | 0.0057316195353160973025  | -0.0049578327836946973692 |
987   | 0.0066659467830671942715  | 0.0059915571158664117368  | -0.0034354598826608906403 |
988   | 0.00386040084740072462    | 0.0091570993509333675764  | -8.1587480550185368278e-05 |
989   | 0.001790372340672531995   | 0.0025782881006613136803  | -0.0041273544624105609757 |
990   | 0.0051110610662825619807  | 0.0042448144190549950971  | -0.0025477741996105468872 |
991   | 0.00080785983140355447328 | 0.0099745487464406971945  | -0.0044953059159359683508 |
992   | 0.0022071311359261568119  | 0.0098408848653472429102  | 0.00068708711906466228038 |
993   | 0.001621350965604092479   | 0.0012838984847286030733  | 0.00038348111989472671163 |
994   | 0.0087251303764381629713  | 0.004669207861185898506   | -0.0012377311036946504665 |
995   | 0.00038856864495753122655 | 0.00095482404145192441725 | -0.0028014793598026182034 |
996   | 0.0078026237746821255903  | 0.0099589496645194480751  | -0.0029489313563745614931 |
997   | 0.005695663480373045276   | 0.0091429121420347012755  | 0.00041818923357447900305 |
998   | 0.0084227349124720886364  | 0.0036028090802975257928  | -0.0019838346233780100938 |
999   | 0.0034547832759465784205  | 0.0024994936784373056674  | -0.00023441701488121038824 |
