N			X			Y			Z
0     | 0.0057455427624781606546  | 0.0097587966401318573806  | -0.0066844309918307641058 |
1     | 0.0048098975108705789572  | 0.0090584324008639045128  | -0.0044408009387688638162 |
2     | 0.0030476467703561111421  | 0.0067474857383961073937  | -0.012390036077863359962  |
3     | 0.0037077898535535147237  | 0.00098584940242556055347 | -0.014835206021837214416  |
4     | 0.0047503176420889440743  | 0.0014779313643041767055  | 0.0009180817728226811289  |
5     | 0.0065880553733901874719  | 0.0010332718578330451521  | -0.0056835542595058416784 |
6     | 0.0032143898154967445735  | 0.0079582223573398183647  | -0.018381037377719983139  |
7     | 0.005939156859755019037   | 0.0015885483078673606847  | -0.020997616869321378968  |
8     | 0.00084833035035332274645 | 0.0071845867481625394838  | -0.0062867069794627266147 |
9     | 0.003570442898852907096   | 0.00073665185869784661175 | -0.013661701763880162303  |
10    | 0.0077836655930330084924  | 0.0030262907778916292058  | -0.0032005443544608118758 |
11    | 0.0044760653371526699235  | 0.0081995510435171649333  | -0.012475752789732817011  |
12    | 0.0030998000410907516726  | 0.0036979415210367525338  | -0.021501808814978866369  |
13    | 0.0086321430449886275144  | 0.0070118774131632151392  | -0.012272233868500204493  |
14    | 0.0058570961509579874335  | 0.0093895052347473095117  | -0.0046972013582351783076 |
15    | 0.003996529018192090596   | 0.0064836252308623056398  | -0.01091974974468802595   |
16    | 0.0032580243633112057622  | 0.0084206721292861864969  | -0.0049842826986742421944 |
17    | 0.0014813362722498279143  | 0.0089015095789682762567  | -0.015163103260698836475  |
18    | 0.0045968997230886156705  | 0.0097833722076992157141  | -0.016077716105789934681  |
19    | 0.0065151520435663429903  | 0.00079730053124821363263 | -0.013945744481979240742  |
20    | 0.0041646961876444215517  | 0.0032063273191069554049  | -0.016382544468627278228  |
21    | 0.0084526921313376659345  | 0.0047856154521996336487  | -0.009931381040008974842  |
22    | 0.0062196683656008597274  | 0.0018472724413316923917  | -0.0072153747433305274323 |
23    | 0.0059707174106044995712  | 0.0065670075174073657895  | -0.01594192410855206285   |
24    | 0.0079355427076120421681  | 0.00077496407075412516302 | -0.0016478037669329036706 |
25    | 0.0076233602071740826089  | 0.0018247123723480424082  | -0.0026680008569348748551 |
26    | 0.0029218184979234321577  | 0.0091564109087347005794  | -0.0090622674800511140297 |
27    | 0.0029230238826765584347  | 0.0046489964563023551333  | -0.01534070156895417196   |
28    | 0.0052640859576745897483  | 0.0073106848387973558112  | -0.019516104515221621707  |
29    | 0.0044173772133940941709  | 0.0032656380302931798179  | -0.016817947565937931692  |
30    | 0.0053974363593868555922  | 0.0019479441042844541834  | -0.01625725620312536146   |
31    | 0.0040911487241608243681  | 0.0024300560325761547641  | -0.015779647826412633582  |
32    | 0.0028066730893166742626  | 0.0054730945829623714807  | -0.010634801828759674752  |
33    | 0.0019615263514204403852  | 0.0091466361882657273158  | -0.0038869576645823807927 |
34    | 0.0036321698491963111226  | 0.0081226385140672745927  | -0.0029095037638254181954 |
35    | 0.00095305590289026392587 | 0.0055553123624000645686  | -0.017689350243630625609  |
36    | 0.0093489307042967338679  | 0.0096782506854304565375  | -0.015330950126997268043  |
37    | 0.00018422412333993096406 | 0.0054776790189759129099  | -0.018767929869901417428  |
38    | 0.0060590098782474068398  | 0.0067729704185941217234  | -0.015365274361487536031  |
39    | 0.00074923296082806431322 | 0.0032068486709392468592  | -0.018857982270494764304  |
40    | 0.0060278362088924458337  | 0.0032642432913663464202  | -0.018095336028219694002  |
41    | 0.0077334946761215593927  | 0.0044048973653397528738  | -0.012601149425820594788  |
42    | 0.0067090969729054232215  | 0.0093175451988762696132  | -0.0043958652515538676822 |
43    | 0.00055606542138028332376 | 0.0030101187715278632934  | -0.0055519708263775790352 |
44    | 0.002351973044603113995   | 0.0066037580678315220203  | -0.0049761824004950069508 |
45    | 0.00060632061643826451035 | 0.0026293497360078306457  | -0.014585557296956649237  |
46    | 0.0035388175773113971292  | 0.0016382692752151457351  | -0.0079807662688987941052 |
47    | 0.0033921838800674026376  | 0.0031895744153547962718  | -0.0073133067705764684061 |
48    | 0.0049248795155350166483  | 0.0078974577083388061011  | -0.0027074297705941248807 |
49    | 0.0036006197857719234381  | 0.0060479625149163574252  | -0.014661265680171453596  |
50    | 0.0044884548322249827323  | 0.006977312435294529859   | -0.018209281811151334374  |
51    | 0.00077227569677400524813 | 0.0065853435939395065304  | -0.011540738978201504211  |
52    | 0.0036237676250906094427  | 0.0053362091130554675095  | -0.0096811740489238361923 |
53    | 0.0088844184050915712275  | 0.0081387309583394046308  | -0.015640320997022467281  |
54    | 0.0016279036952780148381  | 0.0057796491609964787198  | -0.008371064788995659714  |
55    | 0.0053979935321664864606  | 0.0089080926943754662473  | -0.0059132599959319988997 |
56    | 0.0087129899918810087278  | 0.0037900377293391142829  | -0.013843451447270159818  |
57    | 0.0029599331360981849005  | 0.0084244244202397143562  | -0.0039343285651341338913 |
58    | 0.0018762027558394899461  | 0.009352121653937360557   | -0.012912681659683367466  |
59    | 0.005363321996683522927   | 0.0076792403545813889276  | -0.019174732596829661968  |
60    | 0.0052666624022526063037  | 0.00011778764691780883444 | -0.016077490144746162809  |
61    | 0.0076478884168840683203  | 0.006220881552101675295   | 0.00051522252218390036244 |
62    | 0.0069625658850937894792  | 0.0071941179502499558521  | -0.014897296166469805798  |
63    | 0.0082948977368186588982  | 0.0099355167677204550558  | -0.0013188047926556069767 |
64    | 0.0071146092039556666289  | 0.0073118909641266584265  | -0.007791776234523964742  |
65    | 0.0065168295727482915269  | 0.0085310150277455379375  | -0.014921548804559280066  |
66    | 0.0019558995820747231489  | 0.0064783039343093004256  | -0.020247561439622883961  |
67    | 0.0057568234388612280622  | 0.0027903009958864205368  | -0.010731057060988946975  |
68    | 0.0017570515378815198485  | 0.007517570822639830716   | -0.0051615759268956087208 |
69    | 0.0013349337008779780037  | 0.0059301617957536493717  | -0.011369311226404598195  |
70    | 0.0088284986365950758602  | 0.0051287141973523076022  | -0.0043321563863693950125 |
71    | 0.0090422489077988370959  | 0.0075101732869265061879  | -0.018465672792845871236  |
72    | 0.0067814761651671055104  | 0.0082584600786175608317  | -0.0066683839569855966195 |
73    | 0.002180730666802766296   | 0.0035470411508821239784  | -0.016710855863816303363  |
74    | 0.0041321735423538218449  | 0.0066215751284566448306  | -0.0083148229884616314811 |
75    | 0.0073139835800972319985  | 0.00052212582155313717186 | -0.019969575971995501273  |
76    | 0.0060319300051859979159  | 0.0015936101857145256507  | -0.0054226657422521288079 |
77    | 0.0044701918036878464033  | 0.0047542258220722721784  | -0.0016193828176156493861 |
78    | 0.0054696753256685531203  | 0.0044484999494448255672  | -0.0075601292773865187702 |
79    | 0.0041890340586621718083  | 0.0067675927941695020879  | -0.013420202636682480174  |
80    | 0.0016928010651537060693  | 0.0040837374986749837291  | 0.00058397852052247036653 |
81    | 0.0078833836105650610671  | 0.0014146778749470499594  | -0.0040380128379656253859 |
82    | 0.006911291859739480091   | 0.0047640555835948145136  | -0.019760799088920217442  |
83    | 0.0051551872867217464827  | 0.0069088465246873419223  | -0.0043501817430222893684 |
84    | 0.0096425093557081162365  | 0.0021511999231339971016  | -0.0043221289935894378897 |
85    | 0.0028452993963120928704  | 0.00037838951530310706815 | -0.010918954873409316905  |
86    | 0.0017585567694478577375  | 0.0048216185918848871936  | -0.010693858429540603269  |
87    | 0.0036733787213783929311  | 0.0067748098464718974759  | -0.021679024135785381067  |
88    | 0.0060163948049522407088  | 0.00071955848017269297308 | -0.0055367255958660545681 |
89    | 0.0093471467966653939974  | 0.0070680688394806918257  | -0.012676271761764956042  |
90    | 0.0040916817123963482999  | 0.006221869984627392304   | -0.018800052243984614886  |
91    | 0.0049322505585065821304  | 0.0024574391651618790293  | -0.0096653657148969979174 |
92    | 0.0082675545763217020423  | 0.0073808186070236066548  | -0.0043855215627471829179 |
93    | 0.00092104454170172621319 | 0.0074852268621950048336  | -0.0059827330537263450488 |
94    | 0.0052557074625115699287  | 0.0076341803563059664611  | -0.020193566664795693788  |
95    | 0.0045500081203354849832  | 0.0096408089807610512084  | -0.0087611816404975055572 |
96    | 0.0013891147480308378964  | 0.0097837851386085757099  | -0.0031699864923101900814 |
97    | 0.0056256607511133436064  | 0.0049342216588400432051  | -0.002090408150748246114  |
98    | 0.0099631161736431408243  | 0.0050644689757718928946  | -0.020858209155204057023  |
99    | 0.0044874484363935695022  | 0.0073075936923393258748  | 5.5827597919817572658e-05 |
100   | 0.0098238523116840129057  | 0.0048489368115092598352  | -0.01565350162407431675   |
101   | 0.0063374267119840777679  | 0.0069197011851988964731  | -0.013175643595296805677  |
102   | 0.0060361591960512439581  | 0.0056015555535463834591  | -0.013650131193770655147  |
103   | 0.00012289096513892804399 | 0.0084275876013513023599  | -0.0065910921558144349233 |
104   | 0.0031960747219324297727  | 0.0077320691496269690693  | -0.0074931244438814267189 |
105   | 0.008639484965724433807   | 0.0066723542600710438258  | -0.010170813550294196398  |
106   | 0.0041063009675359769118  | 0.0084077965910907583036  | -0.021354845709697457823  |
107   | 0.0081085496484656870153  | 0.0066187837377329888922  | -0.018016530511341461579  |
108   | 0.0066688496308214091288  | 0.0092372578837789202921  | -0.021356347984158044473  |
109   | 0.00059134457129328074371 | 0.0035198180577050920854  | -0.0064100120252438335874 |
110   | 0.004017714385640610078   | 0.0037381882894037599986  | -0.015998554461707552299  |
111   | 0.0065497120696903568526  | 0.0036914461246413451251  | -0.011447089090003942369  |
112   | 0.0089139389777679305799  | 0.0083621926846455547216  | -0.0010177555700542374999 |
113   | 0.0069712802436143975898  | 0.0044055674522549530953  | -0.0012139300761308312402 |
114   | 0.0085818439685920386295  | 0.0078170044997748922705  | -0.0047970958442013177103 |
115   | 0.0016847308136421997905  | 0.0022144028577805235578  | -0.0097865356410506768037 |
116   | 0.0033838314546739216813  | 1.1590392726282079867e-05 | -0.017507343655636636859  |
117   | 0.0086889859357102972037  | 0.0035267116119564365616  | -0.0046525043746068889261 |
118   | 0.0053632244824244560549  | 0.0043447801872983967536  | -0.0032196089446519947537 |
119   | 0.0065025995347440445835  | 0.0026506637122370437995  | -0.01681585713905343199   |
120   | 0.0024713823112278232932  | 0.0033022334369150808421  | -0.018456142584071629636  |
121   | 0.0048339451229022544279  | 0.0015315665706325492894  | -0.019732577303452125683  |
122   | 0.0096669056796566087131  | 0.0074618496217655760905  | -0.0055588979188468234244 |
123   | 0.0031326511134914442926  | 0.0024905597300174256784  | -0.015075792566207722387  |
124   | 0.0038330729376130088029  | 0.0065062912817440013771  | -0.0098614607878162348353 |
125   | 0.0065566372245340403743  | 0.0086647019997658988877  | -0.0046666717503258724545 |
126   | 0.0081866910098798463535  | 0.006891281436865825602   | -0.01040290407645542807   |
127   | 0.0023118111498697229561  | 0.0073454902088723947329  | -0.0065333088729790491159 |
128   | 0.0042315802618846584671  | 0.001665241774175395045   | -0.019962421474155722656  |
129   | 0.0097075158768606950588  | 0.0061141835116086760277  | -9.0842840204751349668e-05 |
130   | 0.0058920398952135247944  | 0.0068768263358609258221  | -0.0014893608434300533491 |
131   | 0.0037177444142188730003  | 0.0053726235666326001977  | -0.021965910461914463225  |
132   | 0.0042131352578431537428  | 0.0031273967618339346478  | -0.0073252021222522771537 |
133   | 0.0034522132602116642648  | 0.0034002478809609165342  | -0.014473170935418947641  |
134   | 0.0075885819778660256255  | 0.0079267511271207298507  | -0.018032481316054501524  |
135   | 0.0037174265487682541659  | 0.0061058101294855400554  | -0.015892381417948672762  |
136   | 0.0042303473954248289185  | 0.0062092711791544496699  | -0.016692505037408333218  |
137   | 0.0056013437081336081222  | 0.0062450489981164510403  | -0.0077085988584414816271 |
138   | 0.0072916385423453322981  | 0.0048321997608881117614  | 0.00077639976802885437256 |
139   | 0.0062008989339945126337  | 0.00082667387342403306823 | -0.0088072134049948739426 |
140   | 0.0061247466891190902732  | 0.0065696098508128660323  | -0.012667999383142381636  |
141   | 0.0005312510874445944796  | 0.007408745223441173984   | -0.019211440204368549628  |
142   | 5.0674542148092183364e-05 | 0.0069442769969294973822  | -0.010510942409799255842  |
143   | 0.0034236953812016163168  | 0.00029874445898649956222 | -0.013075208950789602921  |
144   | 0.009685310814961850534   | 0.0056273894596583946826  | -0.010843264165174502575  |
145   | 0.0070004045550813194521  | 0.0094554971413452655604  | -0.010483393027530298058  |
146   | 0.0052401036171816637102  | 0.0093204568133901412319  | -4.5591809317385600833e-05 |
147   | 0.0043794552274126130262  | 0.0004438358571222144125  | -0.015493836543188237859  |
148   | 2.7584302273743811388e-05 | 0.0081569737392238935575  | -0.0020821914226530542115 |
149   | 0.0016447714012856374816  | 0.0078004565220318056867  | -0.014619832191794274179  |
150   | 0.0041603993344153265485  | 0.003287398967243940727   | -0.017755941178649058132  |
151   | 0.0040628039419243564684  | 0.0038233705965437631523  | -0.015825189534415286252  |
152   | 0.0074048167973384875981  | 0.0013033837288757665722  | -0.012421411445084167696  |
153   | 0.0075350077032806089122  | 0.0074289851047887340424  | -0.0068391585072074970522 |
154   | 0.0043009636183890861266  | 0.0082759712923434064491  | -0.0082998093055011209346 |
155   | 0.0044673775652949321985  | 0.0010561954801747272439  | -0.0019033945155775779026 |
156   | 0.00085647091578561792939 | 0.0084587110818885175023  | -0.013257865216601820435  |
157   | 0.0055378124054901870302  | 0.00032927656047327161747 | -0.0014323137464593105415 |
158   | 0.0093797198509259181731  | 0.0036180455463400151839  | -0.012834168065526395039  |
159   | 0.0041981520230147742478  | 0.0028108623107145690005  | -0.017709401956944221396  |
160   | 0.0037160367495818729527  | 0.00073355729697267379845 | -0.020583299706493956432  |
161   | 0.005386966015190410538   | 0.0076661616498128505592  | -0.0064147100952237252891 |
162   | 0.0053443961973786624151  | 0.00026880566699777011129 | -0.0051826725292233128892 |
163   | 0.0050244384219373886685  | 0.00028641932606548873349 | -0.0078577918445213151138 |
164   | 0.0040493927468074732492  | 0.0002319157020151013692  | -0.0074483726599339442759 |
165   | 0.0063433612100976619758  | 0.0075451543282040152774  | -0.0085494624191930924245 |
166   | 0.0075016908573313821965  | 0.0076629841588557604318  | -0.019209547781644149139  |
167   | 0.0015563451267112677744  | 0.0098384462213049316687  | -0.0086089449532248413927 |
168   | 0.00073168669634644442883 | 0.005884078727765794728   | -0.0058804905496737175027 |
169   | 0.0039096212351166035465  | 0.00017082948117385957326 | -0.0042165387254341837875 |
170   | 0.0099399107468342781657  | 0.0069407715221298264471  | -0.0065090596727489695786 |
171   | 0.0032190718486430360511  | 0.0077628054169112765612  | -0.018722189837927106365  |
172   | 0.0037233373482057118345  | 0.0040040193918053018987  | -0.0014810830450697211845 |
173   | 0.0042571221935436371828  | 0.00075337559725446965209 | -0.0040905260139907483746 |
174   | 0.0052684184025769765017  | 0.0013816904017031192073  | -0.0082573537087205738094 |
175   | 0.0016609741527251827183  | 0.0076994336700425408671  | -0.021797220763542131394  |
176   | 0.0030444548796888294163  | 0.0078803762317304505008  | -0.011877960684047518189  |
177   | 0.0059951995034024730194  | 0.0062673645833101416028  | -0.0036630933277793076806 |
178   | 0.002405226696503479783   | 0.0075731997019394302686  | -0.010553091649137119612  |
179   | 0.008349335846075382761   | 0.0096802390288369087601  | -0.014997203766533529976  |
180   | 0.0039208868692515086093  | 0.00059972741322985331607 | -0.0084099230907175893945 |
181   | 0.0068200955347809339227  | 0.0088880382332057073641  | -0.015627059373875710341  |
182   | 0.0083807930094111152131  | 0.0057799120317094639446  | -0.014890424787291122247  |
183   | 0.0048217217258595436447  | 0.0042165615108590188964  | -0.015441051809760002883  |
184   | 0.0029988554979333802153  | 0.0051250632996217423618  | -0.0053517734363145910009 |
185   | 0.00056590582723937239099 | 0.0028220077432419754179  | -0.019236427418805754352  |
186   | 0.0040472027630467418552  | 0.0060866040386155732117  | -0.013806436375077925371  |
187   | 0.0057491203571755234575  | 0.0066879973188360810135  | -0.0055104294678536861959 |
188   | 0.0056025265590741316415  | 0.00030039862589767912316 | -0.0035914678475598253715 |
189   | 0.002474429711684889184   | 0.00074012245163936507975 | -0.01277224828004083941   |
190   | 0.0029067694780312461171  | 0.0052005444389945929343  | -0.0010840569660013289668 |
191   | 0.00249936663640181779    | 0.00052406859289957246663 | -0.013305635497836358627  |
192   | 0.0025356003678290743239  | 0.00011537682255703294535 | -0.0063940641492075747654 |
193   | 0.0029626545505409989691  | 0.0050642594527734148893  | -0.010704753892595265941  |
194   | 0.0093001460960807080802  | 0.0029369074333737543031  | -0.0073094944516447655711 |
195   | 0.0011451740320021759709  | 0.0027444614670274671692  | -0.0034667932563973648426 |
196   | 0.0063660461578768767071  | 0.0031032598706967253616  | -0.017367497321872149563  |
197   | 0.0046095702950361347461  | 0.0063876421705706580914  | -0.010040173347621545591  |
198   | 0.0088009998442829459608  | 0.0042896984936065156793  | -0.014960462301896643861  |
199   | 0.0089253125677442486652  | 0.0038586297507038182578  | -0.017194939138659912775  |
200   | 0.0033064884465722065195  | 0.005269530873363872242   | -0.0076092725599450645319 |
201   | 0.0028429899252314524104  | 0.004110850683004196697   | -0.018875896035590301186  |
202   | 0.004080965425663438291   | 0.0074523526969086408001  | -0.0033088695336055580498 |
203   | 0.0048934161646927579539  | 0.0087629765375576290642  | -0.016370599506578594612  |
204   | 0.0021875251735375958115  | 0.0031494064358808721883  | -0.016121612074660403302  |
205   | 0.0069055062214761521455  | 0.0019774940053971881183  | -0.021613334756074940174  |
206   | 0.0062965443580489900352  | 0.0048878426577705878786  | -0.0073742409433354945761 |
207   | 0.0067827398502758743173  | 0.0047805312797649457748  | -0.0071413769736073887812 |
208   | 0.0037335197196694878789  | 0.0091564962855460556301  | -0.011831682784774701436  |
209   | 0.0077543290341579940508  | 0.0078802195746757036643  | -0.011439439524786432223  |
210   | 0.0029369151779491380755  | 0.0047264076546054273331  | -0.0016722912109700975233 |
211   | 0.0031711801979105256472  | 0.00018052747195373682141 | -0.0051615798251506963754 |
212   | 0.005348378947379773575   | 0.0056966298310140803945  | -0.001164852266392183127  |
213   | 0.0069445120281843679411  | 0.00068547670760327108347 | 7.6277066102964751339e-05 |
214   | 0.0046046813127838355159  | 0.0049954210116298627606  | -0.016835405291514331239  |
215   | 0.00010828626402543350103 | 0.0053372950631753891121  | -0.013598963965830988473  |
216   | 0.0095111767819801538992  | 0.0091187034460593879154  | -0.01869443048625603343   |
217   | 0.0082841302824472815014  | 0.0082085494412686595134  | -0.016639838792841813581  |
218   | 0.00092568710167571181119 | 0.0069259961991243543938  | -0.0069184293125326397703 |
219   | 0.0026754847514308594848  | 0.0045807413065470422436  | -0.020578199913442611624  |
220   | 0.0072756216450250614861  | 0.0062802837713094930572  | 0.00077315166719157544985 |
221   | 0.0069355303416217444282  | 0.0095387730942380535154  | -0.0095757753483093413505 |
222   | 0.0052833650913910118821  | 0.0090469308530811750474  | -0.013845822106405799787  |
223   | 0.0031806095447617995127  | 0.0021187718448097869924  | -0.011934357200840581617  |
224   | 0.0012235497391868471392  | 0.0075699086976604304869  | -0.015618041130526828103  |
225   | 0.0089121712743435027582  | 0.00037650699822993385609 | -0.010702919153237920591  |
226   | 0.0021653056455844003556  | 0.0037790519542418490179  | 0.00075717509795465557688 |
227   | 0.0066207796466626550949  | 0.0041940833039290324746  | -0.0023501777750926889851 |
228   | 0.0066189868156325097626  | 0.0030347816649028591836  | -0.0095183028092284509281 |
229   | 0.0044960372597536513509  | 0.0081334133011295231541  | -0.0061767291307271163583 |
230   | 0.0050805875747282486232  | 0.0010425056114678884697  | -0.015838113854902895888  |
231   | 6.8022959961770021399e-05 | 0.0061140544668376378343  | -0.014068827144662459858  |
232   | 0.0058398176580387178847  | 0.0078024889013605588928  | -0.00085446626062508879932 |
233   | 0.00039771947885296974603 | 0.0058572872786238367598  | -0.018721219730604244519  |
234   | 0.0050820164537948896502  | 0.0040604723444911585556  | -0.016749353790880036619  |
235   | 0.0015859443202229795821  | 0.0040460930260484626042  | -0.016171744926088936489  |
236   | 0.003601112099089489281   | 0.0026413055756297609128  | -0.0087999789443877832196 |
237   | 0.0035788317216861095099  | 0.0039863406770928250591  | -0.00095259645951845973999 |
238   | 0.002354209343217552805   | 0.005838072428049886041   | -0.0036904523072416547426 |
239   | 0.0098247190902978186883  | 0.0080204610939415259957  | -0.0027749373360016027328 |
240   | 0.0067656560483474450715  | 0.0095407563427775503306  | -0.020869023150544310091  |
241   | 0.0055845719687609490442  | 0.0087729486388591036705  | -0.0021475455210951603473 |
242   | 0.0007916918997914847763  | 0.0048959935450293336906  | -0.0064826238663968993939 |
243   | 0.0026218719312270564147  | 0.0059165113118000364767  | -0.012956329596720283365  |
244   | 0.0070830914264421104831  | 0.0051102903255365759658  | -0.0037766246034326863244 |
245   | 0.0050332563154320102139  | 0.0025058305038011259407  | -0.020382717379127685692  |
246   | 0.0099058180377410483958  | 0.00083788582567514860531 | -0.0089958070393230012141 |
247   | 0.0056961604119955041442  | 0.0032112515372916018708  | -0.013376980322574220927  |
248   | 0.0097549296199828071374  | 0.0051025763350002958929  | -0.0090721095084657123186 |
249   | 0.0066477622762576250512  | 0.0024691931990484935686  | -0.006323423965103222924  |
250   | 0.0066686665217149700136  | 0.0054522800881961234684  | -0.00169252488527539156   |
251   | 0.0043793664371917020994  | 0.0049438412809487556135  | -0.019112066157390989601  |
252   | 0.0072162454062188489609  | 0.0057552350410114989226  | -0.022162268965080503952  |
253   | 0.0047907758719593490637  | 0.0087864300809809316173  | -0.017450321137981197189  |
254   | 0.0023047692866684458407  | 0.0013239973919970189804  | -0.010523494400359066636  |
255   | 0.001781156658109836477   | 0.004746987254225587885   | -0.00087511988573104920915 |
256   | 0.0047209478355496386701  | 0.0075820374754070078357  | -0.012800717248698204043  |
257   | 0.0020426539057028813597  | 0.0026919782831501030095  | -0.0095711214753134224442 |
258   | 0.003292714892546177996   | 0.0067729105506890447536  | -0.0086819176127492028727 |
259   | 0.0064353655905036062645  | 0.0092546093991986346644  | -0.0099156861141518389674 |
260   | 0.0042572084814211539824  | 0.00062384003897985045202 | -0.0053026656265266307322 |
261   | 0.0057259094792574006388  | 0.0068477705396102093657  | -0.021977587298269662258  |
262   | 0.0010415806495738203635  | 0.00016575177193629126154 | -0.012850109486984725299  |
263   | 0.0072636672182628354497  | 0.00072947496078447436173 | -0.017710026734257356545  |
264   | 0.0062335562755661128032  | 0.0016967113024722391482  | -0.00029768252112852370281 |
265   | 0.0065847171236765363739  | 0.0064964442802815389535  | -0.011205718140528411753  |
266   | 0.0039897039753081699892  | 0.0033809238944692218687  | -0.018090949015855308651  |
267   | 0.00081519427967129294826 | 0.0031508789954327368586  | -0.010999925721806773013  |
268   | 0.0060477329697313578216  | 0.0064504142009827588819  | -0.0023997061594445232707 |
269   | 0.0037893456858654147625  | 0.0024624285799990956389  | -0.0031720656486530483288 |
270   | 0.0094483291827503704946  | 0.0046134404816614319952  | -0.010211551444051909093  |
271   | 0.0053268009471037587252  | 0.0091284787832669779528  | -2.9889559525465298612e-05 |
272   | 0.0056390056643200042741  | 0.0080092215280831470514  | -0.011899607734810226101  |
273   | 0.0036866259247503047752  | 0.0095625904338635953766  | -0.013911213629820238027  |
274   | 0.0061580966796765659529  | 0.0075623082572880383212  | -0.013574928674781862326  |
275   | 0.0089615888901681053924  | 0.0052638814246985261153  | -0.0040582351937171710909 |
276   | 0.0088917061705056955889  | 0.0033967807055542845532  | -0.010565356482630941862  |
277   | 0.0022959246524248953271  | 0.0048594712087717279597  | 0.00065074268884175983513 |
278   | 0.0086333455071990958252  | 0.0047118331566780346023  | -0.0083911517297399953325 |
279   | 0.0039956023358980550381  | 0.0042078281147165082568  | -0.0040031437090980006091 |
280   | 0.0090302395160447909012  | 0.0036913241011813373478  | -0.019959154436062359617  |
281   | 0.0043717885387204316952  | 0.0078348464944266831     | -0.00973221841819669857   |
282   | 0.0036922605736537114987  | 0.0012852670286236901002  | -0.016317867797810917813  |
283   | 0.0082492287664378462914  | 0.0057085999598487542628  | -0.016906054389895525808  |
284   | 0.0027668264214797842412  | 0.0044356586575176109796  | -0.018147214355021160093  |
285   | 0.009582598652290089461   | 0.0060412283613034932495  | -0.0034259098575990724715 |
286   | 0.0013657360397298938439  | 0.0021137118072740690954  | -0.016276137096298534668  |
287   | 0.0019813226640894169087  | 0.0064210574526389367286  | -0.0086159568431770049146 |
288   | 0.0023520326892772741405  | 0.0028012220358844593798  | 0.00048960211681721172577 |
289   | 0.0098989858426860779378  | 0.00016125244486415700744 | -0.018490171061435349553  |
290   | 0.001488647808383627676   | 0.0065150468494418216012  | -0.0049292036339847874679 |
291   | 2.4285564353670951538e-05 | 0.0012003678352885062582  | -0.010291095005834822312  |
292   | 0.0028583009179033906991  | 0.0045331991717600730873  | -0.00015004238243373677585 |
293   | 0.009506537601854459299   | 0.00028034284300830979945 | -0.015643903075764398897  |
294   | 0.0078032909315018687477  | 0.0073258375182748440221  | -0.0019007385174024055488 |
295   | 0.0025885475488150924001  | 0.0026218898264007521604  | -0.013284082309343544712  |
296   | 0.0071911912922734636672  | 0.0040170766758203940716  | -0.017186441153311034225  |
297   | 0.00087137538052827585248 | 0.0030196998863478165774  | -0.018685233935351860945  |
298   | 0.0022107235025325276852  | 0.0048648212420083162405  | -0.020186169216367646356  |
299   | 0.0016118754027984122726  | 0.0073125933228037481859  | -0.013631791062381184293  |
300   | 0.0044176394760825615088  | 0.0072275275956294703084  | -0.016191044911032997228  |
301   | 0.0013969276289411425036  | 0.0073535747127499691625  | -0.021945967734424736556  |
302   | 0.0095934291976638476351  | 0.0020965283994847493804  | -0.020547472047919557864  |
303   | 0.0080050272450722884804  | 0.0051880512340441642047  | -0.01706749406945710576   |
304   | 0.001284071210934089333   | 0.0058911397588203573417  | -0.0094860710064225799154 |
305   | 0.0063110764634453711541  | 0.0072851792773376000678  | -0.018015369175817926017  |
306   | 0.0044629240185322617204  | 0.0026306078741493181192  | -0.01605898435924953474   |
307   | 0.00010701988164758870236 | 0.0036358054453146772603  | -0.0048910497468564705092 |
308   | 0.0089469145910531650001  | 0.0049872230574533457301  | -0.0033129452633758431357 |
309   | 0.0061187916311177493675  | 0.0030261188520738549999  | -0.0078475851118917742955 |
310   | 0.0096600851015859225124  | 0.0055278572820405659852  | -0.0084255444270522495548 |
311   | 0.0087502420233126002036  | 0.0057265560577404849701  | -0.0091463155439266766167 |
312   | 0.0070611197660924093777  | 0.0038280199512591116251  | -0.01895986502004242541   |
313   | 0.0069277115662018367431  | 0.0027701904945439561993  | -0.0034443131032916894999 |
314   | 0.0041736764385581787834  | 0.006893890260402215156   | 0.00069386914402112202099 |
315   | 0.0098906916628438649314  | 0.0089215942867847258801  | -0.0059959538036759131921 |
316   | 0.0054283757045012429737  | 0.0050101092843745191618  | -0.0040571873087878532194 |
317   | 0.0061225412839691429126  | 0.0018543146227458062302  | -0.021599871545061818251  |
318   | 0.0073962940950777038285  | 0.0052846910721789409904  | -0.0015812605629387701655 |
319   | 0.0024165620806573004202  | 0.0022719771702391818036  | -0.0029133679561566018512 |
320   | 0.0068256909729543981807  | 0.0044752932621164665319  | -0.021906406701711757939  |
321   | 0.0035847592496799371778  | 0.0029556918747829026735  | -0.008483884292698520499  |
322   | 0.0087706888876795119359  | 0.00026815291419271422265 | -0.0033040289751051265046 |
323   | 0.0050965744044289863768  | 0.00199109834137414397    | -0.0052190554061556310508 |
324   | 0.0021943354618599373966  | 0.0044672255373842863907  | -0.010677520122363497179  |
325   | 0.0053851218553329681729  | 0.0018340513883717090952  | -0.014871913652808477907  |
326   | 0.00077938610572953251864 | 0.0049498359862839491283  | -0.0080234848099858448872 |
327   | 0.0039646398303907551264  | 0.0071199716295898924853  | -0.00932112373299511833   |
328   | 0.0099183393224794129395  | 0.0078775144737805186806  | -0.017655262994009112559  |
329   | 6.496676438050800063e-05  | 0.0064907947292014893728  | -0.0084902869202234335783 |
330   | 0.002343357615900329774   | 0.003034443235272145465   | -0.0028202990598006185199 |
331   | 0.0064553540566027779735  | 0.0025809485363786637165  | -0.0096735870428481841865 |
332   | 0.0058122592989135399288  | 0.0059009727684886780635  | -0.0023218730888549710296 |
333   | 0.00091159348540396922811 | 0.0072878350414746417493  | -0.012873666024270310343  |
334   | 0.00055266501442631510432 | 0.0037586697091583683855  | -0.0097822011268690334251 |
335   | 0.0034361169941845301837  | 0.0095842654890837264414  | 0.00015664614545934148898 |
336   | 0.0087544387424306393392  | 0.0047946319595592555574  | -0.010748160507936602159  |
337   | 0.0024427237405833983688  | 0.009021556164359123553   | -0.0069766181162819202594 |
338   | 0.0086152395098435322063  | 0.0020398851286275443417  | -0.010219194209653456942  |
339   | 0.0046078851533211655916  | 0.0062348189361595947669  | -0.018768815540391284996  |
340   | 0.0044435520767547448395  | 0.0058881324711711185288  | -0.0041856984314233630293 |
341   | 0.0043016216421438869394  | 0.0087021755574480021828  | -0.016677961805760976866  |
342   | 0.001378611297761721385   | 0.00096802590663134775815 | 0.00030298043111136579303 |
343   | 0.0017909639718912300551  | 0.0036467606801887935027  | -0.0035435773991562154704 |
344   | 0.0060992595234557779593  | 0.0074122679002664691728  | -0.0010185832897076732041 |
345   | 0.0051084840397754797264  | 0.00012058012207469257274 | 0.00024175684366342748365 |
346   | 0.0099237509477165305322  | 0.0078038522854781073104  | -0.011948843957131348795  |
347   | 0.007441145777149583973   | 0.0056183169587858535973  | -0.0170735143124442941    |
348   | 0.0082826863025687036401  | 0.0023483455171051355673  | -0.011372054812104626098  |
349   | 0.0023659611939310003573  | 0.0021771927380305647164  | -0.012329284539431897838  |
350   | 0.002204069915090008016   | 0.0036080071474718605588  | -0.0075016450761458651486 |
351   | 0.0024269513952057597192  | 0.0026726113647472077815  | -0.016484854558532473917  |
352   | 0.0030520880938773413404  | 0.0034558753203380158416  | -0.011358143677155246171  |
353   | 0.0037960593203477340819  | 0.0044560921939324656116  | -0.0045535232268946769507 |
354   | 0.0067110132233475765923  | 0.003679957602374966507   | -0.0076646269162291280619 |
355   | 0.0050499826972130066813  | 0.0042385027573927994138  | -0.0026370056050512985513 |
356   | 0.0003243182975699324881  | 0.0091305514180023313042  | -0.018791771475929395369  |
357   | 0.0041078669626082456659  | 0.0043354084071110573356  | -0.022044657284651929252  |
358   | 0.0046847040331089379386  | 0.0025733712379703049984  | -0.02118960654740330643   |
359   | 0.009430998370731667052   | 0.0042435011234512936759  | -0.016547486278969902873  |
360   | 0.0065829732810990804204  | 0.00022658679059744176332 | -0.017352893377424231935  |
361   | 0.003641715190842856071   | 0.00606185760055550759    | -0.019089636529970255285  |
362   | 0.00071105655484808734639 | 0.0022635567185715519886  | -0.018882671387065459723  |
363   | 0.0071329352539212772036  | 0.0076968504365544521822  | -0.00043667662183668218105 |
364   | 0.0016621043855719699368  | 0.0043509422471673013869  | -0.01158074857180702022   |
365   | 0.00040051933201435080487 | 0.007431711571200949086   | -0.0048012669937825287053 |
366   | 0.0020283485352718387019  | 0.0033068113906833825587  | -0.01731516143490935411   |
367   | 0.0070753887188244315651  | 0.0026332644431118906736  | -0.0023903605430439728644 |
368   | 0.0064062202637178763259  | 0.00011954391966580694582 | -0.0083747865018019198441 |
369   | 0.0043203392075685130222  | 0.00069475896400068815843 | -0.01936218621745972035   |
370   | 0.0021674582626578110106  | 0.0043939668717657646285  | -0.0074915491195284445586 |
371   | 0.0028620325509063093174  | 0.0054650156557997349796  | -0.00069338566614311639234 |
372   | 0.0035682903452727977693  | 0.0063285041085724674098  | -0.011639127093378177566  |
373   | 0.0076138727046190313522  | 0.0010946247839130531648  | -0.015451628329491028449  |
374   | 0.0076485668328316758907  | 0.0098628520061740006242  | -0.019215531209843275673  |
375   | 0.0058092616417906124335  | 0.0017412801758708040291  | -0.0212585075970771753    |
376   | 0.0092613277922433383943  | 0.0039215311228087117862  | -0.0018978135170362596569 |
377   | 0.0098952686483667028072  | 0.0053834022917741679998  | -0.010036145876917536637  |
378   | 0.0048329307876179708817  | 0.0092376244455037101466  | -0.0080590923322006995794 |
379   | 0.0084335004524882413446  | 0.0022794109754605057158  | -0.00032010415336301655106 |
380   | 0.0043942055984786659167  | 0.0003576612460112631761  | -0.019099707337481761776  |
381   | 0.00179528723706803622    | 0.0045356082935497825728  | -0.012072888073837851133  |
382   | 0.0021284652797282296866  | 0.0070677951968455910228  | -0.01428912911557817661   |
383   | 0.00014266974555016240407 | 0.0090524726607751297008  | -0.013039781527204124395  |
384   | 0.0076824048324710013033  | 0.0054755647034734856657  | -0.0054664646600293825829 |
385   | 0.0082318747339666757667  | 0.0019338401209560056662  | -0.018696388131039305691  |
386   | 0.007834105098138050699   | 0.0082859040237880012686  | -0.021130805289480789066  |
387   | 0.0053151405763133333093  | 0.0038454504548482487322  | -0.012321017540087551151  |
388   | 0.0073912775880017201474  | 0.0053139517835998004158  | -0.00018356610257475096349 |
389   | 0.0067837779875704216567  | 0.0063226881979919578175  | -0.0079958688365909542234 |
390   | 0.0045380519552484848908  | 0.001234188426197106031   | -0.018894195691649486729  |
391   | 0.0055313018419627076397  | 0.0044125674410537205072  | -0.018769554078892327492  |
392   | 0.0052814923842359508266  | 0.0038402787354059522013  | -0.021983546016925772926  |
393   | 0.0067603498789775466962  | 0.0093336632608966782487  | -0.017543034241393563877  |
394   | 0.00088990833742968740005 | 0.0040513623087274830067  | -0.021594557164400111915  |
395   | 0.0066226215093949042725  | 0.0080940609910477752387  | -0.014071421907663738196  |
396   | 0.0074498275977865494393  | 0.0047568013849765590495  | -0.012800188110563675073  |
397   | 0.0038644604409667306956  | 0.006773346541443011487   | -0.00064071959855991071804 |
398   | 0.0054157134800406772981  | 0.0068940087239117630799  | -0.0051464798591013202755 |
399   | 0.0029740716108809573705  | 0.0074837141579392882015  | -0.019634763435914446422  |
400   | 0.00083785732477607995604 | 0.0082362181217004101774  | -0.0055598786918144129168 |
401   | 0.0050721338086486380051  | 0.0048407030624933759452  | -0.019540591877630353324  |
402   | 0.0020996439521935934998  | 0.0016677962616219908169  | -0.0010041099857924567704 |
403   | 0.0046195721122455979737  | 0.010000933001044228984   | -0.0063047764454445941879 |
404   | 0.0061478231255315332615  | 0.00036424316395878067725 | -0.01193147965282730788   |
405   | 0.0094319553574890250408  | 0.0046452843304162338284  | -0.018404180837337850984  |
406   | 0.0099249699989112788456  | 0.0061194924110409840493  | -0.011334051190570033213  |
407   | 0.0096409698589527050711  | 0.0087898726016268080574  | -0.00216383149883202534   |
408   | 0.0027261066932218551949  | 0.0078103536420199128412  | -0.0063605328854232610902 |
409   | 0.0038437754524741746774  | 0.0017442969512170285358  | -0.014695117199575528574  |
410   | 0.0013820911819537021106  | 0.0028888489004645725479  | -9.0345829386570140809e-05 |
411   | 0.0076923318108470918955  | 0.0039492897162937082994  | -0.015962957968642658979  |
412   | 0.0038425055175597892625  | 0.00093291618344950319811 | -0.014441432573324199454  |
413   | 0.0025807254965534822191  | 0.0063353351237042058314  | -0.022106167192715540926  |
414   | 0.0027364201475832713832  | 0.0014362541357686318868  | -0.019557354056620398358  |
415   | 0.002764984990627301388   | 0.0094179168857102691509  | -0.0059625898688787344962 |
416   | 0.0052034426381339111273  | 0.0056584753467888862857  | -0.00077241248649690828678 |
417   | 0.0073702585889115325782  | 0.0022198698081527467284  | -0.0056152774743620549602 |
418   | 0.0074091050731545076563  | 0.0080951013622431490513  | -0.010988870540402886911  |
419   | 0.0099643657888399232714  | 0.0067516199110394950825  | -0.021426114765242278842  |
420   | 0.0064336210983015514053  | 0.0087546244957855054447  | -0.019173378765329405354  |
421   | 0.0057936833787682173041  | 0.0093067383984496553778  | -0.0008887256104954559862 |
422   | 0.0024212398108637081529  | 0.00070913302033689343956 | -7.845710048916772531e-05 |
423   | 0.0051080655906444579969  | 0.007696567780235528608   | -0.012825382850183246475  |
424   | 0.00038874684649380087092 | 0.0078151972152274117034  | -0.0041309163344031970752 |
425   | 0.0064059812573189055945  | 0.0041294432462591684416  | -0.019799665610864370519  |
426   | 0.00433631869916335181    | 0.0094194319794622411585  | -0.0015501146797556582344 |
427   | 0.0066716185273917654949  | 0.0023251071341315022144  | 0.00030545524121617083921 |
428   | 0.0082224370429802937782  | 0.00469696648058299214    | -0.018076465051098288689  |
429   | 0.0052398319906362894952  | 0.0037848115774767004775  | -0.0031471824196203442188 |
430   | 0.0019007700195010374805  | 0.0089085509214574115644  | -0.0071227635995570262595 |
431   | 0.0069268016590280402645  | 0.00717002893252432702    | -0.0044688045881362626136 |
432   | 0.0014828711152338126984  | 0.00556155040601893913    | -0.016854437445922111627  |
433   | 0.0026543652988943781078  | 0.0058345062929710776733  | -0.015956304322582891969  |
434   | 0.0025458729732623901904  | 0.0027164847912838543248  | -0.012156524507692108988  |
435   | 0.0097760448652952549459  | 0.0012172956947811613884  | -0.0034251698551408123715 |
436   | 0.0010478497345755952326  | 0.0079799867925365065846  | -0.0048727011728979356675 |
437   | 0.0056936078248573124966  | 0.0042306798040397750743  | -0.0024832210181893799895 |
438   | 0.0085133039150057637084  | 0.0035521667752717923407  | -0.015576288839020849958  |
439   | 0.00058087245747597698615 | 0.0074740295724981973755  | -0.0079276145282702829148 |
440   | 0.0093584161180752731268  | 0.0042608215285727356336  | -0.0016562323901676240072 |
441   | 0.0017916104169859235588  | 0.0011913013322444273613  | -0.0071980105748940649904 |
442   | 0.0015320150888177496654  | 0.002760901232424543654   | -0.0015140311152461217743 |
443   | 0.0036223514194120287613  | 0.0083332966054009225548  | -0.0077203209501642590384 |
444   | 0.00050416652847119606835 | 0.00045323040229209822982 | -0.014444134429618980114  |
445   | 0.0072038298436896113647  | 0.0071028591743385561738  | -0.0065320618246346899907 |
446   | 0.0014263321898453022295  | 0.008472397191555038759   | -0.01267548899405197306   |
447   | 0.0038645956949266511288  | 0.0084994961773579309067  | -0.020450166014662037733  |
448   | 9.3241148153368029472e-05 | 0.004955099039501208863   | -0.012735773013660162123  |
449   | 0.0062048004376705325272  | 0.0070188932827229336131  | -0.0077450373452996393309 |
450   | 0.0066582303814442132459  | 0.003940093568983656612   | -0.0033050020294700041545 |
451   | 0.00065237384519462786412 | 0.0097329787682877769162  | -0.022011664901592235127  |
452   | 0.0081340719289549629628  | 0.0088264916162343817763  | -0.01645404022096937785   |
453   | 0.0058560470949451321268  | 0.0036865607030352525939  | -0.017095833271619655103  |
454   | 0.0081414656370512091671  | 0.0066364956979892133701  | -0.012847460023118319541  |
455   | 0.0015732173672264853498  | 0.0062060271201224460891  | -0.0038312824474593379018 |
456   | 0.00086535348377501475174 | 0.0042802575177108160426  | 0.00079787343533138741641 |
457   | 0.0023588129537407145041  | 0.0052265992295378481056  | -0.0027585836407121033798 |
458   | 0.0027499764987070581847  | 0.0092881865618965383374  | -0.0055189180596008470883 |
459   | 0.0055882936551260890476  | 0.0010990894522234461155  | -0.00099144471513362697479 |
460   | 0.0064034241506355739013  | 0.0087992096170947109446  | -0.0067501406333897199727 |
461   | 0.0029980968218684613154  | 0.0044265455616749015133  | -0.0061318199502451960561 |
462   | 0.0037268884491739556579  | 0.0034238895194502899123  | -0.0090214475683226061364 |
463   | 0.0064629625163235421281  | 0.0039399366128384724628  | -0.014166107616874304073  |
464   | 0.0084587694985790891355  | 0.0012022241037806466208  | -0.018982148118121738856  |
465   | 0.0092496526931914249681  | 0.00022974417790916427636 | -0.019810082126175077022  |
466   | 4.4542203592018401472e-05 | 0.0062435636020923704695  | -0.0062345184704747170015 |
467   | 0.0070245214790001890559  | 0.0045282736783212821502  | -0.014842496610777832985  |
468   | 0.0030839538989402533534  | 0.0071112980916847364637  | -0.016193676947849480058  |
469   | 0.0054901313572913853708  | 0.0031183856232842380174  | -0.014413544427146195506  |
470   | 0.0046563042400277650235  | 0.0003909304008162297066  | -0.015817337579148622179  |
471   | 0.00087588273024421549329 | 0.0083463367481099535322  | -0.020641626822930549817  |
472   | 0.0054613778437146614023  | 0.0086078420576105648537  | -0.020593359892448131337  |
473   | 0.0068116951655023700446  | 0.001549533182639503421   | -0.01441817181932424953   |
474   | 0.0010358309165199883293  | 0.0018916297705993871756  | -0.010199137864221361621  |
475   | 0.004955915380938560183   | 0.0047215611408031408353  | -0.016819275617453943727  |
476   | 0.0081241359097435073     | 0.0085986353753783138082  | -0.0071701069153208936077 |
477   | 0.0080497903443091239906  | 0.0079514351380086719517  | -0.0041607710486878347542 |
478   | 2.874241069503564423e-07  | 0.008004143813471692806   | -0.022022904190521410545  |
479   | 0.0040645043534594275589  | 0.0025212283751146922703  | -0.013463083047902125663  |
480   | 0.00020953451247410209831 | 0.0044569585803222672507  | -0.0089965605812177967815 |
481   | 0.0033476374094344100822  | 0.0079925476968469993944  | -0.018467343379454600333  |
482   | 0.0044470818295016456209  | 0.0048322274428631243476  | -0.021175496697269955565  |
483   | 0.0057826178247819479128  | 0.0037889405289920860022  | -0.019748874699812353495  |
484   | 0.0019814340782381145711  | 0.006119907007992005446   | -0.015090839002153570714  |
485   | 0.0012786754460365223375  | 0.0053036265746671607327  | -0.019463342631521423493  |
486   | 0.0010375408309547765485  | 0.0072322847367616476325  | -0.0053644128492763721444 |
487   | 0.0081286052015873619392  | 0.0050669646823658012064  | -0.0095435592833113605526 |
488   | 0.0087570590820709778151  | 0.0061031717249735830191  | -0.0076809509340320597862 |
489   | 0.0042323250106536787832  | 0.0094543307099202392868  | -0.021608143242815191359  |
490   | 0.0047130108153655269482  | 0.0086180739927396703831  | -0.008524245021129580463  |
491   | 0.0035022639130324433043  | 0.0029159073973657784369  | -0.0071165516177506800768 |
492   | 0.0073358667802721341453  | 0.0082466723242711984648  | -0.01034195757956909642   |
493   | 0.0093919863908742962089  | 0.0071134638599684935426  | -0.0086630772558439709391 |
494   | 0.0047352724532453184525  | 0.0046830583773265843997  | -0.021667932579705617702  |
495   | 0.0076338344889906057517  | 0.0081006448347549445815  | -0.0029089078708298267244 |
496   | 0.008792557580765974698   | 0.0056729597714012813814  | -0.01384140039730976865   |
497   | 0.0049641470233886117111  | 0.0050313220885156778248  | -0.0013153650594659237021 |
498   | 0.0052188863891784419147  | 0.00022111662782902172372 | -0.021978592772780490561  |
499   | 0.0093845259515675134854  | 0.0051100850392075377118  | -0.0070411359246521304858 |
500   | 0.00049514421635352677022 | 0.00031253617163559942746 | 0.00069852940548908049739 |
501   | 0.0045900887383940047748  | 0.0038777098184571492934  | -0.017667580538199653684  |
502   | 0.0055177943811674443064  | 0.0052863847527834101347  | -0.012478608299001171453  |
503   | 0.0012525672376535264187  | 0.0026744124717379929961  | -0.0076241616840363162638 |
504   | 0.0022242271453938224773  | 0.0033356004766734951433  | -0.015961255103931312055  |
505   | 0.007046656237479490166   | 0.0076107703964675057356  | -0.020914718605224064119  |
506   | 0.0036428090473707552127  | 0.0022689022534575806027  | -0.011847727767319668479  |
507   | 0.0089438211690394120446  | 0.0037448759802894133857  | -0.0034196405146609989804 |
508   | 0.0045742753370775594834  | 0.0017271421779380471961  | -0.015907351320204356215  |
509   | 0.0013905878021955456539  | 0.0030347232126638258067  | -0.022113471177822006247  |
510   | 0.0076756576629037473122  | 0.0084670956444298870608  | -0.0039082788135334604884 |
511   | 0.0023044210199511588541  | 0.0029218636540378193668  | -0.018786880081695336853  |
512   | 0.0074026990544898115323  | 0.0097585936216623477696  | -0.019006390735328459324  |
513   | 0.0056375561432501723053  | 0.0032293566381733306535  | -0.017293036500614311635  |
514   | 0.006937847424907621699   | 0.0016137218366778138725  | -0.0014449409574104625682 |
515   | 0.0076403632671093986775  | 0.0056406325550827311061  | -0.0085438378829272351028 |
516   | 0.0042664331342794755905  | 0.0010303748652233121839  | -0.0016222295703225979475 |
517   | 0.0075096278373296210598  | 0.0055446554813988876628  | -0.015346107027047637891  |
518   | 0.0032610411224012160122  | 0.0029216692104157911299  | -0.0094986395231318621751 |
519   | 0.0019529437224234255047  | 0.0036555257963924348182  | -0.017904264303244276507  |
520   | 0.0028323346170714895458  | 0.0033422429993039555994  | -0.019466697077422542156  |
521   | 0.0042767922328131573878  | 0.005912876198166384413   | -0.0061765547859408843206 |
522   | 0.0029144993585541083617  | 0.0034829116508973963044  | -0.0046888387311713941238 |
523   | 0.0015111039152848537367  | 0.0083906789746879782699  | -0.0072245588983100303762 |
524   | 0.0087747669802349624602  | 0.0012674929822279056187  | -0.0099103211251941342869 |
525   | 0.003411526252722780865   | 0.00058120777192116623595 | -0.02159853996040893287   |
526   | 0.00032198461888793600185 | 0.0055568157060018373919  | -0.0045984238078295401608 |
527   | 0.0092086455590552965256  | 0.0053385443583038785093  | -0.0061118003844985663645 |
528   | 0.0087610755102148323015  | 0.0023535181890430843278  | -0.0086832430093104050889 |
529   | 0.0067004469438880377014  | 0.0056782997456417180077  | -0.013189432539044690026  |
530   | 0.0034255375268124350213  | 0.0065924122254039999036  | -0.0018965265334821154123 |
531   | 0.0037748586027026181412  | 0.004002063481233932192   | -0.012260738643644800844  |
532   | 0.0047699912032733949793  | 0.0037142437323807288643  | 0.00016258038784235995852 |
533   | 0.00028310958337673258495 | 0.0057277137949401559641  | -0.0054332796381916298109 |
534   | 0.0023029867615615403145  | 0.004057771737696942542   | -0.0080074124059870341319 |
535   | 0.00040416338086793433121 | 0.008493981868871298968   | -0.016329302169305014852  |
536   | 0.00017941808647302642105 | 0.00015627409824230212602 | -0.0020128227915493170259 |
537   | 0.0022693928829458369541  | 0.0041975925578259382087  | -0.0072462772888991838424 |
538   | 0.0085699611462014303742  | 0.0016528082832554965003  | -0.021962981820696562268  |
539   | 0.0092498825207571380019  | 0.0060438898989916296084  | -0.0026930671841729788944 |
540   | 0.0048294471070429896564  | 0.0060505564890854660401  | -0.013615187024232231622  |
541   | 0.001741443178044845214   | 0.00047925462299987930817 | -0.0097124631888853129452 |
542   | 0.0064698051377546916818  | 0.0027223428112713868657  | -0.0059256468412871889095 |
543   | 0.0078948362096834812096  | 0.006106380744926335688   | -0.0043372396557086823413 |
544   | 0.0045195583364179871266  | 0.0035654878877788911962  | -0.016535576571460687545  |
545   | 0.0083514617361037570692  | 0.0085593972272801389922  | -0.012053877305487776736  |
546   | 9.8676027118603331072e-05 | 0.0081164190149298365978  | -0.018417958630681092319  |
547   | 0.0030867177639060400934  | 0.0035138868813657181747  | -0.0021780051875061041781 |
548   | 0.0040850439574905157009  | 0.0030609224081402258179  | -0.018349509878544147112  |
549   | 0.00077483663497784492809 | 0.0085870998598450397343  | -0.019788613397849038472  |
550   | 0.0034974907855247071471  | 0.0041291782846341789151  | -0.0054251068649988016049 |
551   | 0.006294980564335885681   | 0.002381357034726440218   | -0.018108581841160920761  |
552   | 0.0048469457341558611768  | 0.0054773788350451551796  | -0.0093258029576292339469 |
553   | 0.0031112485736200785717  | 0.004960702317108518257   | -0.012306054569687491923  |
554   | 0.0017061856803501746719  | 0.0089131029844632305575  | -0.011551778651308453744  |
555   | 0.0070059845479381694863  | 0.0035352583140559942082  | -0.002394273522823668187  |
556   | 0.0032414732819546596305  | 0.007817642404789486299   | -0.0047171179150003782546 |
557   | 0.0054943230165633172996  | 0.0054143512106109648388  | -0.018471244294872058572  |
558   | 0.0027592775287873590358  | 0.0058043144940931844233  | 0.00061552187099965776501 |
559   | 0.0070615625623302999067  | 0.0010810109437806427     | -0.00064102808133398607102 |
560   | 0.0054991736120076836758  | 0.0036281683433148849589  | -0.016104453578416375037  |
561   | 0.00058645162110936997681 | 0.006145841275845708232   | 9.8398976271043772255e-05 |
562   | 0.0044867049036185595312  | 0.0070612441180478912814  | -0.0025197860838447041706 |
563   | 0.0070887260719916843701  | 0.0043647229575103918542  | -0.01192318277653353284   |
564   | 0.004739813791820797137   | 0.007245233989946912867   | -0.016775012645041595394  |
565   | 0.0071860373543837429908  | 0.0049412404630128203137  | -0.021521033478147804513  |
566   | 0.0042158547968047287505  | 0.0089773621129951193531  | -0.018448497643441953697  |
567   | 0.0088447509405399273724  | 0.00094092624396707855074 | -0.0026089491368103726564 |
568   | 0.0070888602632314815302  | 0.0011448595644420204911  | -0.022154187152062874977  |
569   | 0.0048994212637548453793  | 0.0039233596774322018752  | -0.014756588183593800923  |
570   | 0.0062630645883378077698  | 0.0098093880223837724014  | -0.0023916278085834409908 |
571   | 0.0097789392500050725809  | 0.0065215315915690859339  | -0.020580606202469327315  |
572   | 0.0042115329967531561772  | 0.00026158243863396948197 | -0.0036700323178278483963 |
573   | 0.00094594553542909538563 | 0.0069136769780866070417  | -0.006129500994005145087  |
574   | 0.0066356943622713103134  | 0.0090484354299684034012  | -0.0074540427111601725504 |
575   | 0.0050621996657454065849  | 0.0003027438208621486106  | -0.016231445226840425511  |
576   | 0.0059313510191775159833  | 0.002709050255926531009   | -0.0054688883140464042074 |
577   | 0.0024801425891606298547  | 0.0079889215966474393105  | -0.018914922704906016182  |
578   | 0.0035011130041528218913  | 0.0074121829557537155519  | -0.0081054955617487385588 |
579   | 0.0048675784479673680702  | 0.00043795426996932169342 | -0.014146870848575314808  |
580   | 0.0064218637886998457612  | 0.0024962781251981762572  | -0.012697514694654056522  |
581   | 0.0080539570881107240552  | 0.0070032858140215261192  | -0.0062620590665209401732 |
582   | 0.0041587725822907883194  | 0.0073048183050060397706  | -0.00068931981053684649417 |
583   | 0.0092642177499154907544  | 0.0077098120777221506791  | -0.010666283327538782916  |
584   | 0.0053498787789343750856  | 0.0087255112607158326343  | -0.0178762908071822893    |
585   | 0.0035326065149312822766  | 0.0025402310306947956629  | -0.0091511397097932597328 |
586   | 0.0076524509402323337079  | 0.0088857145008998349167  | -0.013094198433934053222  |
587   | 0.0018171559954327947718  | 0.0033761900789798303217  | -0.015702506304094993733  |
588   | 0.0082221113277084912491  | 0.0041023324011372789763  | -0.016275886295283172739  |
589   | 0.0035167990218338404315  | 0.0070423788340535217398  | -0.010053779162395980878  |
590   | 0.00033817833941332948707 | 0.0092920656175803639787  | -0.0083889558172713651896 |
591   | 0.0030154316865924624125  | 0.0033621418592266892784  | -0.0053510756473326833924 |
592   | 0.0030934903560434199622  | 0.00072870720211135942869 | -0.018773288363246393856  |
593   | 0.0081374543880948831814  | 0.0081321244645431948334  | -0.015498029776882929487  |
594   | 0.0093497412474477636229  | 0.0072877235280050956662  | -0.002896082694269892354  |
595   | 0.0024911331497778745406  | 0.0080002090745553058188  | -0.0062512985773570551445 |
596   | 0.0099969570559224514572  | 0.0075505627957213744539  | -0.012986434148536299404  |
597   | 0.0028697038181788175892  | 0.0080221039073774241118  | -0.013169240116745688229  |
598   | 0.0043381423172357469129  | 0.0044738417517489184258  | -0.01424023067324958064   |
599   | 0.00014502855266732998579 | 0.0069876232513463726326  | -0.0028685256715423874778 |
600   | 0.0011805453640758756424  | 0.0014776606328442327444  | -0.015685796353169963874  |
601   | 0.0015713147629229080957  | 0.00096560514643186491981 | -0.017111253013526946803  |
602   | 0.0065731958852582031069  | 0.0062904836269582565036  | -0.012645815277832055459  |
603   | 0.0025232073198553214496  | 0.0024714881044363566816  | -0.013465188843027758175  |
604   | 0.0092593128178154703034  | 0.007749457038011128493   | -0.018950358580532032649  |
605   | 0.0070407624654278758158  | 0.0075238451420541778078  | -0.014900207209676732956  |
606   | 0.0089250004496067882054  | 0.0023940748452768879223  | -0.018118326968508784158  |
607   | 0.0017435578119845750265  | 0.00077408576555553214749 | -0.021088137060384027494  |
608   | 0.0040413215727703273236  | 0.0069538900137607814744  | -0.0042280768245310891215 |
609   | 0.00038069605987378916977 | 0.00012812808040678464144 | -0.010015583093274599627  |
610   | 0.00054091769067712836255 | 0.0020046503499486479326  | -0.021759111831607905185  |
611   | 0.0047977119081441255144  | 0.0056906268560540061718  | -0.013718426375262637515  |
612   | 0.0047569278833872290224  | 0.0085600069384733357136  | -0.00035732145457935513173 |
613   | 0.0065955177160509836573  | 0.0096871078332117395437  | -0.015557424954058518204  |
614   | 0.0046412903785249502719  | 0.0030350153613275948628  | -0.018505895939088370938  |
615   | 0.0011671828750731917581  | 0.0089088497095485188332  | -0.0034238019954869114078 |
616   | 0.0092821222442016470405  | 0.0038691069631488798561  | -0.0020264470342255562138 |
617   | 0.0065577786122954827633  | 0.0030841928750865027498  | -0.0030652184468692987053 |
618   | 0.0021910085274507583482  | 0.0070182627792246595616  | -0.0072679693083610059923 |
619   | 0.0021018316348240611256  | 0.0086022044259896589258  | -0.0040993520317964748587 |
620   | 0.0077335546159897905483  | 0.0040160613914978493533  | -0.0048924799844093352225 |
621   | 0.0044073535281937822536  | 0.0057978380141195393419  | -0.016028947942386073677  |
622   | 0.0020006282165793152009  | 0.0089976525995520834078  | -0.016622898809178190266  |
623   | 0.0031173468750306681553  | 0.0027734828367919372484  | -0.010382935727197648706  |
624   | 0.00013892309990827422426 | 0.0053137003678520138006  | -0.0034684942561524403221 |
625   | 0.0067202917985709677978  | 0.0058329429452749909091  | -0.010977380764729675541  |
626   | 0.0016372643107323294441  | 0.00028879469592059251511 | -0.003904823679266107312  |
627   | 0.0054703189399693480724  | 0.0095050917909155711177  | -0.015449639402006984379  |
628   | 0.0070400448195083792022  | 0.0082486991280564560258  | 4.2763919676326749334e-05 |
629   | 0.0075396126023064627408  | 0.0067590649183434476852  | -0.012883597719590847083  |
630   | 0.0061412718767617667168  | 0.0094450832185762438609  | -0.0098697837853956426474 |
631   | 0.0088844854217777231159  | 0.0051870379645501049626  | -0.010978689394971043528  |
632   | 0.0052950874989362503586  | 0.0069822223242572379817  | -0.017665059028557094506  |
633   | 0.0049427237341417842517  | 0.0018448941761510712946  | -0.0091303764544612316112 |
634   | 0.0036299804896942015203  | 0.0039026945716254634981  | -0.0040478280466898775014 |
635   | 0.0015194284270066166654  | 0.0026556011812573993361  | -0.0042895108534878392814 |
636   | 0.00075833367654078035272 | 0.0071496615990401888446  | -0.0078831110447355155768 |
637   | 0.0062081923122111149979  | 0.0027321952843676810749  | -0.022208595590170701617  |
638   | 0.00010965568674836317985 | 0.002553872959157262295   | -0.015538275096063685482  |
639   | 0.0071015801181132645267  | 0.0023013361513564123927  | -0.010728619726807948898  |
640   | 0.0031022318242233900588  | 0.00049151869497768253207 | -0.0059612184796659483527 |
641   | 0.0058740684141090782761  | 0.0079101299431284903541  | -0.0053681377571924140599 |
642   | 0.00091176577667761212614 | 0.0087529047593394304627  | -0.0041963415399208659623 |
643   | 0.0089595653131211202419  | 0.0059912735404257025373  | -0.001315540196970899035  |
644   | 0.0054123280831457143761  | 0.0093221738906761279081  | -0.01703181581771637948   |
645   | 0.0034684139738054339114  | 0.0093840756678476300312  | 0.00074432610113923675793 |
646   | 0.0023061463033893342921  | 0.0018517415756869666944  | -0.0066241651027728115295 |
647   | 0.0049243059057701328574  | 0.0037927100168923129873  | -0.014073092648327931858  |
648   | 0.004082713310927106945   | 0.006257078263781392681   | -0.015544794648198086151  |
649   | 0.0043293190057638458734  | 0.006111838211097615596   | -0.0020286478508713574886 |
650   | 0.0033911228482404946576  | 0.0081378404514028373357  | -0.0043685004788098372522 |
651   | 0.0046673858811928587223  | 0.0065927107580150898225  | -0.0051695055835113976409 |
652   | 0.0025973977043516733275  | 0.0057611166807591419198  | -0.0097974373392345909251 |
653   | 0.006474329801132988095   | 0.0047930115481555624068  | -0.0012941679631297108976 |
654   | 0.0056081023641016180051  | 0.0080401382002259613041  | -0.0066876292305653207981 |
655   | 0.0051203981213974484807  | 0.0047589252700213288683  | -0.00042129843757626305595 |
656   | 0.0027863727073584284091  | 0.0028891368853289512569  | -0.00018682561229047602589 |
657   | 0.0081764244623952469365  | 0.0091965108624836363477  | -0.011546078557346860921  |
658   | 0.00562427653857464592    | 0.0083808851954287905822  | -0.0068358064069022018636 |
659   | 0.0081563340001618890585  | 0.0045038797825013958398  | -0.010459700321909903842  |
660   | 0.0064071061042652414919  | 0.0016255468198342626091  | -0.01587522197867625301   |
661   | 0.0010896129358001040762  | 0.004222823927210053209   | -0.0096468472910870850523 |
662   | 0.0043224567364533372435  | 0.0081324800745353371945  | -0.001473363706882761413  |
663   | 0.007736689400646085471   | 0.0019664368915203542937  | -0.014477109030464610159  |
664   | 0.0044396109183980339216  | 0.0026556272751095590795  | -0.0064822980580307833567 |
665   | 0.002201990043015372104   | 0.0057003390721387095161  | -0.002249761514185379032  |
666   | 0.0062708936309062096939  | 0.00094788776199794663388 | -0.014473211189373584237  |
667   | 0.0083987000682473229862  | 0.0020731706392670737858  | -0.0091360745651162100084 |
668   | 0.0055288348168212137976  | 0.0016921716515822791439  | -0.0049280082015480163385 |
669   | 0.0091511922737429179237  | 0.002477585498466776566   | -0.015201319746756645698  |
670   | 0.0020422235793304162332  | 0.0059173118758621143579  | -0.0069801929267707119031 |
671   | 0.0021765833070614064131  | 0.0079347471134885612376  | -0.015739766712395797388  |
672   | 0.0098850229475166955656  | 0.0058420436019087224055  | -0.011186238009843548977  |
673   | 0.0080507225279178099009  | 0.0049207640713922855269  | -0.020918286543768312841  |
674   | 0.0072740571423822852209  | 0.002441572275393091504   | -0.010349564661859596976  |
675   | 0.0025631614218164172972  | 0.0040291181444366101772  | -0.018367611247425284088  |
676   | 0.0023907552933542090302  | 0.0099087960860657926104  | -0.002553161189656348324  |
677   | 0.0062546662678234889524  | 0.0027901064251615796501  | -0.013274485848385364495  |
678   | 0.002404203387167186054   | 0.0029261275364873746453  | -0.0019007820664626083693 |
679   | 0.0039066438004570569822  | 0.0074798783625469765154  | -0.0060580222712323305786 |
680   | 0.0015882173330188150556  | 0.0068479713431591881373  | -0.012541251467884186044  |
681   | 0.0040275527424115152922  | 0.0014038278064927535091  | -0.0055061028868486835974 |
682   | 0.0012841717150914205067  | 0.0008683946291829158174  | -0.011139492007576530519  |
683   | 0.0044791245190156543654  | 0.0053577083783254058139  | -0.0035314601145812010187 |
684   | 0.0006243369634934001558  | 0.0019840639876075216903  | -0.016305445243571938668  |
685   | 0.0059376495121323509888  | 0.0017023719383582648374  | -0.019158413630942963679  |
686   | 0.0052809798861508400886  | 0.0037917993634375805889  | -0.016535944728256590786  |
687   | 0.008012341097594915737   | 0.0048764269705250879242  | -0.0083273836430974509937 |
688   | 0.0036276558665657076749  | 0.0071803491226839879016  | -0.006112904392711614697  |
689   | 0.004945283636637123198   | 0.0066563207566446690872  | -0.0024710666809390643105 |
690   | 0.0062986521664049307037  | 0.0067213495215735340887  | -0.0099285792452452528017 |
691   | 0.0077841224595281014245  | 0.0044666379153729092802  | -0.010118272016207791389  |
692   | 0.0070235928824900831224  | 0.0082351567448350655731  | -0.013170643097978981806  |
693   | 0.0075860044076685971548  | 0.0037664567843459419855  | -0.015008466416017593459  |
694   | 0.0077285435972146657863  | 0.0093822025976193542535  | -0.011362085371522103946  |
695   | 0.0047760416978167531329  | 0.0082410740056164753092  | -0.019173197763235987762  |
696   | 0.0020600704520208276693  | 0.002580331533032580258   | -0.014696656725656022033  |
697   | 0.0063487602414884197061  | 0.0045130608507980857907  | -0.014947461857889674658  |
698   | 0.001920505607286133792   | 0.0088093696696760724618  | -0.014354957268328130335  |
699   | 0.0079631099064244714042  | 0.0010306092455614765738  | -0.01140767910338298316   |
700   | 0.0058497653954583507876  | 0.0019147406788865429638  | -0.0056130099048172666515 |
701   | 0.00502853378774716607    | 0.0061860219561687222051  | -0.017170857202666877511  |
702   | 0.0054093681712985832929  | 0.0068194409469533945681  | -0.01468578108835266044   |
703   | 0.004088199010667162292   | 0.005515933312777441741   | -0.017767918760298102854  |
704   | 0.0028215584176625560682  | 0.0089243116056938829456  | -0.0079084784914833262948 |
705   | 0.0025734327638599623252  | 0.0091532415063911819197  | -0.0036934094648019147669 |
706   | 0.00095800343360557930778 | 0.0083070191365020584762  | -0.019279569941946718414  |
707   | 0.0015468200161347107208  | 0.008220538710122923462   | -0.019713054393815404586  |
708   | 0.0070557560314505538002  | 0.0044519791061177239888  | -0.0074340068871875022299 |
709   | 0.0046172462853591878656  | 0.0019890308478193890508  | -0.013465659907364995254  |
710   | 0.0057763589139053850632  | 0.0091807032187229582754  | -0.011317063407336545172  |
711   | 0.00063774457058557627604 | 0.0071039702455600334946  | -0.013128264586831601274  |
712   | 0.0045532968656198631943  | 0.0051439869343746381231  | -0.019325912575489056361  |
713   | 0.00084261501660728142273 | 0.0060290646720228772276  | -0.016285205323673352523  |
714   | 0.0011273181754211127319  | 0.00540910296426869424    | -0.019787408224102725346  |
715   | 0.0046558206832505409645  | 0.0090852733002615322644  | -0.016326061514796087054  |
716   | 0.00014231210266970866093 | 0.0075408454121664442171  | -0.01272222725473190659   |
717   | 0.002874439325030226592   | 0.0089478319212963793039  | -0.006682405663512353336  |
718   | 0.0043960094290375712964  | 0.0069314647619992380417  | -0.011211291607223696637  |
719   | 0.0092731560812730449983  | 0.0042031582461461844055  | -0.019028963174056241076  |
720   | 0.0066574458554751201125  | 0.0078501097832555048056  | -0.021829486638638345708  |
721   | 0.0069273303937868015503  | 0.0048861943111989181512  | -0.011866964627580831732  |
722   | 0.0021356179227413067852  | 0.0067233885116801447163  | -0.0050631583173154290356 |
723   | 0.0042114265901519410892  | 0.0049016701030295739203  | -0.0079311137895731499692 |
724   | 0.0073237710259993994352  | 0.0054279919713324841293  | -0.012233495930545798883  |
725   | 0.0087863346428862648674  | 0.0063486276377543874108  | -0.0088118990019712805511 |
726   | 0.0030616395328456839225  | 0.0071069787385978329744  | -0.0088906455994249480174 |
727   | 0.0033184321715328201317  | 0.0030312255867843630915  | -0.0079648504936987215425 |
728   | 0.0049553577075900547694  | 0.00057839475790998832842 | -0.0025355578042699656455 |
729   | 0.0099296181832771064635  | 0.0063126781817814834816  | -0.01265615550447420426   |
730   | 0.0084568799275999088222  | 0.0028351804787919805337  | -0.0028753494549129277741 |
731   | 0.0058281576294286546389  | 0.0018383923784684663098  | -0.010550727123611235159  |
732   | 0.0043251849177664931576  | 0.0098820559665066098204  | -0.021867469475919543848  |
733   | 0.008037744110249015958   | 0.0084444849485561974956  | -0.011697974747263665748  |
734   | 0.0050902039766497009579  | 0.0043803662812160392911  | -0.012265469903564668597  |
735   | 0.0045935691411356774014  | 0.00031040874404877227431 | -0.0053093793639792333933 |
736   | 0.0093465792544149325222  | 0.00028985465566538839034 | -0.0011656832491094713724 |
737   | 0.0061266066927083027635  | 0.0080075954896598623006  | -0.0085033104192530437754 |
738   | 0.0023042984033861046642  | 0.0072776626192401000157  | -0.015230154342326248165  |
739   | 0.0071261138780173661697  | 0.0008139161215394119216  | -0.020491766541083675929  |
740   | 0.0066166277608912926061  | 0.0033563055777814277021  | -0.01736517061378435936   |
741   | 0.0017608837992664318813  | 0.0068748988650754218332  | -0.0026273143659091570921 |
742   | 0.00082177507225886909335 | 0.0046599522228106650748  | -0.0017880556317408920035 |
743   | 0.0035815330934441404719  | 0.0047342683735005601509  | -0.01941389183467774962   |
744   | 0.0089282552667831402426  | 0.0049777640008706013075  | -0.012447915343757567919  |
745   | 0.0016865756773725372377  | 0.0064476970870696861601  | -0.01393695195331094705   |
746   | 0.0068238287718901972576  | 0.0036332428542499989321  | -0.0034613351339535121907 |
747   | 0.0045811759665051431101  | 0.00059103118675180087247 | -0.0082809946667050157026 |
748   | 0.0086175427039165211629  | 0.003172847709994775986   | -0.013420394540266489952  |
749   | 0.0099593777547196480487  | 0.0041463717670642431107  | -0.015598388038586036633  |
750   | 0.0080859825897695632863  | 0.0019143824506801755334  | -0.0042141233148706366829 |
751   | 0.0045120701408816934336  | 0.006755486039194790425   | 0.00085533449970109996351 |
752   | 0.0020358915323334162394  | 0.0086915862236525229939  | -0.011519629672377022095  |
753   | 0.0073662795628936291598  | 0.0089671542300208770954  | -0.0049810041887373692968 |
754   | 0.0059934867536851161793  | 0.0080336254171138130747  | -0.0059848628594548376747 |
755   | 0.0013695160962857047624  | 0.0081080173939517968806  | -0.0087083740807444211945 |
756   | 0.0084954579344036756233  | 0.0091108365731619022493  | -0.006508702184229613226  |
757   | 0.0063913361349053560492  | 0.0044025907227762733562  | -0.014059608273731283648  |
758   | 0.0030986415485108258043  | 0.0023431213684965831665  | -0.0141776878174158915    |
759   | 0.0042183706313025214757  | 0.0099529206140495252858  | -0.0085868269193793787114 |
760   | 0.0015530246628596660989  | 0.0096006727486971660951  | -0.010241319070792823456  |
761   | 0.0033773700050214751876  | 0.0088405360835128211916  | -0.01591596593553544145   |
762   | 0.0079116683594492760723  | 0.0037817193123500791874  | -0.010276346893651835263  |
763   | 0.0081447989250445825687  | 0.0039975910853624315247  | -0.0099810908880595353848 |
764   | 0.0065046153841389767539  | 0.0050555117714257699971  | -0.011948320611271760761  |
765   | 0.0019884617045199540555  | 0.0050125479151121761501  | -0.0080627360787683954868 |
766   | 0.0077230129556903259411  | 0.006852882970009814903   | -0.019951537825855177738  |
767   | 0.0052981842086254104032  | 0.0020775994411817541759  | -0.013461240401678266354  |
768   | 0.003600449309550325834   | 0.00052595257381747627726 | -0.015176247215790160394  |
769   | 0.0014519672599788563394  | 0.0056471293566836382183  | -0.0081063705032680139634 |
770   | 0.0010389741072671879879  | 0.0089117867385364382682  | -0.0034139744133787701917 |
771   | 0.0071789829472135953045  | 0.0062368712783145178677  | -0.0057034651430746497944 |
772   | 0.0029396731185324636443  | 0.0094771049134272939557  | -0.020084127273128506153  |
773   | 0.00051269519477185453854 | 0.0018893137308399485588  | -0.0053245665091294870283 |
774   | 0.0076254457701264311692  | 0.0089019681934150753089  | -0.014276262553904585026  |
775   | 0.00851411522255593467    | 0.0040859103057407234263  | -0.011323867739352887554  |
776   | 0.003248292254643536138   | 0.0056581864755327363967  | -0.015228586108970995974  |
777   | 0.0086332724607389738775  | 0.0051931743357421971188  | -0.0034072278494484960036 |
778   | 0.0019589922292326941364  | 0.00011014981859964225993 | -0.0019686328055239519022 |
779   | 0.0049283471456778469785  | 0.0043254738739547790236  | -0.0051448746264634390851 |
780   | 0.0077679287834135270913  | 0.0061966418136042257861  | -0.015377186296653187411  |
781   | 0.0020985040921797648572  | 0.0033301975239761099148  | -0.0034611675372052896037 |
782   | 0.0016843530775248068652  | 0.0032308444165935071637  | -0.017872610124927794384  |
783   | 0.0029936962013686592779  | 0.005608083619186967142   | -0.0034172322962673167511 |
784   | 0.0082629760913306010695  | 0.0037231385567492556073  | -0.014818230141839066477  |
785   | 0.0014398506274959754336  | 0.00061458091535512089816 | -0.012390564995451290586  |
786   | 0.0041074652226700970187  | 0.006489415193547101203   | -0.0081709295125374156732 |
787   | 0.0026202434371289618983  | 0.0011330536769358881717  | -0.0013218410291577602222 |
788   | 0.00082876075644144171165 | 0.0060937597010924252419  | -0.015123314312905044438  |
789   | 0.0053406830470093379776  | 0.0052560674125524276673  | -0.017536805886336721827  |
790   | 0.0049080964710962841913  | 0.0042156199239150758326  | -0.011673276325492625699  |
791   | 0.0012767808411594055128  | 0.0091099053704078863936  | -0.017963611548626551295  |
792   | 0.0032606654732235404795  | 0.0022670719644999077352  | -0.0055634963655411279887 |
793   | 0.0061993099416736280327  | 0.0015809453578879738636  | -0.0023382118724431882016 |
794   | 0.0094099024267500462615  | 0.0061143354358748061225  | -0.022185433893302412139  |
795   | 0.0041684905969748475493  | 0.0070121190806359716755  | -0.012546885599471894676  |
796   | 0.0046584545914577233164  | 0.0067359350230030813969  | -0.0033928422490196014603 |
797   | 0.00197036001961327931    | 0.0066776133203449057618  | -0.012312529589082238726  |
798   | 0.0029717495645632677551  | 0.00052774739064004392696 | -0.0018667684896309249837 |
799   | 0.006987638528897707757   | 0.0024042017601520644654  | -0.018342149269970527137  |
800   | 0.0070087990654536282131  | 0.0080327438356861523977  | -0.009340516671378249966  |
801   | 1.4475833896039186807e-05 | 0.0020467788647203170177  | -0.0031645364741922569866 |
802   | 0.0031064303312444583802  | 0.0095314005527921564359  | -0.0092472235307589321918 |
803   | 0.0079174473402051550458  | 0.0083710079386683233782  | -0.0055106033579852683676 |
804   | 0.00090497941398059555517 | 0.0039777211016551591513  | -0.0180663999724221154    |
805   | 0.0028597100138495054264  | 0.0040549694746381849397  | -0.010199849179373656968  |
806   | 0.0023992326164101892248  | 0.0038943304515193033835  | -0.0037390170896843813106 |
807   | 0.0019606348229632020869  | 0.0081995781330121801644  | -0.0023131595465784274453 |
808   | 8.582734053402760199e-05  | 0.0021693689001240461234  | -0.018674052933289886358  |
809   | 0.0031017727697584570982  | 0.0041869487345270817516  | -0.013141892453504645799  |
810   | 0.0070236637923144808193  | 0.0035256496380313027614  | -0.0025095664177075907054 |
811   | 0.0075176199748474229617  | 0.0027219741465042647174  | -0.021334895258389423994  |
812   | 0.0083700694102732276641  | 0.0049623798264952735312  | -0.016908558001028178158  |
813   | 0.0062752522954450454251  | 0.0046591899354307322184  | -0.0057256358421822351606 |
814   | 0.0045103074407987341771  | 0.0075036637382316796058  | -0.015145982981260045983  |
815   | 0.0041953181393034524177  | 0.0036078233497132189064  | -0.014585376569989288997  |
816   | 0.0032416475494012452624  | 0.0041117374457626957099  | -0.014627751417705763676  |
817   | 0.0090575022511718006335  | 0.0015132648818395133625  | -0.0038273249297420776013 |
818   | 0.0076737248703205957964  | 0.005318663138411491853   | -0.0042436928599297631115 |
819   | 0.0033534115557417492129  | 0.0059330114252746229964  | -0.0075829399125307665741 |
820   | 8.0655737626111781262e-05 | 0.0015239170968117041194  | -0.0093133294042107555438 |
821   | 0.0066220330077602978722  | 0.0095609391682213735325  | -0.0050242982198709347855 |
822   | 0.0023317192313708030513  | 0.0066412665276225461841  | -0.0080891848781583647332 |
823   | 0.0032929476296599037057  | 0.0026293129354273345188  | -0.020393146361892537655  |
824   | 0.0058928681131025428472  | 0.0016895829335607176827  | -0.012503638898826708453  |
825   | 0.0064535672959623183523  | 0.0056234913163594251947  | -0.015279401938118721341  |
826   | 0.0076825518679865612351  | 0.0069032449128723074802  | -0.014675387848535805663  |
827   | 0.0090341035578667978206  | 0.0073841533630684044048  | -0.0018339917359776836212 |
828   | 0.0001317379878769339447  | 0.0050231224885288524445  | -0.014648046628189640567  |
829   | 0.0012358078033622211557  | 0.0073514760032522483146  | -0.0064152846793748760645 |
830   | 0.002810178405682266841   | 0.0039491484534445280008  | -0.0023903298980274137811 |
831   | 0.0039043916270495829419  | 0.0076010337900569218891  | -0.00097448706657697050856 |
832   | 0.0054619569421628351782  | 0.0023118824702767944157  | -0.007762024408745805612  |
833   | 0.0090551841182692077714  | 0.0048482472870282353541  | -0.0051236361192593202901 |
834   | 0.0047372370141607810998  | 0.0079161398937012614208  | -0.01835919809185101309   |
835   | 0.0075071613736840256056  | 0.0094618762392615716333  | -0.01378317741311910205   |
836   | 0.0098851051395479772738  | 0.0011042224064547381118  | -0.0077261050514772569575 |
837   | 0.0081008367844678311198  | 0.0026850203547955004725  | -0.0065048585155171026115 |
838   | 0.0065921919506650716869  | 0.0013494831006758743839  | -0.016752219118539843357  |
839   | 0.0067349708438544826639  | 0.002702738529010613195   | -0.0022850751191496160818 |
840   | 0.0092271137711400306319  | 0.00051190881091765045793 | -0.0068460024966798095972 |
841   | 0.006410980068302487081   | 0.0011639435517151600682  | 0.00055708236642849613771 |
842   | 0.0028910420510332573985  | 0.0065700470493357376184  | -0.0023201255928876887355 |
843   | 0.0065837054389231959919  | 0.0073526112932181565685  | -0.014392151479541264933  |
844   | 0.0038273844488906820852  | 0.0012351940127120224124  | -0.010594953471479918311  |
845   | 0.0096472450044901274929  | 0.0025048620792612274165  | -0.00019607300981280093998 |
846   | 0.0086268668717621958125  | 0.0022880214342218983467  | -0.0056146218321424194025 |
847   | 0.0092565725058604535896  | 0.0074740618089473966415  | -0.0079173404224590522571 |
848   | 0.0043809690859045622921  | 0.0015368636548104509451  | -0.00062051707524266529713 |
849   | 0.0062881995016847349461  | 0.0051399697997648831002  | -0.00022384189416707400222 |
850   | 0.0040927165012147421683  | 0.0035760668620981339062  | -0.0093083154870436755207 |
851   | 0.0050204621364738659037  | 0.0067521778747372451432  | -0.018287282554123061862  |
852   | 0.0051634458138673667432  | 0.0088354611246277848374  | -0.011821997163269183651  |
853   | 0.0092817693061238645824  | 0.0031670926468897217347  | -0.013021481136839065801  |
854   | 0.0079683869160208520982  | 0.0093092879098855742942  | -0.0053433824739627430039 |
855   | 0.00015432158720278912108 | 0.0037181924184925452433  | -0.0015568759183124452825 |
856   | 0.0098456647013827579273  | 0.00314124050663463876    | -0.0039587602147571690492 |
857   | 0.0082048710188312237723  | 0.0076381251773108942149  | -0.014731244814744018021  |
858   | 0.0054790007133353460164  | 0.0030767726816852409948  | -0.0063227146299489915202 |
859   | 0.0020299760976234880287  | 0.0053609746620092617667  | -0.011695383480805728732  |
860   | 0.0077356052114130316108  | 0.00075695531840552342934 | -0.0060150008167182602431 |
861   | 0.001147306102964096514   | 0.0024234484288742741236  | -0.013048870656377614327  |
862   | 0.0088342808795398523186  | 0.00068837886192270509884 | -0.019176988195910918411  |
863   | 0.0011599458967169280418  | 0.007309017909944121906   | -0.0031679121413667756489 |
864   | 0.0038536388808236617803  | 0.0045035424557853661817  | -0.0084703293739850724769 |
865   | 0.0057755661338354030362  | 0.0042447175558824688096  | -0.0027827975175387549556 |
866   | 0.0053469210203934275372  | 0.0096661570316656959811  | -0.007934870689595035706  |
867   | 0.004984450594276448876   | 0.0057829932356713922847  | -0.016827166934078020832  |
868   | 0.0069166657859584196669  | 0.0078446417348050634377  | -0.0076853818958707844841 |
869   | 0.0036915882860023346498  | 0.0049550924992302217489  | -0.015937924939815707043  |
870   | 0.00018392805635678057528 | 0.0037552164783462311376  | 0.00028010431537583377901 |
871   | 0.0081365487002713308973  | 0.0017741020834645185571  | -0.019756060247732767227  |
872   | 0.0039728016492862399875  | 0.0022574639437607725741  | -0.020263961698509278669  |
873   | 0.0077361356502509822861  | 0.0034460353031072008673  | -0.019062102397467955289  |
874   | 0.0058272109485220284844  | 0.0014164940550484750228  | -0.0011481049875059401357 |
875   | 0.0064545605567683135562  | 0.006431769945687319627   | -0.012186494392883842619  |
876   | 0.0045066481524608324044  | 0.0015936765104342849337  | -0.005380813200921676781  |
877   | 0.0011333130889247611597  | 0.0052977854648081253164  | -0.0080306487030983170206 |
878   | 0.00041492996820691825568 | 0.0034340594564113663227  | -0.021887040040422130888  |
879   | 0.0056000593748820413215  | 0.0080404613475620612117  | -0.0076890724797786203989 |
880   | 0.0061581197384992757138  | 0.0055616695685748902822  | -0.0063289854579471980373 |
881   | 0.0043104961464297316537  | 0.0044945639943542621542  | -0.011350232482096694192  |
882   | 0.0054745176725847291554  | 0.0059434703226235322329  | -0.01289965072223681411   |
883   | 0.0074752497736358279254  | 0.0054518725788306847402  | -0.0056044867032023111542 |
884   | 0.0081530465855496718486  | 0.0093294526448211290148  | -0.018365811594112761707  |
885   | 0.0095410406412463986264  | 0.0014645640975189803176  | -0.010589729160280331524  |
886   | 0.0044344082057545392006  | 0.0051020762563852512309  | -0.0059349266523407483501 |
887   | 0.002480840732827451281   | 0.0016612336722795426058  | -0.019541729803325549181  |
888   | 0.0078281905788300642363  | 0.0030775828117419919139  | -0.013076757873506336324  |
889   | 0.0036791004681863185254  | 0.0096498851051070328594  | -0.016853006577166325386  |
890   | 0.0054491070239464636446  | 0.0070714542269021893328  | -0.0211516557374486526    |
891   | 0.003919509500624362118   | 0.0063722762295059442658  | -0.0029844299239090463054 |
892   | 0.0057579956934737473034  | 0.0090874272758113949083  | -0.0085107262215937343891 |
893   | 0.0062358262581356967147  | 0.0048665112263042709095  | -0.0080961063555653935836 |
894   | 0.0066082798957288451519  | 0.0048318501127542923951  | -0.00091229614414150086727 |
895   | 0.0045453040616947075134  | 0.0075632497944824409603  | -0.0094803379647144594977 |
896   | 0.0021802637318452935608  | 0.0014914316729030471786  | -0.019449831616089777175  |
897   | 0.0090614251831568279338  | 0.00035114608253549220961 | -0.014126168377928237027  |
898   | 0.0023503264740582421183  | 0.0042439772705654696741  | -0.021122527500772626807  |
899   | 0.0019149231551726130559  | 0.0040435548384805432287  | -0.013629200017901688113  |
900   | 0.0051695965543268451031  | 0.0084159479573722127677  | -0.016559704564371599544  |
901   | 0.0051055225779034060438  | 0.0071877066031546211697  | -0.016860071722202309152  |
902   | 0.0052407299813751664214  | 0.0010277843033654669811  | -0.0074739692926148425245 |
903   | 0.0061821956263130870349  | 0.0070056789717219611346  | -0.0067554002831778934071 |
904   | 0.0037873587932967336424  | 0.0093423651477602693421  | -0.01928665754239072827   |
905   | 0.007273600872128830816   | 0.0065840089048613062439  | -0.012949839685749546872  |
906   | 0.00795434342469067239    | 0.0039577341896304442381  | -0.019183159348147797024  |
907   | 0.0036931761899376336009  | 0.008595133854637133225   | -0.00066113091047378979345 |
908   | 0.0032191122796148300897  | 0.0047936432292610331105  | 0.0008510638165233083783  |
909   | 0.0065491276763740783468  | 0.0030333208051537266167  | -0.00036892832048880625862 |
910   | 0.003183363921854288469   | 0.0067996909380535494952  | -0.0072660281829273632576 |
911   | 0.0097137597122379341907  | 0.0084124665632867752507  | -0.0027317476796648739422 |
912   | 0.0088475496146707844486  | 0.0044053151036307506075  | -0.0012317392084536915153 |
913   | 0.0060131382136750918463  | 0.0050267678973745797202  | 0.00014761319755254319656 |
914   | 0.0027581864828726712462  | 0.0041353215027932705219  | -0.010309989576947647949  |
915   | 0.0043297525346155021214  | 0.0033944709680114541067  | -0.0175930945767417031    |
916   | 0.00047606267726379514552 | 0.0035362597178800660863  | -0.021498324160515946968  |
917   | 0.0029607055825932029544  | 0.00050861864129452287117 | -0.018127507955854924027  |
918   | 0.002733976652616891892   | 0.0033468749213483978654  | -0.0023445208904238532509 |
919   | 0.0020470985602681806073  | 0.0071714672641240359563  | -0.021774276328015981091  |
920   | 0.0085326362158494248322  | 0.0092542907527829853381  | -0.0073103724843346686024 |
921   | 0.0033298713955952391648  | 0.0037467505250198930924  | -0.0024554999953402640786 |
922   | 0.0058110581565229820974  | 0.0029555504564795602451  | -0.0074071205648717384704 |
923   | 0.0056547696597479598507  | 0.0077477792454703686351  | -0.0068303313325875870607 |
924   | 0.00078778554680341314302 | 0.0075617225931111347464  | -0.0080026848425272419096 |
925   | 0.0038355880132779377953  | 0.0038778885070332711794  | -0.019868023308775493302  |
926   | 0.0064669544265646486392  | 0.001173717057905053051   | -0.022056718906934672658  |
927   | 0.0014242570160598107699  | 0.006732473145947841589   | -0.0076012701934986418376 |
928   | 0.004131675112963085518   | 0.0092043286851074702232  | -0.0091425031107729634594 |
929   | 0.0074178675511615997304  | 0.0066689195919595253836  | 0.00081396421771737139522 |
930   | 0.006271053586102669393   | 0.0041429945781954607975  | -0.0051839509040621260458 |
931   | 0.0048767224603489568724  | 0.0018157359845200802227  | -0.018806131645470281627  |
932   | 0.0085462959776936298084  | 0.0053629519214598957155  | -0.0042042462324404523272 |
933   | 0.0005667785591804893339  | 0.004209587405384916485   | -0.0047292140728665971183 |
934   | 0.0032953140109889676908  | 0.00733218208605291525    | -0.013670064910463554375  |
935   | 0.0025370502957180861986  | 0.0072180068936125805351  | -0.017463300049336809988  |
936   | 0.0029291405649859861629  | 0.0024876614681491196826  | -0.019329782859988209331  |
937   | 0.0030927412091531023691  | 0.0062359755605961462652  | -0.019073854530502785259  |
938   | 0.006198535114303150087   | 0.0026463403200879405917  | -0.015843122841783401078  |
939   | 0.0053149774220632587177  | 0.0036857653013343694842  | -0.0028004227545729452539 |
940   | 8.4828489229731550165e-05 | 0.0002424336378879834704  | -0.019583152040636243874  |
941   | 0.00071256044105115902247 | 0.0038533620067236710321  | -0.00022082571350768342489 |
942   | 0.0017980296821548417616  | 0.0033584279188032251096  | -0.010144506403912742845  |
943   | 0.0061439667048165400379  | 0.0082936032328278976727  | -0.0015151915203425064295 |
944   | 0.0092429133559815707805  | 0.0072789814837455777893  | -0.017761164428796522019  |
945   | 0.00091740017389440318193 | 0.0070930263922295531953  | -0.0066719942675157193138 |
946   | 0.0074508779720478786682  | 0.0046729493708422640413  | -0.02126307123513989164   |
947   | 0.0083731188460848034877  | 0.0074930283472533889058  | -0.0033877167541790874881 |
948   | 0.0080662059873670109711  | 0.0066619575763579999897  | -0.018062502131269128625  |
949   | 0.0061312796354435778606  | 0.00062057287913716585072 | -0.017259913720190669245  |
950   | 0.0056530221860407493806  | 0.00858480792812073637    | -0.013284599565138763277  |
951   | 0.0038914737130305797862  | 0.005772233200440123578   | -0.0040650284453837212673 |
952   | 0.00023053856059696527302 | 0.0067590322760560780577  | -0.017324082034942702574  |
953   | 0.0078106547634479066636  | 0.0064559782898334543491  | -0.021663636802482618554  |
954   | 0.0027064405550968843178  | 0.00160156705889873195    | -0.0086128317905035962215 |
955   | 0.0035032485595321736713  | 0.00034963696499716091261 | -0.0074558069402307029089 |
956   | 0.0062535198896421385212  | 0.003142384134075443692   | -0.011212949524689529504  |
957   | 0.0070432447427467171491  | 0.0054105697895385071114  | -0.014258032403493626009  |
958   | 0.0063987835211668153343  | 0.0087885519009493814208  | -0.010811966184779820896  |
959   | 0.0020335975035011841575  | 0.0097219688699406864307  | -0.010809610960691612078  |
960   | 0.0035543164904111943653  | 0.0047811032220806144039  | -0.0060232724661648841258 |
961   | 0.0032781631210812419916  | 0.0074204588912980228022  | -0.017420964953823551979  |
962   | 0.0071514880571847700558  | 0.0042481181843280809568  | -0.010381904560360250347  |
963   | 0.0061497813044773270291  | 4.5215869249655687295e-05 | -0.016351441882782858511  |
964   | 0.0040726364125580347478  | 0.0066471566344278405422  | -0.0094002989694478254756 |
965   | 0.00038791699894960297293 | 0.0090224309358473975262  | -0.019951611797937123666  |
966   | 0.0074551802837719517367  | 0.0099988813896972322109  | -0.0076630950466591574166 |
967   | 0.0030685163674647208433  | 0.0055082173796665769711  | -0.015653601400717510883  |
968   | 0.0047248898228189365953  | 0.0017066140557800710612  | -0.001513356849217281988  |
969   | 0.0063534994201344180062  | 0.001692688968992603956   | -0.020996962600953288092  |
970   | 0.0031452742667916035527  | 0.0032054434052534667293  | -0.0088950469156305680962 |
971   | 0.0088168220924149231371  | 0.0071180944138919252304  | -0.015526656077239225223  |
972   | 0.0071836303859685131032  | 0.0072166426456380427037  | -0.013522954055328181497  |
973   | 0.0055322562229625426786  | 8.3812302280463833021e-05 | -0.01004333289532078656   |
974   | 0.0069484752610359731828  | 0.0025583483448181781363  | -0.019540217744912879994  |
975   | 0.0012101381906575380768  | 0.0034481046112722307621  | -0.0090253754880788607251 |
976   | 0.0021475395710860408285  | 0.0074189808011676698987  | -0.00014617862733418113914 |
977   | 0.0065856966527017696267  | 0.0084844250805075887428  | -0.0054956505440473275154 |
978   | 0.00639067592784902435    | 0.0049381722631016474606  | -0.011537507880733200577  |
979   | 0.0083728418285104570795  | 0.0014115256450895116019  | -0.021652154050741400509  |
980   | 0.0042582373304984990139  | 0.0063948717875758395029  | -0.016432453096708498491  |
981   | 0.0094882295935755367466  | 0.0016702167608295007215  | -0.018028450504693829815  |
982   | 0.00045995338173221363446 | 0.0068285423142001285338  | -0.0057146281244509549921 |
983   | 0.0046935490273231341915  | 0.0070776647524886954904  | -0.01569228975162510753   |
984   | 0.0041947559053734373435  | 0.0059039676978850357675  | -0.016796386900846508455  |
985   | 0.009723041436803837867   | 0.0015131697891069019728  | -0.017147776272696448746  |
986   | 0.0012343157093947531612  | 0.0057323353046794785562  | -0.021953820879833253754  |
987   | 0.006665899349280738316   | 0.0059909976985262104743  | -0.01608855474187104867   |
988   | 0.0038599080618332160669  | 0.0091576248755429572046  | -0.0031670463397831692329 |
989   | 0.0017912737707504759396  | 0.0025785714941239453075  | -0.018754226107128992018  |
990   | 0.0051106019489628668265  | 0.0042451892742157880042  | -0.012668556412524787855  |
991   | 0.00080812711267199983239 | 0.009975311153307433315   | -0.020171837521215787298  |
992   | 0.0022067905469129621074  | 0.0098416402352451311242  | -0.00020556358003478918486 |
993   | 0.0016207932070093752832  | 0.0012842631626127250493  | -0.0013752704140511087718 |
994   | 0.0087246116910691014212  | 0.0046689374329435297251  | -0.0076213361126480083652 |
995   | 0.00038933612675819562893 | 0.00095482814879940716268 | -0.013646009626441073237  |
996   | 0.0078020634566533346443  | 0.0099592489326333303451  | -0.01421409987679016218   |
997   | 0.0056951575769069772218  | 0.0091434116995657479382  | -0.0012415500070867674896 |
998   | 0.0084236304522474179934  | 0.0036030785111206839813  | -0.010495858975244461847  |
999   | 0.0034551681808578879086  | 0.002499278630701677259   | -0.0037558547007196163223 |
