N			X			Y			Z
0     | 0.0057465552884136969838  | 0.0097584506178181682629  | -0.003221025474368716373  |
1     | 0.0048088823146374441372  | 0.0090620894823103311649  | -0.001988608966372540799  |
2     | 0.0030432787943589058657  | 0.0067476803912399569221  | -0.0063550902400313635798 |
3     | 0.003708132143112469626   | 0.000989843531396293521   | -0.0076982117584802030666 |
4     | 0.0047484476458596654863  | 0.0014794699140494044914  | 0.00095500266394485302385 |
5     | 0.0065920988711366708401  | 0.0010312574081608680016  | -0.002671248114387821896  |
6     | 0.0032153871161210404069  | 0.0079550732186224187847  | -0.0096459219398565571729 |
7     | 0.005941460970404550089   | 0.0015841113976769708067  | -0.011083197998661243472  |
8     | 0.00084485139661031824227 | 0.0071807107451988269956  | -0.0030025573549354494032 |
9     | 0.0035655441747977174513  | 0.00073574486017112463061 | -0.0070536108280466859946 |
10    | 0.0077826602034719695802  | 0.0030254207932747024558  | -0.0013073412651348663774 |
11    | 0.0044803118557187431026  | 0.0082019451749608188185  | -0.0064021740675458006092 |
12    | 0.0030958709401366010794  | 0.003699213662978591971   | -0.011360148503987249971  |
13    | 0.0086270942866144596783  | 0.0070093435355200956263  | -0.0062903819840540173627 |
14    | 0.0058615758364546927811  | 0.0093927388525733689767  | -0.0021294486333716415236 |
15    | 0.003991987726878108711   | 0.0064831109557626342282  | -0.0055474681695588615865 |
16    | 0.0032544738909808797016  | 0.0084187834405585956765  | -0.0022871412006954844505 |
17    | 0.0014787221860698585452  | 0.0089020817468609351325  | -0.0078783243263965980346 |
18    | 0.0045971865924651807156  | 0.0097799526701540500512  | -0.0083807172975529867914 |
19    | 0.0065108829457186205569  | 0.00079450120166217814196 | -0.0072096342929474878033 |
20    | 0.0041687974308807383347  | 0.0032017810321050017147  | -0.0085481582292315349408 |
21    | 0.0084547460652515515206  | 0.0047900727449662972371  | -0.0050045614163463404689 |
22    | 0.0062175001154765874301  | 0.0018426772542902882922  | -0.0035126706336767402755 |
23    | 0.0059712122460132384741  | 0.0065627962315802680637  | -0.0083061273272386319799 |
24    | 0.0079339170545400933277  | 0.00077465105136626151178 | -0.00045442742126978254462 |
25    | 0.007621282014213493286   | 0.0018240275061951695314  | -0.0010148173721199619038 |
26    | 0.0029246194058237958389  | 0.0091559273994127349933  | -0.004527161010160728194  |
27    | 0.0029252168447603606356  | 0.0046467759803497767426  | -0.0079758783266923299199 |
28    | 0.0052654299669094009259  | 0.0073071561131206209244  | -0.010269409522420799505  |
29    | 0.00441578206392819958    | 0.0032652357618212532291  | -0.0087873233109069578267 |
30    | 0.0054009018026125949277  | 0.0019482570509790240673  | -0.0084793379143364867173 |
31    | 0.0040889681349832070201  | 0.0024351178572148066137  | -0.0082169896510485770924 |
32    | 0.002803119389390633636   | 0.0054777828872660545151  | -0.0053909474833993319479 |
33    | 0.0019601270061684818342  | 0.0091480058657319677368  | -0.001684385196030891655  |
34    | 0.0036315296157721855055  | 0.0081268351102510068967  | -0.0011474738984489825117 |
35    | 0.00095530311701191319117 | 0.0055595025055395009064  | -0.0092659811197925903009 |
36    | 0.009354849636290778897   | 0.0096817429125813578294  | -0.0079705219007532145808 |
37    | 0.00018267051469752555075 | 0.0054823129074087397633  | -0.0098584403510040934104 |
38    | 0.0060632026309170089159  | 0.0067757473693706446807  | -0.0079893760578021895402 |
39    | 0.0007462193808023488608  | 0.0032044524807897773432  | -0.0099079057542232409905 |
40    | 0.0060274568191082331103  | 0.0032621608615206682327  | -0.0094889873957408471528 |
41    | 0.0077336565312310446077  | 0.0044090030206662689238  | -0.0064710539099545215033 |
42    | 0.0067059710692981772465  | 0.009323562199877153539   | -0.0019639259832325822036 |
43    | 0.00055151733979569967335 | 0.0030134659716491572941  | -0.0025989698905303465319 |
44    | 0.002350721982585176912   | 0.0066000291502118406742  | -0.0022826917410949517859 |
45    | 0.00061073995806439952422 | 0.0026327479236924284864  | -0.0075610807687287425252 |
46    | 0.0035419041541160621589  | 0.0016398014080826310308  | -0.0039330969645575992316 |
47    | 0.0033884110371308856328  | 0.0031883148908005425233  | -0.0035664642824616860778 |
48    | 0.0049246551947352782547  | 0.0079015407547665429677  | -0.0010364755077911765382 |
49    | 0.0036030475384151699342  | 0.0060435279308587407099  | -0.0076026670638382736617 |
50    | 0.0044916727145883489358  | 0.0069756821837263982208  | -0.0095515773328193054326 |
51    | 0.00076911419176888028496 | 0.0065856155421951398724  | -0.0058885749316802587019 |
52    | 0.0036225829246927985193  | 0.0053368869420960416902  | -0.0048671237733427085564 |
53    | 0.0088790800621340731924  | 0.008137504552705634997   | -0.0081404580124286637227 |
54    | 0.0016265766015662349968  | 0.0057765141802654041206  | -0.0041474862925507619688 |
55    | 0.0053975439146556596776  | 0.0089052133409452515628  | -0.0027974245048132859691 |
56    | 0.0087126648075810768368  | 0.0037909833039071233647  | -0.0071534451612478835644 |
57    | 0.0029637960476739458326  | 0.0084278498183265777854  | -0.001710405831554502468  |
58    | 0.0018799474734225119985  | 0.0093484181989231338733  | -0.0066421772497694629017 |
59    | 0.0053622687740806414952  | 0.0076794942760411303087  | -0.01008189537001275872   |
60    | 0.0052638007985282096041  | 0.00012123743006516310634 | -0.0083805931781097443845 |
61    | 0.0076453379035984203593  | 0.0062207200393335328539  | 0.00073371377979115654649 |
62    | 0.0069627667409758670428  | 0.0071921379151441734712  | -0.007732317612561287988  |
63    | 0.0082935425797350803556  | 0.0099339906984179087573  | -0.00027370967483662941248 |
64    | 0.0071137620127509756593  | 0.0073088041472310731617  | -0.0038292855373207408329 |
65    | 0.0065161106777999215287  | 0.0085335858258640904378  | -0.007745639484192123371  |
66    | 0.0019504570926326344777  | 0.0064745175617472484897  | -0.010671195720434588361  |
67    | 0.0057566750333205157775  | 0.0027906030646269678469  | -0.0054438200757352620679 |
68    | 0.0017579879976516706117  | 0.0075136542005694228682  | -0.0023845276218341319302 |
69    | 0.001336257853867875477   | 0.0059254500908448659927  | -0.0057944103919338350514 |
70    | 0.0088291688449442188441  | 0.0051239994763325816263  | -0.0019289309728047065052 |
71    | 0.0090432670397114171129  | 0.0075059295861328806723  | -0.0096924118158106340598 |
72    | 0.0067855094135249914913  | 0.0082534793326774942568  | -0.0032122109059548546034 |
73    | 0.0021782424375533324806  | 0.003547368575304838019   | -0.0087284982914408691668 |
74    | 0.0041274790981173543891  | 0.0066175223866359661126  | -0.004116592909157364491  |
75    | 0.0073127624464197670331  | 0.00052672051885039618529 | -0.010518499477592027289  |
76    | 0.0060290830150196853335  | 0.0015951672451245723153  | -0.0025279431541668792929 |
77    | 0.004467481633291221256   | 0.004752754710240105103   | -0.00043881591389745034379 |
78    | 0.0054727828546282646788  | 0.0044488951781504167474  | -0.0037020428425543860755 |
79    | 0.004191090078832506241   | 0.0067698226734420165543  | -0.0069209563778138234388 |
80    | 0.0016946298336672222917  | 0.0040858753359316072815  | 0.00077148115916023021071 |
81    | 0.0078853820929666480766  | 0.0014150174275625669162  | -0.0017673591645100200035 |
82    | 0.006913566926404158576   | 0.0047659560876219765266  | -0.010403819217891871127  |
83    | 0.005157195851125049614   | 0.0069065154041091569512  | -0.001938832225048461996  |
84    | 0.0096397292244133694905  | 0.0021556664576101382431  | -0.0019234229683360081018 |
85    | 0.002841949340493968388   | 0.00037550341326497417528 | -0.0055470315501527853175 |
86    | 0.0017579275765546283159  | 0.0048242028293912428416  | -0.0054233870246563984502 |
87    | 0.0036746420803718611754  | 0.0067767468614852990547  | -0.01145749213097935898   |
88    | 0.0060175313076766476228  | 0.0007213816762237214384  | -0.002590595749827434742  |
89    | 0.0093447975509447726156  | 0.0070708520197124494211  | -0.0065123182917508574269 |
90    | 0.0040893603159624846918  | 0.0062197366223100949631  | -0.0098760850353440902266 |
91    | 0.0049339081218844078186  | 0.0024532205746322678641  | -0.0048584403222772659658 |
92    | 0.0082648911624986828167  | 0.007381680283555710001   | -0.0019582442387005849493 |
93    | 0.00091806021204733970469 | 0.0074868540292840997027  | -0.0028355857619222833536 |
94    | 0.0052585668005696480087  | 0.0076317608621023864598  | -0.010641536618750701768  |
95    | 0.0045544447028399732275  | 0.0096430630192116412874  | -0.004361775830734559295  |
96    | 0.0013912197000904679822  | 0.0097881730396026291746  | -0.0012905559605647495738 |
97    | 0.0056259435424182158147  | 0.0049312381303978983227  | -0.00069754813915082506878 |
98    | 0.0099661127705451702657  | 0.0050671533527346509715  | -0.011006621930358942082  |
99    | 0.004484118464262991377   | 0.0073056984785428245172  | 0.00048137008899846924631 |
100   | 0.0098217674521506072305  | 0.0048463982584394053182  | -0.0081476980752155162002 |
101   | 0.0063398517714045770147  | 0.0069185219298252779302  | -0.0067866211297475179109 |
102   | 0.0060386917303398967433  | 0.0056062869004816304891  | -0.0070472551627784665862 |
103   | 0.00012028553563148491694 | 0.0084244445758106523137  | -0.0031697548461931536294 |
104   | 0.0031991440625800376257  | 0.0077359137354820152119  | -0.0036652373705659321151 |
105   | 0.0086366341187921469302  | 0.0066783466733320575801  | -0.0051360806825761148864 |
106   | 0.0041070709384800271891  | 0.0084103234496185133584  | -0.011279422291177773618  |
107   | 0.0081043625004394662797  | 0.0066171257647165840701  | -0.0094456998583650909201 |
108   | 0.0066719311219554698969  | 0.0092341263618715783285  | -0.011280247484356346888  |
109   | 0.00059290341760645894672 | 0.0035167452076447984315  | -0.0030702882955342485592 |
110   | 0.00401910473079781453    | 0.00373542824306399672    | -0.0083372341408534198642 |
111   | 0.0065521300532620594531  | 0.0036922817854830344668  | -0.0058371334437705103479 |
112   | 0.0089108638293875479935  | 0.0083654086869066023036  | -0.00010834460890261903173 |
113   | 0.0069693415155759816382  | 0.0044077263077362200186  | -0.00021610243618539051258 |
114   | 0.0085804173447208177683  | 0.0078220178887900733422  | -0.0021843202524501397974 |
115   | 0.0016872117365268237809  | 0.00221713742975066571    | -0.0049249984506846396573 |
116   | 0.0033814994596643422296  | 1.1901654748788589871e-05 | -0.0091660056699743603509 |
117   | 0.0086896352270084756264  | 0.0035242980289313576708  | -0.0021048967691347309286 |
118   | 0.0053617517438973661195  | 0.0043469451504418591195  | -0.0013178133639572019772 |
119   | 0.0065021836066308305591  | 0.0026549672281678212728  | -0.008786175048258071385  |
120   | 0.0024774761336068644446  | 0.0033052260881397299737  | -0.0096871769123700306875 |
121   | 0.0048387089754056786944  | 0.0015345669572204170914  | -0.010388317110285094635  |
122   | 0.0096705504473817462119  | 0.0074647941439026973404  | -0.0026027749131467747476 |
123   | 0.003128558221805620345   | 0.0024876890812318575713  | -0.0078303649307360761317 |
124   | 0.0038356565366425257775  | 0.0065085805537122062153  | -0.0049661545172470129839 |
125   | 0.0065549040915973133536  | 0.0086667313296944492595  | -0.0021126788487859158965 |
126   | 0.0081919667904071461623  | 0.0068940553297093523297  | -0.0052635670279123471585 |
127   | 0.0023105760949965192808  | 0.007346288719688113221   | -0.0031380147330272835718 |
128   | 0.0042275955623498765248  | 0.0016696011054613906464  | -0.010514569542135032698  |
129   | 0.0097094348346664742511  | 0.0061108691444315219737  | 0.00040080463706601197026 |
130   | 0.0058909530392204150981  | 0.0068758548943647843088  | -0.00036739539287251681519 |
131   | 0.0037149094974147254741  | 0.0053787295853410192065  | -0.01161507757773210317   |
132   | 0.0042083924558519820655  | 0.003125668649152452995   | -0.0035729983488417098314 |
133   | 0.0034540491334472747664  | 0.0034033878076009035918  | -0.0074993474153035527899 |
134   | 0.0075896358559717439635  | 0.0079247957991274448758  | -0.0094544615679811282172 |
135   | 0.0037141199158370807529  | 0.0061063382399356418845  | -0.0082789137366068073914 |
136   | 0.0042330944293480464446  | 0.0062093925716107719465  | -0.0087184182600790853523 |
137   | 0.0055962752677118339853  | 0.006241840626215115588   | -0.0037835965560452521246 |
138   | 0.0072876318857210201085  | 0.0048341264413634104508  | 0.00087717733737050786712 |
139   | 0.0062018292961296675112  | 0.00082406491415534539186 | -0.0043870608844541218382 |
140   | 0.0061197151767533224456  | 0.0065664176512783998738  | -0.0065077743091089563371 |
141   | 0.00053201317673821706903 | 0.0074037906803666800326  | -0.010102058703808041926  |
142   | 5.3655192719982998232e-05 | 0.0069405246031101928625  | -0.0053229120279640398938 |
143   | 0.0034246858549116243609  | 0.0003009586152624802737  | -0.0067314528039580214316 |
144   | 0.0096901347933359312237  | 0.0056287783317756287516  | -0.0055054549640013578093 |
145   | 0.0069983774327277521385  | 0.0094594165998500550491  | -0.0053077792686848437875 |
146   | 0.0052442890448292575623  | 0.0093171581209041363925  | 0.00042566083713387482118 |
147   | 0.0043806106741027372314  | 0.00044827257947830078657 | -0.0080599947209085524846 |
148   | 2.5575979387955367065e-05 | 0.0081543261119577624407  | -0.00069303472510976729323 |
149   | 0.0016470606806270283659  | 0.0077954575335740655673  | -0.007579907823670212208  |
150   | 0.0041622449113102727436  | 0.0032916534927724810933  | -0.0093025592389406781824 |
151   | 0.0040629436952716851267  | 0.0038250108871661918537  | -0.0082420055189125537159 |
152   | 0.0074079706810517963883  | 0.001298206779863103448   | -0.0063723245966033443752 |
153   | 0.0075383928660129840768  | 0.00743288154538400761    | -0.0033060166448357886614 |
154   | 0.0042977198053301248273  | 0.0082742542064645190764  | -0.0041083459565440846178 |
155   | 0.0044655677092157401026  | 0.0010563667287386911253  | -0.00059482233954338283553 |
156   | 0.00086076838061913607189 | 0.0084595152181716690154  | -0.0068317851189214091195 |
157   | 0.0055404143637315687518  | 0.00032355778595991139006 | -0.00033605966355246518753 |
158   | 0.0093740226243221175251  | 0.0036161701109673977453  | -0.0065990500641011700864 |
159   | 0.0041979631099787386578  | 0.0028091905407085682352  | -0.0092769954411205581696 |
160   | 0.0037174413561172682009  | 0.00073107332438333946963 | -0.010855615331810990892  |
161   | 0.0053891382825255115807  | 0.0076676682821682617258  | -0.0030728689255442209922 |
162   | 0.0053450399121285508547  | 0.000264107874332352745   | -0.0023961158963122608338 |
163   | 0.0050204726924848400854  | 0.00028421064252773936554 | -0.003865547632892162716  |
164   | 0.0040528230080475414684  | 0.00023282169094917905586 | -0.003640655404739701409  |
165   | 0.0063394279733546797517  | 0.0075488411983705714162  | -0.0042454793570170772793 |
166   | 0.0074966482136144740531  | 0.0076603343998466666073  | -0.010101019203940716021  |
167   | 0.0015609726752614952548  | 0.0098376433535787288776  | -0.0042781528616689943126 |
168   | 0.00073559671874725348229 | 0.0058847942802429942244  | -0.0027794243864066037197 |
169   | 0.0039113712551254497043  | 0.00017305225580763604234 | -0.0018654226801659084482 |
170   | 0.009940809616106657115   | 0.0069397278877458704396  | -0.003124694749800834611  |
171   | 0.0032195717004100204116  | 0.0077587983988075806194  | -0.0098333155448289046724 |
172   | 0.0037212202731856250729  | 0.0040090557644039950466  | -0.00036284843320508538981 |
173   | 0.0042606797654136160242  | 0.00075526080076934157172 | -0.0017962044302234168175 |
174   | 0.0052642059695422157087  | 0.0013779523722638022457  | -0.004085025276581247429  |
175   | 0.0016597976767505758997  | 0.0076976724019449061995  | -0.011522417039144977266  |
176   | 0.0030411589914371276767  | 0.0078851131116920609998  | -0.0060738093899028039457 |
177   | 0.0059912515974923389803  | 0.006266811026045672299   | -0.0015614174617499742507 |
178   | 0.0024061021800334181017  | 0.0075774182603746166598  | -0.0053460644270355919816 |
179   | 0.0083515786034070275956  | 0.0096751891103439655734  | -0.0077871964351405422236 |
180   | 0.003915168411822830298   | 0.0005986424647574869768  | -0.0041688309935384330537 |
181   | 0.0068173602694734025328  | 0.0088850038736154463015  | -0.0081331734588980329065 |
182   | 0.0083812865600640749225  | 0.0057809452126908727337  | -0.0077285431931245355056 |
183   | 0.0048239462428596065202  | 0.0042199816234667142725  | -0.0080310002897640390962 |
184   | 0.002994428942615403634   | 0.0051247497852765751605  | -0.0024890023101037848062 |
185   | 0.00056582577725054522717 | 0.0028233053716318558431  | -0.010115784075120523577  |
186   | 0.0040484660901760564228  | 0.0060851351856967880044  | -0.0071331129384545124972 |
187   | 0.0057545281848858115953  | 0.0066918462957475787628  | -0.0025761513978437167866 |
188   | 0.0055988307706557934734  | 0.0003020893909597094449  | -0.0015220738881041131259 |
189   | 0.0024705364850251213676  | 0.00074286159950718297969 | -0.0065650377876592400442 |
190   | 0.0029067188134061015641  | 0.0052001949919710825296  | -0.00014476368555057917797 |
191   | 0.0025036941701551984098  | 0.00052427730205442397548 | -0.0068580251326952760063 |
192   | 0.0025386561926484989618  | 0.00011556275902610244381 | -0.0030615281945956369057 |
193   | 0.0029609047928970764346  | 0.0050599175294200405065  | -0.0054293718564990336994 |
194   | 0.0092971972433549508741  | 0.0029381635856637424754  | -0.0035643701917840468416 |
195   | 0.001142709849704166402   | 0.0027472550132125531097  | -0.0014535906619766877056 |
196   | 0.0063693554835468658981  | 0.0031042609233708317977  | -0.0090891886697400670059 |
197   | 0.0046091590505114334031  | 0.0063864810838932138323  | -0.0050643205711983401221 |
198   | 0.0088009761835044202777  | 0.0042866775746749916434  | -0.0077670145038593214892 |
199   | 0.0089279933055310001927  | 0.0038630564481456669719  | -0.0089944031889171195682 |
200   | 0.0033039755668513499411  | 0.0052674825040727926012  | -0.0037290370399687710647 |
201   | 0.0028375270048965140282  | 0.004107834124370571445   | -0.009917745709698560716  |
202   | 0.0040863839236915493192  | 0.0074548205473956730832  | -0.0013668438283287542932 |
203   | 0.0048928811368602383863  | 0.008764670130033860862   | -0.0085415969120466624098 |
204   | 0.0021890592147301201134  | 0.0031467766680577688269  | -0.0084048291677634792696 |
205   | 0.0069062059640691373513  | 0.0019796005389699582698  | -0.011421409232264225636  |
206   | 0.0062987760876016419404  | 0.0048862123714736600127  | -0.0035999351660589403237 |
207   | 0.0067796144289093661361  | 0.0047803916758345525381  | -0.0034720239714126585086 |
208   | 0.003728550543245139591   | 0.009154922881822975117   | -0.0060483891352996494578 |
209   | 0.0077581184664191399011  | 0.0078741192496406178097  | -0.0058329315699502393144 |
210   | 0.0029350892971950447163  | 0.0047247695606673217883  | -0.0004678782708178919514 |
211   | 0.0031715145917739196411  | 0.0001784295696844505146  | -0.0023845297631335275398 |
212   | 0.0053495056686924816539  | 0.0056937554056839777272  | -0.00018914420266775397493 |
213   | 0.0069407422641851257775  | 0.00068770185675568308928 | 0.0004926028954708101034  |
214   | 0.0046051185932136700849  | 0.0049978876300222465148  | -0.008796912765672898829  |
215   | 0.0001071258611945187484  | 0.0053407400867668116881  | -0.007019149220751805425  |
216   | 0.0095090130377676225504  | 0.0091163542092099359576  | -0.0098180674502193598235 |
217   | 0.0082800484420630249965  | 0.0082045194391642140702  | -0.0086894889143975563572 |
218   | 0.00092386992587043892475 | 0.0069279861830429390057  | -0.003349559763189259836  |
219   | 0.0026772937514109138198  | 0.0045764759982070968292  | -0.010852814037040239489  |
220   | 0.0072705128120122732016  | 0.0062798618134497505641  | 0.00087539316929990550111 |
221   | 0.0069368412542461978937  | 0.0095395868006278652929  | -0.0048092287124167423795 |
222   | 0.0052779353119595216748  | 0.0090467295396436404192  | -0.0071547473542901860941 |
223   | 0.0031789345305140940395  | 0.0021226150128559962207  | -0.0061047877581695527208 |
224   | 0.0012207486597400781219  | 0.0075652684534904240249  | -0.0081282197758487002848 |
225   | 0.0089142300804585811874  | 0.00037564422872260369276 | -0.0054283640419480949299 |
226   | 0.0021643250395745926642  | 0.0037841482426564389784  | 0.00086661730732954926106 |
227   | 0.0066168281380245977732  | 0.0041951743892340775596  | -0.0008402384961657084414 |
228   | 0.0066170732783702116558  | 0.003034653573997595985   | -0.0047776592895433893371 |
229   | 0.004499395527166977389   | 0.0081367018097865412979  | -0.0029421469873194558767 |
230   | 0.0050763264594212353584  | 0.0010391432857501290386  | -0.0082491047935546787245 |
231   | 6.5003680058400178346e-05 | 0.0061166317662604509017  | -0.0072772430794713670668 |
232   | 0.0058359033652155816591  | 0.0078014787889282375538  | -1.8650481188180727542e-05 |
233   | 0.00040241757810614061514 | 0.0058561645368753675878  | -0.0098327826688994115351 |
234   | 0.0050808713051745911515  | 0.0040619916369149583132  | -0.0087496450401198747754 |
235   | 0.0015886075927107707814  | 0.0040492097964838907886  | -0.0084323669313082685178 |
236   | 0.003603718303172246968   | 0.0026412758088988717159  | -0.0043830870257704837578 |
237   | 0.003580918082698341439   | 0.0039880943186182560983  | -7.2552984805601263376e-05 |
238   | 0.0023525086940396396779  | 0.0058352204589706049148  | -0.0015764456335547690803 |
239   | 0.0098277997518497143409  | 0.0080197800767741606043  | -0.0010735571282268307862 |
240   | 0.0067656564408527337592  | 0.0095447642192102895298  | -0.01101256201227531796   |
241   | 0.0055883785343979657315  | 0.0087690242537583774213  | -0.00072893345524967852623 |
242   | 0.00078910892548775116769 | 0.0048927641216964332799  | -0.003110173673096107861  |
243   | 0.0026216632961065752284  | 0.0059144735200089889465  | -0.0066661528770614701667 |
244   | 0.0070769301658813316136  | 0.0051072078045058177595  | -0.0016237797117227075697 |
245   | 0.0050316424111722561976  | 0.0025029756338194749342  | -0.010745436306844343907  |
246   | 0.0099031608171652758116  | 0.00083999005629591181991 | -0.0044906545708527263738 |
247   | 0.0056931759086855642654  | 0.0032089750907493609124  | -0.0068972145433527295988 |
248   | 0.0097562375220347635763  | 0.0050992902096886694521  | -0.0045325671948016647492 |
249   | 0.0066496600943423541871  | 0.0024649815309443832805  | -0.0030227258399488140389 |
250   | 0.0066686298336237313789  | 0.0054572110602183546146  | -0.00047899254261932216635 |
251   | 0.0043795131657284828292  | 0.004947074389777941783   | -0.010047472959674747656  |
252   | 0.0072143141375744668925  | 0.005758980630434723004   | -0.011722936473850533237  |
253   | 0.0047928425932872668197  | 0.0087827026122192647373  | -0.0091346834419633246571 |
254   | 0.0023072643402914819015  | 0.0013213960101005266072  | -0.0053298067833257509185 |
255   | 0.0017770309390258243014  | 0.0047467447820223034743  | -2.9995430190269403513e-05 |
256   | 0.0047206749647288465122  | 0.007582528290956612807   | -0.0065806756717883977195 |
257   | 0.0020470000563165562275  | 0.0026946231155721748173  | -0.0048066723596894072798 |
258   | 0.003296484699251661047   | 0.006772955121930853209   | -0.0043182364351831764235 |
259   | 0.0064416443175049136957  | 0.0092580626473682918476  | -0.0049959402598922690933 |
260   | 0.0042601172649152580299  | 0.00062575874644838554595 | -0.0024620275976645848021 |
261   | 0.005722302998960474528   | 0.0068503040029927846077  | -0.011621491614669139658  |
262   | 0.0010446687157087746964  | 0.00016281935645225337553 | -0.006607806619670779022  |
263   | 0.0072590129931722853149  | 0.00072695905087689840097 | -0.0092773386286416088115 |
264   | 0.0062344618558866837441  | 0.0016986398929196317321  | 0.00028718847430798558973 |
265   | 0.0065834414172055632716  | 0.0064964872193945489773  | -0.0057045494011903124729 |
266   | 0.0039863053849242711599  | 0.0033800216630330993245  | -0.0094865776283558338883 |
267   | 0.00081191552279455078169 | 0.0031474272650584677463  | -0.0055915084951003272973 |
268   | 0.0060499981692598700164  | 0.0064480910284449854952  | -0.00086744422842744729751 |
269   | 0.0037858789258424499144  | 0.0024601244445521656436  | -0.0012916980323587608313 |
270   | 0.0094481274521057579535  | 0.0046159848914598088088  | -0.0051584578354449753257 |
271   | 0.0053258798135199098001  | 0.0091281859237500543452  | 0.00043428601659461319806 |
272   | 0.0056378372080666825164  | 0.0080072185762591445435  | -0.0060857000232741962492 |
273   | 0.003682992762053933361   | 0.0095606115662409951739  | -0.0071906666417386822313 |
274   | 0.0061560518196288951942  | 0.0075587819310291249827  | -0.0070059467368219019781 |
275   | 0.008962521479021632459   | 0.0052689365565512158093  | -0.0017784672190634751975 |
276   | 0.0088944210267803587577  | 0.0033932973614419071999  | -0.0053528014482469377447 |
277   | 0.0022953107540352036924  | 0.0048610127907991601548  | 0.00080815443471589625685 |
278   | 0.0086344911032901292686  | 0.0047122722949981526303  | -0.0041585199642738181897 |
279   | 0.0039983946916424062748  | 0.0042112096754485604105  | -0.0017482056993654679529 |
280   | 0.0090316174859808393688  | 0.0036886589677690246811  | -0.010512774971844263822  |
281   | 0.004371053163407047186   | 0.0078305330456835860187  | -0.0048951622297124684421 |
282   | 0.003691881254478618455   | 0.0012881872448776787807  | -0.0085126316072374579036 |
283   | 0.0082453767949655400182  | 0.0057085258755842577597  | -0.0088357200168951068736 |
284   | 0.0027660025023368670256  | 0.0044338987039566042994  | -0.009517483941420450469  |
285   | 0.009582484451951282442   | 0.006038073007761239272   | -0.001431133583741991391  |
286   | 0.0013687456350126680875  | 0.0021101695917265348053  | -0.0084897091092542148472 |
287   | 0.0019827317134448276849  | 0.0064195685509811604985  | -0.0042820044631375394489 |
288   | 0.0023484423432775318984  | 0.0027972742604491685099  | 0.00071964059937846842213 |
289   | 0.0098993676867087584959  | 0.00016192063934593100964 | -0.0097058686111486779796 |
290   | 0.0014846254773573008736  | 0.0065117528444441491464  | -0.0022568865031773817538 |
291   | 2.222656900866296862e-05  | 0.0012034137300604675572  | -0.0052021507778192872806 |
292   | 0.0028546720128280775146  | 0.0045356147153596043306  | 0.00036828657866326205972 |
293   | 0.0095057021972321988773  | 0.00027712403975607675195 | -0.0081424256332681237136 |
294   | 0.007806368670531948703   | 0.0073271544923179639588  | -0.00059336341096443648985 |
295   | 0.0025903936176585374597  | 0.0026195610773542057914  | -0.0068461860572452040014 |
296   | 0.0071954758995916448874  | 0.0040146377056987170642  | -0.0089897352814897260598 |
297   | 0.00086916794498426261546 | 0.0030157150382083036839  | -0.0098130158236403742383 |
298   | 0.0022085253151625122182  | 0.0048619811057387801734  | -0.010637473231460938677  |
299   | 0.0016088102052192641226  | 0.0073105428519415682417  | -0.0070371810060715052695 |
300   | 0.0044215156040129967308  | 0.0072291245051443351818  | -0.0084429683313989763171 |
301   | 0.0014002224959791414495  | 0.0073522247276890063603  | -0.011604123121742341077  |
302   | 0.0095950891233894941568  | 0.0020932591361578606858  | -0.010835935350179499645  |
303   | 0.0080025501536648453726  | 0.0051840949165285451009  | -0.0089243981507925295577 |
304   | 0.001280100549441348266   | 0.0058924515668326415269  | -0.0047599544964993072138 |
305   | 0.0063152762529841473954  | 0.0072823140194622805466  | -0.0094450619416524966843 |
306   | 0.0044599829198895546423  | 0.0026334689936813983693  | -0.0083704280283180727829 |
307   | 0.00011026695556437590814 | 0.0036319244106786264387  | -0.002235928734166305748  |
308   | 0.0089432134686314480876  | 0.0049858554406805432463  | -0.0013690826094510770428 |
309   | 0.0061158929766586813889  | 0.0030243043072227201486  | -0.0038599411177479719427 |
310   | 0.0096632764011223958728  | 0.0055278468053476638791  | -0.0041774117275497216553 |
311   | 0.0087508859127774785147  | 0.0057277853646556641659  | -0.0045733282565277094331 |
312   | 0.0070595450313095300249  | 0.0038308487646339121555  | -0.0099638695180496641285 |
313   | 0.0069255287941966617998  | 0.0027668945009765594928  | -0.0014412424088701956439 |
314   | 0.0041735282031227670038  | 0.0068884856984953498488  | 0.0008318436143214614012  |
315   | 0.0098904124007752926284  | 0.0089199429087240874464  | -0.0028428478639964780035 |
316   | 0.0054273406522318346293  | 0.0050114709057816515803  | -0.0017778916203442433983 |
317   | 0.0061224973530670818295  | 0.0018506762712067036797  | -0.01141401394741226212   |
318   | 0.0073925575001488382648  | 0.0052886980958388157131  | -0.00041787552048478190806 |
319   | 0.0024187017476627794416  | 0.0022735919441191783895  | -0.0011495964829499917548 |
320   | 0.0068271807811381380812  | 0.0044759208068473098699  | -0.011582392413690547478  |
321   | 0.0035864946007734353067  | 0.0029582757136591949013  | -0.0042094575692406040884 |
322   | 0.0087661327849365335702  | 0.00026764572539825665651 | -0.0013641849299871934304 |
323   | 0.0050941824462001914289  | 0.0019917795417354936492  | -0.0024161008568864767235 |
324   | 0.0021891871583572266279  | 0.0044632651964100272454  | -0.0054144124616167174646 |
325   | 0.0053903352103948816432  | 0.0018356370408169747892  | -0.0077183751050645564226 |
326   | 0.0007808397911650314608  | 0.0049461737813849358109  | -0.0039565620787363111471 |
327   | 0.0039642327332767568482  | 0.0071235599898943659236  | -0.0046693496561500402731 |
328   | 0.0099135086717322719319  | 0.0078750887364882216773  | -0.0092472571376056838383 |
329   | 6.4220622741670938959e-05 | 0.0064870013775196917749  | -0.0042129745055212381236 |
330   | 0.0023476200014028998468  | 0.0030372583209779839206  | -0.0010984741314426893066 |
331   | 0.0064519201966331783671  | 0.0025813436897073670055  | -0.0048629562630010721852 |
332   | 0.0058108559594795350725  | 0.0058987898867390326646  | -0.00082469085162155733853 |
333   | 0.00091092596142760445029 | 0.0072892729605486409131  | -0.0066207461260912522927 |
334   | 0.00055363512369419932719 | 0.003754591832070142219   | -0.0049226175203488653498 |
335   | 0.0034406323565336037473  | 0.0095874221292757376423  | 0.00053674929116780730615 |
336   | 0.0087578124475565129192  | 0.0047971659248472464654  | -0.0054532149269141258138 |
337   | 0.0024449909437959981354  | 0.0090172505027547034118  | -0.0033815226272534432833 |
338   | 0.0086117494946338964817  | 0.0020368208892790258015  | -0.0051626559742957885135 |
339   | 0.0046128600237073397877  | 0.0062360670470857689635  | -0.0098589268461344928274 |
340   | 0.0044394073031396429768  | 0.0058866535433918778727  | -0.0018484822369554002128 |
341   | 0.0043036501735406384669  | 0.0086977504116060831707  | -0.0087104297243330505718 |
342   | 0.0013813715555619713714  | 0.00096232925055830386297 | 0.00061713009596258121964 |
343   | 0.0017885120366946496203  | 0.0036430498650627911317  | -0.0014957678671234206531 |
344   | 0.0060976930564625980019  | 0.0074088798764689409865  | -0.00010879927181085085849 |
345   | 0.0051087169210211561682  | 0.00011691658432901685754 | 0.00058350023806937067507 |
346   | 0.0099268616089527288854  | 0.0077993048023294623758  | -0.0061127452722564579873 |
347   | 0.007438895191607030645   | 0.0056153913923808855546  | -0.0089277050449010665611 |
348   | 0.0082843966886895319124  | 0.0023532061033815694119  | -0.0057959174320309633441 |
349   | 0.002369703470300859368   | 0.0021784638002446529356  | -0.006321719676578643754  |
350   | 0.002202704158354605677   | 0.0036129033926532451958  | -0.0036699177179287394319 |
351   | 0.0024251269999750919848  | 0.0026701778118924440406  | -0.0086043567293369298959 |
352   | 0.0030508119922483139565  | 0.0034526424116087133832  | -0.0057882761043808010626 |
353   | 0.0037915992551312009858  | 0.0044591919544050449484  | -0.0020505268429595355055 |
354   | 0.0067114335801929511302  | 0.0036760657987821116974  | -0.0037594429539685447761 |
355   | 0.0050505338600084492828  | 0.0042383765909116168091  | -0.00099779181123758864912 |
356   | 0.00032523607471440400341 | 0.0091264766158725852546  | -0.0098715364445227972434 |
357   | 0.0041127532952037609837  | 0.0043376364264528562836  | -0.011658332874606063337  |
358   | 0.0046879518197162507037  | 0.0025771800191074691749  | -0.011188657117531083246  |
359   | 0.0094294978600839938349  | 0.0042426766718007572973  | -0.0086387600688214143813 |
360   | 0.0065828490858028171004  | 0.00022989468022447653644 | -0.00908116678483054246   |
361   | 0.0036447645423555870801  | 0.0060559744257792169977  | -0.010035152460122154228  |
362   | 0.00070700076179278873584 | 0.0022605703394578948937  | -0.0099214673816425021091 |
363   | 0.0071306718987537674737  | 0.0076990638748817268738  | 0.00021083960208581262186 |
364   | 0.0016656173014257440526  | 0.0043517646322833300129  | -0.0059105520323979874112 |
365   | 0.00040494550714250976972 | 0.0074283139931055749625  | -0.0021866114472646768808 |
366   | 0.002026717629283097781   | 0.0033054439720648387015  | -0.009060440788215049987  |
367   | 0.0070770848306902249189  | 0.0026339796345820902686  | -0.00086231072082243323887 |
368   | 0.0064048010405222555869  | 0.00012144433903682861178 | -0.0041495306136909750061 |
369   | 0.0043182621412750600218  | 0.00069063024671607835953 | -0.010184862851868011283  |
370   | 0.0021712912424459540443  | 0.0043895228094533826624  | -0.0036643720515730101271 |
371   | 0.0028575503165491106423  | 0.0054637560877783966987  | 6.9830408736705221954e-05 |
372   | 0.0035652292056717340384  | 0.0063337777479959660176  | -0.0059426191075668873681 |
373   | 0.0076119466978952377706  | 0.0010951193958334314374  | -0.0080368099273838023572 |
374   | 0.0076504030665803862341  | 0.0098578537394007209604  | -0.010104305875850082622  |
375   | 0.0058074478016359306828  | 0.0017383849900960953241  | -0.011226504172938000722  |
376   | 0.0092571470350967643287  | 0.0039190833942230060907  | -0.00059175672062887518018 |
377   | 0.0098938398378706840508  | 0.0053808708408337449156  | -0.0050621082985972693652 |
378   | 0.0048324077165496385697  | 0.0092404685524871705421  | -0.0039761211402241621385 |
379   | 0.0084378805254575039302  | 0.0022759546747878299511  | 0.00027487236645842893015 |
380   | 0.0043929781816634694974  | 0.00036044669042949325187 | -0.010040684312199930212  |
381   | 0.0017990934631472469893  | 0.004537295567971123475   | -0.0061808821814328344241 |
382   | 0.0021298314772582702288  | 0.0070721465342762019138  | -0.0073982540212107006719 |
383   | 0.00014527689113074285601 | 0.0090497821254863376056  | -0.0067119926698631475481 |
384   | 0.0076846023449720114729  | 0.0054716398718924665751  | -0.0025520017146705201681 |
385   | 0.008237518287894700364   | 0.0019369993707560584622  | -0.0098191427761969447136 |
386   | 0.0078337766515198491157  | 0.0082810882385821807383  | -0.011156357835050244656  |
387   | 0.0053189275923391657677  | 0.0038445071295073558401  | -0.006317178648828239082  |
388   | 0.0073884140852938625169  | 0.005311447918463836626   | 0.0003498721408346338181  |
389   | 0.0067861448189480430906  | 0.0063191188011301651153  | -0.0039413927412300384448 |
390   | 0.0045409449668507633965  | 0.0012300540004419617448  | -0.0099277976335083416293 |
391   | 0.0055308171708171784825  | 0.004408266432692179923   | -0.0098593325222018062676 |
392   | 0.0052807173198059879915  | 0.0038457110886560771923  | -0.011624764713526816728  |
393   | 0.0067572333755114852641  | 0.0093359177542783992887  | -0.009185610357928981895  |
394   | 0.00088786611797782375843 | 0.0040483701562019809572  | -0.011411094780555481459  |
395   | 0.0066207391361110291828  | 0.0080988724300504674747  | -0.0072786683717454463485 |
396   | 0.007448920922217283809   | 0.0047595559532902318584  | -0.0065803850184243187216 |
397   | 0.003866869377554283619   | 0.0067699861587480888656  | 9.8759657129724598293e-05 |
398   | 0.0054159279823907217899  | 0.0068952194265291671949  | -0.0023762354155691580576 |
399   | 0.0029777911477343668722  | 0.0074877282605436213184  | -0.010334588366188088987  |
400   | 0.0008394658467101521462  | 0.0082398478690011330017  | -0.0026033136476378945963 |
401   | 0.0050706039466492545606  | 0.0048400752521342484819  | -0.010282860327156565297  |
402   | 0.0020984204830144532333  | 0.0016645558651317996033  | -0.00010084914712573228828 |
403   | 0.0046237043767178081718  | 0.0099963217558331086271  | -0.0030124828362362416311 |
404   | 0.0061480171172948868893  | 0.00036627425565248560111 | -0.0061032071332793235915 |
405   | 0.0094340201404859002493  | 0.0046439540975481531995  | -0.0096586345445168666352 |
406   | 0.0099195551506204258929  | 0.0061171897396045575926  | -0.0057750422032310016682 |
407   | 0.0096448269340996158061  | 0.0087898159056296418928  | -0.00073787927399610270338 |
408   | 0.0027239539489570187454  | 0.0078128258834805220517  | -0.0030431096131447242341 |
409   | 0.0038450867924429052956  | 0.0017410750551124433861  | -0.0076212615604310720435 |
410   | 0.0013830234022223057439  | 0.0028868112620200406249  | 0.000401077643010945388   |
411   | 0.0076872947288298817611  | 0.0039498122983386320384  | -0.0083176811378060568763 |
412   | 0.0038437788697954998994  | 0.00093557127177335940981 | -0.0074819136669425244032 |
413   | 0.002580366446786182006   | 0.006335900034554793267   | -0.011692120007334681764  |
414   | 0.0027398608900817984085  | 0.0014320899706213275574  | -0.010292067721240026265  |
415   | 0.0027634982283997206604  | 0.0094217119020534069451  | -0.0028245211955758276444 |
416   | 0.0051997359338806373522  | 0.0056615187820863114437  | 2.6421310234456301991e-05 |
417   | 0.0073686531546138861123  | 0.0022226593896710099621  | -0.0026337439648210043616 |
418   | 0.0074128211462744942467  | 0.0080940052894583926213  | -0.0055854359306199306487 |
419   | 0.0099687177779648888931  | 0.006754288156005862527   | -0.011318570082239933633  |
420   | 0.0064318460516493486043  | 0.0087580561098427635314  | -0.010081151716183820582  |
421   | 0.005797036820415852644   | 0.0093054580040574531169  | -3.7468997314501518991e-05 |
422   | 0.0024189434199521414257  | 0.0007050964912317312901  | 0.00040760807155854289572 |
423   | 0.0051133924142995751394  | 0.0077000127476888682865  | -0.0065942243825496717202 |
424   | 0.00038757749848079169801 | 0.0078192118007269321989  | -0.0018183906625594960065 |
425   | 0.0064045358680663837941  | 0.0041312845079704476475  | -0.010425168434231250197  |
426   | 0.0043325574959853256282  | 0.0094230685304917388007  | -0.00040076721846262191445 |
427   | 0.0066750453149611267342  | 0.0023278629859499458052  | 0.00061848949869313036339 |
428   | 0.008223410976286728985   | 0.0046963894449846112569  | -0.0094786216478077896241 |
429   | 0.0052455224687927726884  | 0.0037857837981006346555  | -0.0012780297797772379766 |
430   | 0.0019013811850742336641  | 0.00890646142159577138    | -0.0034617997237003437887 |
431   | 0.0069225551614741911641  | 0.0071668119363647465186  | -0.0020039912526186392204 |
432   | 0.0014814080680776455477  | 0.0055633793723609244533  | -0.0088073670477793238737 |
433   | 0.0026522744340593137034  | 0.005838032907095508893   | -0.0083140263180446847407 |
434   | 0.0025466395017798080895  | 0.0027119746082412874398  | -0.0062268233211232280888 |
435   | 0.009776298203985296642   | 0.0012195682190414330794  | -0.0014307271035375373949 |
436   | 0.0010476644249297834346  | 0.0079808060833298031383  | -0.0022258499400409190346 |
437   | 0.0056897819288537626603  | 0.0042274060309069553393  | -0.00091331858746809704928 |
438   | 0.0085082960867986969639  | 0.0035498593001890899924  | -0.0081052854186091129185 |
439   | 0.00057598267794509584293 | 0.0074729194794708542551  | -0.0039039009380636940753 |
440   | 0.0093547803820845688849  | 0.0042625021744746955862  | -0.00045905722840583956324 |
441   | 0.0017932935674441216958  | 0.0011861939607342435622  | -0.0035031325693555426942 |
442   | 0.0015295387835396554582  | 0.0027610913604880029694  | -0.00038094666894047159991 |
443   | 0.0036200759390024195988  | 0.008334746001627910128   | -0.0037900354514986724086 |
444   | 0.00050034514286138420235 | 0.00045854945706076796676 | -0.00748339778526205604   |
445   | 0.0072043207577104986794  | 0.0071043073046799147877  | -0.0031373297346728072979 |
446   | 0.0014235804907487094925  | 0.0084699799395181567252  | -0.0065118883207041042965 |
447   | 0.0038611182235688723714  | 0.0084996516784417962265  | -0.010782485557396840128  |
448   | 9.4260361660482020938e-05 | 0.0049524131110866764435  | -0.006545002078010226168  |
449   | 0.0062069788007679919939  | 0.0070203221788833168604  | -0.0038036120628744782453 |
450   | 0.0066533888303383793145  | 0.0039386800954825454402  | -0.001364719424648776127  |
451   | 0.00065660758768129872266 | 0.009733933486934987292   | -0.011640210298117239021  |
452   | 0.0081330721737725882037  | 0.008829792642713225892   | -0.0085874305438452033096 |
453   | 0.0058583444574088891152  | 0.0036898275256082445524  | -0.0089399647548660272217 |
454   | 0.0081435669187365066629  | 0.0066355212812321063068  | -0.006606351280307844534  |
455   | 0.0015769900741219389576  | 0.0062066594161089335552  | -0.0016538030345062551887 |
456   | 0.00086852839561785643002 | 0.0042830812033205906131  | 0.00088897273208343816769 |
457   | 0.0023625531727671572266  | 0.0052215480332289589821  | -0.001064574112504018677  |
458   | 0.0027533318432076646365  | 0.0092857211464281632501  | -0.0025808141454218419542 |
459   | 0.0055870060704305331972  | 0.0011003845409557355423  | -9.3892167467501713891e-05 |
460   | 0.0064031080626192034624  | 0.0087967682106418511323  | -0.0032571195028171938575 |
461   | 0.0030037723241495097905  | 0.004430324760949625601   | -0.0029174785641876300329 |
462   | 0.0037243680911153796004  | 0.0034270146248816038548  | -0.0045047388050978654297 |
463   | 0.0064586385223458307042  | 0.0039399467080259388194  | -0.0073306788317729545262 |
464   | 0.008452599074672500698   | 0.0011994854420779616118  | -0.0099761095296778956598 |
465   | 0.0092538206186682150228  | 0.00023039634589518991265 | -0.010430890182078626435  |
466   | 4.4080587829627528636e-05 | 0.0062396829112430279504  | -0.0029738904274633016014 |
467   | 0.0070280519418467399251  | 0.0045268952450893962247  | -0.007702216448201437346  |
468   | 0.0030847539720528995184  | 0.0071061288585913323299  | -0.0084444140981061715373 |
469   | 0.0054887239156606489054  | 0.0031197085791293136317  | -0.0074665948260837534944 |
470   | 0.0046553724498653902344  | 0.00039017614428453169587 | -0.0082376924730336482938 |
471   | 0.00087601978785734990578 | 0.0083437238154508656246  | -0.010887654170359719469  |
472   | 0.0054619310378342458834  | 0.0086075707118745091451  | -0.010861141349422910249  |
473   | 0.0068179357748804720815  | 0.0015528137394676942186  | -0.0074691366331586179009 |
474   | 0.0010339689104055162922  | 0.0018972044686392901258  | -0.0051516391084821845647 |
475   | 0.0049530708334050198641  | 0.0047241389627275254259  | -0.0087880528038913833383 |
476   | 0.0081195644473497276955  | 0.0085981519774197302797  | -0.0034878052069910558779 |
477   | 0.0080503149598877121046  | 0.0079546638728347236064  | -0.0018347897309941244709 |
478   | 5.2448716664007201589e-06 | 0.0080029167583203653785  | -0.011646383991918829795  |
479   | 0.0040685124307590792708  | 0.0025159444036879593555  | -0.0069445104065679738245 |
480   | 0.00021094909399929322852 | 0.0044525358192947670985  | -0.0044910684882845343033 |
481   | 0.003347335446205257966   | 0.007995434420229126718   | -0.0096933294619722821378 |
482   | 0.0044465821423770755458  | 0.0048318749216951575876  | -0.011180906636429515863  |
483   | 0.0057814242478543718604  | 0.003784867170184693947   | -0.010397269201397217261  |
484   | 0.0019822244767872285003  | 0.0061221090608326016874  | -0.0078386298744252888571 |
485   | 0.0012760332879019648401  | 0.0053008975493072868837  | -0.010240427642683552073  |
486   | 0.0010352962120113850131  | 0.0072278315695102198987  | -0.0024959450862011393901 |
487   | 0.0081280905656479687099  | 0.0050631058156535646911  | -0.0047915325640766684434 |
488   | 0.0087528394035797374428  | 0.0061076143666385744602  | -0.003768409668029589453  |
489   | 0.0042324737433521988569  | 0.0094589325846008362464  | -0.011418557555933525963  |
490   | 0.004713587814430513466   | 0.0086130553795406555179  | -0.0042316275468188245534 |
491   | 0.0035036879399997344214  | 0.002918464261677910631   | -0.0034583875083840759888 |
492   | 0.0073394064015078865418  | 0.0082420876331927104413  | -0.0052300893747256561525 |
493   | 0.0093959847226923014218  | 0.007108923527483448912   | -0.0043078875067272216423 |
494   | 0.0047366842127731243264  | 0.0046854819462736644817  | -0.011451399585930254962  |
495   | 0.0076394589869769446294  | 0.0081021022167125991698  | -0.0011471465769323529495 |
496   | 0.0087915714277645266861  | 0.0056767841366111848611  | -0.0071523185280356537871 |
497   | 0.0049665797818772916897  | 0.0050271083008957976115  | -0.0002718202439337697048 |
498   | 0.0052160594723977896092  | 0.00022400397110901586369 | -0.011622043917313916103  |
499   | 0.009385821607113251086   | 0.0051123198172470249792  | -0.0034169619867803974547 |
500   | 0.00049262001593493418179 | 0.00030946156167138423165 | 0.00083440347625456535302 |
501   | 0.0045878612145181510082  | 0.0038768284598031852416  | -0.0092540231124425432335 |
502   | 0.005520115528849012243   | 0.0052805724172109123893  | -0.0064037425868099916854 |
503   | 0.0012512111069458160383  | 0.0026790254035480086207  | -0.0037372155729216965242 |
504   | 0.0022240421273815630561  | 0.0033401211112034103444  | -0.0083167457613898508606 |
505   | 0.0070484656770620195826  | 0.0076111518552560014639  | -0.011037662332468362036  |
506   | 0.0036404638023169555265  | 0.0022672367099814596386  | -0.0060572025764233788925 |
507   | 0.0089401725141334924263  | 0.0037490960982371149962  | -0.0014276898601685739532 |
508   | 0.0045719164045183698433  | 0.0017264132098165150663  | -0.0082871366406808682353 |
509   | 0.0013876649878776891982  | 0.0030338623493616186447  | -0.011696132055495885374  |
510   | 0.0076762375292628842044  | 0.0084654407808569913374  | -0.0016960968130838871299 |
511   | 0.002306231289826103821   | 0.0029265453381639716657  | -0.0098688496222581623823 |
512   | 0.0074049236594283130569  | 0.0097605883092612543556  | -0.0099894258968687543038 |
513   | 0.0056367357102021127535  | 0.0032267051778279804905  | -0.0090482876551936097798 |
514   | 0.0069425114798373479749  | 0.0016107661297596975822  | -0.0003429957371648444304 |
515   | 0.0076383219055426807703  | 0.0056442677054846200624  | -0.0042423898230203923448 |
516   | 0.0042663679051833805836  | 0.0010356852849487368628  | -0.00044037962313119716077 |
517   | 0.007510047472741580854   | 0.0055428775532020317998  | -0.0079788475219831882929 |
518   | 0.0032575046831983698811  | 0.0029209382982613905054  | -0.0047668583296530267837 |
519   | 0.0019498531217437325893  | 0.0036604758747477666829  | -0.0093840325045965854861 |
520   | 0.0028363715687162375893  | 0.0033418785122609319729  | -0.010242270225621220858  |
521   | 0.0042746671032152933067  | 0.0059150117202799706168  | -0.0029420512204286182814 |
522   | 0.0029153968210963829462  | 0.0034835598607128783616  | -0.002124855077668428259  |
523   | 0.0015076387845626617462  | 0.0083961732668025937376  | -0.003517715451172354936  |
524   | 0.0087760024962307853907  | 0.0012710438066132598214  | -0.0049929932941057339479 |
525   | 0.0034100263348484263597  | 0.00058309068798886344587 | -0.011413282513343520758  |
526   | 0.00032106849282288513116 | 0.0055562876036868054375  | -0.002075190542322240695  |
527   | 0.0092043869771651510431  | 0.005339240230477403093   | -0.0029064819013611435314 |
528   | 0.0087580223075890591133  | 0.0023499719447476205905  | -0.0043189644699177078338 |
529   | 0.0066970896499619061645  | 0.0056829526493466508974  | -0.0067941953382687023805 |
530   | 0.0034225212542151042458  | 0.0065887750699838501522  | -0.00059104978600028900988 |
531   | 0.003776408451869372844   | 0.0039962166064855470307  | -0.0062840677057156560034 |
532   | 0.0047746771113914088583  | 0.0037175242800480657289  | 0.00054000894543957105726 |
533   | 0.00028264911336751507957 | 0.0057294778659554837161  | -0.0025337733223588496979 |
534   | 0.0022972611447421419778  | 0.0040561993317057504563  | -0.003947733575087509876  |
535   | 0.00040151716317350562985 | 0.0084977403922600249636  | -0.0085189124591900332317 |
536   | 0.00018170626373199491328 | 0.00015584858877477290309 | -0.00065493082915817632875 |
537   | 0.0022661592043704079785  | 0.0042002266453520188325  | -0.0035296452713628250972 |
538   | 0.0085685452204662098524  | 0.0016562368890465626638  | -0.011613468887369030741  |
539   | 0.009252542022174051542   | 0.0060414730969661463791  | -0.0010285861997547983762 |
540   | 0.0048278955230801230691  | 0.0060476801971983034159  | -0.0070280604781229639999 |
541   | 0.0017450762201826428704  | 0.00048200064721236042607 | -0.0048843107657365611787 |
542   | 0.0064657946368950241015  | 0.0027266904753022232905  | -0.0028042285466156925688 |
543   | 0.0078939056211159239901  | 0.0061083518412520711877  | -0.0019317231911564810426 |
544   | 0.0045229859167509245052  | 0.0035656107909038956341  | -0.008632218116785281628  |
545   | 0.0083500048435348091236  | 0.0085617805371282044991  | -0.0061704396467053678615 |
546   | 9.76334779571806611e-05   | 0.0081204490741473740745  | -0.0096662026281137021499 |
547   | 0.0030877920154210127847  | 0.0035114347869971643951  | -0.00074566482131228027912 |
548   | 0.0040860984196509344754  | 0.0030630504066456944352  | -0.0096286040177964021813 |
549   | 0.00077751061407457843291 | 0.0085888485011993004337  | -0.010419097500148149019  |
550   | 0.0035022693460061331619  | 0.0041325067173406818469  | -0.0025292840526315732777 |
551   | 0.0062964771493194205201  | 0.0023850032076352676094  | -0.0094962632648089660009 |
552   | 0.0048471691115278730047  | 0.0054811794903807352364  | -0.0046719199345090361986 |
553   | 0.0031110914186516787187  | 0.0049590153180567898838  | -0.0063089595524426396456 |
554   | 0.0017110693651597687001  | 0.0089125660139588377961  | -0.0058946389774429874472 |
555   | 0.0070030815916337068455  | 0.003537353081631602978   | -0.00086446010408134082298 |
556   | 0.0032441909633047754519  | 0.0078178652641088513392  | -0.0021403887138800909047 |
557   | 0.0054977201048668402489  | 0.0054150820869547540426  | -0.009695472218397328118  |
558   | 0.0027586395611635845804  | 0.0058026147886515557286  | 0.00078880778829558666904 |
559   | 0.0070576560362702054144  | 0.0010812175631170098215  | 9.8590208845024786613e-05 |
560   | 0.0054963539205371289911  | 0.0036331049728061453816  | -0.0083954040782122530545 |
561   | 0.00058416984804459976422 | 0.0061517188417190993982  | 0.00050475436725204707745 |
562   | 0.0044892793507150582227  | 0.0070607561445660401919  | -0.00093340362351954011145 |
563   | 0.007091932665939402157   | 0.0043683458100451794115  | -0.0060986496940805164091 |
564   | 0.0047418292345001973945  | 0.0072415766278119348201  | -0.008763739340299163405  |
565   | 0.0071897043373323641854  | 0.0049352787703881356371  | -0.011370708530200146144  |
566   | 0.0042117655928885205235  | 0.0089764455532495689843  | -0.0096829775788732988517 |
567   | 0.008845099877185751483   | 0.00094472173716032630756 | -0.00098238051176985819075 |
568   | 0.0070846713363295942337  | 0.0011426860544360469951  | -0.011718497168094253388  |
569   | 0.0048960960648486862717  | 0.0039226840712388074545  | -0.0076550273120173503369 |
570   | 0.0062611017091520450653  | 0.009808887316704340345   | -0.0008630068244418864342 |
571   | 0.0097823815717369960038  | 0.0065157103359480559104  | -0.010854135801406129824  |
572   | 0.0042128268699533049507  | 0.00026222359632222002387 | -0.0015652290196659060691 |
573   | 0.00094962935890443287736 | 0.0069131303190161077707  | -0.0029162047713734776111 |
574   | 0.0066319818836008950433  | 0.0090457416735848141659  | -0.0036437699399171552192 |
575   | 0.0050574241110060962762  | 0.00030346379567563547741 | -0.0084651600542376987529 |
576   | 0.0059278007043608452534  | 0.0027099022793256304781  | -0.0025533330175682733033 |
577   | 0.0024779509177616531636  | 0.007989420112990447409   | -0.0099391828942580820461 |
578   | 0.003497658795933817396   | 0.0074149887026845311827  | -0.0040016102381373562513 |
579   | 0.0048688920194110358111  | 0.00043674466831562086663 | -0.007320112156228813019  |
580   | 0.006422520549497851873   | 0.0024910207690547934122  | -0.0065239869449785553232 |
581   | 0.0080524204071353005369  | 0.0070012050418136202029  | -0.0029890183604449277813 |
582   | 0.0041620193139425337367  | 0.0072989496023742692771  | 7.2063766042326663028e-05 |
583   | 0.0092601312522308382169  | 0.0077112884405915790159  | -0.0054082401376125167902 |
584   | 0.0053453991040703346255  | 0.0087290559943157559203  | -0.0093686667814240499191 |
585   | 0.0035357857174326411294  | 0.0025348989726140000282  | -0.0045759781504387062739 |
586   | 0.0076556267188766981974  | 0.0088888599552345570753  | -0.0067418836467277214533 |
587   | 0.0018177014254549509094  | 0.0033788406312925452907  | -0.0081746161388685147781 |
588   | 0.0082224395117889269996  | 0.0041043443854049520975  | -0.0084895713452400080323 |
589   | 0.0035147899353752277279  | 0.0070475195426434825846  | -0.0050717941878346099738 |
590   | 0.0003367213956113482092  | 0.0092915730548330400379  | -0.0041573137587869336135 |
591   | 0.0030183506545128470713  | 0.0033652788107123980145  | -0.0024886190175507768782 |
592   | 0.0030944740056199791442  | 0.00072428450121314364059 | -0.0098613837488333959402 |
593   | 0.0081389040633362118998  | 0.0081284413946786406024  | -0.0080622980465398647043 |
594   | 0.0093511126531417090857  | 0.0072868031824803525601  | -0.0011401017616509197695 |
595   | 0.0024927196614831794406  | 0.0079974074706350602171  | -0.0029831076692895235752 |
596   | 0.0099948122139871340558  | 0.0075546243900406935545  | -0.0066826891802624320549 |
597   | 0.0028725992155134391116  | 0.0080190307182298140726  | -0.0067831037260997961366 |
598   | 0.0043362630733855406229  | 0.0044768308198772375009  | -0.007371394313497141304  |
599   | 0.00014001045877886573706 | 0.0069839947445267027554  | -0.0011249648054958421173 |
600   | 0.0011761875595928444806  | 0.0014741196340943914407  | -0.0081654374334072261227 |
601   | 0.001572887516979725982   | 0.00096085144368557252794 | -0.0089484347539622536433 |
602   | 0.0065745296112012579712  | 0.0062854163543368032213  | -0.0064955886736557232747 |
603   | 0.0025221013806169287168  | 0.0024748355202164071601  | -0.006945667111028360971  |
604   | 0.0092639792026846471545  | 0.007751186085588480934   | -0.0099586476710203583607 |
605   | 0.0070403524764754716464  | 0.0075275064935630487187  | -0.0077339166363306760532 |
606   | 0.0089256730104431310224  | 0.0023989416182679376352  | -0.0095016162220843605052 |
607   | 0.0017476113025228403718  | 0.00077704059558162666063 | -0.011132920357213872339  |
608   | 0.0040417712410207046886  | 0.0069585512499623514843  | -0.0018717605092426583321 |
609   | 0.00038476777814687652176 | 0.0001275507091402877343  | -0.0050508132484268219997 |
610   | 0.00053991120258750386219 | 0.00200196057185205974    | -0.011501483963836614532  |
611   | 0.0047971793508805584891  | 0.005691288190016920677   | -0.0070847694174075203158 |
612   | 0.0047583444687848818616  | 0.0085617655899049380924  | 0.00025442906016279621256 |
613   | 0.0065928836303639215544  | 0.0096895485862265335469  | -0.00809492356639127629   |
614   | 0.0046423131851101853348  | 0.0030385001685369413156  | -0.0097145062200618744613 |
615   | 0.0011717008653745781144  | 0.0089112556586767917993  | -0.0014299757439823173721 |
616   | 0.0092848538684017576511  | 0.0038648333245795869761  | -0.00066241456808656742905 |
617   | 0.0065619792164554793107  | 0.0030804756582601517355  | -0.001233007315888322384  |
618   | 0.0021896993550508643891  | 0.0070216937069183527065  | -0.0035415606060478247927 |
619   | 0.0020980204483201894856  | 0.0086007792128380156776  | -0.0018010525245104225429 |
620   | 0.0077316494376215997089  | 0.0040118888022676714791  | -0.0022367143576348369992 |
621   | 0.0044098948303750900093  | 0.0057994835167573558984  | -0.0083539291514675741157 |
622   | 0.0020010451182865484319  | 0.0090016379701882889147  | -0.0086801838529965130026 |
623   | 0.0031217718552906509842  | 0.0027741523090127877954  | -0.0052525984980583782097 |
624   | 0.00014274669964472148985 | 0.0053160976810276263163  | -0.0014545250139430165783 |
625   | 0.0067218075364668906577  | 0.0058374521104937572916  | -0.0055791246453612821851 |
626   | 0.0016339848495244048161  | 0.00028734000698979597285 | -0.0016941989223980716099 |
627   | 0.0054680245263735525324  | 0.0095076980365680421881  | -0.0080357174180061691215 |
628   | 0.0070378382405004097713  | 0.0082453705363582374677  | 0.00047419426573704504674 |
629   | 0.0075359993832013819071  | 0.0067571105653675090849  | -0.0066262015642505802532 |
630   | 0.0061383470456893816924  | 0.0094467622179019439255  | -0.0049707263046506033194 |
631   | 0.0088837867435402704391  | 0.0051868093257343844682  | -0.0055798434704534514983 |
632   | 0.0052928058648884094076  | 0.0069803197834703168551  | -0.0092526380579134662185 |
633   | 0.0049426259171565477268  | 0.0018467817359664963264  | -0.0045645729820223994097 |
634   | 0.0036304391825974402681  | 0.0038977169604900705792  | -0.0017727506171944292651 |
635   | 0.0015180619773958463521  | 0.0026551989378457924521  | -0.0019055059617677577114 |
636   | 0.00075319366028742790707 | 0.0071493112784617295768  | -0.0038794553625619491825 |
637   | 0.0062050353457959615475  | 0.0027300248916910145949  | -0.011748383493307701375  |
638   | 0.00010480074024221725404 | 0.0025540744556869967447  | -0.0080844046301515141983 |
639   | 0.0070975384915691495588  | 0.0023066643633893684461  | -0.0054424812583318740028 |
640   | 0.0031069304649751815564  | 0.00049178966372615830725 | -0.0028237678972748273855 |
641   | 0.0058715818140772533737  | 0.0079143621468520334444  | -0.0024979911623846380413 |
642   | 0.00091466515118838944299 | 0.0087542807593376740366  | -0.0018543284515131087248 |
643   | 0.0089558497568670396294  | 0.0059924447766042587479  | -0.00027191644622621448379 |
644   | 0.0054143849813297452792  | 0.0093199634941482194239  | -0.008904800237876745253  |
645   | 0.0034663766428193803701  | 0.009379271648467952735   | 0.00085955940766803146796 |
646   | 0.002302394017522582919   | 0.0018502107661493708609  | -0.003187921676165057349  |
647   | 0.004927280139982876013   | 0.0037973859691037628594  | -0.0072795861025329372182 |
648   | 0.0040852966364013192091  | 0.0062587718972649687005  | -0.0080879857926987111516 |
649   | 0.0043334552258936795757  | 0.0061161075551086621291  | -0.00066362346738552688633 |
650   | 0.0033963841710489277477  | 0.0081391884902360014248  | -0.0019488946291859484111 |
651   | 0.0046644795546995684171  | 0.0065899001266992154532  | -0.002388883348712151234  |
652   | 0.0025962931152233026388  | 0.0057561716713086640701  | -0.0049309867074326810613 |
653   | 0.0064775044504648783203  | 0.0047963656634162771253  | -0.00026017676847834067923 |
654   | 0.005611046605049537124   | 0.0080418397355215415212  | -0.0032227822534380201266 |
655   | 0.0051260444113681961908  | 0.0047603798556243989357  | 0.00021928677372236939124 |
656   | 0.0027871611001698292677  | 0.0028838822349091962002  | 0.00034808170592298594975 |
657   | 0.0081730606381312416453  | 0.0091952714916170522758  | -0.0058915079399836168053 |
658   | 0.0056254967713836182344  | 0.0083825393786923548672  | -0.0033041753502385676558 |
659   | 0.0081603276239988371821  | 0.0045057463749731624728  | -0.0052947649655600281804 |
660   | 0.0064033777944503701002  | 0.0016314627607200917099  | -0.0082694881291307219262 |
661   | 0.0010896046813825136564  | 0.0042190912463867429397  | -0.0048482682303152288897 |
662   | 0.004326949420259055927   | 0.008129133753461437531   | -0.0003586082333626531009 |
663   | 0.0077381546968914773771  | 0.0019623604749709382469  | -0.0075015105941994468866 |
664   | 0.0044365631887278590001  | 0.0026595587808213973571  | -0.0031099947079668288641 |
665   | 0.0022015464452069003973  | 0.0057022044986110125009  | -0.00078508026835516649643 |
666   | 0.0062655769298575140352  | 0.00094736920522285074635 | -0.0074993695265573563982 |
667   | 0.008400316824469707469   | 0.0020681301374815695866  | -0.0045677029301616082005 |
668   | 0.0055286634744421943657  | 0.0016936315869268330023  | -0.0022562298572049483032 |
669   | 0.0091529793321294961039  | 0.0024802631716891931565  | -0.0078993164807157328217 |
670   | 0.0020447315027160390885  | 0.0059179048071750393542  | -0.0033834862555545686114 |
671   | 0.0021795449181866185899  | 0.007933609609444759736   | -0.008195083123628656499  |
672   | 0.0098875965118135466375  | 0.0058391478829738765674  | -0.0056938490476519301037 |
673   | 0.0080537954817278753494  | 0.0049179538826124979262  | -0.011039622185972439508  |
674   | 0.0072721253789062873657  | 0.002446835995170596606   | -0.0052342679128322706222 |
675   | 0.0025607511387684576618  | 0.0040318549383371047115  | -0.0096385470232475799895 |
676   | 0.0023946034841054570329  | 0.0099120259113047188421  | -0.00095173642811875508365 |
677   | 0.0062529889010552947362  | 0.0027907039800643498352  | -0.0068409147618722319917 |
678   | 0.0023991666618426422085  | 0.0029227934618427354151  | -0.00059338733227400465922 |
679   | 0.0039052273644650131214  | 0.00747610559561799181    | -0.0028769418109880818581 |
680   | 0.0015859541229189583113  | 0.0068450238112644492747  | -0.006438152214810670057  |
681   | 0.0040245723117257412721  | 0.0014082956043865353397  | -0.002573774825148721513  |
682   | 0.0012818649473152138665  | 0.00086906430004553248628 | -0.005668171666121831799  |
683   | 0.0044803418753038091321  | 0.005360907814379702388   | -0.0014891118939435103556 |
684   | 0.00062596545120644061979 | 0.0019855592985895185835  | -0.0085058079506778894868 |
685   | 0.0059403419150679944924  | 0.0016995703727161889322  | -0.010072931431143086756  |
686   | 0.005284964547961943683   | 0.0037919572292515529507  | -0.0086324203437557322366 |
687   | 0.008009219364929560242   | 0.0048767376305456642052  | -0.004123492423681487766  |
688   | 0.0036248031355911166859  | 0.0071836845020265445438  | -0.0029070883284060254105 |
689   | 0.0049485497713339767281  | 0.0066589544940968536241  | -0.00090664226136068367615 |
690   | 0.0062981452989314306093  | 0.0067202042925726670694  | -0.005003022402351369434  |
691   | 0.0077817394926690220888  | 0.0044650860920815863345  | -0.0051072198398958920662 |
692   | 0.0070272009126795698802  | 0.0082331007524896870214  | -0.0067838743777555035944 |
693   | 0.0075858298216924220994  | 0.0037640835858998040325  | -0.0077933829608260469374 |
694   | 0.0077273997960164821433  | 0.0093875098207208216433  | -0.0057904412603462821971 |
695   | 0.0047740090239657704055  | 0.0082401969137245664743  | -0.010081052292404966628  |
696   | 0.0020571698017666636624  | 0.0025846468076910385225  | -0.0076221072155006194468 |
697   | 0.0063466076565934174264  | 0.0045166600124801007526  | -0.0077598734147994565327 |
698   | 0.0019171941916523462229  | 0.0088100644266428419782  | -0.007434413147291377838  |
699   | 0.0079684638103735480619  | 0.0010321665963143992779  | -0.0058154857047399586764 |
700   | 0.0058529790116291224855  | 0.0019192028622544031382  | -0.0026324983983969461182 |
701   | 0.00502308711751220556    | 0.0061830998414177827313  | -0.0089811750831852391747 |
702   | 0.0054057619842771036447  | 0.0068222514190876418563  | -0.0076161332739633587005 |
703   | 0.0040904355233046347726  | 0.0055176642663408758185  | -0.0093091384739735841269 |
704   | 0.0028181523461585510255  | 0.0089259314804394779275  | -0.0038933895939265942415 |
705   | 0.002572590419456600129   | 0.0091587646153645421027  | -0.0015780699877057252373 |
706   | 0.00095224142860401517294 | 0.0083051817324816829685  | -0.010139482080709839862  |
707   | 0.0015448299978543464112  | 0.0082171640311704784165  | -0.010377593258575094556  |
708   | 0.007061247961255006679   | 0.0044526238678170076621  | -0.0036327643465285633546 |
709   | 0.0046186638324360448568  | 0.001987063262743089722   | -0.0069459258645261636941 |
710   | 0.0057797617465056693592  | 0.009178979193585708532   | -0.0057657108857603949978 |
711   | 0.00063436246872369871173 | 0.007103913072607602984   | -0.0067605960406616092892 |
712   | 0.0045495633184675669455  | 0.0051477424226646084637  | -0.010164937893645763917  |
713   | 0.00084582446541301261125 | 0.0060259983731041008581  | -0.0084946902481609926766 |
714   | 0.0011305043525424748711  | 0.0054125078705410493984  | -0.010418435503349740556  |
715   | 0.0046545286932807225511  | 0.009084966046159452871   | -0.0085171323813611928    |
716   | 0.00014045929450417135305 | 0.0075429175287533116456  | -0.0065375614497295590419 |
717   | 0.0028772797395443926866  | 0.0089447397885595806427  | -0.0032199129701166394855 |
718   | 0.0043948324272696445703  | 0.0069333824743923692241  | -0.0057076108828768481324 |
719   | 0.0092711771758226362017  | 0.0042017418384003987417  | -0.010001824842104449845  |
720   | 0.0066616428432204758195  | 0.0078543192498978457033  | -0.011540140548108840379  |
721   | 0.0069285264396024663636  | 0.0048825318926547563864  | -0.0060677693024102953567 |
722   | 0.0021323851269823335987  | 0.0067208824305278651659  | -0.0023304672447220999183 |
723   | 0.0042168211363149835438  | 0.0049024749726924807952  | -0.003905823067497015029  |
724   | 0.0073266101565266847362  | 0.0054312587051608702399  | -0.0062691033983976940033 |
725   | 0.008786853896869700753   | 0.0063538952226534616691  | -0.0043896346630438835834 |
726   | 0.0030646328443767415634  | 0.0071080771940331124656  | -0.0044328898362929391661 |
727   | 0.0033221988499338855894  | 0.0030267945454547566346  | -0.00392435449652800937   |
728   | 0.0049582388002024678844  | 0.00058100478931578610799 | -0.00094206696292158434956 |
729   | 0.0099270167317298992071  | 0.0063082235016650861636  | -0.0065012685165106902721 |
730   | 0.0084630565616964081865  | 0.0028382573324330366733  | -0.0011287130808653334652 |
731   | 0.0058307457261890542274  | 0.0018397896857807476047  | -0.0053447656030543274144 |
732   | 0.0043253225745294807819  | 0.0098786329468141999971  | -0.011561004360013827502  |
733   | 0.0080415940492280686691  | 0.0084415888476474156693  | -0.0059749438752234856204 |
734   | 0.0050947505785146566387  | 0.0043837348725464372542  | -0.0062866665666996687442 |
735   | 0.0045922322610938799345  | 0.00031365690678730924219 | -0.0024657154252672956046 |
736   | 0.0093436080644288960206  | 0.00029377151161717496601 | -0.00018960065795928289652 |
737   | 0.0061299061430178537063  | 0.0080088941299981952771  | -0.0042201282584763497724 |
738   | 0.0023058994682298135717  | 0.007282079292354010254   | -0.0079151552020197152998 |
739   | 0.0071274198865243585527  | 0.00080948883453649418934 | -0.010805336550753804128  |
740   | 0.006613739974377710884   | 0.003359620526169057337   | -0.0090879106188133836064 |
741   | 0.001757577867006041147   | 0.0068766744927592085915  | -0.00099246845451310037288 |
742   | 0.00081858080796620464204 | 0.004655904736478757959   | -0.00053146717799873411867 |
743   | 0.0035835136062230257478  | 0.0047285601491859020548  | -0.010213264528976860254  |
744   | 0.0089295295775867686294  | 0.0049822947515636246615  | -0.0063868830761229103757 |
745   | 0.0016834477747050555566  | 0.0064527334235995508285  | -0.0072048045940657362562 |
746   | 0.0068275281270487086019  | 0.0036338398618211455171  | -0.0014505925383589111672 |
747   | 0.0045851349454284137663  | 0.00058537050557375461517 | -0.0040980111549137670721 |
748   | 0.0086159026115046923044  | 0.0031773728133234549476  | -0.0069210617897240041263 |
749   | 0.0099607960352465114984  | 0.0041450234290236120591  | -0.0081174244155671707729 |
750   | 0.0080818892344314361559  | 0.0019187900344834639063  | -0.0018640959053401620713 |
751   | 0.0045174678070456870602  | 0.0067572760617619961193  | 0.00092053585195242613581 |
752   | 0.0020387976118684627592  | 0.0086943267372393984865  | -0.0058769796791343425699 |
753   | 0.0073664990066510029759  | 0.0089693393957853539272  | -0.0022853403290231657716 |
754   | 0.0059963918578863680681  | 0.0080357055840253495405  | -0.0028367556551784820461 |
755   | 0.0013745024192162501406  | 0.0081071676800013991321  | -0.0043327688612578756436 |
756   | 0.0084928493289354572288  | 0.009115537389922896      | -0.003124498382864456577  |
757   | 0.0063887589583266702134  | 0.0044053835353632620972  | -0.0072721791925236551474 |
758   | 0.0030968609022625462508  | 0.0023412250341749499261  | -0.0073370397870563376988 |
759   | 0.0042227976977239102541  | 0.0099549155312637759713  | -0.0042660035190778232417 |
760   | 0.0015502950755702422665  | 0.0096054299269752816542  | -0.0051748090670888724843 |
761   | 0.003372691694441914273   | 0.0088403783163279372331  | -0.0082918686124020379163 |
762   | 0.0079111735379875890162  | 0.0037775395297609411747  | -0.0051940497021130925537 |
763   | 0.0081480363734990294416  | 0.003997541880820855778   | -0.0050318668258699742607 |
764   | 0.0065085647081953162951  | 0.0050505037148869617175  | -0.0061124578006048358586 |
765   | 0.0019878166418777860544  | 0.0050152737442865618495  | -0.0039781226348621677794 |
766   | 0.0077218215207213170004  | 0.0068533784790430710837  | -0.010508591200095269633  |
767   | 0.0052937913511252572898  | 0.0020779304685342309122  | -0.0069434982487998966882 |
768   | 0.0035996611006867277119  | 0.00052463768463124893504 | -0.0078855442453929155966 |
769   | 0.0014514029850142176181  | 0.0056434024734779405022  | -0.0040020908397903421153 |
770   | 0.0010392212422756568965  | 0.0089084815954566486107  | -0.0014245774946647445005 |
771   | 0.0071770089701548491629  | 0.0062376388119097401705  | -0.0026821850785833339752 |
772   | 0.0029406595356389962463  | 0.0094751735596958781144  | -0.010581422023330934457  |
773   | 0.00051647327668593971672 | 0.0018895264632940575109  | -0.0024740576599390877444 |
774   | 0.0076235937272887688287  | 0.0088997168112972830506  | -0.0073911864733499105934 |
775   | 0.0085174058613086498642  | 0.0040904975703415433208  | -0.0057694484765825832309 |
776   | 0.0032463803115991918605  | 0.0056564096354957075358  | -0.0079142937781642806044 |
777   | 0.0086341972817323957984  | 0.0051939068865574315043  | -0.0014208716356315395733 |
778   | 0.001961177646950858916   | 0.00010589927471819095522 | -0.00063065745655166535917 |
779   | 0.0049256640156531217647  | 0.0043306733447773942958  | -0.0023753536680641462904 |
780   | 0.0077659509587173084291  | 0.0061943892044908719502  | -0.0079959192333642886003 |
781   | 0.0020968721060790358052  | 0.0033323639824296130002  | -0.0014505004781738069404 |
782   | 0.0016870625101084693771  | 0.003228295723126863026   | -0.0093666449981711676076 |
783   | 0.002991140511204741937   | 0.0056066255347486885358  | -0.0014263670359799611974 |
784   | 0.0082674697931414339869  | 0.0037239248347967347612  | -0.0076888869792905260858 |
785   | 0.0014375930609588803352  | 0.0006116518351983499897  | -0.0063553807720685634788 |
786   | 0.0041102921402445223575  | 0.0064900729418778347821  | -0.0040375528308343108796 |
787   | 0.0026234894895104071515  | 0.0011291269136212997524  | -0.00027537746672172039699 |
788   | 0.00082899601583642009567 | 0.0060900384524696839911  | -0.0078564684254280973963 |
789   | 0.0053391971412216051099  | 0.0052590815212610140389  | -0.0091821891488762120287 |
790   | 0.0049112717500598059711  | 0.0042158383223293094746  | -0.0059613771365277625283 |
791   | 0.0012735694514141716709  | 0.0091087715430571720293  | -0.0094166316956518503201 |
792   | 0.0032626728460980968481  | 0.0022670809280978618944  | -0.0026053008204786148004 |
793   | 0.0061942304333764929003  | 0.0015795338094622302528  | -0.00083366567641643993074 |
794   | 0.0094111317329122270992  | 0.0061165707159428310546  | -0.011735660870888698151  |
795   | 0.0041709730757228478254  | 0.0070108386097912679669  | -0.0064412470194830876574 |
796   | 0.0046585687994978438806  | 0.0067322155545760185152  | -0.0014129696860818558544 |
797   | 0.0019664156773904419191  | 0.0066804441459052798374  | -0.0063125162531327775467 |
798   | 0.0029705250931874524478  | 0.0005332126138689240397  | -0.00057470381824466351597 |
799   | 0.0069896809328074327103  | 0.0024002491293658016237  | -0.0096245608666631291689 |
800   | 0.0070057778622580378983  | 0.0080311677141144070108  | -0.0046800021152686426679 |
801   | 1.6421946107982099888e-05 | 0.0020419740451503684726  | -0.0012875622886321734083 |
802   | 0.0031117093628215638547  | 0.009531673031336075283   | -0.004628756587351384906  |
803   | 0.0079196811900446879157  | 0.0083672945501754719677  | -0.002576246914933535536  |
804   | 0.00090391310939373962184 | 0.0039800947170675685105  | -0.0094730929425749423739 |
805   | 0.0028574311208264201699  | 0.0040527671953511914746  | -0.0051520298309068188539 |
806   | 0.0024040975071971436641  | 0.0038980886419400888332  | -0.0016031220633334268381 |
807   | 0.0019582204488115765445  | 0.008204670524282139249   | -0.00081990453967353382324 |
808   | 8.7816228316346610339e-05 | 0.0021731366305244655297  | -0.0098068741463921971224 |
809   | 0.0031023686892569946744  | 0.0041828643446430741754  | -0.0067680817701787424068 |
810   | 0.0070227903939404220587  | 0.0035204299259674232299  | -0.00092779000409015449039 |
811   | 0.0075156544316351539189  | 0.0027177988041006450118  | -0.011268463592710978652  |
812   | 0.0083723565199250570695  | 0.0049585234554165857901  | -0.0088370952400891149281 |
813   | 0.0062740889864164933395  | 0.0046628771786132536953  | -0.0026943633499168107709 |
814   | 0.0045136880524092315436  | 0.0075043805416390935506  | -0.007868920229151003462  |
815   | 0.004193890030398283314   | 0.0036054192139645625456  | -0.0075609814962642289682 |
816   | 0.0032393365672201144059  | 0.0041134399964855702589  | -0.0075842578210023429974 |
817   | 0.0090548258275911109455  | 0.0015095181895496692041  | -0.001651629186736901277  |
818   | 0.0076745974038947813514  | 0.0053223187858151641688  | -0.0018803383314916492959 |
819   | 0.0033550947543034468322  | 0.0059313749337440513712  | -0.0037145726280551332604 |
820   | 8.4088988074082593829e-05 | 0.0015272518609096106135  | -0.0046650682643272749911 |
821   | 0.0066220644019724635501  | 0.009557055512548519316   | -0.0023091215573942643416 |
822   | 0.0023368462038939603713  | 0.0066443131815454217065  | -0.0039926508485510639815 |
823   | 0.0032872120065829796808  | 0.0026259360623250614999  | -0.010751164903110373497  |
824   | 0.0058938666581668016503  | 0.0016908003874441205217  | -0.0064174917894857415324 |
825   | 0.0064560268444708128477  | 0.0056249636934356328846  | -0.0079422066984092837966 |
826   | 0.0076826037777157178688  | 0.006899405923395116394   | -0.0076104243111737267247 |
827   | 0.0090300895810305585598  | 0.0073837210278435358446  | -0.00055669968595475753138 |
828   | 0.00013244963231434306187 | 0.0050249740910072327599  | -0.0075954058942778630847 |
829   | 0.0012356540928827345824  | 0.0073533843674013325831  | -0.0030731845422125683188 |
830   | 0.0028050363282087400346  | 0.0039459209896311690097  | -0.00086229388765153634593 |
831   | 0.0039094007007950985419  | 0.0076026516353912528337  | -8.4577402768399578543e-05 |
832   | 0.0054662686237672911127  | 0.0023157448666273968037  | -0.0038129429850693578354 |
833   | 0.0090511771501386173444  | 0.0048467726820578945976  | -0.0023636874457963513892 |
834   | 0.0047344741935202942079  | 0.0079156989216160062589  | -0.0096339257123559604579 |
835   | 0.0075044121960081353051  | 0.0094599346817771812895  | -0.0071203368888671791925 |
836   | 0.0098815585269484036701  | 0.0011075641725207328436  | -0.003793212633908700504  |
837   | 0.0081029546087327906229  | 0.002684780188074749243   | -0.0031223870718815071625 |
838   | 0.0065940972773896339848  | 0.0013469444832982576266  | -0.0087512189523597377905 |
839   | 0.0067357900014465860866  | 0.0026998060672096474769  | -0.00080447788234978628245 |
840   | 0.0092294725827364431509  | 0.00051555572883357238517 | -0.0033097760193167404322 |
841   | 0.0064112516739624654527  | 0.0011619582880395809468  | 0.00075670721536084657819 |
842   | 0.0028869304527484006273  | 0.0065690316970492311846  | -0.00082373095946982526159 |
843   | 0.0065880384768495173914  | 0.0073558292522045466699  | -0.0074548437703751708333 |
844   | 0.003829185800576145448   | 0.0012339002277640851672  | -0.0053690589490817302101 |
845   | 0.0096433158655049519559  | 0.0025023052644210382577  | 0.00034300214953486563019 |
846   | 0.0086274532257796607976  | 0.0022859883506392525247  | -0.0026333838232805210043 |
847   | 0.0092610004426339313788  | 0.0074756816966748511344  | -0.0038982574151695710551 |
848   | 0.004375868999820396385   | 0.0015371446096337022975  | 0.00010985681782492990178 |
849   | 0.0062904895099582100113  | 0.0051409466853308246129  | 0.0003277488186945363112  |
850   | 0.0040884039514438585972  | 0.0035766583105931522464  | -0.0046623141407346833237 |
851   | 0.0050205285986078193594  | 0.0067511022064480896709  | -0.0095944228113612785303 |
852   | 0.0051611376137258736102  | 0.0088406825898540812581  | -0.0060430688642681010606 |
853   | 0.0092811377416318324024  | 0.0031647299503437366711  | -0.0067019403427091292849 |
854   | 0.0079721275478030952794  | 0.0093058685180844157719  | -0.0024843931899246932647 |
855   | 0.00015924216448373146272 | 0.0037193913452779232831  | -0.0004044811382306168321 |
856   | 0.0098457275065226713268  | 0.0031423195214817616072  | -0.0017238260334744483909 |
857   | 0.0082048408775404566701  | 0.0076408743423313930238  | -0.0076411063067182618397 |
858   | 0.0054746575174812574585  | 0.0030727823935538718138  | -0.0030223362052031110467 |
859   | 0.0020317670720768148639  | 0.0053617635810030437118  | -0.005973520503497854045  |
860   | 0.0077328865288172265666  | 0.0007597904821404805227  | -0.0028533103077889219144 |
861   | 0.00114371231154112977    | 0.0024193147246721010725  | -0.0067169852902041766313 |
862   | 0.0088315325831908198656  | 0.00068532151987678194358 | -0.010083134361073947324  |
863   | 0.0011594673458450970981  | 0.0073076729010981078885  | -0.0012894165283503888735 |
864   | 0.0038583110527094645163  | 0.0045007316995401601759  | -0.0042020119096763250063 |
865   | 0.0057730421553415867467  | 0.0042504631146177062825  | -0.0010778746927337444321 |
866   | 0.0053461463216622371816  | 0.0096700480635600587903  | -0.0039078867168680963065 |
867   | 0.0049892931910439928048  | 0.0057819142766955509971  | -0.008792387470869094182  |
868   | 0.0069174577133305995696  | 0.0078495628020846305167  | -0.0037708435766511368484 |
869   | 0.0036939599757309414876  | 0.0049512956123526873087  | -0.0083039306007373584612 |
870   | 0.00018469876306292468148 | 0.0037552441625691400373  | 0.00060456434224520844492 |
871   | 0.0081332003415577926175  | 0.001776399735590330738   | -0.010401216192334665142  |
872   | 0.003972596963980892619   | 0.0022557407642481244227  | -0.010680204313242416814  |
873   | 0.007735654978120573913   | 0.0034430166449042533955  | -0.010020028077495387112  |
874   | 0.0058258980291867254464  | 0.0014190432594606899527  | -0.00017994499313699562591 |
875   | 0.0064548795627615866352  | 0.0064273380383069655605  | -0.0062432856524617524885 |
876   | 0.0045046874139901419212  | 0.0015908343068813952503  | -0.0025049537300887284898 |
877   | 0.0011372385093802840975  | 0.0052993152292890016025  | -0.0039604971749522682734 |
878   | 0.00041709111714587153007 | 0.0034345801280402260026  | -0.011571754388326079693  |
879   | 0.0056035494066734043567  | 0.0080416607491901308941  | -0.0037728707987529320686 |
880   | 0.0061611578438650537945  | 0.0055658639887157888154  | -0.003025780744524261736  |
881   | 0.0043119230017686837816  | 0.004495910903138812531   | -0.0057839305182969926247 |
882   | 0.0054781965082906702511  | 0.0059378572275596008812  | -0.0066350194108856907355 |
883   | 0.0074717831727337084835  | 0.0054502596883237207706  | -0.0026278166397930187437 |
884   | 0.0081510439642743272304  | 0.0093285500979217294421  | -0.0096375584812908778737 |
885   | 0.0095406265051850604186  | 0.0014656161080684596606  | -0.0053661892570284223589 |
886   | 0.0044300316862456012162  | 0.0050988437874595268773  | -0.0028093259076440485651 |
887   | 0.002482860213705794742   | 0.0016626882156434567069  | -0.01028348538499250682   |
888   | 0.0078267019883135838937  | 0.0030827726052477973095  | -0.0067323036205793737249 |
889   | 0.0036805885532736936153  | 0.0096491238149812533914  | -0.0088065810776063128268 |
890   | 0.0054523928071069207094  | 0.0070701621747357706188  | -0.011167810898036813552  |
891   | 0.0039182583069061064154  | 0.0063685144108263126717  | -0.0011886305215741718548 |
892   | 0.0057602974030236215805  | 0.0090865785752517851115  | -0.0042242017274034199606 |
893   | 0.0062377912711575498814  | 0.004862460521176554043   | -0.0039964527869009022418 |
894   | 0.0066046972010057455535  | 0.0048316702620086375911  | -5.0416191852310771179e-05 |
895   | 0.0045449934341194814583  | 0.0075615432332032505441  | -0.0047568053609357901709 |
896   | 0.002176831692434755966   | 0.0014916194385756272218  | -0.010233006099062309791  |
897   | 0.0090650839584142228061  | 0.00035282967639010324838 | -0.0073087403765793581764 |
898   | 0.002352039452903807986   | 0.0042426195200002733005  | -0.011151810880650238345  |
899   | 0.0019197801817794335737  | 0.0040475957439521726214  | -0.0070357577563744206836 |
900   | 0.0051694811341961091622  | 0.0084212785006178639269  | -0.0086454715212238852917 |
901   | 0.0051087669042723903023  | 0.0071893428306389643365  | -0.0088104619319226210039 |
902   | 0.0052381416718194863044  | 0.0010257595965686178586  | -0.0036547155269236984709 |
903   | 0.0061823986961293889153  | 0.0070103848297196329903  | -0.0032600086062823090821 |
904   | 0.003790049050834767147   | 0.0093377366687318538729  | -0.010143375269762703109  |
905   | 0.0072756832225574384274  | 0.006583701455320894666   | -0.0066625879963642820752 |
906   | 0.0079562685044281961089  | 0.0039580908041311081008  | -0.010086524149046040624  |
907   | 0.0036886244489732398187  | 0.0085969415466789524116  | 8.7547809741552625709e-05 |
908   | 0.0032219205237381158893  | 0.0047881370731617974024  | 0.00091818998372789257557 |
909   | 0.0065494907233161619997  | 0.0030318514247453121763  | 0.0002480534577581755269  |
910   | 0.0031858019564704426023  | 0.0067942253556672396742  | -0.0035404943540196394912 |
911   | 0.0097160708556272186442  | 0.0084133633108709523357  | -0.001049833232492405552  |
912   | 0.00884529927023515114    | 0.0044037736313139981895  | -0.00022588491731857199447 |
913   | 0.0060155541749152274811  | 0.0050297405476063964183  | 0.00053178753104915054556 |
914   | 0.0027568971620939839752  | 0.0041372934542862485965  | -0.0052125294859173554318 |
915   | 0.0043313604727514805684  | 0.0033891858146188427216  | -0.0092131082886321609415 |
916   | 0.00047340266693767846977 | 0.0035350172188811693728  | -0.011358234398104405383  |
917   | 0.0029554839041860195281  | 0.00050462397236053990138 | -0.0095066592996948390271 |
918   | 0.0027317558653451503442  | 0.0033525819621522839377  | -0.0008371311933376719    |
919   | 0.00204219125478010766    | 0.0071684118299731687182  | -0.011509813757663018077  |
920   | 0.0085295799486954041596  | 0.009249923580302774756   | -0.0035648524913509710595 |
921   | 0.0033279605983956997775  | 0.0037441225769134483387  | -0.00089809154673666674075 |
922   | 0.0058074563465187745148  | 0.0029583514039635120697  | -0.0036179958032018749541 |
923   | 0.0056524491486529991266  | 0.0077483641943075706737  | -0.0033011679150448647833 |
924   | 0.00078470458741648025855 | 0.0075676799431864030104  | -0.0039451367444399065496 |
925   | 0.0038338855760066815719  | 0.0038828058585416423167  | -0.010462717028747493819  |
926   | 0.0064701230108665536839  | 0.0011762389081010874055  | -0.011664958272750967222  |
927   | 0.0014231945548815261651  | 0.0067378415938376583563  | -0.0037246413738541840448 |
928   | 0.0041353445148819938104  | 0.009204082800024750155   | -0.0045712341031147116222 |
929   | 0.0074127274263400683152  | 0.0066665456944717772433  | 0.00089781133085883781803 |
930   | 0.0062654907946264682198  | 0.0041399918344806234741  | -0.0023968181022300414848 |
931   | 0.0048806130990050695592  | 0.0018184131327367862498  | -0.0098794244250286680081 |
932   | 0.008544567944641206711   | 0.0053593915573257660742  | -0.0018586704657136703025 |
933   | 0.00056228572476681463934 | 0.004206331782393908994   | -0.002147033082271320413  |
934   | 0.0032924784923721345416  | 0.007328672176669010635   | -0.0070582046691512250955 |
935   | 0.0025324988716673869221  | 0.0072176801543082915943  | -0.0091418127031097258517 |
936   | 0.0029321538129944606579  | 0.0024827455786772352139  | -0.010167063824585006668  |
937   | 0.0030885045761766182978  | 0.0062389779050647979977  | -0.010026483474499279375  |
938   | 0.0061978150399958457928  | 0.002644582522473501885   | -0.0082518562087721125664 |
939   | 0.0053139058461062352659  | 0.0036823104852312387066  | -0.0010875561609524886895 |
940   | 8.0475331448426638478e-05 | 0.00023822930915554620048 | -0.010306238444879135818  |
941   | 0.00071330600190992494037 | 0.0038583510061223477358  | 0.00032940559398438512334 |
942   | 0.001793505029198566884   | 0.0033605751962081649269  | -0.0051216302781571061351 |
943   | 0.006138912853057014625   | 0.0082900638067572671869  | -0.00038158407455173422263 |
944   | 0.0092418234665129321559  | 0.0072801400364266499396  | -0.0093054283481799841132 |
945   | 0.00091674517151649952216 | 0.007088241538884296894   | -0.0032141940342266125084 |
946   | 0.0074543817771374710698  | 0.0046681994164359599808  | -0.011229010960088771712  |
947   | 0.0083717626407951509226  | 0.0074920267422408882638  | -0.001410154273422442291  |
948   | 0.0080695547863266804678  | 0.0066568913849406165587  | -0.0094709518749811309746 |
949   | 0.0061313443251463737443  | 0.00061879845035678793415 | -0.0090300934519005233991 |
950   | 0.0056539340235053081596  | 0.0085809230593958882305  | -0.0068464701836912630548 |
951   | 0.0038963425873980760475  | 0.0057734348243326542513  | -0.0017821987235239564878 |
952   | 0.00023208037907419969722 | 0.0067535527122544528056  | -0.0090653408360483484635 |
953   | 0.0078089058500258237     | 0.0064554481111443141536  | -0.011449039933697611679  |
954   | 0.0027106480485468856592  | 0.001600184308195076819   | -0.0042802878849205775943 |
955   | 0.0035006155228843307756  | 0.00035142282454878428274 | -0.0036447390234616012898 |
956   | 0.006251343543072272399   | 0.0031434509140404100908  | -0.0057085215698617795474 |
957   | 0.0070474626185481172372  | 0.005406142128915352417   | -0.0073811727286733023329 |
958   | 0.0063982026145641265544  | 0.0087890998773514136116  | -0.0054882631156198515357 |
959   | 0.0020306320023767455984  | 0.0097204144499877260382  | -0.0054869694009120400721 |
960   | 0.0035566409217297660986  | 0.0047771707651366752262  | -0.0028578538898296297274 |
961   | 0.0032831168895764970862  | 0.0074231677361228775441  | -0.0091185582140264429679 |
962   | 0.0071505322377130404662  | 0.0042495489795763624272  | -0.0052520320824303501003 |
963   | 0.0061469424617588480295  | 4.4955509999811017611e-05 | -0.008531073710318059708  |
964   | 0.0040668381642033051698  | 0.0066456261819887833819  | -0.0047128402790256283816 |
965   | 0.00038675683862992595551 | 0.0090238226931715088269  | -0.010508631832746400531  |
966   | 0.0074556680688696429921  | 0.0099954747017575173995  | -0.0037586015044567089131 |
967   | 0.0030630531842103761626  | 0.005504743066254146576   | -0.0081477528821100372175 |
968   | 0.0047278501591637295265  | 0.0017051173889802504879  | -0.00038057629746229696462 |
969   | 0.0063475391690646226772  | 0.0016905508508655779469  | -0.011082838611900782885  |
970   | 0.0031431700931958917941  | 0.0032039818480123745739  | -0.0044353074607321523945 |
971   | 0.0088191975569573179128  | 0.0071206921386426169987  | -0.0080780223523123466378 |
972   | 0.0071828787044994901745  | 0.0072163110723588779968  | -0.0069773972980830432575 |
973   | 0.0055289275951901370801  | 8.3218070782587475398e-05 | -0.0050660560973819464617 |
974   | 0.0069486482734556374516  | 0.0025558601075420547648  | -0.010282654817558941132  |
975   | 0.0012055400643993048528  | 0.0034482801755576523647  | -0.0045068963948360117946 |
976   | 0.0021515124508146238683  | 0.0074224349030775011241  | 0.00037040892301377827817 |
977   | 0.0065884118400977376498  | 0.0084789296035703513171  | -0.0025680333974109604243 |
978   | 0.0063906156952562021001  | 0.0049345675701408329289  | -0.0058868001035393031917 |
979   | 0.0083711684912317688156  | 0.0014092943222128149778  | -0.011442732506854605759  |
980   | 0.0042620679054091005836  | 0.006392558621923039551   | -0.0085755728277668984844 |
981   | 0.0094933562301520498655  | 0.0016708890449111484227  | -0.0094522474603544737182 |
982   | 0.00045728771377781556777 | 0.0068276887692812517072  | -0.0026883168571050679654 |
983   | 0.0046934589715837858256  | 0.00708125500617519648    | -0.0081690042297839580293 |
984   | 0.004199675464386863101   | 0.0059042398971549401102  | -0.0087754801286361629187 |
985   | 0.0097227205089213050715  | 0.001515053171865851124   | -0.0089684968258448537204 |
986   | 0.0012350724695496741352  | 0.0057279910443536448741  | -0.011608436821374518502  |
987   | 0.0066653175431220955047  | 0.0059943955089698354802  | -0.0083866709144676775123 |
988   | 0.0038636480237048639354  | 0.0091552625483868194101  | -0.001288940947213371678  |
989   | 0.0017863541782242970627  | 0.0025754955620523860976  | -0.0098509129320829905141 |
990   | 0.0051139091997250939181  | 0.0042436703830257428011  | -0.006508080282911775892  |
991   | 0.00080771578324977512473 | 0.0099703675617964556549  | -0.010629600891915027411  |
992   | 0.0022099808811124749264  | 0.0098376769735566277353  | 0.00033778901941708253977 |
993   | 0.0016246709625770887168  | 0.001282957049526501107   | -0.00030472600208536270794 |
994   | 0.0087272766774459074879  | 0.0046713453823326233846  | -0.0037356634985079295586 |
995   | 0.00038478138052748338521 | 0.00095361880036299337231 | -0.0070449912033271298861 |
996   | 0.0078058554345912540412  | 0.0099583354965711804591  | -0.0073570407774694738037 |
997   | 0.0056989354061100297444  | 0.0091412239459655632301  | -0.00023127394755178862598 |
998   | 0.008418724308005991197   | 0.0036000946522051348146  | -0.0053146267611042562543 |
999   | 0.0034525487005636363441  | 0.0024999623769815628241  | -0.0016123708919526724345 |
