N			X			Y			Z
0     | 0.0057456227875586594889  | 0.0097587413101085096478  | -0.011508460105231281892  |
1     | 0.0048098991874270932353  | 0.009058777487524647884   | -0.0078563540431815011983 |
2     | 0.0030472694250949072109  | 0.006747610858591644202   | -0.020795853495111229353  |
3     | 0.0037079186395572085594  | 0.0009861903857244999367  | -0.02477601946008448075   |
4     | 0.0047501921055906866712  | 0.0014781122496189619611  | 0.00086665624590251313236 |
5     | 0.0065883592968811197435  | 0.0010329955498368710055  | -0.0098792663901504668839 |
6     | 0.0032143991427407265192  | 0.0079579221543513954662  | -0.030547805309029757437  |
7     | 0.0059392486550602346246  | 0.0015881030971807708063  | -0.034806986010876818372  |
8     | 0.00084793005505998304307 | 0.0071843337196212725057  | -0.010861058242197149312  |
9     | 0.0035699918560860395209  | 0.00073669372727931713499 | -0.022865828424079578246  |
10    | 0.0077835561010938256535  | 0.0030262395406706016181  | -0.0058375058003076645344 |
11    | 0.0044764961177806419576  | 0.00819965542632438045    | -0.020935380295359250907  |
12    | 0.0030994877572808024642  | 0.0036981500523296045001  | -0.035627692819238873656  |
13    | 0.0086316386167966108189  | 0.0070117806558851617296  | -0.020604098993333395951  |
14    | 0.0058575681056613091921  | 0.0093896772958034658424  | -0.0082737140821173491001 |
15    | 0.0039961189661725030065  | 0.0064836926145185446585  | -0.018402570509959699507  |
16    | 0.0032576669886832583002  | 0.0084205947442604327929  | -0.0087410154993491431807 |
17    | 0.0014811217199485341225  | 0.008901624326989193009   | -0.025309759633476956037  |
18    | 0.0045968402021436269647  | 0.009783065927316189625   | -0.026798535873896283527  |
19    | 0.0065147092604274448382  | 0.0007971612556676296521  | -0.023328183674289258709  |
20    | 0.0041649425107015995359  | 0.0032058280671123078748  | -0.027294725302560250008  |
21    | 0.0084529821336275096089  | 0.0047859546022915684313  | -0.01679373694433416303   |
22    | 0.0062193649492554405403  | 0.0018469240554819812104  | -0.012372712610348302401  |
23    | 0.0059706564924295497943  | 0.0065666268192189078748  | -0.026577498196810055847  |
24    | 0.0079353927303229855605  | 0.00077497691243226432111 | -0.0033100065341208572377 |
25    | 0.0076231614346535438859  | 0.0018247038790037827406  | -0.0049706492822753356453 |
26    | 0.0029220515895349388237  | 0.0091562992945338275708  | -0.015379022920059539845  |
27    | 0.0029231608011382114939  | 0.004648747915935691824   | -0.025598848227818882251  |
28    | 0.0052641162258469540933  | 0.0073103428454287704488  | -0.032395429684079102284  |
29    | 0.0044172276963683554732  | 0.0032656423085669597679  | -0.028003459921620479228  |
30    | 0.0053977473014487076242  | 0.0019478857289120406465  | -0.027090785247726914542  |
31    | 0.0040910832000672298428  | 0.0024305528615045971473  | -0.02631335028495542655   |
32    | 0.0028064781861663157074  | 0.0054735927108345537595  | -0.017938741809625843165  |
33    | 0.0019614378141251738626  | 0.0091467906519389977071  | -0.0069548264600648116579 |
34    | 0.0036322176827263690131  | 0.0081230215250426458795  | -0.0053637596477425966007 |
35    | 0.00095335620474742738435 | 0.0055556233561873781882  | -0.02942190009428215583   |
36    | 0.0093495349808120856855  | 0.0096784097571790596998  | -0.025582975156408629958  |
37    | 0.0001842028652255808612  | 0.005478122891768789221   | -0.031177575985858713148  |
38    | 0.0060594454280231977231  | 0.0067731096254450727165  | -0.025638846998763554358  |
39    | 0.00074891000128095015602 | 0.003206713597790906544   | -0.031324160274962244144  |
40    | 0.0060277514837119572366  | 0.0032640704841649811029  | -0.030082750195272539573  |
41    | 0.0077336104354128656219  | 0.0044052525713011358652  | -0.021139496751491196336  |
42    | 0.006708972378276679624   | 0.0093181489906070981422  | -0.0077832092323218771482 |
43    | 0.00055575033109651265743 | 0.0030105241706745375363  | -0.0096650792727961242629 |
44    | 0.0023517713113556694415  | 0.006603462776781453443   | -0.0087278301046593686346 |
45    | 0.00060679136398254459629 | 0.0026295376888444640419  | -0.024369649604131234794  |
46    | 0.0035391255415704670276  | 0.0016383269440535461192  | -0.013618591371374029822  |
47    | 0.0033918226190905080911  | 0.0031895575798109709192  | -0.012532123093295502447  |
48    | 0.0049249609281180233358  | 0.0078978204924921580066  | -0.0050348303509924153751 |
49    | 0.0036007224563015167475  | 0.0060475144481099271307  | -0.024492885181972803843  |
50    | 0.004488696028473996083   | 0.0069770901721133539788  | -0.030268227334542374685  |
51    | 0.00077200582059179176115 | 0.0065854456215936893818  | -0.019413396042738506608  |
52    | 0.0036236807470236540897  | 0.0053362977340686854402  | -0.01638645836127894384   |
53    | 0.0088839209952424214728  | 0.0081387557601973227472  | -0.026086558725023707012  |
54    | 0.001627710007405602918   | 0.0057794077160357084505  | -0.014253906265951939505  |
55    | 0.0053978829420129109326  | 0.00890785190073770973    | -0.010253173715704491306  |
56    | 0.0087129849400480810506  | 0.0037901285063607990239  | -0.023161674488926569521  |
57    | 0.0029603558739167749013  | 0.0084246285231475738497  | -0.0070319352297629053247 |
58    | 0.0018764387424905584235  | 0.0093517049654013219978  | -0.021646598516671809037  |
59    | 0.0053632361318558365373  | 0.0076792886336114465559  | -0.031839755877318458299  |
60    | 0.0052664974034835280309  | 0.0001181602877615957548  | -0.026798168063070591099  |
61    | 0.0076476612710733703898  | 0.0062209305359025388743  | 0.00021089541335837726395 |
62    | 0.006962534460511301225   | 0.0071939397430261786681  | -0.024877087723699526506  |
63    | 0.0082947414076545954165  | 0.0099354167837878478581  | -0.0027744729924783695027 |
64    | 0.0071144586954819087621  | 0.007311641857469086854   | -0.01331095970589542786   |
65    | 0.006516830292140105875   | 0.0085312577412575991281  | -0.02491656535742467829   |
66    | 0.001955329711476416852   | 0.0064781073372279828274  | -0.033586070834396158924  |
67    | 0.0057568179295661202691  | 0.0027903310968618250457  | -0.018095422861999242714  |
68    | 0.0017570365499530269261  | 0.0075172049767075988999  | -0.0090296074946708167197 |
69    | 0.0013349329578600649653  | 0.0059297167927518362046  | -0.019134351674172839913  |
70    | 0.0088284406041398578308  | 0.0051282851129390199033  | -0.0076795060696594301397 |
71    | 0.0090422329716445658948  | 0.00750977680323052562    | -0.030685572010859234887  |
72    | 0.0067817057881350917628  | 0.0082579244976210205986  | -0.011482339278064130142  |
73    | 0.0021805210695452154415  | 0.0035471313714058728787  | -0.027829139625806836172  |
74    | 0.0041316625280279880086  | 0.0066213367151658859486  | -0.014162357741540052003  |
75    | 0.0073139904409980941932  | 0.00052255803803777779552 | -0.033133575374777075873  |
76    | 0.0060317194477585451412  | 0.0015938168671053374714  | -0.0094546007757210087652 |
77    | 0.0044699182819297059513  | 0.0047541641775444296383  | -0.0032637438620410604354 |
78    | 0.0054699569893091820952  | 0.0044484576299988415685  | -0.012933892525895541309  |
79    | 0.0041892691240451593662  | 0.0067677370121955538265  | -0.022472724211162961594  |
80    | 0.001693013970211577901   | 0.0040838792873337682182  | 0.00032281413099130486927 |
81    | 0.0078835668639565918692  | 0.0014146581286973213074  | -0.0072007090258656191242 |
82    | 0.0069115379391972665488  | 0.0047641655634733590108  | -0.032793735337678771302  |
83    | 0.0051553053338913587891  | 0.0069085928669158861576  | -0.0077088471429468657242 |
84    | 0.0096423766455749956167  | 0.0021516595052807983152  | -0.0076631838144773055388 |
85    | 0.0028449348745591342309  | 0.00037821990528591952971 | -0.018401276645001362481  |
86    | 0.0017585656696051600763  | 0.0048218602614721354713  | -0.018034872172180558408  |
87    | 0.0036735371881987878735  | 0.006774948056418251402   | -0.035916157999622340402  |
88    | 0.006016539356330789963   | 0.00071968987106959452036 | -0.0096402635957659847665 |
89    | 0.0093470101293108686508  | 0.0070683704792485618773  | -0.021261778380656081583  |
90    | 0.0040914258171662540309  | 0.0062217407780291236752  | -0.031229863713162490935  |
91    | 0.0049322911887455783003  | 0.0024570290550767629259  | -0.016360726083188767421  |
92    | 0.0082673428724186655281  | 0.0073809599053384312636  | -0.0077663721211320676033 |
93    | 0.00092082370307379143599 | 0.0074854430760282154519  | -0.010366259638693113218  |
94    | 0.0052558977585201787849  | 0.0076338979133735067675  | -0.033498179943215501686  |
95    | 0.0045504520632686732556  | 0.0096408964032672437444  | -0.014888925446953037851  |
96    | 0.0013894074968263388052  | 0.0097841169549968826091  | -0.005787764732858372875  |
97    | 0.005625611662824944216   | 0.0049339536265985868557  | -0.0040304631669036833364 |
98    | 0.0099634447787592742007  | 0.0050646296831697345045  | -0.034580062789556026415  |
99    | 0.0044871101922582925028  | 0.0073075102799386761065  | -0.00053689230036888966821 |
100   | 0.0098236070846698265308  | 0.0048487663007111009988  | -0.026108013710523968881  |
101   | 0.0063376097030424221462  | 0.0069195379996394596606  | -0.02207463917196307232   |
102   | 0.0060364978536823193228  | 0.0056019068377180288726  | -0.022846994237363360547  |
103   | 0.00012258523427688267624 | 0.0084273770861546248856  | -0.01135652626581620632   |
104   | 0.0031964384019884783256  | 0.0077323295656888972258  | -0.01282482429599943706   |
105   | 0.0086393838278554322546  | 0.0066729490940401602755  | -0.017183477187329095764  |
106   | 0.0041064308631740013486  | 0.0084079986168650953232  | -0.035388471185726168289  |
107   | 0.0081081422792051178333  | 0.0066187422935800989746  | -0.029954473206558546866  |
108   | 0.0066690417436112200272  | 0.0092369076468670294894  | -0.035390916537539271469  |
109   | 0.00059140491702063945501 | 0.0035195106333743564342  | -0.01106177007737319494   |
110   | 0.0040177677295184701517  | 0.003737912402556290304   | -0.026669679193810962026  |
111   | 0.006549944302662708516   | 0.0036914594028482905497  | -0.01926095588281537957   |
112   | 0.0089137495104633004267  | 0.0083625501559394174733  | -0.0022844351230616203804 |
113   | 0.0069711640436932991588  | 0.0044058043100747030368  | -0.0026037614317688862788 |
114   | 0.0085818432117034798567  | 0.0078174784334036524769  | -0.0084363189898119580329 |
115   | 0.0016850155436274663872  | 0.0022145807176680303192  | -0.016557962442078390242  |
116   | 0.0033836351266791375204  | 1.1675333009553539036e-05 | -0.029125635849951952983  |
117   | 0.0086889830170040656399  | 0.0035264843758849051016  | -0.0082009578251816400707 |
118   | 0.0053631492039088778448  | 0.0043450060481405776772  | -0.0058685385034994846931 |
119   | 0.0065026696389813261681  | 0.0026510505271692451704  | -0.028000057194550793949  |
120   | 0.0024719895267446526273  | 0.0033023444720346271236  | -0.030670059055370287732  |
121   | 0.0048344361683653946579  | 0.0015317111938858804943  | -0.032747796858220490357  |
122   | 0.0096672974319477189553  | 0.0074620170501399378168  | -0.0096763549624376242464 |
123   | 0.0031322219820886340776  | 0.0024904098542041890052  | -0.025167638201840723811  |
124   | 0.0038333556315536020456  | 0.0065064276407103549538  | -0.0166799230932519367    |
125   | 0.0065565358072691816774  | 0.008664922437517067963   | -0.0082240190059785240467 |
126   | 0.0081872212400528054932  | 0.0068913935756319483553  | -0.017561266394215402364  |
127   | 0.00231172285258226997    | 0.007345590634621464686   | -0.011262468567911864542  |
128   | 0.0042313395090519539954  | 0.0016657217850926913771  | -0.03312192952217341696   |
129   | 0.0097076017528266687895  | 0.0061138460452112445079  | -0.00077563754069490662736 |
130   | 0.0058919207649832149379  | 0.0068767682379572998147  | -0.003052098435261507009  |
131   | 0.0037176474813789307794  | 0.0053732279459420594428  | -0.036383141979344196804  |
132   | 0.0042126775377393206948  | 0.0031273629312134998241  | -0.01255148594950271021   |
133   | 0.0034524515845168230084  | 0.0034004771684213526591  | -0.024186710838424666653  |
134   | 0.0075886257971432375877  | 0.0079265539727317712443  | -0.029980437393728128631  |
135   | 0.0037171503140548838896  | 0.0061059381605605518237  | -0.026496854259295474221  |
136   | 0.0042305907423667160616  | 0.0062092138220673073409  | -0.027799268762974071317  |
137   | 0.0056008208669302127908  | 0.0062448937151654620656  | -0.013175566351064801895  |
138   | 0.007291335670219670044   | 0.0048324674781301830279  | 0.00063603101073155129085 |
139   | 0.0062009157719163533057  | 0.000826422588169587846   | -0.014963854415538347178  |
140   | 0.0061242274790183470062  | 0.0065694550689919372494  | -0.021248312879414903848  |
141   | 0.00053119515919792582338 | 0.0074082928828822528985  | -0.031899507294379562949  |
142   | 5.08424681562293375e-05   | 0.0069438749342042140403  | -0.017737127584368444361  |
143   | 0.0034238368309151344208  | 0.00029891366932635805333 | -0.021911155012447877666  |
144   | 0.0096857672425077531025  | 0.0056273916007219216759  | -0.018278069838120136748  |
145   | 0.0070003241891560255214  | 0.0094558902249113029048  | -0.017692283620363104257  |
146   | 0.0052403881785827123238  | 0.0093200646324763953415  | -0.00070197942401941358388 |
147   | 0.0043796661103945701624  | 0.00044419544138131147621 | -0.02584811622475503487   |
148   | 2.7343072446423428583e-05 | 0.0081567917913555540443  | -0.0040170882513732141667 |
149   | 0.0016448479898186281652  | 0.0077999625011143190051  | -0.024425441133109931924  |
150   | 0.0041606660895068935807  | 0.0032877255328529935222  | -0.029530294595076243824  |
151   | 0.0040628567597288840763  | 0.0038235106502124503042  | -0.026387481556008375583  |
152   | 0.0074049646278724129064  | 0.0013028527424205564155  | -0.020846925270089328164  |
153   | 0.0075354002983773734139  | 0.007429242242402444435   | -0.011760320386916532989  |
154   | 0.0043006373204096861457  | 0.0082759013325898588692  | -0.01413791897011985009   |
155   | 0.0044672234554159733627  | 0.0010562552496090769818  | -0.0037260486179109212485 |
156   | 0.00085686680787191874063 | 0.0084586750924264195173  | -0.022208476781269408107  |
157   | 0.0055378985390846470135  | 0.00032871182663786040765 | -0.0029592390762472309783 |
158   | 0.0093791749808465538218  | 0.0036180224443235421868  | -0.021518796710421336099  |
159   | 0.0041980941251532673947  | 0.0028107207193603855541  | -0.029454539603984326163  |
160   | 0.0037160981729175116169  | 0.00073330521140629737527 | -0.034132574371230947619  |
161   | 0.0053871933538241446524  | 0.0076662397130115031776  | -0.011069417438705892592  |
162   | 0.005344336265859042992   | 0.00026837871928604858061 | -0.0090639478392621659897 |
163   | 0.0050240367971402348501  | 0.0002863242200413560856  | -0.013418417710451517252  |
164   | 0.0040497152861206009086  | 0.00023191008359322974413 | -0.012751978836559601724  |
165   | 0.0063431083191562293022  | 0.0075455742307852001829  | -0.014544295970305392077  |
166   | 0.0075011840965286255209  | 0.0076628771115942531655  | -0.031896426872289870835  |
167   | 0.0015567301315970206999  | 0.009838261463921889674   | -0.014641119652177627189  |
168   | 0.0007320464983033494067  | 0.0058840445755731843325  | -0.010199832705702077326  |
169   | 0.0039098293521804940512  | 0.00017098064986337325783 | -0.0074913075027721390264 |
170   | 0.0099399635648222302298  | 0.0069406579693040721529  | -0.01122299652951665519   |
171   | 0.0032190164241550941852  | 0.0077624424663410964212  | -0.031103121888675522994  |
172   | 0.0037232767512462446556  | 0.0040045124221711045007  | -0.0030386241115973613124 |
173   | 0.0042574801030781416269  | 0.00075345250166817428258 | -0.0072861882200768290224 |
174   | 0.005267957348136845068   | 0.0013814675953487186126  | -0.014068811167771779619  |
175   | 0.0016608276364798565863  | 0.007699308686510104166   | -0.036108554522891363192  |
176   | 0.0030442837349988548061  | 0.0078808722297826518111  | -0.019962314272529823461  |
177   | 0.005994840395672334718   | 0.0062674138462199676866  | -0.0065904275698601957542 |
178   | 0.0024054076863308212     | 0.0075735471265934578566  | -0.017805736708527371281  |
179   | 0.008349407104001747848   | 0.0096797417031894601724  | -0.025039713978116620585  |
180   | 0.0039203597029892223863  | 0.00059977399772011058196 | -0.014317158511788555947  |
181   | 0.0068197811333905464584  | 0.0088878404382982823667  | -0.026064971898849990245  |
182   | 0.0083808617580848083356  | 0.0057799902132096587365  | -0.02486590272252136094   |
183   | 0.0048220009867762474165  | 0.0042168056949423819713  | -0.025762194997794220924  |
184   | 0.0029984604523872514584  | 0.0051251454089500719444  | -0.0093392046478224990252 |
185   | 0.00056593093455340978161 | 0.0028221232560113160455  | -0.031940180647510182932  |
186   | 0.0040472769456807167199  | 0.0060864442637984560516  | -0.023101422590374821875  |
187   | 0.0057496887443592662598  | 0.0066882002510223097572  | -0.009597459636734809868  |
188   | 0.005602245047422308756   | 0.00030063800974755979173 | -0.0064738380054936697436 |
189   | 0.0024741568690203733817  | 0.00074045844619370084719 | -0.02141800575157235334   |
190   | 0.0029067563978968295572  | 0.0052005151189854961075  | -0.0023923583209095825725 |
191   | 0.0024997504248690850283  | 0.00052397976435680554321 | -0.022286235649644259987  |
192   | 0.0025358723286477632963  | 0.00011531747122196531826 | -0.011035810657451357308  |
193   | 0.0029623940161078508686  | 0.005063922869432953798   | -0.018052607442872160848  |
194   | 0.0092999191802845410093  | 0.0029370903085405562251  | -0.012525917528111508645  |
195   | 0.0011450275651537407135  | 0.002744766857945093487   | -0.0062708968700379503006 |
196   | 0.0063663604687597321469  | 0.0031032655622378431046  | -0.02889799865877040741   |
197   | 0.0046095055823287493096  | 0.0063875507616267361566  | -0.01697082542896305446   |
198   | 0.008800923018684148405   | 0.004289434773447853462   | -0.024979907449668249664  |
199   | 0.0089256566531299413175  | 0.0038589507131052084438  | -0.028617114211515946171  |
200   | 0.0033062179013549053939  | 0.0052694138413931319517  | -0.013013886319651604348  |
201   | 0.0028424373168654563579  | 0.004110721943918794162   | -0.03135331970346079411   |
202   | 0.0040815005691433453583  | 0.0074524345277965668363  | -0.006013833908897536773  |
203   | 0.004893411263674506996   | 0.0087631379527958151721  | -0.027275281692309191056  |
204   | 0.0021875943135057792331  | 0.00314913839144352007    | -0.026869988266409690347  |
205   | 0.0069056195713726705246  | 0.0019776609940462472337  | -0.035809231021507140214  |
206   | 0.0062966992731436407377  | 0.0048876447948284469994  | -0.012631309704790179629  |
207   | 0.0067824629468714063216  | 0.0047805964070497504806  | -0.012252261512143539784  |
208   | 0.0037330460220750586418  | 0.0091564815925410710656  | -0.019886984653972743925  |
209   | 0.0077545096201786008899  | 0.0078795920731353826655  | -0.019248504175914275816  |
210   | 0.0029367148921640357818  | 0.0047263095179340122373  | -0.0033498663776667116608 |
211   | 0.0031711575400743671413  | 0.00018033564779576567879 | -0.0090296138400290382187 |
212   | 0.0053484063959147063946  | 0.005696350460560964564   | -0.0025238742122672438821 |
213   | 0.0069442372681111814992  | 0.00068576467627995906472 | -0.0005036053390871325728 |
214   | 0.0046047806100277420202  | 0.0049956259996241534835  | -0.028031877023936328797  |
215   | 0.00010826998862307423658 | 0.0053376251897840213193  | -0.022763705932158651013  |
216   | 0.0095109293380101697646  | 0.0091185514509547517525  | -0.031057936143592826395  |
217   | 0.0082836734286568080438  | 0.0082082978580594271462  | -0.027713540408774165608  |
218   | 0.00092557735769426517647 | 0.0069262152741415283774  | -0.011889354756060082144  |
219   | 0.0026755374750561614766  | 0.0045803233615951356381  | -0.034124273098431627538  |
220   | 0.0072751642222317969635  | 0.0062803732763204835401  | 0.00063074386068354430703 |
221   | 0.006935665171669115267   | 0.0095388118471203108689  | -0.01621489387682594277   |
222   | 0.0052828850484675868998  | 0.0090470476047918597234  | -0.023165533368692425853  |
223   | 0.0031805580975331182968  | 0.0021191495403402901658  | -0.02005411463892593088   |
224   | 0.0012231898404770603049  | 0.0075695720296364253643  | -0.026050292303114220421  |
225   | 0.0089123300529768117312  | 0.00037638056587386854029 | -0.018049620915570226132  |
226   | 0.0021653459630295059102  | 0.0037795221037585009262  | 0.00060473773489676794536 |
227   | 0.0066204609219474002541  | 0.0041942765487480593994  | -0.0044533074849945558996 |
228   | 0.0066188162270632150408  | 0.0030348178102732248015  | -0.016121341997320532552  |
229   | 0.0044964124578833223819  | 0.0081336179152266731979  | -0.010682039973330644325  |
230   | 0.0050801315581290211812  | 0.0010423168808009013447  | -0.026408519333735374496  |
231   | 6.7822575389678058013e-05 | 0.0061143546743457118792  | -0.02352853352163082265   |
232   | 0.0058394501932922280793  | 0.0078024973876448713156  | -0.0020186382391017823265 |
233   | 0.00039810274076452746789 | 0.0058570727890399146287  | -0.031101542780835978591  |
234   | 0.0050819538589857897806  | 0.004060633607913666579   | -0.027891805265618282994  |
235   | 0.0015862544621649309409  | 0.0040462998127594723002  | -0.026951592847893578175  |
236   | 0.0036013393839977761272  | 0.0026412384783183408439  | -0.014952078402671993562  |
237   | 0.0035790576566941795754  | 0.0039864424774032642534  | -0.0021783712993050739076 |
238   | 0.0023539899756900369183  | 0.00583786498827172564    | -0.0066349616027341021957 |
239   | 0.0098249717705453012279  | 0.0080203252766550218317  | -0.005144716911116464092  |
240   | 0.0067657552613527415647  | 0.0095411069894304461475  | -0.034597665450540070198  |
241   | 0.0055848078994876117903  | 0.0087725110902619959918  | -0.0041234694699513671501 |
242   | 0.00079138599558140033333 | 0.0048957749150584902245  | -0.011179965207259860357  |
243   | 0.0026218032502921023892  | 0.0059163381845783102539  | -0.021717647170154397163  |
244   | 0.0070824760867239126491  | 0.0051101730963659663942  | -0.0067752299883247915982 |
245   | 0.0050330444655888161715  | 0.0025056206636331888361  | -0.033806073158379482124  |
246   | 0.0099056376238635755055  | 0.00083813568403931797048 | -0.015270840834692312599  |
247   | 0.0056958429595908213056  | 0.0032111262211976373745  | -0.022402368371797730384  |
248   | 0.0097549627324462848815  | 0.0051022564606831464704  | -0.015395043445354920225  |
249   | 0.0066478240981176408425  | 0.0024687777492904848173  | -0.010920824924992975427  |
250   | 0.0066687853333384262966  | 0.0054527124157479536087  | -0.0033828020768319299987 |
251   | 0.0043794592810497143601  | 0.0049441205205585491561  | -0.031737749539882509353  |
252   | 0.0072161691241542499572  | 0.0057556105404670395917  | -0.036702767792556746651  |
253   | 0.0047908644534372145721  | 0.0087860528150310937545  | -0.029032816500714233449  |
254   | 0.0023049232097906899829  | 0.0013237080499410322585  | -0.017757559295672166455  |
255   | 0.0017807896912749861078  | 0.0047470681346848311172  | -0.0020522575202161696603 |
256   | 0.0047209361072789576483  | 0.0075820871701927656378  | -0.021464346587965435487  |
257   | 0.0020430996071498751243  | 0.0026921021347510050957  | -0.016207318457837221332  |
258   | 0.0032930458227175252693  | 0.0067728211629025343934  | -0.014759902110073309933  |
259   | 0.0064360003815642531644  | 0.0092547561571405204811  | -0.016768189268144169379  |
260   | 0.0042575104563730321872  | 0.00062393592959249938052 | -0.009259268595367558391  |
261   | 0.0057256566346957082914  | 0.0068480814426486753127  | -0.036402149143075449023  |
262   | 0.0010417782646975660976  | 0.00016541879250120468284 | -0.021544745623548352403  |
263   | 0.0072631977531307937226  | 0.00072937001243976473143 | -0.029455556596058130731  |
264   | 0.0062336832312085924818  | 0.0016968576289073731937  | -0.0011123242647728293509 |
265   | 0.0065846065723763544386  | 0.0064964796056562459578  | -0.018868060313303285092  |
266   | 0.0039893842999182294734  | 0.0033809290579163444289  | -0.030075609162729579488  |
267   | 0.00081482199898773647034 | 0.0031506581332091808563  | -0.018533078287465337697  |
268   | 0.006047873667054592603   | 0.0064501548879225528016  | -0.00453392813482953079   |
269   | 0.0037889853547599392294  | 0.0024623127752477808224  | -0.0057911491143031838813 |
270   | 0.0094483744967796545744  | 0.0046136680886957092199  | -0.017249788970343044037  |
271   | 0.00532671310837493691    | 0.0091284759547723467316  | -0.00067641982626690389923 |
272   | 0.0056388538690438395895  | 0.0080090752007489860592  | -0.019997550618815786161  |
273   | 0.0036862590838310730496  | 0.0095625072051732894207  | -0.02327197550651883412   |
274   | 0.0061578305089154579399  | 0.0075620503346002249795  | -0.02272458208836895116   |
275   | 0.0089617955780380356701  | 0.0052643006295506541981  | -0.007233626301149428256  |
276   | 0.0088918574995776895192  | 0.0033964087598043510123  | -0.017825700994808662408  |
277   | 0.0022959090892374412786  | 0.0048596212760663656804  | 0.00043149061423135553345 |
278   | 0.0086334566043652898742  | 0.0047118432288342573799  | -0.01428660311735359921   |
279   | 0.0039959303240521592063  | 0.0042080548741237518151  | -0.0071439502226540276333 |
280   | 0.0090302941259016566294  | 0.0036910568246742358686  | -0.0331166115472304734    |
281   | 0.0043716174590649279491  | 0.0078344873005387633685  | -0.016469546680565091967  |
282   | 0.003692299649824372712   | 0.0012855319102400139183  | -0.027189446778031426538  |
283   | 0.0082488899171948102534  | 0.0057086887987318176221  | -0.028146877266574683168  |
284   | 0.0027667107835993593606  | 0.004435525064646704714   | -0.030167196002536436628  |
285   | 0.009582510578510564786   | 0.0060409551197036087666  | -0.0062043482389486518183 |
286   | 0.0013659116992217781687  | 0.0021133274171622603785  | -0.027121518935395980132  |
287   | 0.0019814091000998502318  | 0.0064208923176879749775  | -0.014652533372738137801  |
288   | 0.0023516208719967100944  | 0.0028009654843455804481  | 0.00016919137324974704156 |
289   | 0.0098990357860100890858  | 0.00016130145732044272452 | -0.030725449474699344232  |
290   | 0.0014882143741139200379  | 0.0065148581873370574324  | -0.0086513596375258766669 |
291   | 2.4180792648011807867e-05 | 0.0012006852779093710269  | -0.017379267323427888964  |
292   | 0.0028580431933216106713  | 0.004533500312705484106   | -0.00087200057824589664   |
293   | 0.009506384858483592909   | 0.00028008189695535791897 | -0.026092389514066938877  |
294   | 0.0078035927982209206052  | 0.0073258765811772385418  | -0.0037217252727981481666 |
295   | 0.0025886514376395851345  | 0.0026216403972239288311  | -0.022251152089051949579  |
296   | 0.0071915058057204070061  | 0.0040167572592786898039  | -0.02860328147477642774   |
297   | 0.00087108363918833077184 | 0.0030194058698336623085  | -0.031042966305590266596  |
298   | 0.0022104608973016410048  | 0.004864627149553510041   | -0.03348613862373427813   |
299   | 0.0016115564822863671923  | 0.0073124897745866892021  | -0.022817140783245880992  |
300   | 0.0044180181225580896637  | 0.0072275713937103433157  | -0.026983008718882078164  |
301   | 0.0013971824961764400634  | 0.0073533750655353528544  | -0.03635067987351807417   |
302   | 0.0095934935265815143163  | 0.0020962012892969069701  | -0.034074255305752962353  |
303   | 0.0080047126170696217273  | 0.0051877663866133098478  | -0.028409663384294552707  |
304   | 0.0012837562724913665398  | 0.0058913527890238903684  | -0.016068876145244281178  |
305   | 0.0063113730071406954833  | 0.0072848246630042336192  | -0.029952582823795766143  |
306   | 0.0044627374975750311314  | 0.0026309309789240352233  | -0.026768044963046928181  |
307   | 0.00010720793417879178255 | 0.0036353855346755747403  | -0.0085892540144752171916 |
308   | 0.0089465569301909204231  | 0.0049871949899340066448  | -0.006020468245628195908  |
309   | 0.0061184931199756839235  | 0.003026031824184733255   | -0.013401803532039690409  |
310   | 0.0096603640549050538711  | 0.0055277773937131386914  | -0.014342586401359340778  |
311   | 0.0087503287787212558069  | 0.005726647678378897835   | -0.015515833551375236843  |
312   | 0.0070610519913373885267  | 0.003828306417553284987   | -0.031490001611783911828  |
313   | 0.0069274390290725565075  | 0.0027699561368411326767  | -0.006234304427760101186  |
314   | 0.0041735297282144336734  | 0.0068934210737206565861  | 0.00050169041753136359857 |
315   | 0.0098906263647997108568  | 0.0089214567153303968305  | -0.010387779933943698182  |
316   | 0.0054283188405035388488  | 0.0050102540284366449755  | -0.0072319205891148222176 |
317   | 0.0061224474059508688858  | 0.0018539973838935070675  | -0.035787316056196130654  |
318   | 0.0073960663311834753605  | 0.0052851341194826723796  | -0.0032016897292149915262 |
319   | 0.0024167892430929688481  | 0.0022720655016611329691  | -0.0053700496509800944855 |
320   | 0.0068258368481532499458  | 0.0044753113004394285898  | -0.036286283746120417959  |
321   | 0.0035849750182074444603  | 0.0029558749966328541972  | -0.014437550085858221957  |
322   | 0.0087702777151388924826  | 0.00026822128436557320878 | -0.0060059546093765335886 |
323   | 0.0050963819846148953469  | 0.0019912171320785624837  | -0.0091231706711182459363 |
324   | 0.002193787025110271495   | 0.0044670064395844226099  | -0.018008277221436757437  |
325   | 0.0053856172196646611219  | 0.0018340611106107337913  | -0.024835770915737510195  |
326   | 0.00077942266660268233382 | 0.0049494796005360502597  | -0.013688127185654838311  |
327   | 0.003964693010070996157   | 0.0071202956557304087834  | -0.015800380482703626356  |
328   | 0.0099178566529533832702  | 0.0078774217806200034359  | -0.029366414007874774156  |
329   | 6.4807613049709011021e-05 | 0.0064904813059699908648  | -0.014447972069272918896  |
330   | 0.0023438002016634468423  | 0.0030345840554875358995  | -0.0052185552100134481937 |
331   | 0.0064550634004166395491  | 0.0025810680831469586666  | -0.016374108486040737237  |
332   | 0.005812082500747810937   | 0.0059008165111633960331  | -0.0044072340621953594308 |
333   | 0.00091157066517980002342 | 0.0072879773661254183478  | -0.021583090168481249005  |
334   | 0.00055264898014654323128 | 0.0037582889220442354875  | -0.016550906864522124673  |
335   | 0.003436590165436230037   | 0.0095844299323701656612  | -0.00037278323606131211123 |
336   | 0.0087547966193500005583  | 0.0047947701752701216149  | -0.018123263281566381888  |
337   | 0.0024428155546596464279  | 0.0090211233501582537703  | -0.011984072547428727476  |
338   | 0.0086148583346154009033  | 0.002039703396481088761   | -0.01726222960904345155   |
339   | 0.0046083512994149712291  | 0.006234805027807036569   | -0.031179017650599220174  |
340   | 0.0044431528455508234945  | 0.0058881056434154435686  | -0.0074411067022924831313 |
341   | 0.0043016896176413426181  | 0.0087017381955131669485  | -0.027775595776791006664  |
342   | 0.0013787118286127935263  | 0.00096745919070715150848 | -0.00013458517350279727994 |
343   | 0.0017906576200381260633  | 0.0036464966896924805827  | -0.0063958835329560427899 |
344   | 0.0060990386305934734743  | 0.0074120102396262243713  | -0.0022857824574850833278 |
345   | 0.0051084137572972058636  | 0.00012025382965919009261 | -0.00023424288425290712727 |
346   | 0.0099239105733610749605  | 0.0078033774417119996722  | -0.020077695696778519868  |
347   | 0.007440876473458869246   | 0.0056181166885358206284  | -0.02841946293464879883   |
348   | 0.0082829562271166459753  | 0.0023487284534890809362  | -0.019138817591639937371  |
349   | 0.0023663200660938026217  | 0.002177211339423635976   | -0.020696964169506584102  |
350   | 0.0022040715847431954257  | 0.0036084693257601896561  | -0.012838693896766228963  |
351   | 0.0024267315550141783931  | 0.0026724435951741209658  | -0.027461262248715517104  |
352   | 0.0030518964440744019394  | 0.0034556240456323785402  | -0.019116173510906067645  |
353   | 0.0037957458076488910168  | 0.004456473766088605605   | -0.0080398396188043376454 |
354   | 0.006710953694796404842   | 0.0036796066993075083641  | -0.013103990292234940496  |
355   | 0.0050500277973356995365  | 0.0042384780798180813483  | -0.0049201962464346798987 |
356   | 0.00032429776075063477137 | 0.0091301721949296563846  | -0.031216384555388585614  |
357   | 0.0041083496111241407309  | 0.0043354824236710443053  | -0.036511323427028841149  |
358   | 0.0046850824397040155209  | 0.0025736241056000083889  | -0.035119500396093294992  |
359   | 0.0094308466865089726067  | 0.0042434661222280345427  | -0.027563212071676723713  |
360   | 0.0065830442718615199763  | 0.00022687927717928788453 | -0.028874226846107901856  |
361   | 0.0036418363994459718169  | 0.0060612674118770649631  | -0.031701239341544396044  |
362   | 0.00071062780541609430352 | 0.0022633957992618971948  | -0.031364348394284299881  |
363   | 0.0071327920024886904554  | 0.0076971001031294096484  | -0.0013385742194453014841 |
364   | 0.0016624320876320024948  | 0.004350927268730239543   | -0.019478522323126745697  |
365   | 0.00040082250983127019721 | 0.0074313047810840868537  | -0.0084431086478609657792 |
366   | 0.0020281720062967729598  | 0.003306732111052057034   | -0.028812808049947846722  |
367   | 0.0070755548128067832087  | 0.0026332850446284055378  | -0.0045187156525600020995 |
368   | 0.0064061431209721112282  | 0.00011974531080752477685 | -0.014259964346191053228  |
369   | 0.0043200553122932482814  | 0.00069444913400504380135 | -0.032144886619288833007  |
370   | 0.0021676836445061477797  | 0.0043934832020251675389  | -0.012822260035863551966  |
371   | 0.0028616092229139349079  | 0.0054650163710092698049  | -0.0017564366275942531505 |
372   | 0.0035681530217840881115  | 0.0063290412596064904785  | -0.019573548930847017163  |
373   | 0.0076137164344395984183  | 0.0010947157192496513849  | -0.025779411103322515814  |
374   | 0.0076486038014443018945  | 0.0098623692594369746778  | -0.031906166496148705147  |
375   | 0.0058090313015420587742  | 0.0017410717560025525119  | -0.035231655223485591755  |
376   | 0.0092609014388894319442  | 0.0039214204233627572918  | -0.0037169640548894021699 |
377   | 0.0098950809960193716885  | 0.0053832161678050490655  | -0.016964269646825392429  |
378   | 0.004832955403280186045   | 0.0092378862254577920332  | -0.013746087921025161235  |
379   | 0.008433798143598649627   | 0.0022790001884399222962  | -0.0011488214488347050363 |
380   | 0.0043941671379956418614  | 0.00035793532316783746887 | -0.031717632265552887783  |
381   | 0.0017956620038684552049  | 0.004535661727606951979   | -0.020279610566830554713  |
382   | 0.002128692488752700375   | 0.0070681420953955164874  | -0.023887133710838399925  |
383   | 0.00014283126961635308973 | 0.0090521727447070658018  | -0.021853487435643342146  |
384   | 0.00768249997317699794    | 0.0054751669333426827152  | -0.00952589519100206783   |
385   | 0.0082324466773196752073  | 0.0019339768744020074086  | -0.031061122732072905805  |
386   | 0.0078339571906235107995  | 0.0082854908097403107831  | -0.035023785672437621197  |
387   | 0.0053154485657313753355  | 0.0038452742083400709774  | -0.02068350742460158681   |
388   | 0.0073909650944722488086  | 0.0053138035759677428732  | -0.00092656937019019612253 |
389   | 0.00678389673785743854    | 0.0063223173355338351323  | -0.01364317482655794285   |
390   | 0.0045382027598256883399  | 0.0012337551075145202981  | -0.031383107272643331886  |
391   | 0.0055311530047174968169  | 0.0044122031316873311368  | -0.031180219818568413043  |
392   | 0.0052815590011259551384  | 0.0038407732015241793054  | -0.036411848546660033343  |
393   | 0.0067601330000015983149  | 0.009333937631408543989   | -0.029183731792945068195  |
394   | 0.00088965561632945941179 | 0.0040511510565227250996  | -0.03577866548487677878   |
395   | 0.0066225758807222142449  | 0.0080945285336513957825  | -0.02353275718940454897   |
396   | 0.0074498164354777655569  | 0.0047570648236836396081  | -0.021463485274303775036  |
397   | 0.003864588047366318297   | 0.0067729929240796906201  | -0.001670708561860778955  |
398   | 0.0054157622072125667298  | 0.0068941093424137621024  | -0.0090050346197443099927 |
399   | 0.002974496372631421897   | 0.0074839733156133753794  | -0.032588578711492871554  |
400   | 0.00083808787877633962073 | 0.0082364958904785692817  | -0.0096779514319174208409 |
401   | 0.0050719844224956529138  | 0.0048406859920994667681  | -0.032435289394049382494  |
402   | 0.0020994567220071831855  | 0.0016675430293593266652  | -0.0022622232967924376865 |
403   | 0.0046198195419550310351  | 0.010000427298088664096   | -0.01089047111559501152   |
404   | 0.006147890359492248942   | 0.00036441606734024698747 | -0.020049430662492696148  |
405   | 0.0094321030912307025212  | 0.0046451168509404998364  | -0.030585477459481362483  |
406   | 0.0099244392622641706275  | 0.0061194249416510991535  | -0.019076956565650147329  |
407   | 0.0096413059184455932038  | 0.0087897721942464049349  | -0.0041499792405568329545 |
408   | 0.0027259795236638695477  | 0.0078106232145787792692  | -0.010981229586061732467  |
409   | 0.0038438104551390293515  | 0.0017439826113549450077  | -0.024547987554090849871  |
410   | 0.0013821223203169504326  | 0.0028886475551221277823  | -0.00077482852308644674551 |
411   | 0.0076919040392047473634  | 0.0039494600852652524473  | -0.026611736411593638063  |
412   | 0.0038426826281050072837  | 0.000933116971637997384   | -0.02413504819294010062   |
413   | 0.0025807080618884749475  | 0.0063353934338007253033  | -0.03661144720132469832   |
414   | 0.0027366181381990773054  | 0.0014358046610177092623  | -0.032462574309369926495  |
415   | 0.0027649488223495167528  | 0.0094182857098881571367  | -0.010333471235264925919  |
416   | 0.0052031936445307448019  | 0.0056588333483292363804  | -0.0018850738462270716193 |
417   | 0.0073701871573709602792  | 0.0022201536016691375726  | -0.0097681277198639199222 |
418   | 0.0074094030757703753867  | 0.0080949135071334919062  | -0.018515083032712112421  |
419   | 0.0099648125804741218697  | 0.0067517456665669682569  | -0.035504480573709827629  |
420   | 0.0064335507147668721112  | 0.0087549686591081674752  | -0.031837552155260975817  |
421   | 0.005793945092888532801   | 0.0093065433903650220115  | -0.002074404464591653955  |
422   | 0.0024209390077635545464  | 0.00070883668344554908412 | -0.00075547644727353899501 |
423   | 0.0051086168930438583327  | 0.0076967373694242250878  | -0.021504496430415177138  |
424   | 0.00038874388280527093047 | 0.0078155773951958003309  | -0.0073519342344712098822 |
425   | 0.0064059003613453520398  | 0.0041296401090938437278  | -0.03285700096386494351   |
426   | 0.0043360796145556716047  | 0.0094198432223996167445  | -0.0031509915008760638368 |
427   | 0.0066719865393806273776  | 0.002325263449521813592   | -0.00013055676026793068415 |
428   | 0.0082225079748812265196  | 0.0046968918937997242505  | -0.030052032648925541131  |
429   | 0.0052403539193853296979  | 0.0037847558225963199435  | -0.0057506450251405341612 |
430   | 0.0019007717848482743629  | 0.0089083529834656782764  | -0.012221963284019988702  |
431   | 0.0069263505176787587558  | 0.0071698525552733463964  | -0.0079019374483144753235 |
432   | 0.0014827883700779971848  | 0.0055617466300707839658  | -0.028062856929049563581  |
433   | 0.0026542696347207597914  | 0.0058348665832388523639  | -0.026600905828903963907  |
434   | 0.0025458284295176319446  | 0.0027160712187357903546  | -0.020415751160099106926  |
435   | 0.0097761232661024103502  | 0.00121748825293959014    | -0.0062031436877133683955 |
436   | 0.0010478537956188057126  | 0.0079800630594330703577  | -0.0085593868186630665817 |
437   | 0.0056931920776998375805  | 0.0042304880510885874839  | -0.0046698708324069476347 |
438   | 0.0085128086704122432615  | 0.0035520888135084425878  | -0.025982329316912782663  |
439   | 0.00058041717151754307086 | 0.0074740534506331501863  | -0.01353207274320089061   |
440   | 0.0093581396101108521579  | 0.0042610585410253537172  | -0.0033237263655338765422 |
441   | 0.0017916312921651528743  | 0.0011908128279257213303  | -0.012344447797117692744  |
442   | 0.0015318031372828202954  | 0.0027609791455714591778  | -0.0030922558797905064232 |
443   | 0.003622188200181160854   | 0.008333479724599159727   | -0.013194647180448468987  |
444   | 0.00050396381352804252469 | 0.00045379033979812727524 | -0.024139446183783667271  |
445   | 0.0072039086299906318969  | 0.007102973725755769123   | -0.011260438664421789506  |
446   | 0.0014260316215386928222  | 0.0084722537951746855478  | -0.02126050421799893092   |
447   | 0.0038642952926816291626  | 0.0084995958357220180446  | -0.033915863794153178201  |
448   | 9.3263855168805050557e-05 | 0.0049548388213663616814  | -0.021358632531477052263  |
449   | 0.0062050263859788840418  | 0.0070189643937955030831  | -0.013234879702966780013  |
450   | 0.0066577718076436531724  | 0.0039400897103543473105  | -0.0060075385147361978766 |
451   | 0.00065276788839937875415 | 0.0097329575304191170287  | -0.036457619528251196395  |
452   | 0.0081340661455616605074  | 0.0088268051688975106284  | -0.027411103699336712702  |
453   | 0.0058563289359377908652  | 0.0036867896728664472338  | -0.028455792990940011189  |
454   | 0.0081416253691329390496  | 0.0066363584463151707726  | -0.021540432914890054322  |
455   | 0.0015735630949412400276  | 0.0062059890816699913793  | -0.0068642002010927535491 |
456   | 0.00086570113731137925128 | 0.0042804260009036334406  | 0.00067098512914103101284 |
457   | 0.0023590151956814973781  | 0.0052260647359969594414  | -0.0051180969121447927872 |
458   | 0.0027502090548527928678  | 0.0092878878270846697285  | -0.009611277082979513553  |
459   | 0.0055882130501961396404  | 0.0010992346243733060272  | -0.002241607192225687252  |
460   | 0.0064033360806285185424  | 0.0087990038359184782196  | -0.011615420065072214542  |
461   | 0.0029986869016721713621  | 0.0044267357650309979711  | -0.010608938309269400069  |
462   | 0.0037267452721511749175  | 0.0034242253092085892137  | -0.015312577631385639043  |
463   | 0.0064625844520763949322  | 0.0039400444973741455268  | -0.023686883424694039207  |
464   | 0.0084581618662653672291  | 0.0012021371862408816982  | -0.031526273294882806164  |
465   | 0.0092500334910468641481  | 0.00022969809803905923379 | -0.032873956619572819449  |
466   | 4.440578465563201283e-05  | 0.0062432354965389598792  | -0.010776107530383475033  |
467   | 0.007024796254962666249   | 0.0045280657120850146061  | -0.024787886837223528647  |
468   | 0.0030838959812606115199  | 0.0071108260275618388746  | -0.026987293059991947913  |
469   | 0.0054900409554590511377  | 0.0031185361995505539098  | -0.024089652799594601928  |
470   | 0.0046562040512336403189  | 0.00039088746756880374299 | -0.02637470040552305009   |
471   | 0.00087583006219175724583 | 0.0083461047462818713921  | -0.03422751730353430083   |
472   | 0.0054614195289650370457  | 0.0086078046277732103014  | -0.034148950005682618403  |
473   | 0.0068123223481739115723  | 0.0015496657747595234469  | -0.02409718511434066554   |
474   | 0.0010358059573692258819  | 0.0018921635881133651736  | -0.017229582559715215379  |
475   | 0.0049557302969477738663  | 0.0047218570701093882241  | -0.028005621678741043912  |
476   | 0.0081237239820857436862  | 0.0085987062071433591204  | -0.012299027151923167325  |
477   | 0.0080499161419497079067  | 0.0079517046437596970027  | -0.0074005307411863464548 |
478   | 6.9079553833214240285e-07 | 0.0080039137795018047705  | -0.03647591446696255707   |
479   | 0.0040647242705665748153  | 0.0025206668872527790252  | -0.022542523512617550913  |
480   | 0.00020954883140005990195 | 0.0044565366198046282853  | -0.015272067425145766095  |
481   | 0.0033476824248043768328  | 0.0079928077338657470274  | -0.030688291336313729823  |
482   | 0.0044470293875035430547  | 0.0048322089653748531365  | -0.035096532853382128581  |
483   | 0.0057824125974882479087  | 0.0037886136796362384835  | -0.032774325215159445801  |
484   | 0.0019815577235026849562  | 0.0061200801104283183637  | -0.025192130287716291842  |
485   | 0.0012783767465435148455  | 0.0053034531899803418614  | -0.032309545651688462153  |
486   | 0.0010372342473758844762  | 0.0072319506662985319836  | -0.0093597786620928848794 |
487   | 0.0081284646838784922057  | 0.0050666397982798774824  | -0.016162453642245395991  |
488   | 0.0087567998320978585047  | 0.0061036648396415307469  | -0.013130561983366246734  |
489   | 0.0042324519012552578451  | 0.0094547296557378791848  | -0.035800780449890309831  |
490   | 0.004712937107764301331   | 0.0086176206268005432071  | -0.014503247931776704766  |
491   | 0.0035024517757373946347  | 0.0029160958631698481562  | -0.012211851627209028767  |
492   | 0.0073360630156588911566  | 0.00824618361009823303    | -0.0174620597220296013    |
493   | 0.0093922238573753043245  | 0.0071129676755848515041  | -0.014729234406399444382  |
494   | 0.0047354559441310185505  | 0.0046832354844471933003  | -0.035898103535188831403  |
495   | 0.0076343626507873896953  | 0.0081006331602583980106  | -0.0053627896729948011309 |
496   | 0.0087925659379607650629  | 0.0056733187753193478967  | -0.023158335858111136346  |
497   | 0.0049642555957037674472  | 0.0050308932157152692552  | -0.0027688739096520874165 |
498   | 0.0052187105071303929033  | 0.00022143920142948713618 | -0.036403785821675270495  |
499   | 0.0093846946124974007369  | 0.0051102485017718380159  | -0.012089092480744207531  |
500   | 0.00049484728537917707734 | 0.00031232963215159688115 | 0.00050927623549429801991 |
501   | 0.0045898720382499475293  | 0.0038776878289617220698  | -0.029386464095504202798  |
502   | 0.0055178536308815974779  | 0.0052858187820426011036  | -0.020940028398464576725  |
503   | 0.0012525627386499368215  | 0.0026748496242213178412  | -0.013038122339064310562  |
504   | 0.002224322825177482265   | 0.0033360005736178767119  | -0.02660896454532834729   |
505   | 0.0070468239881803932181  | 0.0076107589947069145125  | -0.034672046985403048858  |
506   | 0.0036425626421981256373  | 0.0022688145673334914575  | -0.019913102140353786118  |
507   | 0.0089436063723955586124  | 0.0037453354954398265612  | -0.006194143212101310518  |
508   | 0.0045740509107964509236  | 0.0017271367731975493815  | -0.026521221766162318689  |
509   | 0.0013903107770084669696  | 0.003034720221958445846   | -0.036623336384319964132  |
510   | 0.0076756674453091902968  | 0.0084669365080822598518  | -0.0069895323141517910759 |
511   | 0.0023046952564081736071  | 0.002922228466231282986   | -0.031208422507339975138  |
512   | 0.0074029430496205901255  | 0.0097587130905544671594  | -0.031565734617441554288  |
513   | 0.0056374187492024066537  | 0.003229144959493011717   | -0.02877679382102171779   |
514   | 0.0069381823497760642186  | 0.0016133478201109962592  | -0.0029797932284410539455 |
515   | 0.0076402746198984327827  | 0.005641001116381049417   | -0.014535140537797480373  |
516   | 0.0042665588385883074576  | 0.0010308410976152435849  | -0.0032683777110001084425 |
517   | 0.007509620555489824982   | 0.0055444895429698050696  | -0.02560764705248536055   |
518   | 0.0032607136258249059396  | 0.0029216927740954379625  | -0.016089334756944084076  |
519   | 0.0019527958145093289154  | 0.0036560353675249754844  | -0.029771730022789277131  |
520   | 0.0028326787977060166254  | 0.0033421112115149548966  | -0.032315005906943340686  |
521   | 0.0042766591468757757938  | 0.00591311562718923895    | -0.010681756180801875791  |
522   | 0.0029145939197371536697  | 0.0034829461553950251916  | -0.0082601016771219528539 |
523   | 0.0015109367061394429754  | 0.0083912454281650315085  | -0.012387662271108934586  |
524   | 0.0087749629462488126785  | 0.0012677730762794552251  | -0.016759456318561353344  |
525   | 0.0034114416167176559759  | 0.00058140962853274599439 | -0.035785148547616704717  |
526   | 0.00032189139697231421763 | 0.0055567921717736166662  | -0.0081129272848611943408 |
527   | 0.0092082901880254277444  | 0.005338710624026341868   | -0.010576351128993874071  |
528   | 0.0087607206248453348141  | 0.002353283476073490376   | -0.014762059546321660772  |
529   | 0.006700268348633314601   | 0.0056787899160006790125  | -0.022097084354454333416  |
530   | 0.0034251836228369244436  | 0.0065921686445875229271  | -0.0037148691460460879672 |
531   | 0.0037748495154087645387  | 0.0040015135751034405093  | -0.020585387450299405532  |
532   | 0.0047704823620901689804  | 0.003714414796241198493   | -0.00036312367452426725116 |
533   | 0.00028311294961496968935 | 0.0057278795314696642413  | -0.0094718777210227641378 |
534   | 0.0023024469063171490273  | 0.0040577758508122691722  | -0.01366196506305374786   |
535   | 0.00040402486667969475997 | 0.0084943761920283061134  | -0.027208059265044170355  |
536   | 0.0001796077536131787005  | 0.00015618024655457253352 | -0.0039041723105294402936 |
537   | 0.0022691751455205817073  | 0.0041979030393241275124  | -0.012423014741896254085  |
538   | 0.0085699221083636763219  | 0.0016531432965952530621  | -0.036378374834974191998  |
539   | 0.0092500553993168158073  | 0.0060436126367479281116  | -0.0050114514124428057029 |
540   | 0.0048292401796102427461  | 0.0060503432325018377883  | -0.022790113284884425809  |
541   | 0.001741828992426040822   | 0.00047940497459239436945 | -0.016437389778172332294  |
542   | 0.0064695618388004808713  | 0.0027228224398773695145  | -0.010273336608865344527  |
543   | 0.0078948035674336666107  | 0.0061065762280003875115  | -0.0076877804457317422751 |
544   | 0.004519861262980475955   | 0.0035654138221032530102  | -0.027543825848094595499  |
545   | 0.0083513932471745034453  | 0.0085596417995479102958  | -0.020248665473382936042  |
546   | 9.8684540202856506287e-05 | 0.0081167974109649515535  | -0.030607904491399957198  |
547   | 0.0030867510727393709415  | 0.0035136457598277581402  | -0.0041730506976133665761 |
548   | 0.0040851888736146389769  | 0.00306108249692648186    | -0.030496485899243509776  |
549   | 0.00077511385802205739256 | 0.0085871866815208745816  | -0.032839010541244197106  |
550   | 0.0034979912356247143922  | 0.0041293512452733691781  | -0.0094585743535888170547 |
551   | 0.0062952017312368109547  | 0.0023816390105957058014  | -0.030104311287179153639  |
552   | 0.0048470593286303025743  | 0.0054777058335790081503  | -0.015807997168419074541  |
553   | 0.0031111930774724155802  | 0.0049605586074542382807  | -0.020659151201108300749  |
554   | 0.0017065996749373259136  | 0.0089129351525771578074  | -0.019431366054284238826  |
555   | 0.0070057824000248312968  | 0.0035355134254424300938  | -0.0045250850704057687598 |
556   | 0.0032417165716795695238  | 0.0078175946515790326746  | -0.0083061335879893501838 |
557   | 0.0054946383201907042851  | 0.0054143310921669690269  | -0.030694641115676147419  |
558   | 0.0027591796510382897434  | 0.0058041815708943190685  | 0.00037415934333747107726 |
559   | 0.0070612258862818048574  | 0.0010811256919346079724  | -0.0016712106997748849696 |
560   | 0.0054990490736261787158  | 0.0036286700338792935404  | -0.026842058239414975929  |
561   | 0.00058639743053692122178 | 0.0061464119793418134363  | -0.00046759603259395577345 |
562   | 0.0044869180712946987732  | 0.0070611377172548192224  | -0.0047293902249614912583 |
563   | 0.0070890962735882549414  | 0.0043649605772610325718  | -0.020035925284315577594  |
564   | 0.0047398996216910481427  | 0.0072448641266910284928  | -0.02793357189139637764   |
565   | 0.0071862106576815526146  | 0.0049406281207959226037  | -0.035658986084444600773  |
566   | 0.0042154743438190664037  | 0.008977383112713007568   | -0.030657614876234008661  |
567   | 0.0088448753926808846432  | 0.00094124968377378099085 | -0.0048745268645453750794 |
568   | 0.0070884399808872492268  | 0.0011447730590442371356  | -0.036689612487078797354  |
569   | 0.0048991136175726493485  | 0.0039233828525910468057  | -0.024648047969009857783  |
570   | 0.0062628804620519385599  | 0.0098093927880252822921  | -0.0045207784651028612086 |
571   | 0.0097790963725315083882  | 0.0065209370958925700137  | -0.034128189975113305821  |
572   | 0.0042116620661109905113  | 0.00026160651657420848706 | -0.0066017226259695140425 |
573   | 0.00094625431222299647739 | 0.0069135379902254545659  | -0.01060516358998239532   |
574   | 0.0066353028912604179387  | 0.0090482916171144185669  | -0.01276120835682008868   |
575   | 0.0050617996602675546791  | 0.00030292498834658804479 | -0.027048771003464623652  |
576   | 0.0059310614798247594109  | 0.0027092126568687858318  | -0.0095298403342037301539 |
577   | 0.002479963172116459065   | 0.0079890194477107087656  | -0.0314168460122658047    |
578   | 0.0035008802200629761392  | 0.0074125139132574175208  | -0.013821621548458746381  |
579   | 0.0048676634419827728012  | 0.00043781593417225006222 | -0.023655570455772226279  |
580   | 0.0064217911516787212767  | 0.0024958018974279823701  | -0.021296356917416360555  |
581   | 0.0080537711504488160991  | 0.0070031417901068203011  | -0.010820937192700436427  |
582   | 0.0041589114181664011902  | 0.0073042244981647930571  | -0.0017498183636135381403 |
583   | 0.0092638967488189692678  | 0.0077100423716034548888  | -0.017989986342027902005  |
584   | 0.0053495745618298805313  | 0.0087259322496357726029  | -0.029726195700600706318  |
585   | 0.0035327527223324079776  | 0.0025396858469292405737  | -0.015523686167274236211  |
586   | 0.0076528066320757665714  | 0.008885911114771521957   | -0.021942065458630630181  |
587   | 0.0018172693064977679667  | 0.0033764084834229713718  | -0.026187781891374734694  |
588   | 0.0082221898295668817414  | 0.0041025003120603994664  | -0.027121110689490159767  |
589   | 0.0035167504548811144571  | 0.0070428783206859559007  | -0.016992972519820747496  |
590   | 0.00033803867983467475239 | 0.0092920585758155330169  | -0.014283028684212356607  |
591   | 0.0030157646991897804969  | 0.0033623440841909360902  | -0.0093380688102431969044 |
592   | 0.0030934669734408812986  | 0.00072829591067006540454 | -0.031186298361543036278  |
593   | 0.0081374900817859415619  | 0.0081317663525174773559  | -0.02585494182986076972   |
594   | 0.0093498384594011690885  | 0.007287609068587401831   | -0.0053419132790685991755 |
595   | 0.0024912026282408561255  | 0.0079999246974343483918  | -0.010803421628019274289  |
596   | 0.0099968699077816608467  | 0.0075509712280891119057  | -0.021766650354297825687  |
597   | 0.0028698810927838907213  | 0.0080217633791698529644  | -0.022064215804108559121  |
598   | 0.0043380518660850568569  | 0.0044741497743844864041  | -0.023807538460510518225  |
599   | 0.00014449971974033981007 | 0.0069874299641582331491  | -0.0052970568778215043615 |
600   | 0.0011800764665337980935  | 0.0014774586624145393064  | -0.02616058199087406208   |
601   | 0.0015713347311865897594  | 0.00096515031709630918523 | -0.028480892732649028959  |
602   | 0.0065731871809385994734  | 0.0062900072778017158959  | -0.021212202333707033675  |
603   | 0.002523193394174266975   | 0.0024718083434080769661  | -0.022545951255832013399  |
604   | 0.0092597638751818860114  | 0.0077494928414405190101  | -0.031474527347371272779  |
605   | 0.0070408171983316674911  | 0.0075241756258884028713  | -0.024881826223053529756  |
606   | 0.0089251797260379538146  | 0.0023944840049084105925  | -0.030120174079984567139  |
607   | 0.0017439855792533934947  | 0.00077424398155644797142 | -0.034954331753841098862  |
608   | 0.0040414762617242382114  | 0.0069542867062924798582  | -0.0075100888351114043415 |
609   | 0.00038103801428373494089 | 0.00012797680665886022834 | -0.016930798234264243796  |
610   | 0.00054076307012816519654 | 0.0020044399228854592465  | -0.036046522076003631452  |
611   | 0.0047976816790746747848  | 0.0056906978959889355923  | -0.022958162852275122712  |
612   | 0.0047570953424887537503  | 0.0085601257513359257922  | -0.0012094025286790166269 |
613   | 0.0065953476538493441272  | 0.0096873865620347165972  | -0.025951623315989890556  |
614   | 0.0046414661005502282076  | 0.0030352949431108268603  | -0.030751045904511400964  |
615   | 0.0011676376996942604454  | 0.0089089484084832557681  | -0.0062009171315289190671 |
616   | 0.0092822554837509625714  | 0.0038686654581679348792  | -0.0039263493977840817004 |
617   | 0.0065580541447396003066  | 0.0030837637011633268341  | -0.005617226807878516158  |
618   | 0.0021909788871132210991  | 0.007018595354000331521   | -0.012458324286811921222  |
619   | 0.0021014629189792179316  | 0.0086021740428981492005  | -0.0073005549170688443725 |
620   | 0.0077332846738480797572  | 0.0040157434695384406839  | -0.0085915821074736675039 |
621   | 0.0044076165908300511675  | 0.0057979190952168295492  | -0.026719152687392444534  |
622   | 0.0020007633138016257639  | 0.0089979909702212496764  | -0.027685966070047331872  |
623   | 0.0031177505912839496155  | 0.0027734319098387917937  | -0.017528762581935173476  |
624   | 0.00013931695733683014966 | 0.0053138154945580017008  | -0.0062736657006584230917 |
625   | 0.0067205359967494361639  | 0.005833299951947099396   | -0.018496380359676180966  |
626   | 0.0016369413870905616913  | 0.00028874857589793152335 | -0.006983908161919264064  |
627   | 0.0054701826915644858815  | 0.0095053765934846531915  | -0.025776173594008119916  |
628   | 0.0070397693927900118621  | 0.0082484625074105543535  | -0.00055815691947986006277 |
629   | 0.0075392481129261936998  | 0.006758983340961317865   | -0.021599256650243359862  |
630   | 0.0061410575264097847989  | 0.0094453024949573589908  | -0.016693470990634343837  |
631   | 0.0088844186352715053684  | 0.0051870352499749075234  | -0.018498510504025639928  |
632   | 0.0052948407944847526024  | 0.0069821123286953022669  | -0.029382359666649270763  |
633   | 0.0049427618853960797463  | 0.0018450617427500108549  | -0.015489888433737098589  |
634   | 0.0036298974459070803417  | 0.003902247720628482415   | -0.0072166858950425682995 |
635   | 0.0015192989199653075816  | 0.0026555998023312463868  | -0.0076100890955265246274 |
636   | 0.00075787529820082338589 | 0.007149758143385066822   | -0.013459631458926615138  |
637   | 0.0062078623950995630645  | 0.0027320835148797978191  | -0.036778176724886438298  |
638   | 0.00010923590490901533511 | 0.0025540107286617123525  | -0.025920451815904639592  |
639   | 0.0071013583604968731275  | 0.0023019023401166013171  | -0.018091455450696791729  |
640   | 0.0031026496221860880992  | 0.00049142613024846738736 | -0.01033123893371072459   |
641   | 0.0058739555868237520661  | 0.0079105617595467501296  | -0.0093658419427123801304 |
642   | 0.0009120534986146230233  | 0.0087529534003270414305  | -0.0074584311987745278288 |
643   | 0.0089592692157161122474  | 0.0059914679589263830639  | -0.0027691589926696420949 |
644   | 0.0054124533465552768924  | 0.0093219295992054487798  | -0.028351587518207300997  |
645   | 0.0034681168440599372156  | 0.0093837057711611982641  | 0.00058382256704555841181 |
646   | 0.0023057801277861795369  | 0.0018517004962246034691  | -0.0114103613039159002    |
647   | 0.0049246818377329960176  | 0.003793045524200263155   | -0.023535476765254005616  |
648   | 0.0040829812413004165639  | 0.0062571625160279253919  | -0.025931064125500787043  |
649   | 0.0043297865400768751135  | 0.0061121093890857429096  | -0.0039299318136399204182 |
650   | 0.0033916165293852813464  | 0.0081378281973897154122  | -0.0077386657693575148023 |
651   | 0.0046670620497160928211  | 0.0065925367705692572429  | -0.0090425151248389196851 |
652   | 0.0025971786929485634471  | 0.0057607113670240682121  | -0.016575707862101538015  |
653   | 0.0064746905576813203534  | 0.0047932264460951133633  | -0.0027343699842709676302 |
654   | 0.0056084020671609497236  | 0.0080402142126236655906  | -0.011513666091537370223  |
655   | 0.0051209281206162672595  | 0.0047589128116043112257  | -0.0013135421247434957061 |
656   | 0.0027863116540161100149  | 0.0028886576369296077839  | -0.00093187509123498438873 |
657   | 0.0081760994859243103783  | 0.0091964856686710429179  | -0.019422087631439443473  |
658   | 0.0056244242332700788642  | 0.0083809997271114388545  | -0.011754863949918446797  |
659   | 0.0081567296001246632209  | 0.0045039442680862226687  | -0.017653717425549858566  |
660   | 0.0064069263031990416821  | 0.0016261566767394580041  | -0.026468922697162673707  |
661   | 0.0010895198449156790355  | 0.0042224975524698081519  | -0.016330582411447885915  |
662   | 0.0043227670016377384848  | 0.0081320761231677349268  | -0.0030260588307423393756 |
663   | 0.0077367167273140330375  | 0.0019660439783248584086  | -0.024193121138596947878  |
664   | 0.0044394415558100721458  | 0.0026560466685940416903  | -0.011179434867210465143  |
665   | 0.0022019973935688674088  | 0.0057005132589225335216  | -0.0042898532494234468959 |
666   | 0.0062704156309312097245  | 0.00094797395928457816282 | -0.024186776362581902111  |
667   | 0.0083987167892288546595  | 0.0020726896284894800321  | -0.015499163627896479431  |
668   | 0.0055288559532368254656  | 0.0016923036239968806786  | -0.0086494137525972899366 |
669   | 0.0091514148882541092311  | 0.0024777755505080737916  | -0.02537196715302791894   |
670   | 0.002042457674730119993   | 0.005917301691577902395   | -0.011989891504536054345  |
671   | 0.0021768142751756999406  | 0.0079345743033531097865  | -0.026248433139607174613  |
672   | 0.0098851764560336664173  | 0.0058417265649518476667  | -0.018836351207181873529  |
673   | 0.008050921845451294856   | 0.0049204421597615110098  | -0.03467785475639412196   |
674   | 0.0072740183845846160399  | 0.0024420806110672693863  | -0.017474442276572136473  |
675   | 0.0025630182663224322301  | 0.0040294172362065304449  | -0.030525950702901125805  |
676   | 0.0023911719035875512313  | 0.0099089834422323372354  | -0.0047837171075237302012 |
677   | 0.0062545342990250338625  | 0.0027902002143369341106  | -0.022235531290672769927  |
678   | 0.0024036802101426290451  | 0.0029259604707558136902  | -0.0037217961605209345238 |
679   | 0.0039064265132486546833  | 0.0074795833273754866802  | -0.010488812912243038189  |
680   | 0.0015879463812261429036  | 0.0068477694635150875013  | -0.021041996856377680886  |
681   | 0.004027402538986778191   | 0.0014042924557745846501  | -0.0095904169727879171048 |
682   | 0.0012839864634361336342  | 0.00086851030303296944922 | -0.018760259626031290658  |
683   | 0.0044793102007696979777  | 0.0053579581781548393099  | -0.0063761594218826140798 |
684   | 0.00062451644570569412197 | 0.0019841545166157880352  | -0.027169225759168382645  |
685   | 0.0059378157479686869205  | 0.0017020601982699467159  | -0.031813192409283826134  |
686   | 0.0052813324179648776791  | 0.0037917145712069106125  | -0.027544425121433069314  |
687   | 0.008012075659125674626   | 0.0048765314009376397805  | -0.014182803555617927438  |
688   | 0.0036274888130600766237  | 0.0071807115345674972506  | -0.010578148196733441061  |
689   | 0.0049456345709807877919  | 0.0066564703635341795906  | -0.0046500864081627625926 |
690   | 0.0062985794798851389015  | 0.0067212618663260708524  | -0.016789176276356360812  |
691   | 0.0077838755681191801675  | 0.0044665611122948539399  | -0.017097951833067556032  |
692   | 0.0070238576781234563634  | 0.0082348875782486397057  | -0.022066499529718827666  |
693   | 0.0075859304058021395645  | 0.0037662534692109147019  | -0.025058046942384219757  |
694   | 0.0077285748561938729523  | 0.0093826952406124552314  | -0.019122589669085567066  |
695   | 0.004775842151039128014   | 0.0082410475676814951701  | -0.031837257526459016022  |
696   | 0.0020599234544000379586  | 0.0025807808635387417817  | -0.024550493542882231846  |
697   | 0.006348660972572848539   | 0.0045134290157040736838  | -0.024958745760767318128  |
698   | 0.0019202330779499289862  | 0.0088095123993085742986  | -0.023994286579317038871  |
699   | 0.0079636168672809082986  | 0.0010306130136199646331  | -0.019196805622824841125  |
700   | 0.0058501569814712857734  | 0.0019150515594400314891  | -0.0097644366458332979009 |
701   | 0.0050279849382343626968  | 0.0061859010780257513845  | -0.02857791444095537578   |
702   | 0.0054091222072378090935  | 0.0068197760787316423492  | -0.024532790544101672203  |
703   | 0.0040884375212777521874  | 0.0055160294124343934793  | -0.029549791301964396795  |
704   | 0.0028213004996207385541  | 0.0089245376179046213144  | -0.013500923741915780291  |
705   | 0.0025734957401385349582  | 0.0091537455777983695038  | -0.0066397751649175020677 |
706   | 0.00095745383706834262874 | 0.0083070009649193667783  | -0.032010406605812370684  |
707   | 0.0015465623962341449107  | 0.0082202926982220345803  | -0.03271601811790011971   |
708   | 0.0070562524855663309037  | 0.0044518996145282057134  | -0.012728594711918275392  |
709   | 0.0046173216193802100668  | 0.0019888236217056672224  | -0.022546718038497906567  |
710   | 0.0057766139712705595263  | 0.009180468174355627814   | -0.019049304419671810734  |
711   | 0.00063744724957174279945 | 0.0071040489366800112919  | -0.02199751720510010472   |
712   | 0.0045530631439022993534  | 0.0051444078989731001003  | -0.032085841596698833067  |
713   | 0.00084281993864941901016 | 0.0060287169751556800995  | -0.027136279892641630013  |
714   | 0.0011276811974278789022  | 0.0054093220207400791871  | -0.03283704879973801255   |
715   | 0.0046557000414176987271  | 0.009085278389548281236   | -0.027202784236366118337  |
716   | 0.00014220127359851147085 | 0.0075410725548754166739  | -0.021336583197469533024  |
717   | 0.0028746113203120815527  | 0.0089474910962816893434  | -0.011505163343599239881  |
718   | 0.004395953906614882313   | 0.0069316616721421470473  | -0.018877132616031879614  |
719   | 0.0092729478929130595977  | 0.0042030832919407300902  | -0.031602477279274808486  |
720   | 0.006657917224734838553   | 0.0078503742187128709717  | -0.036161075836317647936  |
721   | 0.0069273444080165166165  | 0.0048858442822931787142  | -0.019944415258860356821  |
722   | 0.0021352730642568151787  | 0.0067232492486679271138  | -0.0088694065969989951959 |
723   | 0.0042119184860183178643  | 0.0049016070294254001499  | -0.013537768723893481987  |
724   | 0.0073241002650644990504  | 0.005428207526839983095   | -0.020541042671822114241  |
725   | 0.0087865104246901224588  | 0.006349075658867395569   | -0.01497148147383926646   |
726   | 0.003061928605401924991   | 0.0071070007721495019257  | -0.015099662555215961554  |
727   | 0.003318652074769264191   | 0.0030307446969631856616  | -0.013592684204043642068  |
728   | 0.0049556743672764403535  | 0.00057855181894242739202 | -0.0047550629047705111202 |
729   | 0.0099292803423299703242  | 0.0063123528091127475287  | -0.021229033809137671379  |
730   | 0.0084574964721317140437  | 0.0028352968316796125017  | -0.0053081644044012483638 |
731   | 0.0058284186443808873312  | 0.0018384505865315736804  | -0.017801887813086635093  |
732   | 0.0043251122557708193347  | 0.0098817530738705486315  | -0.03622290303059177291   |
733   | 0.0080380092816457332505  | 0.0084441362930906382206  | -0.019669339175902175731  |
734   | 0.0050906851260330201331  | 0.0043805484954395962002  | -0.020593088836801380637  |
735   | 0.0045935325539159209407  | 0.00031072601403928844189 | -0.009270196992899432456  |
736   | 0.0093464162259006226124  | 0.00029027087336939972045 | -0.0025252268582387923067 |
737   | 0.0061269275036640096985  | 0.0080076274620596021858  | -0.014469171285822183051  |
738   | 0.0023045477781699998977  | 0.007278009422115177228   | -0.025418903144896060065  |
739   | 0.0071261185856939064306  | 0.00081349645177721874919 | -0.033983579741900284132  |
740   | 0.0066164571347299876505  | 0.0033566670696056699966  | -0.028894211321065361303  |
741   | 0.0017606384968409586993  | 0.006875136026353470195   | -0.0049044211711077043483 |
742   | 0.00082139544144412522404 | 0.0046596771459714008551  | -0.0035383038352287425263 |
743   | 0.0035815651167245996997  | 0.0047337199409724734986  | -0.032229051295954054546  |
744   | 0.0089284788762213612018  | 0.0049781288704352439148  | -0.020890067430820127847  |
745   | 0.0016864266403794324085  | 0.0064482151281588769368  | -0.023313871489402490655  |
746   | 0.0068241672086835746674  | 0.0036332035435077216813  | -0.006262012320577658997  |
747   | 0.0045813822658703293872  | 0.00059043795485697904684 | -0.014107293129557113218  |
748   | 0.008617511187191104205   | 0.0031732842051043260584  | -0.022473036585664952353  |
749   | 0.0099594684767604357845  | 0.0041462187018449251849  | -0.026018301656362315816  |
750   | 0.0080857335244976027977  | 0.0019148693720873668101  | -0.0074873757780302072073 |
751   | 0.0045125866882558757567  | 0.0067555090811948562135  | 0.0007645183304938956521  |
752   | 0.00203621360707468722    | 0.0086917540824822843437  | -0.019379035019942203455  |
753   | 0.0073663528364032926019  | 0.0089673399837890428038  | -0.0087356788504156148573 |
754   | 0.0059937924021942904154  | 0.008033735525153032353   | -0.010369726465457158177  |
755   | 0.0013699313317377685619  | 0.0081078196596983901495  | -0.01480296706502925129   |
756   | 0.0084953460289113602588  | 0.0091113124085229514615  | -0.01122241462168085957   |
757   | 0.0063911797638291660204  | 0.0044028988456595585799  | -0.023513527351149164646  |
758   | 0.0030984388299737392752  | 0.0023429995185360991648  | -0.023705733288273841963  |
759   | 0.0042188073294582694589  | 0.009952985601054866599   | -0.014605116655735808986  |
760   | 0.0015529035671672079561  | 0.0096011565090374437204  | -0.017298243718937369312  |
761   | 0.0033769567870612191181  | 0.0088406380493630011552  | -0.02653524434989982736   |
762   | 0.0079115216339803763612  | 0.0037813658604251357276  | -0.01735526083900936975   |
763   | 0.0081450809576591749056  | 0.0039975066666672817717  | -0.016874652974778824033  |
764   | 0.006504836988591426554   | 0.0050549758777609131791  | -0.020076843812061137551  |
765   | 0.0019884727200228315309  | 0.0050128023655225941932  | -0.01375201909017753632   |
766   | 0.007722920976723834062   | 0.0068529558061690941384  | -0.033104213483456872147  |
767   | 0.0052978080611518043111  | 0.0020777371087461254592  | -0.022539524114615995531  |
768   | 0.0036003478095625500791  | 0.00052585703674999791871 | -0.025331154925075066719  |
769   | 0.0014518256653174889392  | 0.0056468172484378034715  | -0.013823045748574959782  |
770   | 0.0010389139406887469824  | 0.0089114914499968198719  | -0.006184920121476322058  |
771   | 0.0071788292337258740108  | 0.0062369872791332887918  | -0.0099116766613382770168 |
772   | 0.0029397116287901850842  | 0.0094769115259750614372  | -0.033320038156775123872  |
773   | 0.00051303101026331824567 | 0.0018892388510043547738  | -0.0092949181205698120506 |
774   | 0.007625228018981707219   | 0.0089018170464559981392  | -0.023866189952268575952  |
775   | 0.0085145166426661977876  | 0.0040862302238817626784  | -0.019060380284066605339  |
776   | 0.0032480810057102823922  | 0.0056580783294058294153  | -0.02541635042688034779   |
777   | 0.0086333715026597340758  | 0.00519321554237563935    | -0.0061739382902148889215 |
778   | 0.0019590782516878514977  | 0.00010972385060679405917 | -0.0038322413273067798892 |
779   | 0.0049282410595597502326  | 0.0043259951816418552167  | -0.0090024216755876605017 |
780   | 0.0077676999970229592893  | 0.0061964936718829364062  | -0.0256582368485631096    |
781   | 0.0020984149178089944385  | 0.0033304274563767076456  | -0.0062617395123017666539 |
782   | 0.0016845270608751281884  | 0.0032305543793351705444  | -0.029720204408226306991  |
783   | 0.0029934365177408778745  | 0.0056080192916912350795  | -0.0061902231945247052775 |
784   | 0.0082633887106262713523  | 0.003723096148770028372   | -0.024748386689177271497  |
785   | 0.0014395806260743757021  | 0.00061438051043179913238 | -0.020796714449181012696  |
786   | 0.0041077288314070835307  | 0.0064894027864105504125  | -0.013928132747766740207  |
787   | 0.0026204302686851661114  | 0.0011326297906907984402  | -0.00277941527687488232   |
788   | 0.00082868925392188749757 | 0.0060934283005983063547  | -0.025244992513319363531  |
789   | 0.0053406276293707461919  | 0.0052563678925142574491  | -0.029173593485359812505  |
790   | 0.0049083796864759290934  | 0.0042155604567294946428  | -0.019629135910122257752  |
791   | 0.0012764718132340850502  | 0.009109885638653269016   | -0.029868333486698456225  |
792   | 0.0032608413237234889874  | 0.0022670230744153718229  | -0.0096838401603862277189 |
793   | 0.0061988305962051518799  | 0.0015809475561610257348  | -0.0044338297882872499539 |
794   | 0.0094100652950751106224  | 0.0061145005842403454821  | -0.036740474888600341274  |
795   | 0.0041686761070822394085  | 0.0070119456186570104997  | -0.021051167907252671396  |
796   | 0.0046583725419885452235  | 0.006735606773790666843   | -0.0061505218903644357648 |
797   | 0.0019700849734062826461  | 0.0066779586008490765536  | -0.02066969102129755792   |
798   | 0.0029717776754241385928  | 0.00052825585360907084155 | -0.0036664299961402385675 |
799   | 0.0069877194109549053969  | 0.0024038053961261971261  | -0.030484504545633291095  |
800   | 0.0070084957323082106018  | 0.0080326807004649225519  | -0.015831947660262458283  |
801   | 1.4527203006921170892e-05 | 0.0020463103239833323188  | -0.0057788933755320770133 |
802   | 0.0031068989460126552292  | 0.0095312937578421151608  | -0.015680088201751814919  |
803   | 0.0079175508924881708023  | 0.0083706277688749396865  | -0.0095977426893787531198 |
804   | 0.0009049448584029321516  | 0.0039779551602732330859  | -0.030035649049709251673  |
805   | 0.0028594561319047946159  | 0.0040548331865827517279  | -0.017230740414757202139  |
806   | 0.0023997512544628733962  | 0.0038945388761150051028  | -0.006714013733413737306  |
807   | 0.0019605496009989661042  | 0.0082000834214991692728  | -0.0043930504490017592903 |
808   | 8.6094587952358206167e-05 | 0.0021696493287836032642  | -0.031024766243611667793  |
809   | 0.003101723835772875193   | 0.0041865766372736097634  | -0.022019700191038639459  |
810   | 0.0070234582104349643772  | 0.0035252145690347542507  | -0.0047127549938243105954 |
811   | 0.0075173446831463038714  | 0.0027216574774492599716  | -0.035355996507329963408  |
812   | 0.0083701740841158351475  | 0.0049619858289325314768  | -0.028150952560907587657  |
813   | 0.0062752417597253104184  | 0.0046595413261867500362  | -0.0099477653848436455725 |
814   | 0.004510620954602653776   | 0.0075036427962524186383  | -0.025281891815070439006  |
815   | 0.0041951336988741167594  | 0.0036076483474190008775  | -0.024369355422668076416  |
816   | 0.0032414874886016790088  | 0.0041119435924313555569  | -0.024438331784542671049  |
817   | 0.0090571753706094985936  | 0.0015130033075610046199  | -0.0068577582860800912964 |
818   | 0.0076738916722890659558  | 0.0053189613859593466022  | -0.0075355080959706478849 |
819   | 0.0033535183253125809034  | 0.0059328265933393910594  | -0.012971022916159924421  |
820   | 8.103864079164879307e-05  | 0.0015241239023556210543  | -0.015787693134762748048  |
821   | 0.0066219396497918811897  | 0.0095605986032758164678  | -0.0088061514283916848822 |
822   | 0.002332243191790578981   | 0.0066414062131428860253  | -0.013795071562254249131  |
823   | 0.0032923622457174971968  | 0.0026291594200621480962  | -0.033823049107779827593  |
824   | 0.0058929856046574255815  | 0.0016896647408704825941  | -0.020980772372209681442  |
825   | 0.0064538189216671384973  | 0.0056235592734591747718  | -0.025499066736285439655  |
826   | 0.007682461410264795898   | 0.0069029077481772517164  | -0.024515872776064848854  |
827   | 0.0090337416692252234945  | 0.0073842148669011967166  | -0.0036130770913778784831 |
828   | 0.00013184607057852140493 | 0.0050232668782726752621  | -0.024471367649944827938  |
829   | 0.0012358415792161612547  | 0.0073516467731970427252  | -0.011070352727531505843  |
830   | 0.0028096486493925337639  | 0.0039489933223254749389  | -0.0045186657696613197546 |
831   | 0.0039048699150821867231  | 0.0076010513840428766547  | -0.0022140040983221957564 |
832   | 0.0054624297576160735918  | 0.0023121137017183151542  | -0.013262530677169868595  |
833   | 0.0090547970508887184321  | 0.0048482174273568098138  | -0.0089678503430170204702 |
834   | 0.0047369843777125240913  | 0.0079161696808453547308  | -0.0305122560490048364    |
835   | 0.0075068727974891627519  | 0.0094617743998636379132  | -0.023063562428607603527  |
836   | 0.0098848775351276698536  | 0.001104602547876095504   | -0.013204062347376317732  |
837   | 0.0081010161335966900803  | 0.0026849469346250294001  | -0.011216158026326609673  |
838   | 0.0065922958306800401307  | 0.0013492138433469601233  | -0.027896469350004990395  |
839   | 0.0067349699469154448647  | 0.0027024616917946902954  | -0.0043473355560918677809 |
840   | 0.009227410394244043787   | 0.00051216951536217614725 | -0.011771460804435513944  |
841   | 0.0064109547043605464092  | 0.0011637631362647097525  | 0.00027903346970129373848 |
842   | 0.002890657194009497305   | 0.0065700599596846959161  | -0.0044043895466279172832 |
843   | 0.0065841641756721001194  | 0.0073527856131857596833  | -0.024054830074465131245  |
844   | 0.0038275100364883038115  | 0.00123503624098620572    | -0.017873877984653036011  |
845   | 0.0096468379662228275623  | 0.0025047356091336607335  | -0.0009469276960558266603 |
846   | 0.0086268678623752804296  | 0.0022878290461776297667  | -0.0097670604874006920065 |
847   | 0.0092569999997078825787  | 0.0074740939624059581081  | -0.013515348896897972503  |
848   | 0.0043805298226297327557  | 0.0015370144424737956258  | -0.0016378235691569731271 |
849   | 0.0062884240326051511413  | 0.0051399986008475026175  | -0.00099212895851461609283 |
850   | 0.0040923538243752295013  | 0.0035762253270896801442  | -0.015779531647974055775  |
851   | 0.0050204413329448839554  | 0.0067520821179033107748  | -0.03039519433905959328   |
852   | 0.0051633730753155616944  | 0.00883597507865356048    | -0.019871218722389460271  |
853   | 0.0092816555822593897751  | 0.0031669015589472536767  | -0.021823698671186459591  |
854   | 0.0079686295746084941094  | 0.0093088961756613696624  | -0.0093255461195871688224 |
855   | 0.00015478176598684458519 | 0.0037181755504643297129  | -0.0031619972191904289864 |
856   | 0.0098456968975535082145  | 0.0031413333574251104015  | -0.0070717042529654453031 |
857   | 0.0082049364123839077512  | 0.0076383664526106726314  | -0.024606794879986428753  |
858   | 0.005478521975841179649   | 0.0030765310406098882526  | -0.010919670292951658835  |
859   | 0.0020301523157621125491  | 0.0053609993666161445333  | -0.019665121199011443426  |
860   | 0.0077354375077380403691  | 0.00075727064836660768193 | -0.010418784025744282085  |
861   | 0.0011468893832551716339  | 0.0024231756953510793021  | -0.021868282416358082731  |
862   | 0.0088339647693179892268  | 0.00068817937870429602993 | -0.031843427466192245068  |
863   | 0.0011598707439283905893  | 0.0073089120748754034945  | -0.0057843881738063604794 |
864   | 0.0038539781027998420808  | 0.0045031809203539109945  | -0.014415485842358308557  |
865   | 0.0057754874856308906911  | 0.0042452827034358715796  | -0.005157511452053859663  |
866   | 0.0053469495278350388442  | 0.0096665166357384636059  | -0.013543884080178985804  |
867   | 0.0049848475819831775113  | 0.0057827790009946098207  | -0.028018466901150708426  |
868   | 0.0069168568495470948709  | 0.0078450526909050726648  | -0.013137774554779185765  |
869   | 0.0036917018319011971582  | 0.0049547016130346288598  | -0.026570988484051028672  |
870   | 0.00018399617195400278587 | 0.0037551998286280128571  | -0.00017182215062238188593 |
871   | 0.0081363126038633236392  | 0.0017743859674882928902  | -0.032786021610608694077  |
872   | 0.0039727410993037571771  | 0.0022573182447953366904  | -0.033612766628267370939  |
873   | 0.0077360188958455452027  | 0.0034457830899185817007  | -0.031656420199951393335  |
874   | 0.0058271591612880299649  | 0.0014167495789793396483  | -0.0024966135510912554861 |
875   | 0.0064544787954720402728  | 0.0064313742959834678883  | -0.020464535138788170904  |
876   | 0.004506406270907494481   | 0.001593476361213236759   | -0.0093864746066587810558 |
877   | 0.001133694386525570209   | 0.0052978221684587632062  | -0.013699788331587456347  |
878   | 0.00041513193554870177465 | 0.0034340515312558795961  | -0.03625475934155591301   |
879   | 0.0056003944044016066781  | 0.0080404799212694284816  | -0.013143781964328894729  |
880   | 0.0061584893427018205445  | 0.0055619613652185288452  | -0.010929877737357715853  |
881   | 0.0043106543151090175731  | 0.0044946465289679238611  | -0.019103295931674851155  |
882   | 0.0054747006392755464405  | 0.0059428881865306358925  | -0.021625387191940060455  |
883   | 0.0074749065619568611646  | 0.005451817248412810582   | -0.0097505628630774662108 |
884   | 0.0081528490382179914786  | 0.0093294232361016415922  | -0.030523021286971811772  |
885   | 0.0095410304407212397082  | 0.0014646663880123376392  | -0.017865374025484138942  |
886   | 0.0044339453056609409026  | 0.0051019017429093987612  | -0.010288441975465056552  |
887   | 0.0024810534149066810518  | 0.0016613109589621488822  | -0.032437141671505388685  |
888   | 0.0078281887656621758353  | 0.0030780737127418592025  | -0.021913676297272106225  |
889   | 0.0036792118246061771177  | 0.0096497816743928953309  | -0.028060527808237707703  |
890   | 0.0054493625300210098497  | 0.0070712598731302051674  | -0.035057725335497252894  |
891   | 0.0039193069416864900756  | 0.0063719780631416277072  | -0.0054857219485043217863 |
892   | 0.005758176072318051987   | 0.0090872960634998996982  | -0.014481242481358813992  |
893   | 0.0062358979421825218997  | 0.0048661081966867199278  | -0.013806338112171403706  |
894   | 0.0066079619887051913724  | 0.0048319230344307300892  | -0.0021127717919642010833 |
895   | 0.0045452346538650406638  | 0.0075631081711171150792  | -0.016059544091441925462  |
896   | 0.0021799681029409925456  | 0.0014915330298983526386  | -0.032287552871632832496  |
897   | 0.0090617869581387129607  | 0.00035120284338219156118 | -0.023621871665521317757  |
898   | 0.0023504427468668438739  | 0.0042438160892407329403  | -0.035010311364514525023  |
899   | 0.0019154481012232074839  | 0.0040437881929345186049  | -0.022812923167854215478  |
900   | 0.0051697183653064823425  | 0.0084164171924318176982  | -0.027583100588278605669  |
901   | 0.0051058469198764604158  | 0.0071877694757586469906  | -0.028072028215347967495  |
902   | 0.0052404534222155046974  | 0.0010276712082512781676  | -0.012793644180541793171  |
903   | 0.0061823298441322123431  | 0.0070060856706052115558  | -0.011623981547400298944  |
904   | 0.0037874796327417069655  | 0.0093418936208021288725  | -0.032021943565304245016  |
905   | 0.0072737754526107159525  | 0.0065839304758284521515  | -0.021707083110250449676  |
906   | 0.0079545206781624112902  | 0.0039577177525737016264  | -0.031853472661182387349  |
907   | 0.0036928226829156442917  | 0.0085954046499897122924  | -0.0017039334136190330445 |
908   | 0.0032192217229768897019  | 0.0047930919930580890773  | 0.00075756665505978038923 |
909   | 0.0065491230788110553485  | 0.0030331832624639789957  | -0.0012282957973308054542 |
910   | 0.0031834419789509536824  | 0.0067991524128997726795  | -0.012455164587719525296  |
911   | 0.0097139841092181138799  | 0.0084124878299439778684  | -0.0050744142311148054264 |
912   | 0.0088473145827824058868  | 0.0044052359243117646809  | -0.002632750542555583901  |
913   | 0.0060134231515184760966  | 0.0050269681946969501166  | -0.00038748676695652805452 |
914   | 0.0027581224756538752323  | 0.0041355259378526047429  | -0.017410023275168412527  |
915   | 0.0043297624299529352543  | 0.003393968770433546632   | -0.029265218335179993964  |
916   | 0.00047579920134023306281 | 0.0035362168338454306495  | -0.035622020615638530505  |
917   | 0.0029601498766629501594  | 0.00050839835581011191736 | -0.030135118584077899562  |
918   | 0.0027339235779989630101  | 0.0033474291961469457637  | -0.0044440993970641801125 |
919   | 0.0020465936016400370322  | 0.0071713213745385698955  | -0.036071206336721894914  |
920   | 0.0085322607477201495296  | 0.0092539842911552386284  | -0.012527346760288580324  |
921   | 0.0033296391854460071977  | 0.0037465678855521764197  | -0.0046247474773231560599 |
922   | 0.005810812339718791561   | 0.0029558846466154965922  | -0.012684830054350769782  |
923   | 0.0056545811091387801484  | 0.0077478878469282438587  | -0.011745951807045290974  |
924   | 0.00078766340830759213384 | 0.0075623200536877452013  | -0.013654269693176668971  |
925   | 0.0038355607484372761413  | 0.0038783608634282702547  | -0.032968271341968696797  |
926   | 0.0064672940572921659708  | 0.0011738592895520845363  | -0.03653095693293043067   |
927   | 0.0014242969066896207612  | 0.0067329691327727998057  | -0.01300086033489258712   |
928   | 0.0041319900709233378308  | 0.0092042163693814103148  | -0.015509627800011242804  |
929   | 0.0074173590880131229364  | 0.0066688390925833318165  | 0.00069717716727032887775 |
930   | 0.006270492581692818819   | 0.0041428695192075601708  | -0.0090660287352586649973 |
931   | 0.004877129107914825526   | 0.0018158739355594096399  | -0.031239759559308456077  |
932   | 0.0085460566844012455373  | 0.0053626831805553614937  | -0.0074712981932384698452 |
933   | 0.00056630490951631079401 | 0.0042094137444392146566  | -0.0083258233096749761915 |
934   | 0.0032949790703290047361  | 0.0073319451652955119555  | -0.022879441675148583235  |
935   | 0.0025366439979163293156  | 0.0072180909358594107228  | -0.029053943139146203717  |
936   | 0.002929282551210769369   | 0.0024871568024284525927  | -0.032092141516191705075  |
937   | 0.003092444834295175228   | 0.0062363430806092389966  | -0.031675549929899682322  |
938   | 0.006198428615346110622   | 0.0026462043461064873109  | -0.026416672794380584299  |
939   | 0.0053147981752752447571  | 0.0036854895503713449786  | -0.0051862012242927689118 |
940   | 8.4343583512964077973e-05 | 0.00024217351653013836389 | -0.032504567406155072951  |
941   | 0.00071274912899346699272 | 0.0038537800537108957664  | -0.00098721932038077649628 |
942   | 0.0017976869484703410576  | 0.003358727754775511342   | -0.01714065529338581334   |
943   | 0.0061434369477555350256  | 0.008293418624337885528   | -0.0030941447484243871958 |
944   | 0.0092428466690521095955  | 0.0072791098179551816383  | -0.029538796826393626249  |
945   | 0.00091722446086323723355 | 0.0070926239653953939909  | -0.011488216021052627402  |
946   | 0.0074510669842189330286  | 0.00467244708378574021    | -0.035239083761032102826  |
947   | 0.0083729754035728673478  | 0.00749297427559022719    | -0.0061421787810571077532 |
948   | 0.0080663736121887839869  | 0.0066614314569244511763  | -0.030029304273568299677  |
949   | 0.0061312413853573353995  | 0.00062041603034303477015 | -0.02872287766574279852   |
950   | 0.0056530058296284588226  | 0.0085844454696481116429  | -0.022251994061126330327  |
951   | 0.0038919294349756038479  | 0.0057722178478238732324  | -0.0072446841295285765994 |
952   | 0.00023053786013763636004 | 0.0067585147053526931082  | -0.02882732870440138026   |
953   | 0.007810488628076910772   | 0.0064559751820444828685  | -0.035891111012576019934  |
954   | 0.0027067744588528262935  | 0.0016013419611614241548  | -0.01464744651613708766   |
955   | 0.0035030623831593622405  | 0.0003498583700460308559  | -0.012764080109773090488  |
956   | 0.0062533558756117076441  | 0.0031425313243246435872  | -0.018879831318684127395  |
957   | 0.0070435042057196270079  | 0.005410078030198304383   | -0.023836515521993360822  |
958   | 0.0063987462567867466751  | 0.0087886142194764649282  | -0.018227124031109778746  |
959   | 0.0020332995808578294139  | 0.0097219062550334463951  | -0.018223290275909187486  |
960   | 0.0035544225467777031992  | 0.0047807016440679092964  | -0.010432248340390946201  |
961   | 0.0032786635681638937739  | 0.0074205733073852515533  | -0.028985031484679395219  |
962   | 0.0071514398371800092305  | 0.0042482670198449824436  | -0.017527084083326253949  |
963   | 0.0061495264861538391846  | 4.5263339775131949873e-05 | -0.027244097552064073381  |
964   | 0.0040720912408291586038  | 0.0066471662154707119446  | -0.015929259288250171428  |
965   | 0.00038784993476398475602 | 0.0090225814124715482401  | -0.033104333892462527167  |
966   | 0.0074551386592830283864  | 0.0099985712617013233067  | -0.013101496766160541929  |
967   | 0.0030679524085237713273  | 0.0055080485972930836799  | -0.026108176123063632501  |
968   | 0.0047251117915807954242  | 0.0017064098533904200564  | -0.0030911583320498681703 |
969   | 0.0063529250372368218508  | 0.0016926493931735419642  | -0.034805921014028455562  |
970   | 0.0031450540012282579387  | 0.0032053676007147854053  | -0.015106826870667645901  |
971   | 0.0088170942092459705236  | 0.0071182629104341718293  | -0.025901538765530234681  |
972   | 0.0071835564149036069265  | 0.0072166322367548801919  | -0.022639979539015829546  |
973   | 0.0055319502904757371017  | 8.3842681909343568175e-05 | -0.016975968435456352534  |
974   | 0.0069484288244389220621  | 0.0025581263630788347689  | -0.032434680394039627771  |
975   | 0.0012097402367689141008  | 0.0034482337566595958576  | -0.015318971368150805651  |
976   | 0.0021479726405206011307  | 0.0074191846941598603438  | -0.00086571128674700604209 |
977   | 0.0065857982186282850931  | 0.0084838770814193286557  | -0.0095734029982358272853 |
978   | 0.0063905814564797899444  | 0.0049378583724998389645  | -0.019408136570656282088  |
979   | 0.0083726402090225429675  | 0.001411371830912675927   | -0.035872419772362010293  |
980   | 0.0042585152329777933508  | 0.0063945746133530932329  | -0.02737596489987715806   |
981   | 0.0094886947685923362511  | 0.0016701487167470627313  | -0.029973876173984628779  |
982   | 0.0004596990358463137554  | 0.0068285336004653739497  | -0.0099298473896282726803 |
983   | 0.0046936299923809512297  | 0.007077981098797792546   | -0.026171151729011674081  |
984   | 0.0041951930623251457511  | 0.0059038697739864842359  | -0.02796836419071091831   |
985   | 0.0097230599643160636747  | 0.0015133425113361591643  | -0.028540344073668313246  |
986   | 0.0012342744169116324354  | 0.0057319364907375538673  | -0.036363462961047789135  |
987   | 0.0066659325280152255735  | 0.0059913093764535135452  | -0.026816178643817085991  |
988   | 0.0038601768198661227938  | 0.0091573256423962308415  | -0.0057829788509356780737 |
989   | 0.0017907672298668351682  | 0.0025784241151924724815  | -0.031155269458085922685  |
990   | 0.0051108537199318947522  | 0.004244974542651254977   | -0.021249219592702445897  |
991   | 0.00080796879090402114881 | 0.009974888808268141116   | -0.033462809969170413671  |
992   | 0.0022069716003979460497  | 0.0098412145344901388183  | -0.0009623761292712120375 |
993   | 0.0016211001578707374179  | 0.0012840529297127205918  | -0.0028663858450033979225 |
994   | 0.0087249044425201493363  | 0.0046690821612061115739  | -0.013033522968318462382  |
995   | 0.00038890769730156519828 | 0.00095483505218571637554 | -0.022840285287175458862  |
996   | 0.0078023726198358719919  | 0.0099590751784053663936  | -0.023765003622254574078  |
997   | 0.0056954339680077795821  | 0.0091431268031121320367  | -0.0026487202328591423657 |
998   | 0.0084231273664156624398  | 0.0036029388550458834629  | -0.017712575273380711666  |
999   | 0.0034549559177275792655  | 0.0024994032744003018276  | -0.0067414214344877808685 |
