N			X			Y			Z
0     | 0.0057463073073248695233  | 0.0097620143778332259255  | -0.0059731959302090935002 |
1     | 0.0047989467521090331537  | 0.0090542252599394683343  | -0.0039372258015803332856 |
2     | 0.0030483422802698935568  | 0.006733989275947630318   | -0.011150716843318210156  |
3     | 0.0036953998413813563331  | 0.00098571890509151975472 | -0.013369573271326399763  |
4     | 0.0047461381947955846167  | 0.0014717220921362480276  | 0.00092566374153527000018 |
5     | 0.0065930549154454348368  | 0.0010463092830222825175  | -0.0050649556761415701414 |
6     | 0.003223783109991989939   | 0.0079622239175869413685  | -0.016587219028873029236  |
7     | 0.0059521249345310112133  | 0.0015969520927195579498  | -0.018961620136953672572  |
8     | 0.00086128643693007237055 | 0.0071750317892998365446  | -0.005612283395854446473  |
9     | 0.0035746850961620138705  | 0.00072184892409830729316 | -0.012304683089557216097  |
10    | 0.0077866401740463867323  | 0.0030234553436110315344  | -0.0028117615771885194967 |
11    | 0.0044674410088535263658  | 0.0082119066714357435294  | -0.011228500016417290036  |
12    | 0.0030970504280488594419  | 0.0036854760288158885072  | -0.019419146429685944788  |
13    | 0.0086414350578396630087  | 0.0069970949775219563188  | -0.011043817856505567035  |
14    | 0.0058458199121030635786  | 0.0094023294677341856529  | -0.0041698949950935591466 |
15    | 0.0039994570184396314311  | 0.0064698056172195275715  | -0.0098165133497786077887 |
16    | 0.0032648873520161390653  | 0.0084103082182879016632  | -0.0044304054267798658948 |
17    | 0.0014803505549391352946  | 0.0088932973687571963139  | -0.013667121872404626795  |
18    | 0.004607335469706480037   | 0.0097852681411465490535  | -0.014497082421973723002  |
19    | 0.0065250297200955143656  | 0.00078499550953549119409 | -0.012562436139588791656  |
20    | 0.0041774682217953600094  | 0.0032202926833449370923  | -0.014773697294435795754  |
21    | 0.008438369898685427542   | 0.0047906138513050576869  | -0.008919623438743851801  |
22    | 0.0062344487282001781817  | 0.0018419631931498614032  | -0.0064549980065266247126 |
23    | 0.005983527470053044868   | 0.0065697779156576492643  | -0.01437385869810376901   |
24    | 0.0079369875023504350697  | 0.0007700552470428215961  | -0.0014027354102321156447 |
25    | 0.0076260831522881990588  | 0.0018185214287483636615  | -0.0023285078198746695169 |
26    | 0.0029224760808097016186  | 0.0091651716332047834801  | -0.0081309509728703845827 |
27    | 0.0029292056789070089994  | 0.0046564014644094172887  | -0.013828282510275400827  |
28    | 0.0052745443700055920713  | 0.0073158655892364464826  | -0.017617229650582377776  |
29    | 0.0044190875579426395006  | 0.0032608495035844190825  | -0.01516880151351963045   |
30    | 0.0053954465913544098071  | 0.0019585133594401246335  | -0.014660005125988461241  |
31    | 0.0040762213957967075723  | 0.00242184709642102175    | -0.014226601951114657696  |
32    | 0.0027933018590672472302  | 0.0054607717387533333611  | -0.0095579388828374613196 |
33    | 0.0019577269957592015673  | 0.0091419249924389461848  | -0.0034346436755048428448 |
34    | 0.0036194480715323979966  | 0.0081194251285478802327  | -0.0025476583450427573406 |
35    | 0.00093949832299649726087 | 0.0055609845852887555481  | -0.01595955122718841282   |
36    | 0.0093364323110711050502  | 0.0096954263560504235636  | -0.01381943361625072135   |
37    | 0.00017042761223740916657 | 0.0054715259022493105065  | -0.016938302557933354597  |
38    | 0.0060492236775818780323  | 0.0067850471837617425813  | -0.013850580959837866662  |
39    | 0.00075749825839307668735 | 0.0031982869865355176113  | -0.017020020128811406274  |
40    | 0.0060343555658130846805  | 0.003263693137700121507   | -0.016327960862564466771  |
41    | 0.007720815004513823139   | 0.0044041786831135855754  | -0.01134229052524095456   |
42    | 0.0066915110222043900495  | 0.0093061447974428813945  | -0.0038964491518248597218 |
43    | 0.00054711498511221599676 | 0.0029951339705345382362  | -0.0049455509913286909568 |
44    | 0.0023638163938933345366  | 0.0066010139889357815485  | -0.004423054854368209908  |
45    | 0.00059455593407174473115 | 0.0026419395433316681179  | -0.013143030867052703931  |
46    | 0.0035331890591441639064  | 0.0016473115976309443426  | -0.0071495484653287273008 |
47    | 0.0033971770406677338598  | 0.0031783399011718915274  | -0.0065438659024832776176 |
48    | 0.0049123838418469682049  | 0.0078955575937432517092  | -0.0023642873773399479889 |
49    | 0.0036135440641937108947  | 0.0060567460149028844868  | -0.013211732035747075775  |
50    | 0.0044925169870662935018  | 0.0069876958702381275837  | -0.01643136035577957843   |
51    | 0.00077237587356621345645 | 0.0065755361278223801655  | -0.010380026718648033973  |
52    | 0.0036220332451311169908  | 0.005332363326528396022   | -0.0086925744387598546242 |
53    | 0.0088897735847871077464  | 0.0081226701175561941831  | -0.014100170562686869732  |
54    | 0.0016379422333010697395  | 0.0057764951532131379036  | -0.0075037227763532863417 |
55    | 0.0054069855635283953915  | 0.0089075626313626591474  | -0.0052734009218629775834 |
56    | 0.0087101771438231456041  | 0.0037887570393678022228  | -0.012469610870680230066  |
57    | 0.0029482496270824311291  | 0.0084352942177084114933  | -0.0034776301466311735668 |
58    | 0.0018864873335684973193  | 0.0093647403478716254727  | -0.011624988789797780289  |
59    | 0.0053628528748134157017  | 0.0076759246998889720665  | -0.017307453523416831132  |
60    | 0.0052568965879080968226  | 0.0001079611668378423477  | -0.014496877374793746412  |
61    | 0.007649141146997494832   | 0.00621308235045871151    | 0.00056009126258539047166 |
62    | 0.0069685982601905092221  | 0.0071953226722737762336  | -0.013425916642006449284  |
63    | 0.0082999945166208517755  | 0.0099317996393094090668  | -0.0011041870452458406749 |
64    | 0.0071243573455817233928  | 0.0073101991807833907253  | -0.0069780504663486900979 |
65    | 0.0065091331342362421936  | 0.0085280414106956876213  | -0.013447924569126738781  |
66    | 0.0019691617735917801325  | 0.0064626812817411109779  | -0.018280986336575287543  |
67    | 0.0057559380538407308586  | 0.0027897548884154026345  | -0.0096452851800707620905 |
68    | 0.0017688241475455398089  | 0.0075216126295467684512  | -0.004591289221402844109  |
69    | 0.0013490376229485039582  | 0.0059356320151724975206  | -0.010224465519325780585  |
70    | 0.0088428056258710759086  | 0.0051321733448354625584  | -0.0038386368817844946852 |
71    | 0.0090550036252520556962  | 0.0075145632966557435184  | -0.016664020985061849672  |
72    | 0.006795605031383924674   | 0.0082723449917261812625  | -0.0059586341340060692412 |
73    | 0.0021804606460867287723  | 0.003539288686151973156   | -0.015071621719447200055  |
74    | 0.0041460335885907832407  | 0.0066083328920384879629  | -0.0074526864543372640243 |
75    | 0.0073002091223556744154  | 0.00051700723121875452951 | -0.018028729906223617263  |
76    | 0.0060279831288848409465  | 0.001584389549691605668   | -0.0048282137821894091992 |
77    | 0.0044755210378875694838  | 0.0047463234916677648698  | -0.0013769449713142091398 |
78    | 0.0054675384668695405088  | 0.0044579436407134248252  | -0.0067678436702345474985 |
79    | 0.0041815642031438910592  | 0.006773257675862399442   | -0.012085535994230765106  |
80    | 0.0016856817346367542788  | 0.0040887304795532370197  | 0.00062248352667129604882 |
81    | 0.007881746699157558475   | 0.0014207259052094515193  | -0.0035717178871711857679 |
82    | 0.0069047704685963849636  | 0.0047704920029116972338  | -0.017839276436878565707  |
83    | 0.0051617641426747011557  | 0.0069157169917533553583  | -0.0038549938955954473306 |
84    | 0.0096295911993432153908  | 0.0021413228055558678614  | -0.0038295375776893031232 |
85    | 0.0028551716965425797887  | 0.00036893778784837259537 | -0.0098157920480808815572 |
86    | 0.0017507924005081584688  | 0.0048189169750343123153  | -0.0096115294803052250122 |
87    | 0.0036670448042173970499  | 0.0067781227651070481699  | -0.019579959527655572959  |
88    | 0.006010448662250263141   | 0.0007225148338320630222  | -0.0049317167881885006289 |
89    | 0.0093392800628859743567  | 0.0070600162498555855614  | -0.011410459888466905481  |
90    | 0.0040989332586699308777  | 0.00621536002874202749    | -0.01696745183506736393   |
91    | 0.004944738533326957855   | 0.0024637890474079712951  | -0.0086782292503411601059 |
92    | 0.0082656927567628987047  | 0.0073723688404244138925  | -0.0038870628265742848684 |
93    | 0.00091692266656735006355 | 0.0074755629037160289257  | -0.00533644387773765487   |
94    | 0.0052623040988424721678  | 0.0076436945534953852979  | -0.018231989066054311854  |
95    | 0.0045417584877513799899  | 0.0096537908855779466788  | -0.0078577322331354719498 |
96    | 0.0013749908917745265989  | 0.0097889610665467894496  | -0.0027840320081124656469 |
97    | 0.0056347562541775040104  | 0.0049359758400396944872  | -0.0018043743983676319327 |
98    | 0.0099539692557797983946  | 0.005072893008601572773   | -0.018835115350139344098  |
99    | 0.0044942661582694064942  | 0.0072979101192366434628  | 0.00014321578805241621385 |
100   | 0.0098322803978731568297  | 0.0048432746721910743468  | -0.014112131252432498496  |
101   | 0.006340336246961260705   | 0.006927511726394064602   | -0.011863612196115098929  |
102   | 0.0060208519649805926355  | 0.0056079452313243039266  | -0.012294183437406187853  |
103   | 0.00013333307184734918848 | 0.0084205029721458688613  | -0.0058884961011643590159 |
104   | 0.0031833366784410400442  | 0.0077403731780480251531  | -0.0067070404913255662199 |
105   | 0.0086218931538260580594  | 0.0066618074009210329761  | -0.0091368951935518714913 |
106   | 0.004098298510946652394   | 0.0084094167299940403293  | -0.019285785543359891536  |
107   | 0.0081148914734687598027  | 0.0066063926222153434784  | -0.016256449216533814389  |
108   | 0.0066775711026820653085  | 0.0092476665703739285157  | -0.019287148774411747021  |
109   | 0.00060033674500667845268 | 0.0035255246963433873979  | -0.0057241759021734789012 |
110   | 0.0040257941015078629529  | 0.0037432838120166427552  | -0.014425247610118633115  |
111   | 0.0065464244881407417098  | 0.0036986378026634242865  | -0.010295044626924099163  |
112   | 0.0089049557089416597061  | 0.0083517784779394959455  | -0.00083100153338900532157 |
113   | 0.0069652126938379924082  | 0.0043989628964168150937  | -0.001009019042927784696  |
114   | 0.0085668422327745113315  | 0.0078111296122234594175  | -0.0042605437137655625957 |
115   | 0.0016755822758015334172  | 0.0022212254620587899498  | -0.0087881842537196677712 |
116   | 0.003383564862272339397   | 4.3233972372636805204e-06 | -0.015794390319295276148  |
117   | 0.0086962193028391285982  | 0.0035294244936291863275  | -0.004129334955611893565  |
118   | 0.0053570000517504882259  | 0.0043396075131115373     | -0.0028290616378988391218 |
119   | 0.0064894823314572188527  | 0.0026481087538112206212  | -0.015166904566790734288  |
120   | 0.0024603691171744771632  | 0.0033200952284674315092  | -0.016655372847918622353  |
121   | 0.0048233022483593823368  | 0.0015453342039817732998  | -0.017813666728069610379  |
122   | 0.0096567663067185349063  | 0.0074721907657299716995  | -0.0049518369444531955964 |
123   | 0.0031426959986783215006  | 0.0024788179693446005941  | -0.013587892248209080745  |
124   | 0.0038252640100615636562  | 0.0065135617443103158153  | -0.0088561746786814839194 |
125   | 0.0065509072555940267568  | 0.0086587683734247553741  | -0.0041421910652022124813 |
126   | 0.0081765932767679187082  | 0.0069066912173625935947  | -0.0093475045039867598468 |
127   | 0.0023097203949135696431  | 0.0073414537363007872223  | -0.0058360609692389544059 |
128   | 0.0042193488908707967727  | 0.0016516903771531569415  | -0.018022237595258616683  |
129   | 0.0097171444026008090694  | 0.0061210696614249458791  | 1.0120481020738860165e-05 |
130   | 0.0058953507660861768566  | 0.0068737703223931767918  | -0.0012589572241215698286 |
131   | 0.0036997983562359168692  | 0.0053620920536403965384  | -0.019840292994657927894  |
132   | 0.0042198575393344100667  | 0.0031133168725901278449  | -0.0065546602759268927929 |
133   | 0.0034420087353698742422  | 0.0034049657650126220754  | -0.013041046462539899325  |
134   | 0.0075942855559547094504  | 0.0079305729874030971016  | -0.01627092368921800522   |
135   | 0.0037167816081259776907  | 0.0060954802437901021636  | -0.014328901447683955669  |
136   | 0.004229159865659514253   | 0.0062176868972149100523  | -0.01505496935992107696   |
137   | 0.0056127167434113977781  | 0.0062304058847526527093  | -0.0069025715999136844081 |
138   | 0.0072868981189522612218  | 0.0048193016925430322631  | 0.00079709516173294392948 |
139   | 0.0062086501159727665658  | 0.00083030941177948268568 | -0.0078995035124147464783 |
140   | 0.006136059024383092031   | 0.0065550755600819032159  | -0.011402953162590396402  |
141   | 0.00054626870011488623969 | 0.0074125581254322414973  | -0.017340763646217730726  |
142   | 6.1336108903366681668e-05 | 0.0069545594183385295306  | -0.0094455433135486703555 |
143   | 0.0034165896602988848375  | 0.00030113567515120139408 | -0.011772473313493831901  |
144   | 0.0096796082060289865417  | 0.0056418196304385504966  | -0.0097471069185222618952 |
145   | 0.0069889464217884281899  | 0.0094480988952875249315  | -0.0094205437734816779849 |
146   | 0.0052490122795107270123  | 0.009334311476717151515   | 5.1183287721392780039e-05 |
147   | 0.0043654625374784086431  | 0.00044607601173836825556 | -0.013967244026112945327  |
148   | 3.6325292146100417699e-05 | 0.0081515793998600451914  | -0.0017969181722636829151 |
149   | 0.0016594731951861476944  | 0.0078089812402802804767  | -0.013174133437625940024  |
150   | 0.0041467626915257828346  | 0.0032918164098454205484  | -0.016019978815970691011  |
151   | 0.0040577159103571628501  | 0.0038233144922065632337  | -0.014267928531231688014  |
152   | 0.0074198099016487498863  | 0.0013146212775454607646  | -0.011179188252985427371  |
153   | 0.0075220165307463369292  | 0.0074382454441283179028  | -0.0061136025890452675227 |
154   | 0.0043072077690407386055  | 0.0082665000156625836197  | -0.0074390623677688724052 |
155   | 0.0044673870179713125531  | 0.0010505764200631974477  | -0.0016346698722848414156 |
156   | 0.0008527233657345893161  | 0.0084716946277582447916  | -0.011938223767964932509  |
157   | 0.005554636078631508371   | 0.00033897658444719517721 | -0.0012071901401509972738 |
158   | 0.0093871782251734384173  | 0.0036010728735704610609  | -0.011553742047368807319  |
159   | 0.004203351473771321789   | 0.0028107764958638491865  | -0.01597774704744471877   |
160   | 0.0037232628540482151473  | 0.00073861488628198591119 | -0.018585650236692990295  |
161   | 0.0053816868966990215675  | 0.0076723985090274681581  | -0.0057284391407359698534 |
162   | 0.0053586589548741863157  | 0.00027217828617907407216 | -0.0046104332206790788959 |
163   | 0.0050324089819096737286  | 0.00027487263597272473944 | -0.0070379559796349376588 |
164   | 0.0040455888147808280117  | 0.00024220097408880763993 | -0.0066664307235994122586 |
165   | 0.0063331835234203869359  | 0.0075319605394911209179  | -0.0076656087546126527171 |
166   | 0.0075113375858207242705  | 0.0076482548758163544991  | -0.017339046377245943137  |
167   | 0.0015574439667508301489  | 0.0098529215366636915124  | -0.0077195858629946221066 |
168   | 0.00072832650193072241435 | 0.0058958964953766904854  | -0.0052436644625669720163 |
169   | 0.0039022639171718072511  | 0.00017555500958577936353 | -0.0037337202518523057715 |
170   | 0.0099428552878770143364  | 0.0069438463047617098381  | -0.0058140561617864060587 |
171   | 0.0032312519591026944883  | 0.0077655307168138015469  | -0.016896796009932147503  |
172   | 0.0037084695055687581268  | 0.0039960134095249613337  | -0.0012514455801329537298 |
173   | 0.0042502678237999955146  | 0.00076376238392225582682 | -0.0036193706887466137873 |
174   | 0.0052811673481206241471  | 0.0013698378894038010928  | -0.0074005362628348199741 |
175   | 0.0016667416096652022325  | 0.0076963359807459691408  | -0.019687216427282001885  |
176   | 0.0030308577996209051623  | 0.007868832191805681664   | -0.01068603675758332365   |
177   | 0.005998072519794433316   | 0.0062553822559070311124  | -0.0032314991767215714945 |
178   | 0.0023919881862105689396  | 0.0075746431548562682609  | -0.0094837914160458836044 |
179   | 0.0083642081205786960457  | 0.0096886357070770229294  | -0.013516577260979613026  |
180   | 0.0039259194750557654952  | 0.00058245517030816541717 | -0.0075389845350468690996 |
181   | 0.0068302417883230777396  | 0.0088805219416225392171  | -0.014088136373478424637  |
182   | 0.0083774680051144634341  | 0.0057811243503443068489  | -0.013419681245632380032  |
183   | 0.0048105399945597921221  | 0.0042223920905484239527  | -0.013919344801189403177  |
184   | 0.0030011318250127449504  | 0.0051115371969624500206  | -0.0047638829371820148179 |
185   | 0.00056193718681395523912 | 0.0028213769219587727863  | -0.017363438160727537318  |
186   | 0.0040513475550469522576  | 0.0060909261421467223233  | -0.012436021740771331656  |
187   | 0.0057356758248583161741  | 0.0067034947770668058126  | -0.0049078545070571103978 |
188   | 0.0055984198457499946555  | 0.00028852690386221396509 | -0.0031665030166001702228 |
189   | 0.0024671559884291765705  | 0.0007273326050675992362  | -0.011497553268212475433  |
190   | 0.0029078596217012105292  | 0.0052004921150404148297  | -0.0008911663816238300697 |
191   | 0.0024974421030257870115  | 0.00053732109741246438048 | -0.011981572655000792549  |
192   | 0.0025341227520334140381  | 0.00012472345865944208291 | -0.0057097040870947093905 |
193   | 0.0029765316921361631951  | 0.0050601627126511230029  | -0.0096214165101826468196 |
194   | 0.0092971551944561262038  | 0.0029274625705852548585  | -0.0065404064339966176342 |
195   | 0.0011373094656041647914  | 0.0027360521847517565303  | -0.0030533677236170221787 |
196   | 0.0063619855846070647032  | 0.0031131448942104153303  | -0.015667487509380739752  |
197   | 0.0046132644314416633782  | 0.0063867209830838862425  | -0.0090183464381774942897 |
198   | 0.0088103011981262198404  | 0.0042905209059193915103  | -0.013483236414799693731  |
199   | 0.0089108987216670997727  | 0.0038655656791082978682  | -0.015510900506123446313  |
200   | 0.0033135352416340051705  | 0.0052624066018564161218  | -0.0068124384799499327486 |
201   | 0.0028538897149741615511  | 0.0040949370475591544138  | -0.017036275879431229258  |
202   | 0.0040717669886131003382  | 0.0074682922622354205172  | -0.0029100606834177970839 |
203   | 0.004888364103693003046   | 0.0087608285652575074859  | -0.014762857902314952679  |
204   | 0.0021951614842456918832  | 0.0031549054561490538079  | -0.014536915584851213545  |
205   | 0.0068988177733425555885  | 0.0019790226331180557975  | -0.019520350050325294827  |
206   | 0.0063008988527955131151  | 0.0048951920454940681809  | -0.0065991602926447736135 |
207   | 0.0067840955405710614071  | 0.0047709567886855689181  | -0.0063878491249423994397 |
208   | 0.0037398330972062336468  | 0.0091416740730905117485  | -0.010644042124614646119  |
209   | 0.0077719747168838978005  | 0.0078936861205355993154  | -0.010288103069775428322  |
210   | 0.0029424961121333245012  | 0.0047212754662046725607  | -0.001424956410760311841  |
211   | 0.003177535638090335339   | 0.00018217797336622510557 | -0.0045912927588545307186 |
212   | 0.0053568886899446697264  | 0.0057009481671970452243  | -0.00096448364616671315545 |
213   | 0.0069387831180406575604  | 0.00067321903030919782573 | 0.00016177254891933638562 |
214   | 0.00459696278298308246    | 0.0049960354260819815619  | -0.015184643433529038462  |
215   | 9.8030965326844279471e-05 | 0.0053327040113096231197  | -0.012247752009257038483  |
216   | 0.0095190457828183694389  | 0.0091127425040536357004  | -0.016871605934212788314  |
217   | 0.0082977388294223231729  | 0.0081971852403870722886  | -0.015007177657129281562  |
218   | 0.00092010309202308091046 | 0.0069198156610583228324  | -0.0061855364586465124213 |
219   | 0.0026880715849083012571  | 0.0045875709520142487     | -0.01858102245668141056   |
220   | 0.0072784337997683539248  | 0.0062646906675092421668  | 0.00079414768994596465681 |
221   | 0.0069326383719825069446  | 0.0095425651965856429781  | -0.0085969309498671112046 |
222   | 0.005285593506265006368   | 0.0090302849210839968019  | -0.012471762112671693976  |
223   | 0.0031692817888388557027  | 0.002112479523539029843   | -0.010737213475994664483  |
224   | 0.0012386562576963595656  | 0.0075626658004980537933  | -0.014079952816619712569  |
225   | 0.0089142156239379148619  | 0.00038309691599764121497 | -0.0096197515857409029993 |
226   | 0.0021499166850845997066  | 0.0037745247461608783315  | 0.00077964983737985695846 |
227   | 0.0066185937236582130863  | 0.0041816025245565088819  | -0.0020401009588840194817 |
228   | 0.0066199479587811796075  | 0.0030289323181854331014  | -0.0085447778007216972085 |
229   | 0.004484924457532090715   | 0.008142771045112628947   | -0.0055124845834201860809 |
230   | 0.005092195033763102438   | 0.0010303919856186484049  | -0.014279656636938786382  |
231   | 6.0988207132833155996e-05 | 0.0061040014194285088095  | -0.012674126845560717766  |
232   | 0.0058440853789492666626  | 0.0077907452839712666021  | -0.00068282552020475022984 |
233   | 0.00039978155595180394797 | 0.0058720744448948879873  | -0.016895915691147001675  |
234   | 0.005077681455951738726   | 0.0040564988890598036031  | -0.015106556458091247377  |
235   | 0.0015755658505782943381  | 0.0040533633988189187933  | -0.014582408373567520496  |
236   | 0.0036004313678619382505  | 0.0026493328020490069727  | -0.0078929386396407522075 |
237   | 0.003572818096987306815   | 0.0039922400338785234489  | -0.00077187324596017688194 |
238   | 0.0023634878485514834723  | 0.0058336852501991321579  | -0.0032563259367523835798 |
239   | 0.0098259014365786392919  | 0.0080301410542338250848  | -0.0024255467576192834937 |
240   | 0.0067533250564715957553  | 0.0095395698703703343119  | -0.018844928452506928135  |
241   | 0.0055955179455499347296  | 0.0087858230879103681177  | -0.0018562234004304630375 |
242   | 0.00080239316888761785286 | 0.004889003605682738611   | -0.0057900671302726297932 |
243   | 0.0026282033511658628444  | 0.0059164732843986255276  | -0.011664596877504634226  |
244   | 0.0070944011037820256874  | 0.0050922476812890749009  | -0.0033345225274550040727 |
245   | 0.0050425180401745253386  | 0.0025017110702665102707  | -0.018403632873212356219  |
246   | 0.0099001314656739086706  | 0.00082908689948446448806 | -0.0080706418002621412022 |
247   | 0.0057040486826288759256  | 0.0032027438276746593611  | -0.01204631413576980753   |
248   | 0.009764652333202332446   | 0.0051075741045518551625  | -0.0081398820690525598709 |
249   | 0.006660157756888725189   | 0.0024762802121208594801  | -0.0056456020286822453796 |
250   | 0.0066535064663301723975  | 0.0054507059844749313968  | -0.0014433173506228249953 |
251   | 0.00436937577758044534    | 0.0049433346267532081095  | -0.017250587197145689916  |
252   | 0.0072052938041294607024  | 0.0057481832280378078459  | -0.020018477471345778179  |
253   | 0.0048016315833515508735  | 0.008793893266078687404   | -0.015742645539629531587  |
254   | 0.0023120334804690367489  | 0.0013324447095728159888  | -0.0094569335504325821584 |
255   | 0.0017831252638771343238  | 0.0047343656701800415978  | -0.00070156754218144855469 |
256   | 0.0047195186242593801032  | 0.0075810524979454899791  | -0.011523387282011368637  |
257   | 0.0020332287309672843027  | 0.0027045661532185622314  | -0.0085927078176406337939 |
258   | 0.0032914606306950365197  | 0.0067844957584134221035  | -0.0077858045137847503234 |
259   | 0.0064228805019857096795  | 0.0092729035878407455734  | -0.0089053811619606623035 |
260   | 0.0042504432910494974532  | 0.00063222079556154422899 | -0.0047193203170180324235 |
261   | 0.0057191836039469394135  | 0.0068359238660966490861  | -0.019850889077561117285  |
262   | 0.0010496875901316140341  | 0.00017612168508019542977 | -0.011568208005311882841  |
263   | 0.0072727870358834361547  | 0.0007159010456624086572  | -0.015978313998222627018  |
264   | 0.0062273543008090192358  | 0.0016989259540626390054  | -0.00017757508456596926474 |
265   | 0.0065849630529699549122  | 0.0064925066400033466449  | -0.010076013845858197704  |
266   | 0.0039934869615590659619  | 0.0033707349493876932571  | -0.016323979891636666156  |
267   | 0.00082678569784705240823 | 0.0031418142469355758717  | -0.0098892686127673695012 |
268   | 0.0060542093219099245641  | 0.0064580718919358976599  | -0.0020850452271820880262 |
269   | 0.0037974620561202162596  | 0.0024524453353802228711  | -0.0027859187274497571908 |
270   | 0.0094405606774900421158  | 0.004612065823478032553   | -0.0091738625779777434321 |
271   | 0.0053279749419332337462  | 0.0091257315528100579199  | 6.5432210571118111552e-05 |
272   | 0.0056455143235252048042  | 0.0080062201324535061525  | -0.010705680258322226861  |
273   | 0.0036937908674840452816  | 0.0095519988359701671343  | -0.012531101301910632997  |
274   | 0.0061695519554243061916  | 0.007557061896047670424   | -0.012225941312522227433  |
275   | 0.0089457596050013677563  | 0.0052652526640886623127  | -0.0035900685560694548838 |
276   | 0.0089016187271727127001  | 0.0034061656388743068169  | -0.0094949210737842269087 |
277   | 0.0022913636482106863358  | 0.0048571256247771218625  | 0.00068306831522662713602 |
278   | 0.0086316549457070845808  | 0.0047152276343436546474  | -0.0075219505636174768121 |
279   | 0.00398437094429797585    | 0.0042154171658322974955  | -0.0035400760820993551654 |
280   | 0.0090380308842758893401  | 0.0036963534232758239913  | -0.018019272938902958225  |
281   | 0.0043852774751103043224  | 0.0078338622264014553392  | -0.0087388943795141792864 |
282   | 0.0036833884654346939376  | 0.0012832346256388281382  | -0.014715006794362172488  |
283   | 0.0082505981782615162717  | 0.0056967707048089614996  | -0.015248753581154369727  |
284   | 0.0027724853585852290982  | 0.0044336452763934783641  | -0.016375037573656728296  |
285   | 0.0095923404459802019684  | 0.0060418120519950347172  | -0.0030162683013579545503 |
286   | 0.0013757423819013626411  | 0.0021240209982450086908  | -0.01467713849181621899   |
287   | 0.0019854859564443876063  | 0.0064258338351758127749  | -0.0077259487651045646167 |
288   | 0.0023652426049804177975  | 0.002791345629654853628   | 0.00053684216234318408306 |
289   | 0.0098968168807270356924  | 0.00016222923892465030901 | -0.016686251808197709312  |
290   | 0.0014999743072554769761  | 0.0065036476358621333332  | -0.0043804242232062936754 |
291   | 1.5524535320127360281e-05 | 0.0011931303956588122824  | -0.0092460439590102035112 |
292   | 0.0028519444870251202395  | 0.0045213184487481539522  | -4.3599827922561095784e-05 |
293   | 0.0095166883279106263133  | 0.0002787264353519265745  | -0.014103421100965279206  |
294   | 0.0077983270029700181916  | 0.0073349164092671786594  | -0.0016322597009017511885 |
295   | 0.0025951652617326338018  | 0.0026282596470064163025  | -0.011962014329001921173  |
296   | 0.0071974254901117024411  | 0.0040309817142300443521  | -0.015503189054633444155  |
297   | 0.00088428954953732289042 | 0.0030140892122434721073  | -0.016863260573073121651  |
298   | 0.0022201130410461795972  | 0.0048588998015051997406  | -0.018225276290895733172  |
299   | 0.00161909233561389641    | 0.007303770379468331117   | -0.012277540782960446458  |
300   | 0.0044115776893505409192  | 0.0072389799032116343772  | -0.014599922041978453252  |
301   | 0.001400104685490827618   | 0.007364111950218086948   | -0.019822196072891744983  |
302   | 0.009602995714820887832   | 0.0021026042295873696199  | -0.018553138618880016947  |
303   | 0.0080179335439051445389  | 0.0051816024657014249019  | -0.01539525115764318712   |
304   | 0.0012812118747592554646  | 0.0058785346444232017965  | -0.0085155292231347649856 |
305   | 0.006318647338628311308   | 0.0072989496848406701726  | -0.016255395368744270101  |
306   | 0.0044549928795920359925  | 0.0026207112576915590242  | -0.014480084398433252374  |
307   | 0.00011799828158027319473 | 0.0036469456819029238449  | -0.0043458016817504545315 |
308   | 0.0089522190613193167869  | 0.0049762412346218594383  | -0.0029137591826591500987 |
309   | 0.0061252333468640868253  | 0.003017738391911521309   | -0.0070286939345240839055 |
310   | 0.00965917163632712579    | 0.0055376789322566901189  | -0.0075531600334044083148 |
311   | 0.0087462690552054956489  | 0.0057281727986068977504  | -0.008207219940264388891  |
312   | 0.0070528831187705682756  | 0.0038223367461655685315  | -0.017112473086647699005  |
313   | 0.0069384990547740029235  | 0.0027644515690358989306  | -0.0030329682285469674111 |
314   | 0.0041903483688759289236  | 0.0068950357591532583645  | 0.00072220318702922742943 |
315   | 0.009895855148221057232   | 0.008921224455746723514   | -0.0053484409767774578406 |
316   | 0.0054244931812988742004  | 0.0050065212817234725634  | -0.0035891176584832355616 |
317   | 0.0061337482751748486839  | 0.0018552576385749881566  | -0.019508132931291773809  |
318   | 0.0073850731326138832275  | 0.005272007410429515456   | -0.0013423511345775323688 |
319   | 0.0024109599080627775944  | 0.0022780816830247616923  | -0.0025511648857659587064 |
320   | 0.0068233187462783274208  | 0.0044796909318770500655  | -0.01978629662470740222   |
321   | 0.0035762954065362709613  | 0.0029602652754126099373  | -0.0076061002334412344122 |
322   | 0.0087735994749374834195  | 0.00025428563087847276276 | -0.0029056681444112652038 |
323   | 0.0050951874066010992975  | 0.0019835372331830744726  | -0.0046434486683592868586 |
324   | 0.0022080457171125564622  | 0.0044525595482965496866  | -0.0095967033706029977735 |
325   | 0.0053786984335962165563  | 0.0018496212258803641868  | -0.013402883415325351352  |
326   | 0.00079022268726720032786 | 0.0049553937279329914392  | -0.0071883131776756727799 |
327   | 0.0039537203013038299537  | 0.0071176557678548739438  | -0.0083658486993842488127 |
328   | 0.0099272339909259165597  | 0.0078633710353535387488  | -0.015928618934272508606  |
329   | 7.6858729081420292472e-05 | 0.0064896232131120756489  | -0.0076119102636328034653 |
330   | 0.0023334334522507028074  | 0.0030467229362631320991  | -0.0024667100120128295296 |
331   | 0.0064551558819124004937  | 0.0025702666163115446378  | -0.0086856896505826154675 |
332   | 0.0058193911458905610637  | 0.0058973020368299254937  | -0.0020144160222727342142 |
333   | 0.00090736730813295606891 | 0.007285355188864714969   | -0.011589584259473286604  |
334   | 0.00056492377947782565408 | 0.0037628628298943260673  | -0.0087842509219586417668 |
335   | 0.0034250670170301294321  | 0.0095972222989187984388  | 0.00023470304145304429072 |
336   | 0.0087456428393175352637  | 0.0048042607988732022664  | -0.0096608056118515500676 |
337   | 0.0024552989450241768238  | 0.009029807503808513075   | -0.0062383395783564294518 |
338   | 0.0086257013531943604184  | 0.0020300555822108149427  | -0.0091807979648715985072 |
339   | 0.0046025709039916075371  | 0.0062497550631270479271  | -0.016939106254911909938  |
340   | 0.0044493304832458188333  | 0.0058758186696987596553  | -0.0037057343914875312194 |
341   | 0.0043146351861998080007  | 0.008709727992262076765   | -0.015041772181855504742  |
342   | 0.0013953200100340103218  | 0.00097820641012209418215 | 0.00036749330871474038956 |
343   | 0.0018031074884880390549  | 0.0036403165576535394428  | -0.0031230450845401102299 |
344   | 0.0061101475241516021303  | 0.0074084524080288947923  | -0.00083175264317514134831 |
345   | 0.0051196864908520638843  | 0.00012238225852756836644 | 0.00031193629072890000954 |
346   | 0.0099368202075926243683  | 0.0078147703195535350718  | -0.01075035940577311229   |
347   | 0.0074508136826868286498  | 0.0056122596229550951452  | -0.015400714195057289141  |
348   | 0.0082672250784053252087  | 0.0023521674256653597908  | -0.010226955171568213876  |
349   | 0.002360941593856233367   | 0.0021883297902324967688  | -0.011095588183667390303  |
350   | 0.0021894105539392843401  | 0.0036023542414317850403  | -0.0067147724936560786169 |
351   | 0.0024349792462928817986  | 0.0026677194702967106828  | -0.01486653804007065198   |
352   | 0.0030624128123007822271  | 0.0034529072175260790319  | -0.010214331586317636907  |
353   | 0.0037878440894397653362  | 0.004441451514827436664   | -0.0040395150409079962073 |
354   | 0.0067228624151055519503  | 0.0036824041811200883441  | -0.00686266949540775828   |
355   | 0.0050502075390107294128  | 0.0042402358859884069567  | -0.0023003813438216974552 |
356   | 0.00033658310993634241821 | 0.0091345826193332934489  | -0.016959937496265540396  |
357   | 0.0040995641046303928773  | 0.0043497817507296221776  | -0.019911751378987034566  |
358   | 0.0046720232685345764942  | 0.0025822348942912617953  | -0.019135840146590577665  |
359   | 0.0094339795847026043651  | 0.004239128876544981557   | -0.014923372860814408322  |
360   | 0.0065728328309689540432  | 0.00022522443543757241662 | -0.015654235237810613934  |
361   | 0.0036589120888479765605  | 0.0060729828195819892875  | -0.017230233551340734532  |
362   | 0.00072144650929922545055 | 0.0022519633929123207897  | -0.017042424136002605473  |
363   | 0.0071267959701139613898  | 0.0076892309383247859494  | -0.00030370454013832460204 |
364   | 0.0016585331805418581687  | 0.004361506594297000737   | -0.010416333211035522233  |
365   | 0.00040966088954231101799 | 0.0074463362362331662891  | -0.004264328801194041188  |
366   | 0.0020330389152246760263  | 0.0033021988624910812715  | -0.015619995587820343849  |
367   | 0.0070726856975691356974  | 0.0026382708663584804668  | -0.0020765645974159399959 |
368   | 0.0064007938859036188003  | 0.0001146142879633183355  | -0.007507100024758590201  |
369   | 0.0043336573799441406932  | 0.00068959202551131533031 | -0.017477557312073010998  |
370   | 0.002179995282379633241   | 0.0044070765875135163581  | -0.0067056109716447393626 |
371   | 0.0028672360638000724334  | 0.0054515985978544866108  | -0.00053665379362147441842 |
372   | 0.0035529722739199177256  | 0.006317523249163041997   | -0.0104693084891359766    |
373   | 0.0076129216976670664035  | 0.0010885525433276066563  | -0.013928942407629723091  |
374   | 0.0076634006602920978074  | 0.0098699826430305569874  | -0.017344476007375167481  |
375   | 0.0058187066528462300791  | 0.0017365575544842722002  | -0.019198364036727894044  |
376   | 0.0092700975332501867748  | 0.0039093937032472310042  | -0.0016296054249168860813 |
377   | 0.0099034804724484008093  | 0.0053797564880696136652  | -0.0090146917313696246082 |
378   | 0.0048243354407240526469  | 0.0092351723206838889912  | -0.0072206250338483742371 |
379   | 0.008442836341208353676   | 0.0022939112014384119981  | -0.00019792147518544927543 |
380   | 0.0043859994597315798623  | 0.0003530594722340614478  | -0.017239372251932814223  |
381   | 0.0017889681426557127019  | 0.0045468187584410549654  | -0.010862922578076106631  |
382   | 0.0021146728370681068358  | 0.0070707090629380355343  | -0.012874038694413426909  |
383   | 0.00015017501714442615577 | 0.0090612912666645749338  | -0.01174032488685731665   |
384   | 0.007693829004078897929   | 0.0054834887744260327538  | -0.0048679588766167430913 |
385   | 0.0082204824036083475741  | 0.0019502672200640185432  | -0.016873382388579223623  |
386   | 0.0078490189655177500933  | 0.0082863205978730269247  | -0.019082481258660230483  |
387   | 0.0053169206372184092679  | 0.0038573813596110353985  | -0.011088086339213879677  |
388   | 0.0073998296915725736422  | 0.0053058837441957457798  | -7.4020749017534518809e-05 |
389   | 0.0067940584318172654935  | 0.0063310278773871884322  | -0.0071632532098650511868 |
390   | 0.0045499148752383266475  | 0.0012443144222417479132  | -0.017052881804709787289  |
391   | 0.0055446782107286124441  | 0.0044123508181276947099  | -0.016939776437786237956  |
392   | 0.0052650085568239201467  | 0.0038362843207362436887  | -0.019856296284977772992  |
393   | 0.0067543371016695937653  | 0.0093234067487893337173  | -0.015826777551100713881  |
394   | 0.00089971935938575639362 | 0.0040459657765377588998  | -0.019503310424893609276  |
395   | 0.0066083761604067191645  | 0.0080868437623865720848  | -0.012676481449391667836  |
396   | 0.0074416214070005693576  | 0.0047531955728724439164  | -0.011522907118420010544  |
397   | 0.0038740853422481818201  | 0.0067817538257562114123  | -0.00048886225140993872125 |
398   | 0.0054119249941111330707  | 0.0068943098994864466383  | -0.0045775903751726979007 |
399   | 0.0029606193450258779312  | 0.0074939683854199487176  | -0.017724906055524212306  |
400   | 0.00082621316048598941913 | 0.0082400913712245057313  | -0.0049527269416710208508 |
401   | 0.005074518721979205671   | 0.0048361822394518434037  | -0.017639450577132675946  |
402   | 0.0021099761110010698331  | 0.0016649923098923263311  | -0.00081861892070912614227 |
403   | 0.0046325348080363129913  | 0.010015013056584249132   | -0.0056286804364107361626 |
404   | 0.0061415166588790299704  | 0.00036423812420340972822 | -0.010734602260420132713  |
405   | 0.00943543616202544011    | 0.0046520311634690881403  | -0.01660822043791925634   |
406   | 0.0099336591545315013757  | 0.0061035151261398410891  | -0.010192468987798287278  |
407   | 0.009640001301203200007   | 0.0088017563139047225174  | -0.0018710020240880994354 |
408   | 0.0027191383819631506288  | 0.0078029977631865988716  | -0.0056792763205855377462 |
409   | 0.0038532995354418572188  | 0.0017492862646148051812  | -0.013242450416538013511  |
410   | 0.0013880840530222124211  | 0.0028923208524612624773  | 1.057149083766163695e-05  |
411   | 0.0076922166744310361761  | 0.0039336374643206715659  | -0.014392945762310141097  |
412   | 0.0038339593711644789908  | 0.00093604705657896597731 | -0.013012245655047495821  |
413   | 0.0025790938571352678942  | 0.0063340630457316068891  | -0.019967568217146257348  |
414   | 0.0027482122529413261815  | 0.0014480741267545494972  | -0.017654661327033357304  |
415   | 0.0027537495952102272398  | 0.0094122180211212713719  | -0.0053181650520397446072 |
416   | 0.0051951774523342989648  | 0.0056461691948911244335  | -0.00060836626038284576014 |
417   | 0.0073621517420840217744  | 0.0022141037769008585674  | -0.0050029982715183891895 |
418   | 0.0074113761090747768898  | 0.0081068592644023673016  | -0.0098792366473060139187 |
419   | 0.0099548668514872432761  | 0.0067642188062345173089  | -0.019350458267840011523  |
420   | 0.0064235891975779483079  | 0.0087481463672177579849  | -0.017306224996308437053  |
421   | 0.0057966289706551880206  | 0.0093174352278580941517  | -0.00071391398457563439404 |
422   | 0.0024343393453849396062  | 0.00070326397571232243926 | 2.1359854485173986711e-05 |
423   | 0.0050958880627708525585  | 0.0077119357392223183978  | -0.011545769950587723984  |
424   | 0.00037674184988911843574 | 0.0078104098600984177628  | -0.0036560226696495802361 |
425   | 0.0064007446415033026135  | 0.0041244506410520291595  | -0.017874545654992902294  |
426   | 0.0043262448475721894392  | 0.0094067823910389154751  | -0.0013140879689569082232 |
427   | 0.0066621242244648357783  | 0.0023348335370348897826  | 0.0003697390619470092136  |
428   | 0.0082239237737064905392  | 0.0047001339395271492239  | -0.016310836495008373265  |
429   | 0.0052351545014424089725  | 0.0038020311430477242605  | -0.0027633385739346751249 |
430   | 0.0019070175907681097792  | 0.0089110504655481193731  | -0.0063709585179078861983 |
431   | 0.0069379576565621074377  | 0.0071579172140902739066  | -0.0039626375638781791491 |
432   | 0.0014776775607779899565  | 0.0055565071170022460254  | -0.015201914060589216335  |
433   | 0.0026441347036553039702  | 0.0058270283470536199388  | -0.014386907946650937321  |
434   | 0.0025595221254208124634  | 0.0027201796711702639839  | -0.010938818014021713804  |
435   | 0.0097689780059148165897  | 0.0012174017000998204642  | -0.0030155967900820381498 |
436   | 0.0010453839688698387308  | 0.0079791738718943544528  | -0.0043291513661505125199 |
437   | 0.0057048138662840570598  | 0.0042198789589178624729  | -0.0021608303404521745673 |
438   | 0.0085218872349149769191  | 0.003537443176523629839   | -0.014042064922329153959  |
439   | 0.00058573685704692974013 | 0.0074593143414746695963  | -0.0071013162017100018783 |
440   | 0.0093543227422472913918  | 0.0042491375661536014835  | -0.0014103839194487470358 |
441   | 0.001806825286857184458   | 0.0011979933154842180212  | -0.0064392409844731520255 |
442   | 0.0015321639488946900507  | 0.0027532261396277244239  | -0.0012813441307371619977 |
443   | 0.0036185664269937074626  | 0.0083258662154661235849  | -0.0069132087495454332127 |
444   | 0.00048893401814431699994 | 0.0004398970657074329502  | -0.013014697440152826063  |
445   | 0.0071992289623712185306  | 0.0071039404163156637945  | -0.0058349293418746605092 |
446   | 0.0014345846828145007203  | 0.0084646474672966393743  | -0.011409749570060892868  |
447   | 0.0038651477725050783357  | 0.0084887510975540474145  | -0.018464838777942190612  |
448   | 0.0001012028081677892661  | 0.0049590307521391744153  | -0.011464453982240219165  |
449   | 0.0061997586806710842586  | 0.0070251719326003504371  | -0.0069356375105153814098 |
450   | 0.006664013887926920239   | 0.0039256166231590805885  | -0.002906551137411526875  |
451   | 0.00064818188757034508104 | 0.0097457216390744345891  | -0.019881812616950048783  |
452   | 0.0081242120547411530301  | 0.0088224374942582079601  | -0.014838575733735348203  |
453   | 0.0058453153982886540269  | 0.003692660828923759013   | -0.015420967415556293204  |
454   | 0.0081438409002798674285  | 0.0066432493838241212999  | -0.011565803763434025567  |
455   | 0.0015701540163705074177  | 0.0062174470864620858326  | -0.0033841214965836729708 |
456   | 0.00085572511926173579211 | 0.0042891888828599997185  | 0.00081658132662868355284 |
457   | 0.0023732454071142272678  | 0.0052396034678577245794  | -0.0024107066840265145569 |
458   | 0.0027565674343794804337  | 0.0092992404107177639022  | -0.0049155574343766579928 |
459   | 0.0055846906649553145624  | 0.0010947442090628381473  | -0.00080712588838057288971 |
460   | 0.0064110291981215351831  | 0.0087989605993501231185  | -0.0060328237940720117957 |
461   | 0.0029847876499171028045  | 0.0044428872413740036484  | -0.0054717319870308091592 |
462   | 0.0037180204344291882014  | 0.0034152091503230970655  | -0.0080939091615889538489 |
463   | 0.0064642128140330748845  | 0.003926630159303256748   | -0.012762403491362419791  |
464   | 0.0084690239529017618397  | 0.001184051368962258299   | -0.017132693765137735342  |
465   | 0.0092464110852516004369  | 0.0002423742088933506227  | -0.017883998066270889726  |
466   | 5.6618565871499112335e-05 | 0.0062432933573423020357  | -0.0055649252116420156247 |
467   | 0.0070277162452838694284  | 0.0045395441943648275757  | -0.013376189077391608881  |
468   | 0.0030996207839444015614  | 0.0071152914774811086215  | -0.014602310469777194865  |
469   | 0.0054864781474551205243  | 0.0031136633629692727146  | -0.012986938705497457283  |
470   | 0.0046589009548120875748  | 0.00038828711245293543635 | -0.014260803316285725756  |
471   | 0.00088388122207004777859 | 0.0083475327351490366534  | -0.018638578867491897156  |
472   | 0.0054620487508524970949  | 0.0086096244578108410694  | -0.018594779298830226705  |
473   | 0.0067997526852751222909  | 0.0015677612710362426925  | -0.012991137807879521784  |
474   | 0.0010192312429777147711  | 0.0018842490233054796749  | -0.0091625979411677806186 |
475   | 0.004948827240972846972   | 0.0047120455307582530952  | -0.015170006646857548196  |
476   | 0.0081269778523006073329  | 0.0085847137855400122708  | -0.006413919957360301842  |
477   | 0.0080397011603044431227  | 0.0079520924101679039964  | -0.0036831141709476695675 |
478   | 2.5935837789100774581e-06 | 0.0080197598183289874746  | -0.019892011649706355797  |
479   | 0.0040795736006910398447  | 0.0025351257021931513334  | -0.012124447594771005018  |
480   | 0.00022272265501153243978 | 0.004462621393040165467   | -0.0080713255978181602801 |
481   | 0.0033388454240254198183  | 0.0079907632170137781608  | -0.016665536949917677395  |
482   | 0.0044483144930201595074  | 0.004830794540052204579   | -0.019123036238311883622  |
483   | 0.0057955038677782230033  | 0.0037864753827000683338  | -0.017828455713575282193  |
484   | 0.0019744248850678538729  | 0.0061216862474786672144  | -0.013601546056280798547  |
485   | 0.0012878546987265262428  | 0.0052963062605829612159  | -0.017569351160599360612  |
486   | 0.0010519068777274150767  | 0.0072266984419963285757  | -0.004775352505063614264  |
487   | 0.0081406301302173085521  | 0.0050665248452361920026  | -0.0085676966534685219945 |
488   | 0.0087446410261331503772  | 0.0060888726895443889831  | -0.0068774826383358267715 |
489   | 0.0042181225291534436492  | 0.0094534246065900457562  | -0.019515639039259135429  |
490   | 0.0047282803990519846685  | 0.008621336421229931421   | -0.007642725361226478803  |
491   | 0.0034939753181655757754  | 0.0029195309528661111433  | -0.0063653214881510518722 |
492   | 0.0073489233998230985012  | 0.0082589211487495376579  | -0.0092921989303601758292 |
493   | 0.0094047706014055709733  | 0.0071271108361578225376  | -0.0077687079323646391835 |
494   | 0.0047273975982674984117  | 0.0046866836903590603641  | -0.019569894554165578882  |
495   | 0.0076276838753617784081  | 0.0081175176307307240348  | -0.0025471176051141751311 |
496   | 0.0087810835400686567537  | 0.0056687924143617321807  | -0.012467749656294182387  |
497   | 0.0049763905026916493979  | 0.0050400555597489822904  | -0.001101065677707707257  |
498   | 0.0052108407324139146763  | 0.00021156353915634661003 | -0.01985180148993061916   |
499   | 0.0093772663479843795797  | 0.005113409085326051963   | -0.0062968859195534710241 |
500   | 0.00050535176040939909677 | 0.00030568118273691341318 | 0.00072643211644984970882 |
501   | 0.0045934604764455789008  | 0.0038711176622089485747  | -0.015939796423981675288  |
502   | 0.0055349891243478745867  | 0.0052952485435239591421  | -0.011231091233104768465  |
503   | 0.001238776683049976849   | 0.0026688731378070700007  | -0.0068259495362181354244 |
504   | 0.0022103735147772215694  | 0.0033336916100974063604  | -0.014391400506802261988  |
505   | 0.0070449464152835903491  | 0.0076162243878057228619  | -0.018886394549211732441  |
506   | 0.0036486283410578604532  | 0.0022621802916715943489  | -0.010658602058474894725  |
507   | 0.0089319185279359315788  | 0.003732399732531622126   | -0.0030105792195420188855 |
508   | 0.0045772171623672678123  | 0.0017201005628951406695  | -0.014342485805670794272  |
509   | 0.001394102522930789961   | 0.0030259858101776971988  | -0.01997419617948717821   |
510   | 0.0076805772809192427927  | 0.0084693700928721356996  | -0.0034539914384422963634 |
511   | 0.0022894806177865406616  | 0.0029260458862445421109  | -0.016955498826632345311  |
512   | 0.0073959028461111431599  | 0.0097648468773447304886  | -0.017154692598859055258  |
513   | 0.00564595691110687109    | 0.0032276181685661430552  | -0.015599918434143988932  |
514   | 0.0069455590023239730663  | 0.0016289474345750384453  | -0.0012186486353928699562 |
515   | 0.0076297840729565493539  | 0.005633274750662637699   | -0.0076605047991963656079 |
516   | 0.0042501141048329619046  | 0.0010286005063184242101  | -0.0013795282418814056209 |
517   | 0.007514973565702848593   | 0.0055464734221341389572  | -0.013833187664400474134  |
518   | 0.0032643378669998477509  | 0.0029110053831485536123  | -0.0085269344566138872282 |
519   | 0.0019386298690573296622  | 0.0036445501781918348584  | -0.016154573844593411031  |
520   | 0.0028322597239417907945  | 0.0033547713402351251114  | -0.017572395134595349825  |
521   | 0.0042708517094722222782  | 0.0059057050625188579548  | -0.0055123263751600971166 |
522   | 0.002912239086051017934   | 0.0034854807503346698326  | -0.0041623063737556064909 |
523   | 0.001495226687796370529   | 0.008378389784264835341   | -0.006463332118987114884  |
524   | 0.0087634761702378074361  | 0.0012702420068123815907  | -0.0089005127312870319783 |
525   | 0.0034061776394099471145  | 0.00057603505694607114607 | -0.019506924591782145995  |
526   | 0.00032388089205725442222 | 0.0055541535930044502734  | -0.0040802598336483857089 |
527   | 0.0092077665697344723145  | 0.0053252359348209318129  | -0.0054535653388604965822 |
528   | 0.0087728908756959395748  | 0.002345175402349632468   | -0.007787007237827975499  |
529   | 0.0066871264270033838745  | 0.0056665916665251097467  | -0.011876124899593267989  |
530   | 0.0034376216512553899735  | 0.006584210000157617905   | -0.0016284375585528117984 |
531   | 0.0037923881750965221862  | 0.0040085644834305083489  | -0.011033386576044555     |
532   | 0.0047585094659367563677  | 0.0037276885353599354712  | 0.00024008803806258016949 |
533   | 0.00027781858962888758731 | 0.0057257743263959045427  | -0.0048378453054665265451 |
534   | 0.0023095212303030623543  | 0.0040406219192076139879  | -0.0071737283603632946358 |
535   | 0.00039338385084477367612 | 0.0084847265675088191783  | -0.014725382853862819393  |
536   | 0.00018004916428698055503 | 0.00016344013707030936085 | -0.0017339699778456904057 |
537   | 0.0022622469465451142991  | 0.004186863050080104863   | -0.0064830403567265387429 |
538   | 0.0085598320802615229796  | 0.0016474359393275101338  | -0.019837635414745372758  |
539   | 0.0092565300930577860961  | 0.0060527884688684665399  | -0.0023512541248672763454 |
540   | 0.004838756271940876548   | 0.0060466351420459113486  | -0.012262473537084792735  |
541   | 0.0017319179905721719497  | 0.00048961851348852919018 | -0.0087209676020128922697 |
542   | 0.0064576173087989774055  | 0.0027087154897629931762  | -0.0052846412986314351967 |
543   | 0.0078890475825986097064  | 0.006102933531977546705   | -0.003843249667438595682  |
544   | 0.0045181644881073252523  | 0.0035759969685071561069  | -0.014912565460197127823  |
545   | 0.0083445608309886346726  | 0.0085542086016334867304  | -0.010845671357702103485  |
546   | 8.6585848010501987064e-05 | 0.0081120171914064731489  | -0.016620723023011003266  |
547   | 0.0030939436861514659806  | 0.0035179186337158298986  | -0.0018838638623003309096 |
548   | 0.0040781843526945743897  | 0.0030635360267405008228  | -0.016558609567800010309  |
549   | 0.00076866426143149826043 | 0.0085948085997798601143  | -0.017864516383098268809  |
550   | 0.0034858342658991387994  | 0.0041428939574061031045  | -0.0048304289660400174036 |
551   | 0.0062833190350262630233  | 0.0023848810247364634653  | -0.016339980704889001811  |
552   | 0.0048351862127167851563  | 0.0054769398185648791866  | -0.0083700948368099076236 |
553   | 0.0031164854679074484659  | 0.0049607187239755091285  | -0.011074508271513284346  |
554   | 0.0017063905423610702377  | 0.0089282875491143269542  | -0.010390044611126126456  |
555   | 0.0070003999109110402049  | 0.0035257061466730517212  | -0.002080115410039127654  |
556   | 0.0032399822713262567929  | 0.0078259377466107938465  | -0.0041879681683417479057 |
557   | 0.0054910676768967969438  | 0.0054245863130667395374  | -0.01666907681488171214   |
558   | 0.0027646959986569021386  | 0.0058028553689682552466  | 0.00065110737187292887923 |
559   | 0.0070620845109561087433  | 0.0010689306600706282007  | -0.00048914218245792650749 |
560   | 0.0054848208559493275352  | 0.0036180302061968633472  | -0.014521345198910172794  |
561   | 0.00056904451829547153183 | 0.006137079297320268377   | 0.0001818469583468012424  |
562   | 0.0044874433298078206245  | 0.0070693094223757482752  | -0.0021940111143136436719 |
563   | 0.0070766295535133394087  | 0.0043735149754262443375  | -0.010727073304232333933  |
564   | 0.0047504690046497894534  | 0.0072525186328951480805  | -0.015129840448487662241  |
565   | 0.0072032927984319733428  | 0.0049542891920546392945  | -0.019436591747732250707  |
566   | 0.0042198865203860822654  | 0.0089650526304602563138  | -0.016648435487325176363  |
567   | 0.0088329700934661175421  | 0.00094087506049270630982 | -0.0022749216513109813374 |
568   | 0.007096788747731543924   | 0.0011326157483469178645  | -0.020011143673242047514  |
569   | 0.0049024852524743693649  | 0.0039133293756919819775  | -0.013298231933179895103  |
570   | 0.0062651867624979179494  | 0.0098034972866658815632  | -0.0020777145707690279977 |
571   | 0.0097958291923714302385  | 0.0065338474976861047466  | -0.018583206030861561253  |
572   | 0.0042091769503112448636  | 0.00026537324893101979463 | -0.0032377959262428592305 |
573   | 0.00094653576856124999137 | 0.0069251728477055917582  | -0.0054696276625718562303 |
574   | 0.0066450822793159749352  | 0.0090378116513635167045  | -0.0066715759813513386342 |
575   | 0.0050613997186982843252  | 0.0002878377048851238915  | -0.014636583093156825888  |
576   | 0.0059297817201561572181  | 0.0026978746565479265473  | -0.0048701582085103880745 |
577   | 0.0024792582957604146661  | 0.0079820308389965764079  | -0.01707169042241279272   |
578   | 0.0034935042810020485934  | 0.0074007240841950745411  | -0.0072627333970675216068 |
579   | 0.0048709107225886963399  | 0.0004423541325942934011  | -0.012744947188539872476  |
580   | 0.0064378442670884033355  | 0.0024998567017160476349  | -0.011429736674631409132  |
581   | 0.0080608142926452686083  | 0.0069991745769109369249  | -0.0055899167786604541525 |
582   | 0.0041758664634835348378  | 0.0073165465071072677966  | -0.00053296425463087728457 |
583   | 0.0092608864607829997212  | 0.0076968018110677161037  | -0.0095865066010178238975 |
584   | 0.0053403003277861498671  | 0.0087106783876088663549  | -0.016129189444691112432  |
585   | 0.0035480693343211285561  | 0.00255159244115905166    | -0.0082115976038826029443 |
586   | 0.0076418323456915087169  | 0.0088945531810901892061  | -0.011789705218697456995  |
587   | 0.0018088395147142337111  | 0.0033770827266913529263  | -0.014156600288021700326  |
588   | 0.0082158238820414057624  | 0.0041027458878270866779  | -0.01467691090378226218   |
589   | 0.0035015781718105553483  | 0.0070346741773659356156  | -0.0090306929622628422105 |
590   | 0.00034012553342078149067 | 0.0092877290602825859911  | -0.0075199578945679152603 |
591   | 0.0030049153548193986187  | 0.0033701929396821386775  | -0.0047632497322881847332 |
592   | 0.0031068060144423385351  | 0.00073304416565751816335 | -0.016943165094266760679  |
593   | 0.0081483563524166000708  | 0.0081376760512360847566  | -0.013971049153687478683  |
594   | 0.009352166440732214911   | 0.0072922156098449491743  | -0.0025354794670356391    |
595   | 0.0024992825929106010641  | 0.0080059204500883829336  | -0.0055801522301702505963 |
596   | 0.0099850965035740077425  | 0.0075427602464358690232  | -0.011691915092558638478  |
597   | 0.0028783009663170691997  | 0.0080319227603843357244  | -0.011857801393666621281  |
598   | 0.0043295028575721112435  | 0.0044671741862710619142  | -0.012829666063657561847  |
599   | 0.00015767928098550860246 | 0.0069732595384830245444  | -0.0025104729936935433858 |
600   | 0.0011927311919216242522  | 0.0014653024745539986688  | -0.014141436932149755237  |
601   | 0.0015854742285198052034  | 0.00097185267245341558796 | -0.015434959978024404351  |
602   | 0.0065883909316901932696  | 0.0062960886667909792339  | -0.011382822314465872518  |
603   | 0.0025132361877154112129  | 0.0024670935433159912192  | -0.012126358487354615273  |
604   | 0.0092526103051481234374  | 0.0077633015406628281055  | -0.017103846518757313822  |
605   | 0.0070296192241347428553  | 0.0075214987531571960572  | -0.013428558252650310556  |
606   | 0.008909827736518346683   | 0.0023947018843117492091  | -0.016348823868739918719  |
607   | 0.0017332656056885263531  | 0.00078568135629679609119 | -0.019043762201733305944  |
608   | 0.0040268472778326779363  | 0.0069538921960051996302  | -0.0037441904383557866702 |
609   | 0.00038126583662884144408 | 0.00014082647181627499719 | -0.0089960321430155535533 |
610   | 0.00054949148414693699261 | 0.0020023508070715558167  | -0.019652634680190586569  |
611   | 0.0047958350241354176513  | 0.0056887923807154051892  | -0.012356157535703104697  |
612   | 0.0047510973238587229581  | 0.0085638441383882341756  | -0.00023169411673120457159 |
613   | 0.0065887889230767113583  | 0.0096782803613584059144  | -0.014024946990519709597  |
614   | 0.0046302657145326211671  | 0.0030371295145444347947  | -0.01670052126469907805   |
615   | 0.0011584417407901053277  | 0.0089220370618516946226  | -0.0030143555331217436119 |
616   | 0.0092944612997490089895  | 0.003878777678765029345   | -0.0017463332242137225448 |
617   | 0.0065679704346249508443  | 0.0030982182554233992505  | -0.0026889608038999910679 |
618   | 0.0021808406828960243129  | 0.0070132181910145061782  | -0.0065027246641379300718 |
619   | 0.0021073459256021084655  | 0.0085909010412392947109  | -0.0036273798115437458529 |
620   | 0.0077469568307892786724  | 0.0040114362946758975667  | -0.0043470995431967151407 |
621   | 0.0044015377944854163286  | 0.0058051691159795616726  | -0.014452828012091915172  |
622   | 0.0019882430405282519766  | 0.0089977542538896039537  | -0.014991805559209229678  |
623   | 0.0031139758531225055285  | 0.0027868986102266954559  | -0.0093293843319478854392 |
624   | 0.0001304143087798772659  | 0.005324753875201980978   | -0.0030549112867701479906 |
625   | 0.0067059694591056883545  | 0.0058362701261892588681  | -0.0098688103116285879474 |
626   | 0.0016427117188758692465  | 0.00027913598419424326402 | -0.0034508560952652531269 |
627   | 0.0054629803250819111357  | 0.0094972603333002645482  | -0.01392713756600681696   |
628   | 0.0070509396563492587884  | 0.008242896616495553816   | 0.00013136122288500285803 |
629   | 0.0075466962117794987586  | 0.006748527415527358006   | -0.011598596723404899431  |
630   | 0.0061369728998260262773  | 0.0094355869572584957078  | -0.008863727338456929214  |
631   | 0.0088853959096697691239  | 0.0051849561227592906934  | -0.0098699978211696810099 |
632   | 0.0053016171026529536336  | 0.0069757663028985582299  | -0.015937508293453760827  |
633   | 0.0049369453399444977737  | 0.0018440338736451715278  | -0.0081927560985423537876 |
634   | 0.0036451589823788019089  | 0.0039055808618002558     | -0.0035806246459851153591 |
635   | 0.0015210709223419068611  | 0.002651516278958816579   | -0.0037999384203667510573 |
636   | 0.00076093466841431890539 | 0.0071339513262521359049  | -0.0070609317528631757727 |
637   | 0.0062158053982036345908  | 0.0027231255366784983679  | -0.020060516320308766081  |
638   | 0.0001104744480927294251  | 0.0025388762256903377526  | -0.014007569553956721736  |
639   | 0.0070863846994165691912  | 0.0022873224945324571386  | -0.0096430734341565807477 |
640   | 0.0031000057666645398739  | 0.0005058945199868526265  | -0.0053169205922106287793 |
641   | 0.0058617842299184897206  | 0.0079012253623757470328  | -0.0047787326529015313956 |
642   | 0.00090667310122897440579 | 0.0087614173916964847855  | -0.0037153924235514158153 |
643   | 0.0089570628717806511504  | 0.0059794949548326306252  | -0.0011012246053029659931 |
644   | 0.005418519189104097078   | 0.0093291572894410590422  | -0.015362875118285027401  |
645   | 0.0034837980465176523331  | 0.0093792310980621608485  | 0.00076799008372997138588 |
646   | 0.0023119680240030549348  | 0.0018406507002688456132  | -0.0059185079705230047784 |
647   | 0.0049090382136619632389  | 0.003800475070906910325   | -0.012677997554099044303  |
648   | 0.0040767370419052661318  | 0.0062645243941249510386  | -0.014013485686800893071  |
649   | 0.0043149579702694033576  | 0.0061232987942620373256  | -0.0017483303435473823619 |
650   | 0.0033854162683529471015  | 0.0081536282829707731196  | -0.0038716171346906283826 |
651   | 0.0046768944904364848428  | 0.0065846018703695358143  | -0.0045984849460079810571 |
652   | 0.0026129391502179876751  | 0.0057591836216114161706  | -0.0087980769416324128285 |
653   | 0.0064630695623949969975  | 0.0048017849199896130499  | -0.0010818304856537563474 |
654   | 0.0056019948314633329772  | 0.0080486924033974279608  | -0.005976098154909185306  |
655   | 0.0051142496534423431687  | 0.0047758659411995989588  | -0.00028974968882767085376 |
656   | 0.0028023058537856946476  | 0.002893119647072605119   | -7.6978573729039680195e-05 |
657   | 0.0081812344097819105632  | 0.0091865287876687681118  | -0.010384872091294749391  |
658   | 0.0056188255785815776483  | 0.0083841492427979471408  | -0.0061105607434768045502 |
659   | 0.0081494076721745443287  | 0.0045156136682115623898  | -0.0093990439540880543756 |
660   | 0.0063900095961772606507  | 0.0016123229667483192189  | -0.014313330206011883744  |
661   | 0.0011010995739549286378  | 0.0042239046606819688826  | -0.0086614248053928644122 |
662   | 0.0043314208845740762022  | 0.0081472941748709677701  | -0.0012444407078590752607 |
663   | 0.0077487969301474829767  | 0.0019721531017152893299  | -0.01304462006587444288   |
664   | 0.0044284181631212941876  | 0.0026450853966918830458  | -0.0057897714772187887713 |
665   | 0.002196382213076823308   | 0.005698421478310077698   | -0.0019489787583452462729 |
666   | 0.0062740645866107202719  | 0.00093168374458209508079 | -0.013041082990759537627  |
667   | 0.0084137288777049474425  | 0.0020796385340371664578  | -0.0081979268186806574653 |
668   | 0.0055243938662473263124  | 0.0016912118571256130797  | -0.0043793394344061363846 |
669   | 0.0091424244114048872772  | 0.0024822901783486529641  | -0.013701801218908958233  |
670   | 0.0020396561417142201542  | 0.0059248521977822432572  | -0.00624158352107453962   |
671   | 0.0021792053875203088419  | 0.0079441960697380232387  | -0.014190412046845403762  |
672   | 0.0098931694509131560406  | 0.0058508196929859578386  | -0.010058336705107770101  |
673   | 0.0080584578967222743329  | 0.0049310512688093607186  | -0.01888963225596962045   |
674   | 0.0072584349150628980907  | 0.0024340690625781051006  | -0.009299101936592803902  |
675   | 0.0025554554906223533872  | 0.0040208915096329378089  | -0.016575035558476922809  |
676   | 0.0023796778579351280693  | 0.0099196785479242575306  | -0.0022242971761324667641 |
677   | 0.006253324859161807879   | 0.0027847686595727470793  | -0.011953306071696728763  |
678   | 0.0024159537687838510134  | 0.0029116192500226096597  | -0.0016322992192617012761 |
679   | 0.0039186710655317617477  | 0.0074766384782088768715  | -0.005404764676724341764  |
680   | 0.0015979565600299529531  | 0.0068418816750262633625  | -0.011287936442708430829  |
681   | 0.0040146900549570619168  | 0.0013933340612701991795  | -0.0049039283741781555803 |
682   | 0.00128279494457849059    | 0.00086109903971301688178 | -0.010015917294599226139  |
683   | 0.0044689201930403219323  | 0.005360505660835438238   | -0.0031120493192739414647 |
684   | 0.00061925381876664243198 | 0.0019886311764130640972  | -0.014703734013754259438  |
685   | 0.0059454711215767598598  | 0.0017114857545376725798  | -0.017292644964912631811  |
686   | 0.0052793133859448055159  | 0.0038040120340874622983  | -0.014912899542118147542  |
687   | 0.008012310385429918802   | 0.0048667303986902957225  | -0.0074640845534148679216 |
688   | 0.0036182394045817280193  | 0.007170583843065962866   | -0.0054545671652202884147 |
689   | 0.0049362126454781159873  | 0.0066655890721251664921  | -0.0021498009519185039794 |
690   | 0.0063023258506903906406  | 0.0067201294355180825682  | -0.0089170809650308737598 |
691   | 0.0077896030531492427978  | 0.0044597661969545034782  | -0.0090892166585938519857 |
692   | 0.007028849282177047561   | 0.008246866694753969898   | -0.011859074521504517352  |
693   | 0.0075933576700490182376  | 0.0037666229078339493602  | -0.013526797492183509353  |
694   | 0.0077125540229604659312  | 0.0093771107856863468444  | -0.010217908455819732158  |
695   | 0.0047793425673180742544  | 0.008235080072367704368   | -0.017306060746855960603  |
696   | 0.0020476533849447457573  | 0.0025701284433207864134  | -0.013243847451249108824  |
697   | 0.0063383247319424591143  | 0.0045053715147150251441  | -0.013471439231183355428  |
698   | 0.0019193493691584810092  | 0.0087989756857853162336  | -0.012933774100613045985  |
699   | 0.0079567319096265787942  | 0.0010466198911206017232  | -0.010259282244747324614  |
700   | 0.005835084459923460358   | 0.0019233055774504621664  | -0.0050009405775974253433 |
701   | 0.005039138190219043939   | 0.0061701303295976662328  | -0.01548904748164361446   |
702   | 0.0054017899471638132491  | 0.0068075130879488108399  | -0.01323397841218453691   |
703   | 0.0040822106937230860993  | 0.0055223013584255291331  | -0.016030847808642174901  |
704   | 0.002817583956091019963   | 0.0089133522516647301082  | -0.0070839513071599500421 |
705   | 0.0025566896494002280468  | 0.0091490131998451067197  | -0.0032590093936125186583 |
706   | 0.00096536399449198540511 | 0.0082898358925103787093  | -0.017402587613299859426  |
707   | 0.0015577924729715084302  | 0.0082154161397582012305  | -0.017795950767828555561  |
708   | 0.0070521448593539003136  | 0.0044686848438214273396  | -0.006653394579732191047  |
709   | 0.0046228798059491102782  | 0.00199397522632242764    | -0.012126785952133860638  |
710   | 0.0057806547706906949435  | 0.0091916834713052873035  | -0.01017705351452758214   |
711   | 0.00063892271253317405727 | 0.007093581608404321559   | -0.011820618367528835241  |
712   | 0.004542848888953849272   | 0.0051313871887067041833  | -0.01744464098903909452   |
713   | 0.00085109790094161979698 | 0.0060398477129953711748  | -0.014685367406406803562  |
714   | 0.0011158982538746100698  | 0.0054178967519685509655  | -0.017863422754618035054  |
715   | 0.0046571488636110488363  | 0.0090813893362094704614  | -0.014722442139179992698  |
716   | 0.00013648595783964526454 | 0.0075345309065148087513  | -0.011452161955482128078  |
717   | 0.0028831110495796531505  | 0.0089574872245022380685  | -0.0059713580568328764736 |
718   | 0.0043904580674167708113  | 0.0069272752388696836809  | -0.010081071458489156839  |
719   | 0.0092781003090812580458  | 0.004197489558982926347   | -0.017175175838030427161  |
720   | 0.0066432510346609184235  | 0.0078617750715974550613  | -0.019716495923650573241  |
721   | 0.0069382439806575301952  | 0.0048909594464882147347  | -0.010676058444721307078  |
722   | 0.002144286279247266825   | 0.0067141849395776394271  | -0.0045019806863364417171 |
723   | 0.0042073516785156722664  | 0.0049180287784881520502  | -0.0071044915877182300903 |
724   | 0.0073128790567363460839  | 0.0054357589599820605938  | -0.011008665321255059824  |
725   | 0.0087699741980017641152  | 0.0063486642284420859508  | -0.0079037554324010005774 |
726   | 0.0030573729308556100819  | 0.007115862629865223922   | -0.0079752136123531960216 |
727   | 0.0033309487776297624743  | 0.0030441274570737588204  | -0.0071351057799940217213 |
728   | 0.0049464737539083756743  | 0.00058648545454134551422 | -0.0022083230779217453282 |
729   | 0.0099440946271413064445  | 0.0063059944825162219523  | -0.011392205498017411031  |
730   | 0.0084455831311555928931  | 0.0028532721016459360389  | -0.0025166651995281539428 |
731   | 0.005823091641560602244   | 0.0018459410006970344755  | -0.0094816457399065287581 |
732   | 0.0043356755949106855902  | 0.0098834938552704362097  | -0.019750963246760334241  |
733   | 0.008045513552462494819   | 0.0084571881245370916086  | -0.010522709478898271615  |
734   | 0.0050784926403685008364  | 0.004393356395584199249   | -0.011037679932591137888  |
735   | 0.00458397181310549965    | 0.00030533306875233208683 | -0.0047254126622794604545 |
736   | 0.0093354088899769357979  | 0.00027955260513823912893 | -0.00096523771699453273041 |
737   | 0.0061216334696228879089  | 0.0080173619439594719788  | -0.007623728368404159364  |
738   | 0.0022902353452481597623  | 0.0072812797309990441585  | -0.013727967018870442309  |
739   | 0.0071393481195915426199  | 0.00081924623314064441357 | -0.018502588953783791897  |
740   | 0.0066072845462572813227  | 0.0033464384986039035809  | -0.015665376150531391125  |
741   | 0.0017564004638524388559  | 0.0068642014502347794766  | -0.0022915870805273199327 |
742   | 0.00083517439108965604508 | 0.0046513239735453152865  | -0.0015300062171331274379 |
743   | 0.0035985084641679820905  | 0.004742053294288505437   | -0.017524477298732538816  |
744   | 0.0089139380597945978152  | 0.004980341995995274211   | -0.011203239074511164852  |
745   | 0.0016720074908185558141  | 0.0064365811418684738127  | -0.012554457406323091262  |
746   | 0.0068208957283070808728  | 0.0036444475994342850726  | -0.0030484147794985565726 |
747   | 0.0045974187714312988659  | 0.00060488908763344146659 | -0.0074219891241050278338 |
748   | 0.0086041065159552544694  | 0.0031664607490549364147  | -0.01208571013613722947   |
749   | 0.0099631058449972630109  | 0.0041511348966532584867  | -0.014062118723144662394  |
750   | 0.0080736349608146532053  | 0.001900482457645683498   | -0.0037315284004232206379 |
751   | 0.0045049633235358012978  | 0.0067715623770881524374  | 0.00086872406310985444532 |
752   | 0.0020265987247276022638  | 0.0086997151299337029118  | -0.01036087119160814321   |
753   | 0.0073594915202619152692  | 0.0089671818396450282684  | -0.0044274303604032025014 |
754   | 0.0059862258977134846782  | 0.0080419470074367012391  | -0.0053383765585698801648 |
755   | 0.0013706527483203104299  | 0.0081236104185609097489  | -0.0078098122945998620439 |
756   | 0.0084817681416001523831  | 0.0091014177559501276832  | -0.0058137317607303744607 |
757   | 0.0063835073098676611142  | 0.0043938340128394318823  | -0.012665761230265826578  |
758   | 0.0031050035960765022362  | 0.0023382048773655070457  | -0.012772911882609911879  |
759   | 0.0042109210467823508448  | 0.0099659500281843813735  | -0.0076995149710754988426 |
760   | 0.0015391973161244358343  | 0.0095908650095061828006  | -0.0092008750521750479884 |
761   | 0.003379241755218024678   | 0.0088261892617902543146  | -0.014350303092391976031  |
762   | 0.0079246747655647743758  | 0.00378143553672661073    | -0.009232660863246557742  |
763   | 0.0081439909366249584044  | 0.0040075661966116234158  | -0.0089647323752884647968 |
764   | 0.0065188531456320730414  | 0.0050691465710675258013  | -0.010749884498378568798  |
765   | 0.0019802664088568906753  | 0.0050097555136527065905  | -0.0072239315322424795321 |
766   | 0.0077218415082146519071  | 0.0068490704915621170371  | -0.018012361286593388948  |
767   | 0.0052984675137575766926  | 0.0020639860140513784093  | -0.012122775495283601155  |
768   | 0.003604728352363794578   | 0.00052391717229127688586 | -0.013679049284369297623  |
769   | 0.0014636008300056646894  | 0.0056464976855928310923  | -0.00726352735810061826   |
770   | 0.001049069675682330529   | 0.0089135265235647416493  | -0.003005437546142854157  |
771   | 0.0071772064682540772165  | 0.0062305705726395403318  | -0.0050830237012594687782 |
772   | 0.0029453229271110461379  | 0.0094807121146624675351  | -0.018132678873616504822  |
773   | 0.00051092110569604274814 | 0.0019008745662699977862  | -0.0047391941561607210318 |
774   | 0.007632921336677342232   | 0.0088969372528254278554  | -0.012862363001650263181  |
775   | 0.0084990266299165614233  | 0.0040946751105158038508  | -0.010183228069334375812  |
776   | 0.0032543255668823190506  | 0.0056528306182040358868  | -0.013726543933894616925  |
777   | 0.008630744592296376097   | 0.0051958026145328970249  | -0.0029993154126851865986 |
778   | 0.0019714220911723778253  | 0.00011813319844784652302 | -0.0016938700106457146594 |
779   | 0.0049131452479090316834  | 0.0043156780005820611842  | -0.0045761337153746115686 |
780   | 0.0077754453987665377718  | 0.0061912242485280839094  | -0.013861390381870645691  |
781   | 0.0020923222518104802117  | 0.003324534455936623608   | -0.0030482626947231166413 |
782   | 0.0016913916386008249863  | 0.0032399356919698063181  | -0.016125849429313270089  |
783   | 0.0029989395765693130716  | 0.0056006527115372564327  | -0.0030083938946011633785 |
784   | 0.008259225332832947214   | 0.003736731149244636261   | -0.013354168599529991218  |
785   | 0.0014495314123781047506  | 0.00060850314262606486002 | -0.011151196806711276277  |
786   | 0.0041046038354709624488  | 0.0064979177446767124107  | -0.0073221110868305280817 |
787   | 0.0026313628314037374595  | 0.0011442043216825571218  | -0.0011069422618717877915 |
788   | 0.00084014005956862039797 | 0.0060955862561424848864  | -0.013631015603869599956  |
789   | 0.0053318499855604696569  | 0.0052506025943609745468  | -0.015821125663403830253  |
790   | 0.0049064835822913068636  | 0.0042253244602192029447  | -0.010500297027758769691  |
791   | 0.0012812208950589998053  | 0.0091003610084771646704  | -0.016208428185962103774  |
792   | 0.0032600430374534862879  | 0.0022732453133176956997  | -0.0049560097803855885507 |
793   | 0.0062051580407510463153  | 0.0015657357280752504363  | -0.0020292425643379740328 |
794   | 0.0094026609403391053776  | 0.0061174551986884623256  | -0.020039498361884181682  |
795   | 0.0041716945221628694632  | 0.0070201362754511546782  | -0.011293049105376011185  |
796   | 0.0046698642894592882688  | 0.0067373886165803358039  | -0.0029862612762734572734 |
797   | 0.0019628193826183577657  | 0.0066646390410884485955  | -0.011080383993306902948  |
798   | 0.0029552977830569018315  | 0.00052236056274655338297 | -0.0016014337803283891244 |
799   | 0.0069991941935605931496  | 0.0024116568525286079076  | -0.016551930222917683733  |
800   | 0.0070145435493490686588  | 0.0080239156811366743605  | -0.0083834467178914556101 |
801   | 2.8681928967637781433e-05 | 0.0020541902348520922096  | -0.0027790864182254885854 |
802   | 0.0031040276375797382254  | 0.0095475615959865409166  | -0.0082987883549081008228 |
803   | 0.007928210205112059053   | 0.0083789811489776641618  | -0.0049080123027157160007 |
804   | 0.00089799258988326117852 | 0.0039737370554840415957  | -0.016301702993078499154  |
805   | 0.0028671609989385925428  | 0.0040486107099351577657  | -0.0091632434202924741701 |
806   | 0.0023862282953318676888  | 0.0039081843804518595631  | -0.0033003957896285329374 |
807   | 0.0019456827304664603331  | 0.0081906408618275614725  | -0.0020065089648108849936 |
808   | 7.3645932796566703871e-05 | 0.0021743715168454696637  | -0.01685311443240911089   |
809   | 0.0031141624585529288811  | 0.0041899925303172536745  | -0.011832984902457967247  |
810   | 0.0070399818946362035035  | 0.0035245092787781501925  | -0.0021847373327746077466 |
811   | 0.0075310485485323066385  | 0.0027171641434102426597  | -0.019267681612759029325  |
812   | 0.0083812564012460261109  | 0.0049705592701284832119  | -0.015251025469763906245  |
813   | 0.0062642526304823352781  | 0.0046545181636796061769  | -0.0051031423839491569378 |
814   | 0.0045071002814275305803  | 0.0075138523178195837024  | -0.013651586166094796179  |
815   | 0.0042031380498424083386  | 0.0036041419764302955013  | -0.013142866867350749827  |
816   | 0.0032370942069874669191  | 0.004104122810013060077   | -0.013181319696954168358  |
817   | 0.009069822673724409548   | 0.0015061407164470256171  | -0.0033805302682307037873 |
818   | 0.0076622191204066061876  | 0.0053202643263916713987  | -0.0037583611264109147154 |
819   | 0.0033579476916329124153  | 0.0059386750081406340304  | -0.0067885430594697947215 |
820   | 6.9378402903780229732e-05 | 0.001533491830969507504   | -0.0083587757772703979303 |
821   | 0.0066339723949535370218  | 0.0095621866264270667657  | -0.0044667172981123328193 |
822   | 0.0023208264022303252277  | 0.0066561376473347347651  | -0.0072479323542211518752 |
823   | 0.0033050367965086926807  | 0.0026126670605200810749  | -0.01841309659807582183   |
824   | 0.0058888265153573303781  | 0.001692294341826050541   | -0.011253805117444188461  |
825   | 0.0064483084374461598423  | 0.0056306221933341898608  | -0.013772656487106961845  |
826   | 0.0076943477529579284643  | 0.0069045422541381277007  | -0.013224547122113235881  |
827   | 0.0090366231944106478746  | 0.007371931835335520343   | -0.0015716906899891933212 |
828   | 0.00012583034925042963555 | 0.0050247632795705531386  | -0.013199736477474386526  |
829   | 0.0012299819645725015155  | 0.0073504375703507965692  | -0.0057289605440697319305 |
830   | 0.0028216320016390397316  | 0.0039342844414937518452  | -0.0020765367887537961381 |
831   | 0.003897929694726738007   | 0.0076159655833580152534  | -0.0007917377606174130604 |
832   | 0.0054487959508696974173  | 0.002324003482287927743   | -0.0069510523306693921403 |
833   | 0.0090609083881515780495  | 0.0048363561852563215562  | -0.0045568609452557532619 |
834   | 0.0047394124601636564501  | 0.0079077703083728686367  | -0.016567401085347564782  |
835   | 0.0075139495687734821072  | 0.0094539933069075401256  | -0.012414915519745939321  |
836   | 0.0098758746502251269772  | 0.001092320395951605844   | -0.0069184575014408569715 |
837   | 0.0081009481073597133099  | 0.0026916073514582487293  | -0.0058102438440515982374 |
838   | 0.0065994377969384159649  | 0.0013560974293139137475  | -0.015109156584413571678  |
839   | 0.0067437502872951700372  | 0.0027061277943312943284  | -0.00198102390087822244   |
840   | 0.0092151944404929211213  | 0.00051808535881469328695 | -0.0061198131307927507508 |
841   | 0.0064170075641930878277  | 0.0011653674962096933956  | 0.00059807675504853238888 |
842   | 0.0028953843620036917583  | 0.0065576979427636157907  | -0.0020128302663747063214 |
843   | 0.0065725208340284176078  | 0.007364988981686206547   | -0.012967525789264027977  |
844   | 0.003830831179855522222   | 0.0012411195561765221013  | -0.0095217787034874330765 |
845   | 0.0096562758032382282891  | 0.0024935311296245712791  | -8.5370075303927784108e-05 |
846   | 0.0086329482218552525824  | 0.0022904279233752944563  | -0.005002403312456904852  |
847   | 0.0092502765018751820225  | 0.0074872050357796494577  | -0.0070919930191763909388 |
848   | 0.0043816160248475559402  | 0.001521089163668039616   | -0.00047052957934504298886 |
849   | 0.0062845153433394194617  | 0.0051467258911891940534  | -0.00011056880134702450633 |
850   | 0.004092174780764255837   | 0.0035626233423091263619  | -0.008354225924855221766  |
851   | 0.0050237519075771019245  | 0.0067527011159262614881  | -0.016502141714036265563  |
852   | 0.0051480651413800121441  | 0.0088268122655157741502  | -0.010635252958997816475  |
853   | 0.0092892256771286325912  | 0.0031658496904813501413  | -0.011723718295180370758  |
854   | 0.0079777987384215664352  | 0.0093218098549037332196  | -0.0047562686031335007358 |
855   | 0.00014917474981047981037 | 0.0037329760790570649769  | -0.0013202234188315368699 |
856   | 0.0098423263274476611995  | 0.0031411139852685386956  | -0.0034998005168162048088 |
857   | 0.0081964217030580377443  | 0.0076372177648908589481  | -0.013275234228274443091  |
858   | 0.0054925645230554567128  | 0.0030645926100239689362  | -0.0056449583463011624926 |
859   | 0.0020270181305548713897  | 0.0053662510970873336658  | -0.010520358047952895614  |
860   | 0.0077276880196616784535  | 0.00074775069228918587209 | -0.0053657250872059854968 |
861   | 0.0011610890793858255187  | 0.0024136165197237722038  | -0.011748572768688186549  |
862   | 0.0088445017038720815522  | 0.00068082928878675642685 | -0.017309500354779697173  |
863   | 0.0011642258445408832594  | 0.0073079441465185978472  | -0.0027821496494045291036 |
864   | 0.0038609020888633995353  | 0.0045187500726284138969  | -0.0075937998946835885347 |
865   | 0.0057586369464894685347  | 0.0042352495119842015203  | -0.0024326794374499895179 |
866   | 0.0053351792073177712467  | 0.0096626204918786543635  | -0.0071079007666243242472 |
867   | 0.004986335146758160905   | 0.0057982119973205787158  | -0.015177167579979987735  |
868   | 0.006901290655111014076   | 0.0078456199347810649108  | -0.0068815034910317254488 |
869   | 0.0037025672001139557123  | 0.0049635145397143648135  | -0.014370229673742318868  |
870   | 0.0001836144928827880714  | 0.0037575794774679085672  | 0.0003467344994641866616  |
871   | 0.0081304718453241112824  | 0.0017631194419384366417  | -0.017834976200642085192  |
872   | 0.0039781639435457222947  | 0.0022573448375032630249  | -0.01829586866399366199   |
873   | 0.0077455654777375607112  | 0.0034454509766554917982  | -0.017205247849665910448  |
874   | 0.0058197569776132444114  | 0.0014116992255667297745  | -0.00094928641723374617388 |
875   | 0.0064681014985309825266  | 0.0064340647547156282898  | -0.010966014026547163396  |
876   | 0.0045159736865320156476  | 0.0015884862322187831129  | -0.0047902349167424883303 |
877   | 0.0011274432775005465215  | 0.0053094093262843625528  | -0.0071948140142826105814 |
878   | 0.0004126876110348156961  | 0.00344055428423046053    | -0.019768722451152406089  |
879   | 0.005595334999380657641   | 0.0080508435644511856799  | -0.0068848524917108451168 |
880   | 0.0061443146297932450112  | 0.0055697738279718127241  | -0.0056506487757264165644 |
881   | 0.0043059293359274030885  | 0.0044985548057617898501  | -0.010207152614530683871  |
882   | 0.0054906970878442745015  | 0.0059564522164008790878  | -0.011613163935091850437  |
883   | 0.0074812393706568044993  | 0.0054416849826768162388  | -0.0049932062437521886056 |
884   | 0.0081564168657957177716  | 0.0093235587163970259222  | -0.016573402472729696633  |
885   | 0.0095379266854492342209  | 0.0014629781923011441706  | -0.0095170379301295574687 |
886   | 0.0044456503379874659151  | 0.0050895690896684640109  | -0.0052930622136976761619 |
887   | 0.0024757671506853932281  | 0.0016670158952897394695  | -0.017640483181749624236  |
888   | 0.007812664469241687587   | 0.003071464998767478756   | -0.011773878875130613583  |
889   | 0.0036810017256270312694  | 0.0096546890359238204948  | -0.015200615626410946338  |
890   | 0.0054521085325258296372  | 0.0070819463487317851902  | -0.019101401886498007437  |
891   | 0.0039314541143375672169  | 0.0063695414951970277459  | -0.0026156496895009917307 |
892   | 0.0057599247765420013082  | 0.0090947603558666975654  | -0.0076304577986796512726 |
893   | 0.0062477065980057989655  | 0.0048737572761904188884  | -0.0072542132119896842943 |
894   | 0.0066098949185941086037  | 0.0048208806733493446417  | -0.00073530293965349418934 |
895   | 0.0045506466218494098439  | 0.0075627998152267448748  | -0.0085103268050099115105 |
896   | 0.0021807030790900860245  | 0.0014808168106068483882  | -0.017557090661746890814  |
897   | 0.0090551611076579406612  | 0.00036190398197793148538 | -0.012726160841936949228  |
898   | 0.0023539961936152407201  | 0.0042496498761404486941  | -0.019074969623426064891  |
899   | 0.0019010513462773661122  | 0.0040573007932156925776  | -0.012275189553485610361  |
900   | 0.0051532304850730355217  | 0.0084140132143552242433  | -0.014934460278761663155  |
901   | 0.0050995270489771239719  | 0.0071972034204093229132  | -0.015207026854602963273  |
902   | 0.0052477263275848458346  | 0.001020420947795759592   | -0.0066896582514461254421 |
903   | 0.0061676571213655096565  | 0.007004909231210784161   | -0.0060375966352476670776 |
904   | 0.0038008018309612116511  | 0.0093520137443711577607  | -0.017409019218499632853  |
905   | 0.0072739297136138816868  | 0.0065905066989238748204  | -0.01165870764239364428   |
906   | 0.0079526757715409519822  | 0.0039635513287479828826  | -0.017315100334046543834  |
907   | 0.0036889633819475876712  | 0.0085805940073864668538  | -0.00050738438757417061217 |
908   | 0.0032352206680225413862  | 0.0048039149182890518441  | 0.00086484865443139263309 |
909   | 0.0065535408771474831791  | 0.003034873208406300895   | -0.00024222670531405087867 |
910   | 0.00319945718530166524    | 0.0068088115946010685856  | -0.0065009632002052415017 |
911   | 0.0097103158481584590095  | 0.0084193114280965587054  | -0.0023863545342687419136 |
912   | 0.008852959060993296006   | 0.0043988483520287805992  | -0.0010251798450925150418 |
913   | 0.0060032764403296964145  | 0.005033320085445032975   | 0.00022650614103752008516 |
914   | 0.0027525015301709306742  | 0.0041307703391625406886  | -0.0092631897368253557357 |
915   | 0.0043455366671576196175  | 0.0034009842317194887741  | -0.01587220453543349355   |
916   | 0.00048067368310453976836 | 0.0035284439666650835137  | -0.019415984298592148249  |
917   | 0.0029745431969875895002  | 0.00049373707515491403654 | -0.016357155106822049428  |
918   | 0.0027170761252523242639  | 0.0033383511082097461035  | -0.0020349676490653257309 |
919   | 0.0020579533078334683038  | 0.0071572745872284888533  | -0.019666395621604212257  |
920   | 0.0085469782068733953645  | 0.0092461818085470218881  | -0.0065412032000594123871 |
921   | 0.0033385229389522293533  | 0.0037416504074406645511  | -0.0021356750460669480726 |
922   | 0.0058035079394351584206  | 0.0029436388865730304248  | -0.0066289967298844452645 |
923   | 0.0056536576228006672415  | 0.0077404664787001017934  | -0.0061055924164816434072 |
924   | 0.00077036980314301132123 | 0.0075504781465358990905  | -0.0071694383581058290442 |
925   | 0.0038209634858484501502  | 0.0038711934946747054813  | -0.017936576483368802531  |
926   | 0.0064582565822612026871  | 0.0011827184002039302455  | -0.019922696633812967543  |
927   | 0.0014080549698952376375  | 0.0067276134465119753064  | -0.0068051767751778633256 |
928   | 0.0041313442402475929888  | 0.0092156910541863236441  | -0.0082037603681288581714 |
929   | 0.0074266944345821785806  | 0.0066538086448115494123  | 0.00083118282130892253562 |
930   | 0.0062819404674917915521  | 0.0041267695792790151307  | -0.0046115932751036618417 |
931   | 0.0048673328456929620955  | 0.0018269128225416424172  | -0.016972968555609525138  |
932   | 0.0085577620890334403503  | 0.0053586904160211265569  | -0.0037225654946304882059 |
933   | 0.00057812639696343975405 | 0.0041967292385761984647  | -0.0041989447623115155883 |
934   | 0.0033069530785649302318  | 0.0073244982718154759763  | -0.012312272182336915505  |
935   | 0.0025394043146696201017  | 0.007204100531279507974   | -0.015754423183531578861  |
936   | 0.0029433721531796079758  | 0.0024983889670187331422  | -0.017448153058122584103  |
937   | 0.0030847594831030903696  | 0.0062220511745802410328  | -0.017215912260073493872  |
938   | 0.0062041566452779514651  | 0.0026446457953932210605  | -0.014284202015370311978  |
939   | 0.0053259242657449946956  | 0.0036834922138525884316  | -0.0024486733648065609967 |
940   | 9.9053781319037519201e-05 | 0.00023028634479711242167 | -0.017678071570078980612  |
941   | 0.00069699004621914567754 | 0.003854177421908669323   | -0.00010783178429075944405 |
942   | 0.001792764058089689385   | 0.003343870780627427805   | -0.0091130229137808358569 |
943   | 0.0061563539582673723963  | 0.0082791031072548676439  | -0.0012823971341509470857 |
944   | 0.0092396718565939707501  | 0.0072752849423158190423  | -0.016024718626586692549  |
945   | 0.00093231564482240377248 | 0.0070924290988320301543  | -0.0059619102910327135061 |
946   | 0.0074644536643996596548  | 0.0046851369747481106873  | -0.019202505285764077253  |
947   | 0.0083766023378842365682  | 0.0074891525759645050445  | -0.0029816101733094193225 |
948   | 0.0080808005676467759004  | 0.006673761991573680212   | -0.016298165917981430328  |
949   | 0.0061367197806636696739  | 0.0006212977353846572872  | -0.015569861343605457399  |
950   | 0.0056647043979240335743  | 0.0085887645708750872536  | -0.011962483710020080374  |
951   | 0.0038863338990148526414  | 0.0057868569894358014641  | -0.0035962330560678646557 |
952   | 0.00024694042165446532158 | 0.0067653997229120254459  | -0.015628090538804564197  |
953   | 0.0078128042101942782316  | 0.0064507545880815126901  | -0.019565996374071411429  |
954   | 0.0027094479759060615016  | 0.0016149218477586990261  | -0.0077231129527499412998 |
955   | 0.0034985343406135939459  | 0.00034100678950859671752 | -0.0066731769216071077505 |
956   | 0.006250882700633295444   | 0.0031353721284793803319  | -0.010082575926823116388  |
957   | 0.007055617241305869522   | 0.0054248588392712083703  | -0.012845820148843023825  |
958   | 0.006397269727574626981   | 0.0087866022630842671726  | -0.0097187057330773273661 |
959   | 0.0020392587123241618513  | 0.0097133056607777903263  | -0.0097165684975225926484 |
960   | 0.0035657265119969508774  | 0.0047894200388328145301  | -0.0053732311513751442045 |
961   | 0.0032683609425595240225  | 0.0074348972261600388203  | -0.015716006426838395604  |
962   | 0.0071473692299810114362  | 0.004244753455371826599   | -0.0093284486050511598171 |
963   | 0.0061514235941982171527  | 3.6558867616480414397e-05 | -0.014745473418765869464  |
964   | 0.0040790633278328007963  | 0.0066297709209861555024  | -0.0084376958455218385724 |
965   | 0.00038397883183745388754 | 0.0090184490878139102199  | -0.01801242841222831445   |
966   | 0.0074655169578547583495  | 0.010001391664823736094   | -0.0068612794085275430334 |
967   | 0.0030808245912189134719  | 0.0054924385847501195138  | -0.014112221794217760448  |
968   | 0.0047286173029470798118  | 0.0017161655229913105967  | -0.001280732271627364402  |
969   | 0.0063618439238117586998  | 0.0016749849016923046112  | -0.018961026424666564683  |
970   | 0.0031503945257954405444  | 0.0031994026899634475485  | -0.007979207563285357907  |
971   | 0.0088081258381794320933  | 0.0071246331114666250003  | -0.013997025937298884085  |
972   | 0.0071848732750603170119  | 0.0072144282341291754088  | -0.012178777221256145355  |
973   | 0.0055350708654600001141  | 7.3747336790668701332e-05 | -0.0090212135528649015775 |
974   | 0.0069560794527670248219  | 0.0025596180008021587361  | -0.017639111072285218462  |
975   | 0.0012109606315071211931  | 0.003433905711216701101   | -0.0080974735314015867937 |
976   | 0.0021357351625736747253  | 0.0074301804273307564888  | -4.0093683959151830954e-05 |
977   | 0.0066017997610563431549  | 0.0084944073009429812982  | -0.004894443451425383243  |
978   | 0.0064017841938178972686  | 0.0049390551498958087939  | -0.010377094676488025221  |
979   | 0.0083802027226069063931  | 0.0014070385765693456479  | -0.019555576412297336758  |
980   | 0.0042642190170505914898  | 0.0064073426419065573206  | -0.014818986612907992725  |
981   | 0.0094846419941599785508  | 0.0016857904593589351661  | -0.016267265950888135095  |
982   | 0.00046336938443613173363 | 0.0068205938950982921559  | -0.0050931534892004531531 |
983   | 0.0046825297220160176648  | 0.0070763237583859519425  | -0.014147329331958538937  |
984   | 0.0041924605957772585405  | 0.0059190228487598865043  | -0.015149236402981883926  |
985   | 0.0097173420098908298154  | 0.0015116242879041352516  | -0.015468102814860853339  |
986   | 0.0012474572683874576504  | 0.0057359509616750521677  | -0.019829322367859315845  |
987   | 0.0066556178501096041958  | 0.0059882007832307102696  | -0.014506917884476441122  |
988   | 0.0038660678535946393572  | 0.009169831512652307573   | -0.0027813639823839704165 |
989   | 0.0018021952245585572214  | 0.0025643470884639816068  | -0.016925867151539188138  |
990   | 0.0051142950025974496381  | 0.0042558146652490001088  | -0.011403458635907829863  |
991   | 0.00082345875787650732198 | 0.0099755105988054600108  | -0.018212271070555809821  |
992   | 0.0022180387456273154001  | 0.0098526302698553960835  | -9.3982242647367865277e-05 |
993   | 0.0016236625532445271222  | 0.0012965807493953470774  | -0.0011554264723081430957 |
994   | 0.0087164135153307946424  | 0.0046764231283068485173  | -0.0068233854865299564674 |
995   | 0.00039440661894648518801 | 0.00094117311453356287346 | -0.012290443343127670228  |
996   | 0.0078037500879956367417  | 0.0099711862462315021399  | -0.012805953811753742477  |
997   | 0.0057007690436143452703  | 0.0091556831090883281782  | -0.0010340826020000123096 |
998   | 0.0084342646429851030054  | 0.0035888681966333032224  | -0.0094318559312884762968 |
999   | 0.0034538407731915473677  | 0.0024910167598850008197  | -0.0033156749899906903453 |
