N			X			Y			Z
0     | 0.005744919480030014243   | 0.0097608657967766920133  | -0.0063751983563430812338 |
1     | 0.0048050888725903488294  | 0.0090524632788505053627  | -0.0042218552269477635855 |
2     | 0.0030524663335667087498  | 0.0067400867438765516698  | -0.011851201628061120916  |
3     | 0.0037008308242909926725  | 0.00098171202774134137814 | -0.01419797439118033848   |
4     | 0.004749992250719583739   | 0.0014730516287079047089  | 0.0009213782809585893338  |
5     | 0.006586604744588026028   | 0.0010422792828276394687  | -0.0054145983536952888363 |
6     | 0.0032183857269356746719  | 0.0079635644907447376145  | -0.017601116356482177094  |
7     | 0.005943729122301794586   | 0.0015975506639071134114  | -0.020112400898726724013  |
8     | 0.00085878587731867727165 | 0.0071834363479922015358  | -0.0059934793344156482922 |
9     | 0.0035776952535942077929  | 0.000729677780944277426   | -0.013071693644609316126  |
10    | 0.0077862765395450370814  | 0.0030256640121224327895  | -0.0030315083643424238849 |
11    | 0.0044671392158037170894  | 0.0082037048678228110393  | -0.011933468975247805283  |
12    | 0.0031023345668020202437  | 0.0036899952291358623611  | -0.020596303430068900464  |
13    | 0.0086422424224484872823  | 0.0070065711386911502107  | -0.011738139950241666468  |
14    | 0.0058465176937247892788  | 0.0093930541132560153167  | -0.0044679377220866482376 |
15    | 0.0040027161896208649297  | 0.0064767758210446078893  | -0.010440081746901322401  |
16    | 0.0032653018828786976348  | 0.0084170661843955170422  | -0.004743466493502774238  |
17    | 0.0014834726337130585937  | 0.0088965454125383598705  | -0.014512676570136136614  |
18    | 0.0046021753391777449338  | 0.0097878663111431417343  | -0.015390484069361021549  |
19    | 0.0065247698579823454682  | 0.00079358637375865769166 | -0.013344306072244262878  |
20    | 0.0041673335986845277956  | 0.003218408331778024184   | -0.015683045697221318499  |
21    | 0.0084429590123037360355  | 0.0047837427913218384667  | -0.009491486430763269172  |
22    | 0.006229762333573469861   | 0.0018491196912257354835  | -0.0068847761621114392933 |
23    | 0.0059770479920221563502  | 0.0065727745153059428593  | -0.015260156538791935094  |
24    | 0.0079379691653144023727  | 0.0007726638601859114712  | -0.0015412523074977784419 |
25    | 0.007626929476443626045   | 0.0018221068144868759336  | -0.0025203951886478290559 |
26    | 0.0029193168019345273889  | 0.0091615774306478200972  | -0.0086573472595377534006 |
27    | 0.0029240886663090270847  | 0.0046552086474477786388  | -0.014683128065180793206  |
28    | 0.0052682970410364900887  | 0.0073170426880130234534  | -0.018690506747987167824  |
29    | 0.0044199142837517491414  | 0.0032634928958249851544  | -0.016100927543137768388  |
30    | 0.0053928454406384426778  | 0.0019532643930596192694  | -0.015562799213083693475  |
31    | 0.0040854053447837834073  | 0.002420521200805557209   | -0.01510441048932655711   |
32    | 0.0028031583539195620985  | 0.0054617452672857166179  | -0.010166600547923929782  |
33    | 0.0019609244237187191395  | 0.009142727704810192646   | -0.0036902994084617121197 |
34    | 0.0036260344467261063951  | 0.008116650130035823682   | -0.0027521796687025221716 |
35    | 0.00094353390542061097053 | 0.0055540712798839248984  | -0.016937263714742707005  |
36    | 0.0093362344169529935117  | 0.0096838578058599886905  | -0.014673769035368334698  |
37    | 0.0001784455304087978597  | 0.0054696768505540765276  | -0.017972439734263129241  |
38    | 0.0060495186212622406932  | 0.00677658558590960719    | -0.014706712012944201523  |
39    | 0.00075671186425300583037 | 0.0032047211220723741294  | -0.01805886829584982603   |
40    | 0.0060317008575628246539  | 0.0032660705825873466782  | -0.017326912043152203902  |
41    | 0.007726564865457389783   | 0.0044003325949139564938  | -0.012053819469046838167  |
42    | 0.0067028978803800459696  | 0.0093053348453062366408  | -0.0041787278168892516908 |
43    | 0.00055592201820907957005 | 0.0029987150488084120606  | -0.0052883100285302363924 |
44    | 0.00235956593674663739    | 0.0066060916729653949148  | -0.004735692163048573454  |
45    | 0.00059554301659625803224 | 0.0026326059383481462475  | -0.01395837189265058606   |
46    | 0.0035326711298010529672  | 0.0016415332423662398493  | -0.0076193672238683302772 |
47    | 0.0033986902616095970506  | 0.0031848632172283212853  | -0.0069787672627098637154 |
48    | 0.0049184411671718032688  | 0.0078922856351507433836  | -0.002558237425701004493  |
49    | 0.0036050427606755205447  | 0.0060571650909727369275  | -0.014031033660856506717  |
50    | 0.0044873449136873496193  | 0.0069845125997812767399  | -0.01743627248272883179   |
51    | 0.00077554892330077072719 | 0.0065798340656869841805  | -0.011036081474047821499  |
52    | 0.0036240488204677657157  | 0.0053334669514262965026  | -0.0092513481314612355105 |
53    | 0.0088927122903408629961  | 0.0081314110457562597395  | -0.01497069037339874252   |
54    | 0.0016346111014648872801  | 0.0057811591725879882958  | -0.0079939595661138469068 |
55    | 0.0054032489464873661653  | 0.0089107423173851348086  | -0.0056350603985106852839 |
56    | 0.0087118204341914504824  | 0.0037883914403050310445  | -0.01324612945744845123   |
57    | 0.0029497655310131778994  | 0.0084267352355316613166  | -0.0037357640353502378529 |
58    | 0.0018778761341066961283  | 0.0093626258115335030119  | -0.012352815194515720867  |
59    | 0.0053641443426560055097  | 0.0076772127548836157848  | -0.01836287213012843117   |
60    | 0.0052643664074655460369  | 0.00010903156397310647654 | -0.015390267201275679293  |
61    | 0.0076511543102032193026  | 0.0062168849419060624728  | 0.00053473067018454823601 |
62    | 0.0069655797738331672042  | 0.0071967772363688373854  | -0.014257565938442259487  |
63    | 0.0082989971524671107828  | 0.0099350877705250868754  | -0.0012254927285644042368 |
64    | 0.0071206729269624293235  | 0.0073141320632085435327  | -0.0074379824222738453315 |
65    | 0.0065134554457629296326  | 0.0085268103326553851273  | -0.014280842615240783855  |
66    | 0.0019685181533780405673  | 0.0064738249612394365567  | -0.019392528786123928997  |
67    | 0.0057565022013201143716  | 0.0027897019951191102775  | -0.010258982330154953547  |
68    | 0.0017623788451986152973  | 0.007523716058759868236   | -0.0049136251853770154113 |
69    | 0.0013411099915507506287  | 0.0059378788695010420798  | -0.010871552223326851408  |
70    | 0.0088354492679516768994  | 0.0051353613776609309191  | -0.004117582688722597889  |
71    | 0.009048017020515405559   | 0.0075168374069277399396  | -0.017682345919896296643  |
72    | 0.0067849067336162869127  | 0.0082709406353633323217  | -0.0063597970774292803681 |
73    | 0.0021831206963520938084  | 0.0035425715266797067927  | -0.01599814536625280767   |
74    | 0.0041443492529562343807  | 0.0066186374554680739782  | -0.0079399810171104506784 |
75    | 0.0073078781499783173822  | 0.00051471551645903613516 | -0.019125729856442508225  |
76    | 0.0060327236995138628847  | 0.0015871049494107479245  | -0.0051642083683118159346 |
77    | 0.004475795230027937964   | 0.0047515079278850251912  | -0.0015139750583541536268 |
78    | 0.0054653704412395004431  | 0.0044531359186051671858  | -0.0072156572742769660433 |
79    | 0.0041829547566501843608  | 0.0067683441912568653026  | -0.012839912792138256231  |
80    | 0.0016871402188485184678  | 0.004084224155786965807   | 0.00060071982754369892404 |
81    | 0.0078804749515636249302  | 0.0014175588629160320014  | -0.0038352759028407942821 |
82    | 0.0069054955068920875413  | 0.0047655540647976776109  | -0.018925354457597760166  |
83    | 0.0051566506427446487729  | 0.0069148862067781851487  | -0.0041348826789245601149 |
84    | 0.0096384485209542718892  | 0.0021413813310643130434  | -0.0041079588127632925276 |
85    | 0.0028539783600859164499  | 0.00037628604484941902781 | -0.01043931886239695371   |
86    | 0.0017550550441268069658  | 0.0048175453296726228683  | -0.010223280625525221418  |
87    | 0.0036687127472601744997  | 0.0067746046655916044438  | -0.020766387349641986237  |
88    | 0.0060120649142844876517  | 0.00071927897847232742049 | -0.0052736782881801615511 |
89    | 0.0093453422143612678574  | 0.0070609380685323725954  | -0.012125918773374499277  |
90    | 0.0040979148079009460395  | 0.0062205694199748487461  | -0.018003269457498853601  |
91    | 0.0049372251385427657483  | 0.0024651233608258822476  | -0.0092361759476988075646 |
92    | 0.0082692737487249211997  | 0.007375432852383333529   | -0.0041688003731071262073 |
93    | 0.00092188474007377113097 | 0.0074784137005810590385  | -0.0057017377598182188841 |
94    | 0.0052563149164368550004  | 0.0076417205475818655511  | -0.019340706839255962513  |
95    | 0.0045410883427230777643  | 0.0096454396171880511096  | -0.0083683775503400996409 |
96    | 0.001379435510016365548   | 0.0097820778653399439312  | -0.0030021801948329185881 |
97    | 0.0056302254616766448173  | 0.004938196087531030766   | -0.00196604564971319647   |
98    | 0.0099551841964101561028  | 0.0050662295847320607325  | -0.019978603153002007925  |
99    | 0.0044944772402364611269  | 0.0073043573727700258219  | 9.3822463194926042579e-05 |
100   | 0.0098304722284651164382  | 0.0048485012409718950682  | -0.014983340592924866697  |
101   | 0.0063365092739710053224  | 0.0069250693271652860247  | -0.012605195160869976656  |
102   | 0.0060254131296683431998  | 0.0056001460744897471264  | -0.013060588691003495454  |
103   | 0.00013111558557541317196 | 0.0084270087056286992894  | -0.0062856156103144019201 |
104   | 0.0031861526905410000703  | 0.0077325841383668325602  | -0.007151348812335400415  |
105   | 0.0086330026194352989244  | 0.0066606243369909234192  | -0.0097212838299714464385 |
106   | 0.0041012472616932752617  | 0.0084060875474002236946  | -0.020455254333028950742  |
107   | 0.008116197523291080948   | 0.0066138612521300065017  | -0.017251277774468571496  |
108   | 0.006670364498161421643   | 0.0092460004631912569295  | -0.02045669615383356732   |
109   | 0.00059455457681859696928 | 0.0035259922049881036767  | -0.0061118224065175924195 |
110   | 0.0040206091755148826508  | 0.0037437178191203381028  | -0.015314508004505686736  |
111   | 0.0065454954967367473539  | 0.0036944320291055171394  | -0.010946200193012706192  |
112   | 0.0089122779744957286024  | 0.0083533611225599917888  | -0.00093655816280910613586 |
113   | 0.0069700174935717063018  | 0.0043998450818743591734  | -0.0011248383225642892645 |
114   | 0.0085752930279445176848  | 0.007808764278969048539   | -0.0045638123092292502692 |
115   | 0.0016773231512604966278  | 0.0022152579379858140102  | -0.0093524698204719772243 |
116   | 0.0033860641993077298696  | 7.3962407422400925467e-06 | -0.016762581335488219159  |
117   | 0.0086921838873127345998  | 0.0035306170842155279975  | -0.0044250394098264561604 |
118   | 0.0053614034530356591626  | 0.0043398155470227997924  | -0.0030498057678027966529 |
119   | 0.0064960247214387659143  | 0.0026449177275956487626  | -0.016098921238060011352  |
120   | 0.0024593003066285452386  | 0.0033087154070777727993  | -0.017673199220526843861  |
121   | 0.0048234151789773036315  | 0.0015358563108299758473  | -0.018898268357633640768  |
122   | 0.0096577840806843836402  | 0.0074643681247712374838  | -0.0052949583647626374122 |
123   | 0.0031421786844964007777  | 0.0024872187223994898612  | -0.014428879384469182542  |
124   | 0.0038262754274144372517  | 0.00650783881529615367    | -0.0094243798708011257415 |
125   | 0.0065553451989244053422  | 0.0086594695027371031831  | -0.0044386366698373246401 |
126   | 0.0081759305505880314202  | 0.0068966779787239841648  | -0.0099440346971212244948 |
127   | 0.0023119534914931268513  | 0.0073425234044769303529  | -0.0062301576104833557637 |
128   | 0.0042291126184045837663  | 0.0016535720267766638569  | -0.019118863265939589624  |
129   | 0.0097106986453976591733  | 0.0061212329311490926154  | -4.6945744019724755113e-05 |
130   | 0.0058949132301668498782  | 0.0068761852116828925049  | -0.0013891853567741909489 |
131   | 0.0037110568436209360327  | 0.0053607861316972062887  | -0.021041728954411621777  |
132   | 0.0042215520132596693476  | 0.0031216446990311530821  | -0.0069901839281977622143 |
133   | 0.0034448991376680926021  | 0.0033995672055941836449  | -0.013850508121123709243  |
134   | 0.0075905516983576096571  | 0.0079307815698004355959  | -0.017266586695690807479  |
135   | 0.0037204500365458164322  | 0.0060997609913594234496  | -0.015212607517841291935  |
136   | 0.004226916145384942633   | 0.0062136375785486318984  | -0.015980533003718221802  |
137   | 0.0056125734161869356501  | 0.0062405039829597549333  | -0.0073581522242989610971 |
138   | 0.0072931898982667754672  | 0.0048233560738060480763  | 0.000785397765291502006   |
139   | 0.0062040869031588629506  | 0.00083127058726270759443 | -0.0084125569299600359147 |
140   | 0.0061359064032256533869  | 0.006565106425220534371   | -0.012117979287250214143  |
141   | 0.0005384872824348258891  | 0.007415825384593323355   | -0.018398102570389932714  |
142   | 5.3327205625574624953e-05 | 0.0069535845263127386839  | -0.010047725411429436065  |
143   | 0.0034188955426550666356  | 0.00029776527347722807912 | -0.012508802151965354651  |
144   | 0.0096773554117349277343  | 0.0056336739014102386186  | -0.010366674057934397932  |
145   | 0.0069963557961923699552  | 0.0094475582589766526204  | -0.01002128465620481107   |
146   | 0.0052405940712856912203  | 0.0093312081731711099541  | -3.5156801700906913152e-06 |
147   | 0.0043708129775160428979  | 0.00044051254246943276349 | -0.014830100666198980236  |
148   | 3.4293214829234512143e-05 | 0.0081567921324229662045  | -0.0019581595746576752927 |
149   | 0.0016502837579014941697  | 0.0078100958382923430651  | -0.013991267516068911503  |
150   | 0.0041512441949339371622  | 0.0032854228539758493187  | -0.017001174934006289818  |
151   | 0.0040599470003242436184  | 0.0038216701380480184308  | -0.015148119533031112124  |
152   | 0.0074096040353446796303  | 0.0013146516595690686466  | -0.01188131440504123712   |
153   | 0.0075246289767493266046  | 0.0074299575025603727119  | -0.0065236994123543537785 |
154   | 0.0043075986581709206982  | 0.0082726668278134962708  | -0.0079255715064870998349 |
155   | 0.0044692258247426668027  | 0.0010530231437101441987  | -0.001786557714145953343  |
156   | 0.00085009481159336512755 | 0.0084648192212895354697  | -0.012684108065020564815  |
157   | 0.0055441384038177428037  | 0.00034027598987022492213 | -0.0013344339176296091207 |
158   | 0.0093895013501567141379  | 0.003610900137924642414   | -0.012277461101110052552  |
159   | 0.0042011184758029727557  | 0.0028125191108378166591  | -0.016956508518031394167  |
160   | 0.0037184615887917243059  | 0.00073878542570519857222 | -0.019714756458754405938  |
161   | 0.0053819371449686020589  | 0.0076679547916134876973  | -0.0061163314193594837953 |
162   | 0.0053513502117401761174  | 0.00027538944156511288618 | -0.0049338728298562546312 |
163   | 0.0050327297741959830385  | 0.00028250822736078644738 | -0.0075013414684850059089 |
164   | 0.0040438697494828406559  | 0.00023648050412401565691 | -0.0071083979050058868771 |
165   | 0.0063419368553343218736  | 0.0075343602314282076896  | -0.0081651782171987142417 |
166   | 0.0075119732584959901522  | 0.0076578242601808774181  | -0.018396286301471016095  |
167   | 0.0015522185440753671817  | 0.009846986887987820708   | -0.0082222670879073551237 |
168   | 0.00072591184155654481062 | 0.0058896551073129854714  | -0.0056036096422360020738 |
169   | 0.0039039136156565146588  | 0.00017108694166459011642 | -0.0040066176499638020414 |
170   | 0.009940566307151361275   | 0.0069434748788771731218  | -0.0062068842332000289178 |
171   | 0.003225061225201943018   | 0.00776834032065561262    | -0.017928540347494515556  |
172   | 0.0037175610213081833853  | 0.0039946187629907115371  | -0.0013812406690102570737 |
173   | 0.0042498420420400903619  | 0.00075699729643037582706 | -0.0038856758725758448053 |
174   | 0.0052795104129160358442  | 0.0013791736734927329683  | -0.0078848243844224195909 |
175   | 0.0016652494194174538317  | 0.0076995746956481396148  | -0.020879827573863814216  |
176   | 0.0030405570830934623879  | 0.0078693929596770993001  | -0.011359732889932650998  |
177   | 0.0060007530163970600884  | 0.0062615354251640276129  | -0.0034754436968846397736 |
178   | 0.0023972719468650627826  | 0.0075696735090651163028  | -0.010088178504314843087  |
179   | 0.0083549865385570999676  | 0.009689861900844348036   | -0.014353453111944870432  |
180   | 0.0039293957728977844251  | 0.00059161711794391105054 | -0.008031254153469450513  |
181   | 0.0068282945379741352351  | 0.0088871183641669338621  | -0.014957962417181178486  |
182   | 0.0083785163752807603754  | 0.0057795066137815084839  | -0.014250971073526451718  |
183   | 0.0048134904279349575648  | 0.0042161891403697934408  | -0.014779440066903220402  |
184   | 0.0030045781319840356161  | 0.0051181660251492042818  | -0.0050961688714743404865 |
185   | 0.00056386996809672446703 | 0.0028203496349431460104  | -0.018422084263119573033  |
186   | 0.0040481275163140682111  | 0.0060904059335573071041  | -0.013210603925379406365  |
187   | 0.0057364398024049570099  | 0.00669234573879848825    | -0.0052484403544638706315 |
188   | 0.0056040994194072350429  | 0.00029234278822154739948 | -0.0034067005297512796547 |
189   | 0.0024745139579756369845  | 0.00073050906084720982053 | -0.012218033057506768116  |
190   | 0.0029074026997622072835  | 0.005200872410839161783   | -0.0010001914945328511854 |
191   | 0.0024939325412596693825  | 0.00053092663184143293938 | -0.012729956000951329897  |
192   | 0.0025316998658168037711  | 0.00012017415998050160245 | -0.0060965162961150246024 |
193   | 0.0029718404176148193602  | 0.005066495678887196312   | -0.010233737639372388062  |
194   | 0.0093015535707320282088  | 0.0029305890191711446435  | -0.0069751083570151360333 |
195   | 0.0011434876611996552462  | 0.0027371298331925067795  | -0.0032870430247537375974 |
196   | 0.0063605093997231472447  | 0.0031075143126043326333  | -0.016628362620788927906  |
197   | 0.0046119600486088097036  | 0.0063883331787132199495  | -0.0095959007782980450252 |
198   | 0.0088059864829482855514  | 0.0042932138762884998126  | -0.014318190177071882935  |
199   | 0.0089148922128861867592  | 0.0038578219771144782978  | -0.016462748428861449096  |
200   | 0.0033128073141673679801  | 0.0052678159938721932226  | -0.0072628229599471811478 |
201   | 0.0028543688942273149484  | 0.0041054324586493121108  | -0.018076061185086356869  |
202   | 0.0040705394187407527642  | 0.0074583435777916618284  | -0.0031354743813500098037 |
203   | 0.0048912656334865875149  | 0.0087601057225583280758  | -0.015671581417749710224  |
204   | 0.0021900370492064064575  | 0.0031550185634172953422  | -0.015432613600830320799  |
205   | 0.0069012251000471072984  | 0.0019761642104154110954  | -0.020703341405749007414  |
206   | 0.0062965947413493594809  | 0.0048934241055293981049  | -0.007037249356078659375  |
207   | 0.0067866461808834700059  | 0.0047755651885486357505  | -0.006813756169840002111  |
208   | 0.0037419488600493279115  | 0.0091501906111784020448  | -0.011315317280357286081  |
209   | 0.0077598842363328255842  | 0.007893617136059754083   | -0.01093885845739034357   |
210   | 0.0029417523042512610729  | 0.0047253377714320818695  | -0.0015647543413136689658 |
211   | 0.0031742304518174967176  | 0.0001835446340365493945  | -0.0049136289267610591333 |
212   | 0.0053517716520351445858  | 0.0057018611965290386112  | -0.0010777354749899356427 |
213   | 0.0069452947386471732341  | 0.00067667071751306869225 | 0.00011344901515343524645 |
214   | 0.0046001179129262093764  | 0.0049932367353148505301  | -0.01611768274456420319   |
215   | 0.00010399655695025457705 | 0.005331337080153934066   | -0.013011480506451010217  |
216   | 0.0095175787492454266142  | 0.0091179156498476538611  | -0.017901898072324187727  |
217   | 0.008295547915261056518   | 0.0082065905957855941888  | -0.015929986125153842297  |
218   | 0.00092455854155962886778 | 0.006920672038790224613   | -0.0065997802456256278794 |
219   | 0.002680357847474195386   | 0.0045887290487240479583  | -0.019709861888763828552  |
220   | 0.0072823250124069696318  | 0.0062723941342364680079  | 0.00078228037273696206157 |
221   | 0.0069326523160678551333  | 0.0095399675857112814503  | -0.0091501908272475021566 |
222   | 0.0052900838788891907036  | 0.0090382547902212069524  | -0.013248404717825753782  |
223   | 0.0031762717476542133219  | 0.0021115007020355361367  | -0.011413859929168443733  |
224   | 0.0012344622147081548737  | 0.0075707701774424982985  | -0.014949307081001995262  |
225   | 0.0089111652391149244468  | 0.0003809015827548950712  | -0.010231976732587043377  |
226   | 0.0021580938702840334574  | 0.0037714463320405542529  | 0.00076694672379169965583 |
227   | 0.0066236377380532434483  | 0.0041863132498450176047  | -0.0022153617680454413749 |
228   | 0.0066214484218020241285  | 0.0030317913208927154377  | -0.0090950310663994275717 |
229   | 0.00448668808927180085    | 0.008135056804716810433   | -0.0058879271536371466725 |
230   | 0.0050911201485489858062  | 0.0010394669427497219959  | -0.015160523760129723456  |
231   | 6.7344648157623626184e-05 | 0.0061060660694007163479  | -0.013462435710270398079  |
232   | 0.0058460810536438718304  | 0.0077972520725235906075  | -0.00077983985174668072563 |
233   | 0.00039403495997018713869 | 0.0058663200968899695265  | -0.017927609278666312848  |
234   | 0.0050808698633699432567  | 0.0040568050941828318057  | -0.016035094080960918261  |
235   | 0.0015776947428352535233  | 0.004046797760396184801   | -0.015480729033672804493  |
236   | 0.0035980946664331612921  | 0.0026456186489000081338  | -0.0084056135944977697361 |
237   | 0.0035734984609092127449  | 0.0039877021894134806468  | -0.00087402114927572806258 |
238   | 0.0023608916909551723624  | 0.0058386362794304270604  | -0.003501701711376754237  |
239   | 0.0098222124605850981427  | 0.0080263192031984603031  | -0.0026230283888788552375 |
240   | 0.0067590767071788971851  | 0.0095360415739358436044  | -0.019988981977484578806  |
241   | 0.0055865352345236844386  | 0.0087838142515905826002  | -0.0020208837295018137852 |
242   | 0.00080003192176219606931 | 0.0048955531594052871178  | -0.0061815122419950430457 |
243   | 0.0026254624079809231983  | 0.0059185663763772575902  | -0.012394706675322175043  |
244   | 0.0070954002946977826408  | 0.0051038033915485458286  | -0.003584406309529346215  |
245   | 0.0050398413663979950428  | 0.0025065401589049007662  | -0.019522245854816672878  |
246   | 0.0099054902864637930926  | 0.00083104832686521233533 | -0.0085935612832095838176 |
247   | 0.0057034085479577981484  | 0.0032090308347613762108  | -0.012798429806572302059  |
248   | 0.0097587849592806336085  | 0.0051085894865256810393  | -0.0086667932304599938631 |
249   | 0.0066524428247730265154  | 0.0024772636253421647171  | -0.0060287187753549718178 |
250   | 0.0066606155572819713759  | 0.0054464183963096428343  | -0.0015841737832525365319 |
251   | 0.0043738866977285012841  | 0.0049402782632920246714  | -0.018302727479023467999  |
252   | 0.0072123692758741799955  | 0.005747658064645941485   | -0.021230185706934971007  |
253   | 0.0047944628924295349878  | 0.0087942080816236188612  | -0.016707853486523951275  |
254   | 0.0023061039009364858905  | 0.0013311536124184233324  | -0.010059772291695377733  |
255   | 0.0017864087325403443188  | 0.0047405002150167404457  | -0.00079966234505730979416 |
256   | 0.0047204632104181788038  | 0.0075810120989082373233  | -0.012245356393616971258  |
257   | 0.0020331990410665384816  | 0.0026960006933584015551  | -0.0091457242328469925963 |
258   | 0.0032882064140089877977  | 0.0067790462018659531501  | -0.0082923032218950934458 |
259   | 0.0064223099746940270557  | 0.0092608529788587648501  | -0.0094764230914600230266 |
260   | 0.0042506366568350693186  | 0.00062635734147085703628 | -0.0050490372310881097284 |
261   | 0.0057259939864970025442  | 0.0068388698347262794411  | -0.021052935897961599226  |
262   | 0.0010427609504647713384  | 0.00017427088814554863856 | -0.0122927610166921851    |
263   | 0.0072732729190772473643  | 0.00072479516809863568042 | -0.016957108153372691534  |
264   | 0.0062293250699554623961  | 0.0016959287441550032188  | -0.00024546189653640917159 |
265   | 0.0065861475549535046861  | 0.0064942997045226574793  | -0.01071454236023701434   |
266   | 0.003995183542826616363   | 0.0033764066588437505884  | -0.017322701570542855393  |
267   | 0.00082471782952046402207 | 0.0031495580437199267691  | -0.010517031326572249747  |
268   | 0.0060488813385379648982  | 0.0064568657952828595326  | -0.0022628970584608557731 |
269   | 0.0037972066654729489006  | 0.0024594488360741976508  | -0.0030041756829124869645 |
270   | 0.0094443899091546865132  | 0.0046101157521738203235  | -0.0097603823718457501102 |
271   | 0.0053283654196969098757  | 0.0091273113138604679284  | 1.1554688342606883806e-05 |
272   | 0.0056436682163508115201  | 0.0080096600677005812957  | -0.011380508831989356866  |
273   | 0.0036941487600931272907  | 0.0095589548525317757921  | -0.013311164791598670623  |
274   | 0.0061662909530183062506  | 0.0075631004966760428596  | -0.012988412430321151503  |
275   | 0.0089521937291580332141  | 0.0052594647102957494539  | -0.0038546844817000853502 |
276   | 0.0088942299089387593519  | 0.0034053353900857109143  | -0.010099949783132370143  |
277   | 0.0022941164385762908597  | 0.0048566497745831729849  | 0.00066479730900909344421 |
278   | 0.008631276831422715623   | 0.0047131969761421161486  | -0.0080132381792519438019 |
279   | 0.0039867662373577377258  | 0.0042084332021621638845  | -0.0038018099582290240841 |
280   | 0.0090329930674277209707  | 0.0036967216485975472329  | -0.019115727698166967707  |
281   | 0.0043797342071819917592  | 0.0078387143151139870856  | -0.009300338401378211925  |
282   | 0.0036879133578285499054  | 0.0012812086397366126856  | -0.015620971709335445404  |
283   | 0.0082538823600864820451  | 0.0057023641593785291681  | -0.016185488820877631105  |
284   | 0.0027706847343764908626  | 0.0044363768541819488186  | -0.017376702710949668007  |
285   | 0.0095879124868017903682  | 0.0060447532916546456785  | -0.0032478048331464125058 |
286   | 0.0013680096436752570838  | 0.0021228195666208749676  | -0.015580920311741006112  |
287   | 0.0019821088795876737505  | 0.0064251221368788928937  | -0.0082289968092307784475 |
288   | 0.0023627370869252588281  | 0.002799973229645202899   | 0.00051014126704589535938 |
289   | 0.0098974397562946389573  | 0.00016109308184892562441 | -0.017705858342636375535  |
290   | 0.0014987872961557857816  | 0.0065123197603291927554  | -0.0046906038901680510364 |
291   | 2.17082492185792244e-05   | 0.0011934044134655921818  | -0.0098367249854762923988 |
292   | 0.0028586053725734804874  | 0.0045244003938166047971  | -0.00010376301090720905769 |
293   | 0.0095128041114806612122  | 0.00028275857639212731084 | -0.014974128304112054727  |
294   | 0.0077975080624935614107  | 0.0073293401205508255589  | -0.00178400859718472974   |
295   | 0.0025901981939644197657  | 0.0026276599838549602461  | -0.012709270143977621434  |
296   | 0.0071901538342897435355  | 0.0040269793430089068434  | -0.016454592414755560281  |
297   | 0.00088051358785507991261 | 0.0030207647278325351278  | -0.017893071603926322122  |
298   | 0.0022179717987312382727  | 0.0048645544688947217615  | -0.019333607074858118885  |
299   | 0.0016188475422471563289  | 0.0073099742929849127054  | -0.013042986593067820017  |
300   | 0.0044104577627482079161  | 0.007232011389050576472   | -0.015499252359254107186  |
301   | 0.0013952670811300854539  | 0.0073605715028324707541  | -0.021022588751149522829  |
302   | 0.009596842689502366186   | 0.0021030995547559896107  | -0.019680370557032800943  |
303   | 0.0080144358797150684615  | 0.0051886398714574549079  | -0.01634043193389060275   |
304   | 0.0012865895227764238048  | 0.0058830785772295392591  | -0.0090640963180365734242 |
305   | 0.0063108385427315567828  | 0.007295444260320756158   | -0.017250163172742423445  |
306   | 0.004461687836433829088   | 0.0026224138855463307966  | -0.015372506115416368494  |
307   | 0.00010957025062336950662 | 0.003645701655932359099   | -0.0046539853707234200841 |
308   | 0.0089535140228214384062  | 0.0049827567621075763427  | -0.0031393860978468461631 |
309   | 0.0061251805568812208586  | 0.0030234956251408502854  | -0.0074915454695589616535 |
310   | 0.009656347618380608025   | 0.0055331080867947928306  | -0.0080462468645966667841 |
311   | 0.0087474665717906744528  | 0.0057261666697740552096  | -0.0087380131075517689099 |
312   | 0.0070583290371197676683  | 0.0038221068413320179701  | -0.018156651135957761756  |
313   | 0.0069356900097513390566  | 0.002770485358335481995   | -0.0032654675055765929395 |
314   | 0.0041827223641926437533  | 0.0069000055984285652358  | 0.00070618829315508089423 |
315   | 0.009893730941447298477   | 0.0089230787882246236781  | -0.0057144264876331065175 |
316   | 0.0054273583967098760691  | 0.0050068082615725697723  | -0.0038536787651771496448 |
317   | 0.0061285652791309638832  | 0.0018585231643047392478  | -0.020690419973857451102  |
318   | 0.0073941128560501443931  | 0.0052738430882096638125  | -0.0014773868984338841669 |
319   | 0.0024113940529452691265  | 0.0022735895665468106724  | -0.0027558883603345830926 |
320   | 0.0068229080522857572452  | 0.0044770004344251200859  | -0.020984619711709864148  |
321   | 0.0035784762062665907527  | 0.0029555004511511630966  | -0.008102239049547257585  |
322   | 0.008776881853213980636   | 0.00026127085430082948401 | -0.0031308286139338824608 |
323   | 0.0050982704487953700231  | 0.0019863705145315799921  | -0.0049687916071137422716 |
324   | 0.002206893479639171398   | 0.0044634341470758901599  | -0.010207599795511106133  |
325   | 0.0053763853237348401687  | 0.0018407434678697819162  | -0.014233204853902770709  |
326   | 0.00078368725551754075346 | 0.0049565309108048931017  | -0.0076603667089814222319 |
327   | 0.0039592285461678396533  | 0.0071150815476607870425  | -0.0089057867618599576703 |
328   | 0.0099280045773011676297  | 0.0078724389891930614954  | -0.016904548185427980406  |
329   | 7.2071366952650376e-05    | 0.0064940329638940221674  | -0.0081083840260535947758 |
330   | 0.0023337218353289921474  | 0.0030381278368792037983  | -0.0026665646911972320024 |
331   | 0.0064587454791047421016  | 0.0025748469855634997273  | -0.0092440664375153282217 |
332   | 0.0058174935523305918231  | 0.0059012374444182705627  | -0.0021881961033844332838 |
333   | 0.00091001852546839304137 | 0.007285047544805705981   | -0.0123153696047933435    |
334   | 0.00055821742998738072862 | 0.0037650599029336777671  | -0.0093483097334297327041 |
335   | 0.0034256229196594619943  | 0.0095879634977025663539  | 0.00019058392632616879409 |
336   | 0.0087463099824829516199  | 0.0047971885518164206555  | -0.010275397509638753424  |
337   | 0.0024471239831555993     | 0.0090303435185398739371  | -0.0066556274476186633865 |
338   | 0.0086243755511392489188  | 0.0020377615016295615863  | -0.0097677175814874315357 |
339   | 0.004599983277871915778   | 0.0062415166759616363956  | -0.017973289764095904536  |
340   | 0.0044508561960047337072  | 0.0058830688893710732928  | -0.0039770184140599578945 |
341   | 0.0043064988227239659607  | 0.008710711712382319255   | -0.015966575012746231366  |
342   | 0.0013847147437265183018  | 0.00097925915963382624205 | 0.00033102950833022431326 |
343   | 0.0017999400202097374027  | 0.0036471017686733439751  | -0.0033607372623666044963 |
344   | 0.0061066639281087192401  | 0.0074136826980082375788  | -0.00093735257382459777602 |
345   | 0.0051142236981716483052  | 0.00012527267982762144583 | 0.00027226964673534811458 |
346   | 0.0099275557781515772621  | 0.0078143086774125191524  | -0.011427763717410376401  |
347   | 0.0074485959542199891778  | 0.0056180646864004884014  | -0.016346209913585030976  |
348   | 0.0082726953787866357864  | 0.0023454344372360151627  | -0.010874185403175751219  |
349   | 0.0023594718361466724375  | 0.0021818401870393002752  | -0.011792894819534285866  |
350   | 0.0021976396521802051692  | 0.0036000046633162131188  | -0.0071595265620198710044 |
351   | 0.0024330925096642829798  | 0.0026724798065359848739  | -0.015781238680956637815  |
352   | 0.0030588962536071853497  | 0.0034575842506696604674  | -0.010860834072443242143  |
353   | 0.0037962185318112717444  | 0.0044451240707795696555  | -0.0043300414069004679318 |
354   | 0.0067169070053997434119  | 0.003685226462109386994   | -0.0073159497767415759828 |
355   | 0.0050495413347471469409  | 0.0042395559237512255718  | -0.0024906472306036459008 |
356   | 0.00032992723628163763468 | 0.0091368520914466618693  | -0.01799532191955380625   |
357   | 0.0040984607476166239406  | 0.0043408079151573868495  | -0.021117306890884583737  |
358   | 0.0046746308265223348796  | 0.0025742212690955520657  | -0.020296664634006467837  |
359   | 0.0094341171035029740971  | 0.00424200805136972902    | -0.015841350010206645127  |
360   | 0.0065776895416785217605  | 0.0002224910724927915901  | -0.016614346360200919761  |
361   | 0.0036477846756205623696  | 0.0060737848433680945853  | -0.018281200452305246262  |
362   | 0.00072073044785386872896 | 0.0022604127688560962488  | -0.018082563886603349179  |
363   | 0.0071319648424992216143  | 0.0076905309760601876443  | -0.00037886267327217888583 |
364   | 0.0016566213767015755803  | 0.0043557410887459175122  | -0.011074481023645499356  |
365   | 0.00040088885740677113927 | 0.00744297445751508982    | -0.0045678156057005776108 |
366   | 0.0020325119564607477089  | 0.0033057430967568077369  | -0.016578132805740219968  |
367   | 0.0070722192032983358795  | 0.0026352071407584453516  | -0.0022539275232056977041 |
368   | 0.0064047705169009913617  | 0.00011497836956092157424 | -0.0079975315117769753964 |
369   | 0.0043295601901205136089  | 0.00069620707229890190209 | -0.018542782345552455414  |
370   | 0.0021702434948933447059  | 0.0044054872622351377159  | -0.0071498368813181379516 |
371   | 0.0028693736287381016621  | 0.0054591400516101158333  | -0.00062524137374240249063 |
372   | 0.003563235274320401564   | 0.0063172746563840082371  | -0.011130510308925046711  |
373   | 0.0076153268226142011021  | 0.0010908813387987058123  | -0.014789590972160026119  |
374   | 0.0076546110295124389009  | 0.0098717468046346928956  | -0.018402028947900619937  |
375   | 0.0058161481025191617139  | 0.0017417090716918238406  | -0.020362793005620966058  |
376   | 0.0092702645219211003702  | 0.0039175483040525156675  | -0.001781201303071314624  |
377   | 0.0099011050414155744176  | 0.0053840352616662959587  | -0.0095920353788532270595 |
378   | 0.0048288776335720789978  | 0.00923341963500823662    | -0.0076945413329170793751 |
379   | 0.0084340206111369348668  | 0.0022906672749123013939  | -0.00026698124980755252996 |
380   | 0.0043910774268235992085  | 0.00035236927937637766393 | -0.018290865995938741101  |
381   | 0.0017880394329451889789  | 0.0045398710263346679639  | -0.011546816119158831784  |
382   | 0.0021197152320588910808  | 0.0070649182855639603915  | -0.013673872410723937609  |
383   | 0.00014401882371821989721 | 0.0090599177709772410472  | -0.012474800379227251462  |
384   | 0.0076862619409605332371  | 0.0054837896007734129866  | -0.0052062447541978001953 |
385   | 0.0082200490171682374235  | 0.0019393869717364356497  | -0.017903776938665356966  |
386   | 0.0078423965791766317435  | 0.0082910308300844816343  | -0.020240229623906633161  |
387   | 0.0053122334703488696336  | 0.0038527766513534937413  | -0.011784960496229433119  |
388   | 0.0073987566671290172157  | 0.0053121972683435993504  | -0.00013593768798465685711 |
389   | 0.0067868524445368937428  | 0.0063307728481836675338  | -0.007633862042362300239  |
390   | 0.0045414348298539880533  | 0.0012438015718390360836  | -0.018093624436458313059  |
391   | 0.0055389321270744472023  | 0.0044168321529537658485  | -0.017973998582759245085  |
392   | 0.0052734871355006561477  | 0.0038326151145903139539  | -0.021058654829122294694  |
393   | 0.0067603158363547886239  | 0.00932589506529748688    | -0.016796835680396672574  |
394   | 0.00089722266446662845771 | 0.0040515304076958833651  | -0.020685319451571197724  |
395   | 0.006616938273028713513   | 0.0080853102648162679389  | -0.013464926056241098909  |
396   | 0.0074463727450729952015  | 0.0047520722379768001384  | -0.0122448485487620818    |
397   | 0.0038671422654557884892  | 0.0067812543940056913688  | -0.00057469466501644463248 |
398   | 0.005413473756879239214   | 0.0068929363909670474803  | -0.0048991366052193105474 |
399   | 0.0029631063402469895104  | 0.0074850969930208748407  | -0.018804390661831735937  |
400   | 0.00083000665482084294306 | 0.0082345879600835957673  | -0.0052958996700129381055 |
401   | 0.0050749642901205468948  | 0.0048389304548656277699  | -0.018714008703500928377  |
402   | 0.002106402478988685361   | 0.0016696003970906759129  | -0.00092346169662579121861 |
403   | 0.0046222796537611094553  | 0.010013141360396304522   | -0.0060108216589081341769 |
404   | 0.0061442608753490375248  | 0.00036217194540211607515 | -0.011411098177867666503  |
405   | 0.0094317096255397414595  | 0.0046502387136505302784  | -0.017623328489764548965  |
406   | 0.009935120572424153626   | 0.0061133131819659193226  | -0.010837711102408404545  |
407   | 0.0096365249348184488232  | 0.0087962706474741490792  | -0.0020365143358998835481 |
408   | 0.0027245813219023548232  | 0.0078039112566011736502  | -0.0060643343789720770276 |
409   | 0.0038475213154916610217  | 0.0017502401780302976643  | -0.014063522946080956808  |
410   | 0.0013843391489213163065  | 0.0028927764845714455839  | -4.6468733636953361767e-05 |
411   | 0.0076974003100412011213  | 0.0039404065718624519538  | -0.015280343965889389354  |
412   | 0.0038366490776084475819  | 0.00093188256685252496801 | -0.013820046956682154396  |
413   | 0.0025802206375869535422  | 0.0063340811097054167123  | -0.0211763415511636785    |
414   | 0.0027392074136095207783  | 0.0014468013643535897802  | -0.018730096348104293552  |
415   | 0.002760504748558464342   | 0.0094110114085267839584  | -0.0056824051659052606314 |
416   | 0.0052028079499597057814  | 0.0056488101249251455177  | -0.00070108804036035936216 |
417   | 0.0073675683776458292251  | 0.0022139524630665065145  | -0.0053490691252995915816 |
418   | 0.0074065321671433160741  | 0.008102490819801326169   | -0.010506421021665116045  |
419   | 0.0099548656235809353937  | 0.0067556243593771469688  | -0.020523655418545640877  |
420   | 0.0064300765537347254544  | 0.008747673359374458224   | -0.018361572778798549571  |
421   | 0.0057918396835698517794  | 0.0093137494620607746976  | -0.00081272055574770746787 |
422   | 0.0024305675110952648654  | 0.00071011264723605635636 | -3.5058424413346069698e-05 |
423   | 0.0050961435166120873375  | 0.0077012585649437045529  | -0.012269029415576497566  |
424   | 0.00038353273495595965751 | 0.0078085544383947940936  | -0.0039244408279885808696 |
425   | 0.0064046594023880994498  | 0.0041249043460455684859  | -0.018962656934398514769  |
426   | 0.0043347745388609155298  | 0.009408979475950537269   | -0.0014474943707127234469 |
427   | 0.0066630630900253182483  | 0.0023274898029462644591  | 0.00033340472849044839329 |
428   | 0.0082222383716084642552  | 0.0046992440834811898334  | -0.017308800461493977635  |
429   | 0.0052315410469893535231  | 0.0037930085735693088583  | -0.0029802937910613576562 |
430   | 0.0019034808489257449508  | 0.0089120125151232968547  | -0.0067958918249269653633 |
431   | 0.006937078477863733994   | 0.0071668432731287496501  | -0.004248731968893617629  |
432   | 0.0014815902181680557469  | 0.00555699698652771263    | -0.016135949017516505732  |
433   | 0.0026510363845342493384  | 0.0058269249738847825326  | -0.015273958072177693315  |
434   | 0.0025523745338718877192  | 0.0027230494335453575561  | -0.011627086901748458908  |
435   | 0.0097720164827253108014  | 0.0012150378392271484699  | -0.003247094609463084449  |
436   | 0.0010467229024892347501  | 0.0079787186834866831442  | -0.0046363751699642734294 |
437   | 0.0057034829892899869055  | 0.0042282513570481372947  | -0.0023430511583036385016 |
438   | 0.0085229834996380701012  | 0.0035466613162714192078  | -0.014909234962198373436  |
439   | 0.00058844766575701361756 | 0.0074673091251744273464  | -0.0075683543862875525196 |
440   | 0.0093599349350073374892  | 0.004252876171772989114   | -0.0015493417507246340196 |
441   | 0.0017980138158243494807  | 0.001200073212096668205   | -0.0068681107529719289187 |
442   | 0.0015346164596468697596  | 0.0027566127154585082747  | -0.0014128628611117914366 |
443   | 0.003622649439396544678   | 0.0083278561649335631351  | -0.0073694026020691173751 |
444   | 0.00049993136601469468933 | 0.00044069958291144173445 | -0.013822640086372826179  |
445   | 0.0072008751774345789928  | 0.0071019612253204475807  | -0.0062289607451738076074 |
446   | 0.0014335375536096673591  | 0.0084707242970596310222  | -0.012125167505360199063  |
447   | 0.003868431814004202017   | 0.0084936049986177718923  | -0.019586980259566452028  |
448   | 9.6450924327302320392e-05 | 0.0049599321587767818825  | -0.012183025608694969533  |
449   | 0.0061998919985593757206  | 0.0070207878901167742464  | -0.0073931243736543098    |
450   | 0.0066662468424982896861  | 0.0039338092262379978706  | -0.0031317625111837096852 |
451   | 0.00064582553359251689603 | 0.0097388051425919240633  | -0.02108564216913911063   |
452   | 0.0081298295835202892545  | 0.0088209667521980707205  | -0.01575166435697147177   |
453   | 0.005847981715357010099   | 0.0036864882587990949192  | -0.016367630725509375866  |
454   | 0.0081405928953346660959  | 0.0066410913627054013117  | -0.012290218171081669987  |
455   | 0.0015677407336434183438  | 0.006211476052278279425   | -0.0036368646427307879318 |
456   | 0.00085698303908274600909 | 0.0042821469267146586996  | 0.00080600730111282051921 |
457   | 0.0023627039253156412353  | 0.0052386816697102987425  | -0.0026073327899792386741 |
458   | 0.0027500757621066141898  | 0.0092965949696325565765  | -0.0052565873529816344381 |
459   | 0.0055876826735246892114  | 0.0010954521787057999553  | -0.00091130609480621221647 |
460   | 0.006407803578103139254   | 0.0088015631664822742419  | -0.0064382637467298468523 |
461   | 0.0029852158773044628476  | 0.0044314154620601654833  | -0.0058448251836302452314 |
462   | 0.0037247239208235485841  | 0.0034160755822284657145  | -0.0086181700001775399245 |
463   | 0.0064680332821811506103  | 0.0039328269530864556208  | -0.013555801475347397864  |
464   | 0.0084705247070315375923  | 0.0011953175652041317552  | -0.018178037529867824285  |
465   | 0.0092436784508590861403  | 0.00023581847632229556867 | -0.018972654274042821676  |
466   | 5.1455417227801774553e-05 | 0.0062473716401995364397  | -0.0059433909666344120551 |
467   | 0.0070226304414276099347  | 0.0045356906663096604321  | -0.014204971596262083375  |
468   | 0.003091497815577735897   | 0.0071186931934592700272  | -0.01550177847912240052   |
469   | 0.0054896156482364026966  | 0.0031145188194193827551  | -0.01379328106990761367   |
470   | 0.0046586386279424294929  | 0.0003902882892228314222  | -0.015140583551816928082  |
471   | 0.00088001057344996955634 | 0.0083496359372708973956  | -0.019770736407522439965  |
472   | 0.0054611724012651775839  | 0.0086090693670626289996  | -0.019724411808266433671  |
473   | 0.0067989678671613405087  | 0.0015559173703704946672  | -0.013797722249130889641  |
474   | 0.0010288708372067671085  | 0.0018820144746636562495  | -0.0097484683324589350983 |
475   | 0.0049550306324335621419  | 0.0047138589496383892161  | -0.016102202151986821921  |
476   | 0.0081303078941077112918  | 0.0085917001120236671102  | -0.0068413299770771580574 |
477   | 0.008043873186799506414   | 0.007948497563411437844   | -0.0039530941453225455426 |
478   | -3.5309983837667379404e-06 | 0.0080137250772925657655  | -0.021096429172775734567  |
479   | 0.0040684622774486310301  | 0.0025340243697500467249  | -0.0128810676334972906    |
480   | 0.00021513011287804226267 | 0.004464484138348138835   | -0.0085942845014788243896 |
481   | 0.0033432541596438419135  | 0.0079886556923718897438  | -0.017683949279655938186  |
482   | 0.0044482483887875699791  | 0.0048318219666970774542  | -0.020283122584679489503  |
483   | 0.0057907084795457220219  | 0.0037917737428360296856  | -0.018913909923187539885  |
484   | 0.0019768895030710387228  | 0.0061186136417256779818  | -0.014443320330034974119  |
485   | 0.001286263702891739984   | 0.005302500303012324355   | -0.018639868078946613544  |
486   | 0.0010474915259140436547  | 0.0072338395367131250527  | -0.0051082996561403904573 |
487   | 0.0081355449713502690778  | 0.0050706600116154354474  | -0.0091192711833796916143 |
488   | 0.0087547311469713812171  | 0.0060910182448295907554  | -0.0073316168924250019537 |
489   | 0.0042245961010811761485  | 0.0094491605790101938084  | -0.02069835880648647139   |
490   | 0.0047205699460892121613  | 0.0086249257114245584527  | -0.0081409756037804058282 |
491   | 0.0034963914322465039497  | 0.0029152366756096986973  | -0.0067899298222725808574 |
492   | 0.007339227999941577707   | 0.0082578766252058566355  | -0.0098855407755652179025 |
493   | 0.0093947351066948348031  | 0.0071253689391178303553  | -0.008274221028244261103  |
494   | 0.0047296332082358430796  | 0.0046825243455906233672  | -0.020755742133818644302  |
495   | 0.0076248247871239047818  | 0.0081081627151731398145  | -0.0027516077553012825534 |
496   | 0.0087874401778422085024  | 0.005666841508029164462   | -0.013244160944694296361  |
497   | 0.004968201674122465529   | 0.0050402731065242655992  | -0.0012221914152232208998 |
498   | 0.0052174728219885075503  | 0.00021307921413624719719 | -0.021053900910671850821  |
499   | 0.0093793332050658272808  | 0.0051095825436319117219  | -0.0067175489659135828938 |
500   | 0.00050316096447854726653 | 0.00031201011902622717738 | 0.00071066101895028450236 |
501   | 0.0045941562409438528244  | 0.0038750903163641769143  | -0.016916370053757054381  |
502   | 0.0055246043426995924616  | 0.0052970333131413761471  | -0.011936209574698387545  |
503   | 0.0012465907047491517259  | 0.0026667591171254533162  | -0.0072771129241153680728 |
504   | 0.002217024260430876248   | 0.0033299780801248723798  | -0.015278709626918681591  |
505   | 0.0070439012058026309951  | 0.0076132917688525323166  | -0.020032838580870876433  |
506   | 0.0036483022828327736631  | 0.0022670121356234240566  | -0.011330716589561071195  |
507   | 0.0089411866737342700351  | 0.00373392163555506763    | -0.0032417877776527467652 |
508   | 0.004578247299581166864   | 0.0017241276770918162031  | -0.015226975009545727288  |
509   | 0.0013954396965018506065  | 0.003030938286417800883   | -0.021183351613328602753  |
510   | 0.0076776918669296265532  | 0.0084699944953428689398  | -0.0037107625634938239123 |
511   | 0.0022946062449379989526  | 0.0029193270170298291424  | -0.017990627362102731834  |
512   | 0.0073968074705448557185  | 0.0097598984601530557742  | -0.018201304589037414078  |
513   | 0.0056428737519389222249  | 0.0032311294475400372667  | -0.016556898210844606112  |
514   | 0.0069372117499695712395  | 0.0016248553221378796586  | -0.0013465529913158570847 |
515   | 0.0076367979493936286733  | 0.0056330047980987689796  | -0.0081597800204355527137 |
516   | 0.0042577928906914752627  | 0.001024019889538313596   | -0.0015167072536090360664 |
517   | 0.0075120525679741303668  | 0.0055474361052312032988  | -0.014688315999809740606  |
518   | 0.0032664016556217404311  | 0.0029167241342687210207  | -0.0090761590594283948069 |
519   | 0.0019484544349806954145  | 0.0036446286656339156249  | -0.017143529321222161083  |
520   | 0.0028281832968401979939  | 0.0033492984376053821713  | -0.018643087537062893316  |
521   | 0.0042757870924524299036  | 0.0059068753045007395264  | -0.0058877598247318464059 |
522   | 0.0029123794327067437961  | 0.0034836221819668777844  | -0.0044599116192514864573 |
523   | 0.001506161956003445896   | 0.0083785267701355966435  | -0.0068935907333870236405 |
524   | 0.0087674847163864179367  | 0.001265343391692280977   | -0.009471273997408437631  |
525   | 0.0034102001776003805326  | 0.00057653035577975907198 | -0.020689141974049460315  |
526   | 0.00032392934808204174122 | 0.005555933228126318929   | -0.0043731351234029512687 |
527   | 0.009212513670797889756   | 0.0053307352299878391771  | -0.00582561123422114472   |
528   | 0.0087704888306700014289  | 0.0023526786809148318713  | -0.00829357528257891434   |
529   | 0.0066967592392957395186  | 0.0056673144780721024238  | -0.012618429217544071749  |
530   | 0.0034350566272208227225  | 0.0065917402977201441233  | -0.0017799661095998094932 |
531   | 0.003782632720761795915   | 0.0040114866012652310515  | -0.01172710730990556352   |
532   | 0.0047590930828356548324  | 0.0037180759080862242107  | 0.00019627936619897744155 |
533   | 0.00028075564251991194089 | 0.0057248824451039820316  | -0.0051743951457024544779 |
534   | 0.0023123042439537055959  | 0.004050223201950527846   | -0.0076449410818080721849 |
535   | 0.00040110718327270543631 | 0.0084852160952390356941  | -0.015631945945219171551  |
536   | 0.00017742443078613137695 | 0.00016053074022868128474 | -0.0018915824377663385293 |
537   | 0.0022688736020509011303  | 0.004189185414353036041   | -0.0069144351444762946687 |
538   | 0.0085659990207792181122  | 0.0016464501787033503349  | -0.021038918165935175525  |
539   | 0.0092507206706190121814  | 0.0060510988934584786225  | -0.0025444528105618038731 |
540   | 0.0048359939996933144768  | 0.0060513936458373666222  | -0.013027050725472475584  |
541   | 0.0017326612065317744619  | 0.00048198741866398219034 | -0.0092813781511146952602 |
542   | 0.0064673870021306062439  | 0.0027106444382708127713  | -0.0056469487792629481648 |
543   | 0.007892695551021349995   | 0.0061025341284717546722  | -0.0041224613999379733711 |
544   | 0.0045153239189054195438  | 0.0035709696182928511721  | -0.015829919566548257548  |
545   | 0.0083492636499633825914  | 0.0085542017050680915768  | -0.011528570371667918801  |
546   | 9.3287332181420502906e-05 | 0.008109966171442486646   | -0.01763655184473757534   |
547   | 0.003089478950170286304   | 0.0035185352305445380394  | -0.0020501176548069206633 |
548   | 0.0040803102611030152638  | 0.0030601496266437757873  | -0.017570857569524957198  |
549   | 0.00076882022776262758015 | 0.0085894318228352008193  | -0.018952049478392182097  |
550   | 0.0034864050534980390444  | 0.0041331062095440436813  | -0.0051665512567558519522 |
551   | 0.0062872346298631512709  | 0.0023795238046673632647  | -0.017339624825390521218  |
552   | 0.00484044419399748925    | 0.005473273896287290767   | -0.0089102776877077877193 |
553   | 0.0031142026601699989048  | 0.0049624291652342221101  | -0.011770599657437836455  |
554   | 0.0017013212770554248226  | 0.0089217512578318829142  | -0.011046676894707441879  |
555   | 0.0070059614471996425542  | 0.0035280285767187264875  | -0.0022576830390043027379 |
556   | 0.0032379100096947784938  | 0.007821841242825842283   | -0.0044870528077574954942 |
557   | 0.0054891264935522836657  | 0.0054190675861202587324  | -0.01768769321661538621   |
558   | 0.002762818166384369608   | 0.0058052670437511158172  | 0.00063099382790107998858 |
559   | 0.007065819569972543214   | 0.0010743553345843931054  | -0.00057499073399656886948 |
560   | 0.0054943876661203375905  | 0.003617731729737706358   | -0.015416145587326722868  |
561   | 0.00057948825917224341866 | 0.0061351806025985869755  | 0.00013468070760832962884 |
562   | 0.0044844769749065975517  | 0.0070660441596121087438  | -0.0023781447927442430842 |
563   | 0.0070790065295661180542  | 0.0043657241231941402992  | -0.011403135179880837663  |
564   | 0.0047434460643383880366  | 0.0072528453343158353836  | -0.016059720385659878583  |
565   | 0.0071915090592718673712  | 0.0049542739192731605549  | -0.020614754464923650684  |
566   | 0.0042221704161313445766  | 0.0089717281016155510376  | -0.017665861923391180943  |
567   | 0.0088381101488971356567  | 0.00093703348264757325981 | -0.0024637197952888981699 |
568   | 0.0070973564785331332352  | 0.0011405407069511148358  | -0.021222429117792949993  |
569   | 0.0049044424809960504574  | 0.0039186962801230325673  | -0.014122520248631233175  |
570   | 0.0062661958896065945643  | 0.0098067550791221015649  | -0.0022551437921423918634 |
571   | 0.0097844447514309745156  | 0.0065340310399648188211  | -0.019712171345248559462  |
572   | 0.0042089582552550883904  | 0.00026295196995871819969 | -0.0034821034519213313677 |
573   | 0.00094250871651783128292 | 0.0069203670929346948471  | -0.0058425995455558890623 |
574   | 0.0066444839967770051928  | 0.0090455107452112066407  | -0.0071138397851563317173 |
575   | 0.0050666364507591741401  | 0.00029405773040017910711 | -0.015538026907830406256  |
576   | 0.0059341295085194589731  | 0.002702220021587724199   | -0.0052085708768568319757 |
577   | 0.0024819028622960074074  | 0.0079847374725729534234  | -0.018113517364691571199  |
578   | 0.0035005714076649565442  | 0.0074032118520459327601  | -0.0077390772292708041868 |
579   | 0.0048680185292319698778  | 0.00044153362173826322511 | -0.013537338822472948577  |
580   | 0.0064297209704059551244  | 0.0025035416615786605307  | -0.012146306859861601135  |
581   | 0.0080591806111812418906  | 0.0070032114758583410841  | -0.0059698232891902940772 |
582   | 0.0041645860862749919939  | 0.007317052517857729893   | -0.00062133913405599031608 |
583   | 0.009266602232518558746   | 0.0077013671476564614718  | -0.01019681518557314856   |
584   | 0.005349330644004873965   | 0.0087139874214198585062  | -0.017116681519142647183  |
585   | 0.0035376185740656675843  | 0.0025517230133531559194  | -0.0087426431420060176508 |
586   | 0.0076435512963519440174  | 0.0088872267600800941567  | -0.012527027470787707036  |
587   | 0.0018121634283814146409  | 0.003373966923895853863   | -0.015030373253628345406  |
588   | 0.0082184225599614794955  | 0.0041005039381878626015  | -0.015580679603344613909  |
589   | 0.0035107243762122941795  | 0.0070330327120128243931  | -0.009608959075381572762  |
590   | 0.00034070102268575822285 | 0.009290253580507910891   | -0.008011130633493096509  |
591   | 0.0030068481472376559945  | 0.0033632425707069211855  | -0.0050954991625307274536 |
592   | 0.0030995928649365702551  | 0.0007355253199530819349  | -0.017977582594124814214  |
593   | 0.0081417945056044202512  | 0.0081388373547746258041  | -0.014834125158102298703  |
594   | 0.0093496384742611914759  | 0.0072910574935673702276  | -0.0027392986824289126783 |
595   | 0.0024938653587890215538  | 0.0080061095032364481411  | -0.0059594958177106183844 |
596   | 0.0099928134842507711222  | 0.0075422634501402970042  | -0.012423599776372099002  |
597   | 0.0028713418791760569534  | 0.0080304723855056086429  | -0.012599049367580876513  |
598   | 0.0043354467981254855846  | 0.0044672402483950301652  | -0.013626941712557398556  |
599   | 0.00015688867243252255256 | 0.0069836551834880607539  | -0.00271285059421680309   |
600   | 0.0011914849858090039054  | 0.0014746734653988291964  | -0.015014335735336866232  |
601   | 0.0015772675042811687245  | 0.00097377970773335740824 | -0.016382429954608864614  |
602   | 0.0065799445729845789516  | 0.006298634753001308012   | -0.01209668790245545418   |
603   | 0.0025190137563820794338  | 0.0024657343618833013447  | -0.012883088688387261261  |
604   | 0.0092509844353160612662  | 0.0077550825631188865378  | -0.018147527249325633159  |
605   | 0.0070352347694033262257  | 0.0075188644363882476893  | -0.014260359837056549304  |
606   | 0.0089162204097950493314  | 0.0023894529092007826127  | -0.017348977794696233967  |
607   | 0.0017339384154097059552  | 0.00077726305437264542591 | -0.020199278426188061603  |
608   | 0.0040331411603207901334  | 0.006949144023820554017   | -0.0040176914392374791715 |
609   | 0.00037685328224123371263 | 0.00013549105376760579964 | -0.0095723000714228404645 |
610   | 0.00054651709803616192393 | 0.0020061628345116075227  | -0.020843252200556897091  |
611   | 0.0047972529097486497907  | 0.0056889745863391754169  | -0.013126135575454144985  |
612   | 0.0047523744144065040856  | 0.0085602631281061214441  | -0.00030270087290629990769 |
613   | 0.006594610348402313825   | 0.0096799123791354562546  | -0.014891130187302514462  |
614   | 0.0046343667414483471698  | 0.0030325942825582129399  | -0.017720950428484330552  |
615   | 0.0011579179587215527279  | 0.0089134352473974002434  | -0.0032457817944585775835 |
616   | 0.0092859235130904830419  | 0.0038786189823395754786  | -0.001904658421176933002  |
617   | 0.0065589382131835847686  | 0.0030954615561103724676  | -0.0029016281673174258195 |
618   | 0.0021869169914524718909  | 0.0070120771771428440367  | -0.0069352542456553208094 |
619   | 0.002108655104748160744   | 0.0085976252260647253317  | -0.0038941467186385009432 |
620   | 0.0077426453813681395816  | 0.0040178432686376599689  | -0.0046553580534473264912 |
621   | 0.0044016625211416356839  | 0.005800073536072108786   | -0.015343678407464009933  |
622   | 0.0019935957800942165699  | 0.0089936480042828899351  | -0.015913727830917347855  |
623   | 0.0031110417936627606655  | 0.0027799587283732821695  | -0.0099248699031760125033 |
624   | 0.00013048933524951414776 | 0.0053171562327295335271  | -0.0032886755738123132214 |
625   | 0.0067111067388414972004  | 0.0058301258124839813735  | -0.010495393611207463544  |
626   | 0.0016435105705342937903  | 0.00028512299579520688445 | -0.0037074464688309533185 |
627   | 0.0054687402815797739666  | 0.0094982591962192771534  | -0.014787682082006911588  |
628   | 0.0070481047822938108077  | 0.0082489932658409408778  | 8.1284486288823041742e-05 |
629   | 0.0075470717327977250924  | 0.0067554332317912120162  | -0.012324901634292608973  |
630   | 0.006141956990904512588   | 0.0094383067406246141939  | -0.0094323679389005498502 |
631   | 0.0088856827500403360448  | 0.0051861600948286974005  | -0.010496649580274798955  |
632   | 0.0053008949218654715513  | 0.006980715459099317774   | -0.016913950013294775515  |
633   | 0.0049397404134140779006  | 0.0018425128276609492508  | -0.0087227154301486760357 |
634   | 0.0036376115075640934153  | 0.0039093038517890796313  | -0.0038446961333365638896 |
635   | 0.0015216963824881391508  | 0.0026538314252756711742  | -0.0040766532738699748362 |
636   | 0.0007649561404378597048  | 0.0071416364911852043065  | -0.0075256417874016521413 |
637   | 0.0062154692712182565625  | 0.0027295667095433863956  | -0.021274648081535077471  |
638   | 0.00011503695473938387972 | 0.002545666556750733004   | -0.014872750947321527332  |
639   | 0.0070975890456316526045  | 0.0022884330353623140789  | -0.01025664307782909318   |
640   | 0.0030962589097819838597  | 0.00049891265075915631599 | -0.005681088963381026799  |
641   | 0.0058700468801136228975  | 0.0079010688776759603613  | -0.0051118746683702911623 |
642   | 0.00090609586967432202264 | 0.0087560451322790614631  | -0.0039872332284558876375 |
643   | 0.0089620142312428346942  | 0.0059837964988165553287  | -0.0012223595049413629298 |
644   | 0.0054135364056791170778  | 0.0093281508758087973432  | -0.016306189426659269126  |
645   | 0.0034786967063151308203  | 0.0093863835187602204235  | 0.00075461478922216485704 |
646   | 0.0023130738097174026284  | 0.0018473832984348705338  | -0.0063173576539685477246 |
647   | 0.0049131310930310327992  | 0.0037920907566910194361  | -0.013466529563880589443  |
648   | 0.0040768938557490313687  | 0.0062593261387467501525  | -0.014879008143242784812  |
649   | 0.0043174445164253002355  | 0.0061136047257556169754  | -0.0019067706737724580881 |
650   | 0.0033827199206277820849  | 0.0081448908304621835119  | -0.0041524642422362681785 |
651   | 0.0046754188969417185759  | 0.0065912468696724107325  | -0.0049212357411186078218 |
652   | 0.0026068144654179999792  | 0.005765121495815354706   | -0.0093629328185379917526 |
653   | 0.0064650889716115367972  | 0.0047942764563760707081  | -0.0012018473207488610931 |
654   | 0.0056018453079487769836  | 0.0080429692166872606557  | -0.0063782678933235227581 |
655   | 0.0051113673706454825288  | 0.0047664822117247079153  | -0.00036410332942470122891 |
656   | 0.0027940705777773945651  | 0.0028966133106409575407  | -0.00013906603030735409246 |
657   | 0.0081824165364882493062  | 0.0091924473518767112201  | -0.011041206180802464604  |
658   | 0.0056201255687930414331  | 0.0083809419853460714878  | -0.0065204822054128986838 |
659   | 0.0081485713673752797892  | 0.0045082391521357968386  | -0.0099985453793786649435 |
660   | 0.0064017816535876610404  | 0.0016124665248781783634  | -0.015196138599264188279  |
661   | 0.0010957497966218355829  | 0.0042272020131259415224  | -0.0092184027320895978175 |
662   | 0.0043226638741910754574  | 0.0081437918282578902751  | -0.001373831968176810912  |
663   | 0.0077416568131700039604  | 0.0019736382101900847366  | -0.013854287741512363516  |
664   | 0.0044367431659852298378  | 0.0026459989045303495929  | -0.0061811995446342639718 |
665   | 0.0021994498776743971573  | 0.0056974161694102265843  | -0.0021189864029505386077 |
666   | 0.0062780001285505830991  | 0.00093977056428175308796 | -0.013850546755193563972  |
667   | 0.0084050718165090462092  | 0.0020817548591303496573  | -0.0087281842405790132505 |
668   | 0.0055266399416633226957  | 0.0016901727278938133512  | -0.0046894565636602424455 |
669   | 0.009144694366895442933   | 0.0024773685521760394589  | -0.014549355169431564191  |
670   | 0.0020382996264044061369  | 0.0059207309955773565827  | -0.0066590584025549848235 |
671   | 0.0021749660620643696679  | 0.0079409468764463156387  | -0.015066134249113018531  |
672   | 0.0098867483416985799116  | 0.0058496749949113963432  | -0.010695846138219297292  |
673   | 0.0080517199753951714664  | 0.0049291145767223626395  | -0.020036262940377577019  |
674   | 0.007267689602109144581   | 0.0024322083509092117838  | -0.0098928417378305565089 |
675   | 0.0025615047947457397423  | 0.0040219417566881810952  | -0.017588230513099909619  |
676   | 0.0023809260382580961328  | 0.0099113128359126674571  | -0.0024101768359503128632 |
677   | 0.0062556588721949411488  | 0.0027866500032633356732  | -0.012700059858520740264  |
678   | 0.0024156021207408901429  | 0.0029217824751410614165  | -0.0017840503937665618071 |
679   | 0.0039145032392226553064  | 0.007481992098672068589   | -0.0057739972301419006592 |
680   | 0.0015957184194208130605  | 0.0068477241909214465326  | -0.011996331891720814211  |
681   | 0.0040237254933292833717  | 0.0013936789390039186487  | -0.0052442878813397583726 |
682   | 0.0012857864553048449583  | 0.00086382020628647299045 | -0.010650981262803789484  |
683   | 0.0044724404203068147956  | 0.0053559424000720490949  | -0.0033491075948823925169 |
684   | 0.00061996645376856689049 | 0.0019849778419239170503  | -0.015609049056675526959  |
685   | 0.0059390805368514818993  | 0.0017100876287184975117  | -0.018347209863103688954  |
686   | 0.0052760326510948585277  | 0.0037981544013950857726  | -0.015830272908181175495  |
687   | 0.0080155039856293144873  | 0.0048709371822674811525  | -0.0079520362128076768626 |
688   | 0.0036255372250880886498  | 0.0071717422045066703262  | -0.0058266708155414728351 |
689   | 0.0049371176624626580617  | 0.0066585833877810520973  | -0.0023313859291909946013 |
690   | 0.0063011283936935599814  | 0.0067218649086974256029  | -0.0094887973842824793053 |
691   | 0.0077894734058026110154  | 0.0044645520817095290037  | -0.0096708566433321655614 |
692   | 0.0070227227889695809787  | 0.0082434982317192342233  | -0.012600395890816171174  |
693   | 0.0075901053902172393659  | 0.0037689623583608881062  | -0.014364262536089730804  |
694   | 0.0077211775803513989572  | 0.0093740809201738484885  | -0.01086461714730368143   |
695   | 0.0047798729483525459125  | 0.0082387693274168453256  | -0.01836139906046206291   |
696   | 0.0020563997033405628616  | 0.002570493073292972469   | -0.014065000519392146724  |
697   | 0.0063453848571208282259  | 0.0045052928641468393059  | -0.014305712889756492384  |
698   | 0.0019232611739010002649  | 0.0088031166150843859208  | -0.0137370515432346154    |
699   | 0.0079542544707985694125  | 0.0010375653322879472163  | -0.010908376121367479444  |
700   | 0.0058386598399957218009  | 0.0019147658680542566437  | -0.0053468928060260313001 |
701   | 0.005039738609446830879   | 0.0061805192894705774861  | -0.016439635584827871212  |
702   | 0.005408997627064357494   | 0.0068102148125545403437  | -0.014054562533496954557  |
703   | 0.0040827263330222600055  | 0.0055175679903423195671  | -0.017012670520447699396  |
704   | 0.0028229067810288813525  | 0.0089168147397819391697  | -0.0075499884113401031366 |
705   | 0.0025653576980810832708  | 0.0091453606689091242188  | -0.003504539868632612111  |
706   | 0.00096779871899695460447 | 0.0082997226498753035734  | -0.018463490668621997115  |
707   | 0.0015547008389632176965  | 0.0082212425529910072852  | -0.018879531078168948488  |
708   | 0.0070482362069546602643  | 0.0044602354549530959238  | -0.0070946102317721495417 |
709   | 0.004618808255862086147   | 0.0019936726695039611035  | -0.012883540796394936725  |
710   | 0.0057751853228020675821  | 0.0091883173047577915843  | -0.010821406932202213419  |
711   | 0.00064181758575287527896 | 0.007098485833440656631   | -0.012559722752352137781  |
712   | 0.0045515249329562933178  | 0.0051334398938505223023  | -0.018507968407467333821  |
713   | 0.000843872274343699302   | 0.0060379405551333475977  | -0.015589623620532596163  |
714   | 0.0011179804102200328279  | 0.0054103270377306895977  | -0.01895089280258764261   |
715   | 0.004657845110471529361   | 0.0090835140104605967964  | -0.015628835699310828639  |
716   | 0.00014109064557329682559 | 0.0075353661296688780047  | -0.012170024950710263759  |
717   | 0.0028761731709923080841  | 0.0089561324336334766777  | -0.0063732545301734503523 |
718   | 0.00439424631357532465    | 0.0069272764694859444851  | -0.01071989154255650542   |
719   | 0.00927780935159353351    | 0.0042015763529259951212  | -0.018222968680131974156  |
720   | 0.0066455981587723459217  | 0.0078520464951122165287  | -0.020910795023426270722  |
721   | 0.0069319350167016922926  | 0.0048924665748461305947  | -0.01134917933068538623   |
722   | 0.0021435351262065484822  | 0.0067210304136929343091  | -0.0048191680429767388971 |
723   | 0.0042037585258369323041  | 0.0049095782249552744059  | -0.0075717128322449244252 |
724   | 0.0073150683821526550979  | 0.0054288089370532807004  | -0.011700960883028086248  |
725   | 0.0087770770464239856318  | 0.0063432824805226750361  | -0.0084170539717233327365 |
726   | 0.0030563146914559902005  | 0.0071105998493130656221  | -0.0084926316920024471496 |
727   | 0.003321274035992400394   | 0.0030426218246883446512  | -0.0076040919225227650985 |
728   | 0.0049476836626843523001  | 0.00058005323827863745998 | -0.002393281836292478551  |
729   | 0.0099399911881879205594  | 0.0063136490253882741192  | -0.012106612023406033291  |
730   | 0.0084445622747674094211  | 0.0028416993161393040192  | -0.0027193997786586782822 |
731   | 0.0058228189763864807854  | 0.0018409967240143325536  | -0.010085909130696145419  |
732   | 0.0043306418038513219693  | 0.0098863092361727352569  | -0.020947249376285104888  |
733   | 0.0080379684299638487488  | 0.0084542119441477336234  | -0.011186989847974363951  |
734   | 0.0050793252325321463017  | 0.0043838662008502098794  | -0.011731648177054437854  |
735   | 0.0045898102105945658147  | 0.00030439268986793784934 | -0.0050554807980228103764 |
736   | 0.0093436454976647057014  | 0.00028036916000538690888 | -0.0010785330177550277089 |
737   | 0.0061205930668233581721  | 0.0080114835985209010422  | -0.0081208834406268168987 |
738   | 0.0022951647780238932858  | 0.0072750943699160120631  | -0.014577029419084593445  |
739   | 0.0071318446478784072035  | 0.00082126878328058275369 | -0.019626906720518508959  |
740   | 0.0066145839006959642609  | 0.0033476651541374372913  | -0.016626129542804807954  |
741   | 0.0017618586786385087139  | 0.0068673831274621505508  | -0.0024813459809605322402 |
742   | 0.00083217713949740215306 | 0.0046594708932876640825  | -0.0016758602340853421923 |
743   | 0.0035885729270553039932  | 0.0047442352951971855646  | -0.018592407253832005792  |
744   | 0.0089193188225652302037  | 0.0049745251724070786714  | -0.011906751748433044846  |
745   | 0.0016819886853603192075  | 0.0064366372396663443234  | -0.013335867367664053229  |
746   | 0.0068184963648022329716  | 0.0036386128985512085354  | -0.0032818045450600532263 |
747   | 0.0045858100209054128774  | 0.00060418979980596048632 | -0.007907513996009368426  |
748   | 0.008612044431698960556   | 0.003164831569190715288   | -0.012840096973253768003  |
749   | 0.0099599223759764439479  | 0.0041502862259226586117  | -0.014930444857959352181  |
750   | 0.0080835635779063236966  | 0.0019024775752793383465  | -0.0040042994390270744698 |
751   | 0.0045027812895179339034  | 0.0067622402141575494242  | 0.00086115604900925408604 |
752   | 0.0020279739045206295923  | 0.008693132202688238705   | -0.011015821637260118232  |
753   | 0.0073624344568367916519  | 0.0089649435168200064528  | -0.0047403199155486011249 |
754   | 0.0059866542242518463665  | 0.0080359467171546017372  | -0.0057037818590700735399 |
755   | 0.0013650442999715492725  | 0.0081172021006183005948  | -0.0083176950432902654192 |
756   | 0.0084908107217846178622  | 0.0091010238969332982184  | -0.0062065411305342920237 |
757   | 0.0063897839101968948589  | 0.0043950744733382909879  | -0.01345358782005065014   |
758   | 0.0031038493531441789346  | 0.0023424295664536218947  | -0.013566915671848074273  |
759   | 0.0042098873939997033533  | 0.0099578404955508563468  | -0.0082010391157667870271 |
760   | 0.0015484272730462919632  | 0.0095905951709262214633  | -0.0097889521061763993398 |
761   | 0.0033831331813126961673  | 0.00883304231367915485    | -0.015235242960255674857  |
762   | 0.0079191115961797266254  | 0.0037858247360792888006  | -0.0098225703586930189493 |
763   | 0.0081410707172330995518  | 0.0040029632077221996914  | -0.0095391958825068959987 |
764   | 0.0065081895226058398413  | 0.0050678866993907308383  | -0.011427261431752981646  |
765   | 0.0019847462295742267224  | 0.0050082820151303520176  | -0.0076980384498373565297 |
766   | 0.0077236013505633293111  | 0.0068503442598184440676  | -0.019108417591393530438  |
767   | 0.005302809188772214348   | 0.0020699991543900587813  | -0.01287929913802841192   |
768   | 0.0036035350403553234079  | 0.0005262057539548409095  | -0.014525291593433263537  |
769   | 0.0014587487825823679949  | 0.005650587920670085626   | -0.0077399169618987484834 |
770   | 0.0010441086951993353536  | 0.0089160810292385275777  | -0.0032363496884935893071 |
771   | 0.0071800455065223556597  | 0.0062327279881640596654  | -0.0054337079944593537004 |
772   | 0.0029416828559035387326  | 0.0094809964131204512577  | -0.019235671447253722965  |
773   | 0.00050790094560850798568 | 0.0018952651178553063874  | -0.0050700567904474148559 |
774   | 0.0076313203820039801281  | 0.0089015769214691453648  | -0.013661523618141836398  |
775   | 0.0085027137279199017234  | 0.0040859147638765734925  | -0.010827937448040491145  |
776   | 0.0032534583863741976979  | 0.0056571385620362985014  | -0.014575524293720396388  |
777   | 0.0086309819019703502146  | 0.0051938305450998306992  | -0.0032298746160731440884 |
778   | 0.0019633982203713993935  | 0.00011873807489181838757 | -0.0018491707207942836583 |
779   | 0.0049229690794775462018  | 0.0043149521818594991848  | -0.0048975959694682966866 |
780   | 0.0077739533963433280622  | 0.0061960455159051665286  | -0.014718144594573821446  |
781   | 0.0020968679688500397804  | 0.0033249697214997346248  | -0.0032816436926478230983 |
782   | 0.0016853489797057162169  | 0.0032382905475516442217  | -0.017113148952921479473  |
783   | 0.0029990964917625522607  | 0.0056056039751769485419  | -0.0032394764694559457195 |
784   | 0.0082563984212324654371  | 0.0037295898275773501328  | -0.014181681645182946799  |
785   | 0.0014473147857415060401  | 0.00061432131781116066423 | -0.011851709261216501756  |
786   | 0.0041030595650898993992  | 0.0064932816786692597322  | -0.0078018780230996384595 |
787   | 0.0026228700710359464585  | 0.001143002012177952607   | -0.0012284067825116852524 |
788   | 0.00083459234854596638879 | 0.0060985240615048230683  | -0.01447448878723745988   |
789   | 0.0053374836474887445495  | 0.0052500821075831581933  | -0.016790857963322421142  |
790   | 0.0049040021410369132385  | 0.0042205751511669511999  | -0.011163285326477905696  |
791   | 0.0012824203220994205305  | 0.0091059679033644782414  | -0.017200488347468095851  |
792   | 0.0032582890120205435652  | 0.0022703564961338751522  | -0.0052993717632995891026 |
793   | 0.0062076032080751845921  | 0.0015742681464477139598  | -0.0022038773906583124761 |
794   | 0.0094047869186505237554  | 0.0061137234379553774197  | -0.021252418444859703245  |
795   | 0.0041676717469619154605  | 0.0070177005594164454383  | -0.012001739297691075767  |
796   | 0.0046644256827369518642  | 0.0067404985846547787326  | -0.0032160679130430170312 |
797   | 0.0019703539174393191677  | 0.0066678081618344719333  | -0.011776814112658179692  |
798   | 0.0029642191038666489307  | 0.00051930740117435653189 | -0.0017514055725428659144 |
799   | 0.0069917237603657087994  | 0.0024122047554070678854  | -0.017563793162556247396  |
800   | 0.0070149408054346077887  | 0.0080296389328208487429  | -0.0089243993002970350287 |
801   | 2.0073213367292481573e-05 | 0.0020556264296065548253  | -0.0029969494933371402905 |
802   | 0.0030997720874694186313  | 0.0095397454365732554937  | -0.0088348604108237881183 |
803   | 0.0079209146152850479911  | 0.0083790437127351114627  | -0.005248607246998506469  |
804   | 0.00090233770009605005196 | 0.0039731781306209012009  | -0.01729914041618576051   |
805   | 0.0028660062288874631718  | 0.0040538197621406840687  | -0.0097491510232514035778 |
806   | 0.0023873398716738199708  | 0.0038978944608920617666  | -0.0035483121766166211483 |
807   | 0.0019551163254091247917  | 0.0081896235833521981856  | -0.0021798332066794959445 |
808   | 7.7302658709340598959e-05 | 0.0021682007621605793417  | -0.017882340541602592676  |
809   | 0.0031077761239351178388  | 0.0041927323629872967001  | -0.012572802213919133385  |
810   | 0.0070332594699340795358  | 0.0035303571475050676484  | -0.0023683363807802068103 |
811   | 0.0075267862809710438937  | 0.0027236601747116940403  | -0.020436106716810991529  |
812   | 0.008373708727375644631   | 0.0049706712501218722894  | -0.01618789168308719037   |
813   | 0.0062705684071674211086  | 0.0046529422017185639165  | -0.0054549865125156794116 |
814   | 0.00450515340377013844    | 0.007508369624778583884   | -0.014496245235536024329  |
815   | 0.0042009447205992528698  | 0.0036083076802814338831  | -0.013958198438407315445  |
816   | 0.0032415717885581687985  | 0.0041059408840603515978  | -0.013998868060857243972  |
817   | 0.0090668013101995823672  | 0.0015132796862251595652  | -0.0036330663812588715952 |
818   | 0.0076666976028779689964  | 0.0053157943886275975387  | -0.0040326790627476551132 |
819   | 0.0033541174916195265476  | 0.0059376997669112769468  | -0.0072375499764173005512 |
820   | 7.1142419132115805092e-05 | 0.0015256292629020988798  | -0.0088983060881497304945 |
821   | 0.0066283710438601109449  | 0.0095655599643002069132  | -0.0047818717321498034958 |
822   | 0.0023206861162128346841  | 0.006646097889609968272   | -0.0077234229112291422417 |
823   | 0.003305238895124499969   | 0.0026238709960535637825  | -0.019532255160233095992  |
824   | 0.0058896948529075206571  | 0.0016897896538791235075  | -0.011960232906921264978  |
825   | 0.0064482566585532911929  | 0.0056257963292253845497  | -0.01462429522028752156   |
826   | 0.0076887924478248005286  | 0.0069078468335053372709  | -0.014044587532699905758  |
827   | 0.0090395358212498246736  | 0.007378073128156666452   | -0.0017199478029392095777 |
828   | 0.00012786132971733549387 | 0.0050221121660291717648  | -0.014018346562661269245  |
829   | 0.0012328560933184706284  | 0.0073489784292265014978  | -0.0061168828814161177454 |
830   | 0.0028215260895554047406  | 0.0039445050263144836381  | -0.002253898111386710458  |
831   | 0.0038958425956606515007  | 0.0076073526682013956415  | -0.00089503084659455422675 |
832   | 0.0054505440155139120786  | 0.0023144157915637956352  | -0.0074094278530604084504 |
833   | 0.0090623190084920500487  | 0.0048434048252762708711  | -0.0048772121305621172344 |
834   | 0.0047412114238414250142  | 0.0079121235777226180813  | -0.017580155915110383391  |
835   | 0.0075135829242082676285  | 0.0094596478116174970152  | -0.013188280937739466081  |
836   | 0.0098837923914404830772  | 0.0010944689759969255562  | -0.0073749539427657787027 |
837   | 0.0080987393174893670261  | 0.0026887793019414415498  | -0.0062028521366190572314 |
838   | 0.0065941173730090282129  | 0.001355597446969154015   | -0.016037844103702333931  |
839   | 0.006738820674616664147   | 0.0027075333145283220389  | -0.0021528789372924884114 |
840   | 0.0092183521726177525268  | 0.00051149003860373758092 | -0.0065302679897723927074 |
841   | 0.0064139192999741415774  | 0.0011667251243186798834  | 0.00057490601365459885561 |
842   | 0.0028975461848822900088  | 0.0065644925109145909128  | -0.0021865189291863920337 |
843   | 0.0065733252217079042937  | 0.0073559378747588286332  | -0.013772749005507683648  |
844   | 0.0038273888247011122327  | 0.0012396730944110759091  | -0.010128355746265794296  |
845   | 0.0096560647599342550734  | 0.0025014206325576584557  | -0.00014794129915685899222 |
846   | 0.0086295142862680886825  | 0.0022913759242133503909  | -0.0053484398670617609023 |
847   | 0.0092487038508006907955  | 0.0074794243550217846817  | -0.0075584937253796342926 |
848   | 0.0043865083397685942362  | 0.0015281613732452735497  | -0.00055530512050456864136 |
849   | 0.0062839016777179500586  | 0.005142579478316604627   | -0.00017459272337574813444 |
850   | 0.0040968195183121265332  | 0.0035682920044519672587  | -0.0088934939382660869317 |
851   | 0.0050221496374769506246  | 0.0067535525345686136731  | -0.017511134362780976514  |
852   | 0.0051575905254132121611  | 0.008825528998058494376   | -0.011306021422281632705  |
853   | 0.0092863907018628823187  | 0.0031688357404791264206  | -0.012457236423074415782  |
854   | 0.0079695988151463545424  | 0.0093194511499359884016  | -0.0050881155736022028874 |
855   | 0.0001465643247328503253  | 0.0037248589037767077144  | -0.0014539835272337894509 |
856   | 0.0098438196193736289541  | 0.0031400741000798524684  | -0.00375921252000022783   |
857   | 0.00820039376093521441    | 0.0076348412076118277528  | -0.01409819673367028979   |
858   | 0.0054906606504205607983  | 0.003074338099504180747   | -0.0060280379848847180299 |
859   | 0.0020265739499815732701  | 0.0053629863322880826082  | -0.011184502857826236072  |
860   | 0.0077341499548229976357  | 0.00074915696092464427978 | -0.0057327070212781407882 |
861   | 0.0011583197540394473031  | 0.0024224127190065631449  | -0.012483523748686558771  |
862   | 0.0088425329396458699632  | 0.00068746464229032350993 | -0.018365036960636474395  |
863   | 0.0011627167446223683756  | 0.0073098148267086290528  | -0.0030001893187744945422 |
864   | 0.0038527557212612449818  | 0.0045145187253622263632  | -0.0080892296003714034974 |
865   | 0.0057691044235169434626  | 0.0042338146166561148667  | -0.0026305722653262482436 |
866   | 0.0053414454012563070476  | 0.0096603074320587446061  | -0.0075753185491729867554 |
867   | 0.0049805241999086643373  | 0.0057922117327797320932  | -0.016109775910547720346  |
868   | 0.0069076561836533293889  | 0.00784015185819941611    | -0.0073358695459407588166 |
869   | 0.0036950304489758827031  | 0.0049634527746645062951  | -0.01525631830238349286   |
870   | 0.00018297584843533854838 | 0.0037564490123291514011  | 0.00030907396063163938013 |
871   | 0.0081367165992806689268  | 0.0017659025225166093739  | -0.018920806314215079386  |
872   | 0.0039758710467920899134  | 0.0022591553390640690263  | -0.019408269074806836635  |
873   | 0.0077416562685212603201  | 0.003448797847501915842   | -0.018254774333206196663  |
874   | 0.0058245711587430618397  | 0.0014113396820913345388  | -0.0010616621308658558045 |
875   | 0.0064614601554596950636  | 0.0064375078911070634374  | -0.011655850755346156     |
876   | 0.0045136204747694376113  | 0.001593801938973470533   | -0.0051240400338872470198 |
877   | 0.001126183598871657995   | 0.0053024291698840174403  | -0.0076672423166567055253 |
878   | 0.00041153262146757346425 | 0.0034369943663402867384  | -0.020966032392913554888  |
879   | 0.0055939844220263103616  | 0.0080447790515281083351  | -0.007339411615401326798  |
880   | 0.0061476602079248675314  | 0.0055617216921617310815  | -0.0060340564656772930491 |
881   | 0.0043066064649270145714  | 0.0044953214722438655793  | -0.010853241235328863618  |
882   | 0.0054794032137060032922  | 0.0059561130972642433931  | -0.0123403086408694386    |
883   | 0.0074819758960509418627  | 0.0054480798211596643404  | -0.0053387125903979100461 |
884   | 0.0081568842622098871459  | 0.0093272272462987977637  | -0.017586503280467950805  |
885   | 0.0095398010252151811683  | 0.0014626465694500111886  | -0.010123341668910429761  |
886   | 0.0044448633985265939561  | 0.0050986953718406670746  | -0.0056558551572785430508 |
887   | 0.0024760771248890319808  | 0.0016628373016124103033  | -0.018715100837422973118  |
888   | 0.0078214229784258331585  | 0.0030690333271261079767  | -0.01251028874377776122   |
889   | 0.003678599329965906873   | 0.0096532234639527553927  | -0.016134575729020723955  |
890   | 0.0054473620675228040522  | 0.0070783679457444240862  | -0.020260241019644024268  |
891   | 0.0039271565543994952849  | 0.0063746483277549092702  | -0.0028240906915577182294 |
892   | 0.0057566807794724511246  | 0.0090922040306755918387  | -0.0081280008203267421069 |
893   | 0.0062401635306252563676  | 0.0048745025734266041184  | -0.007730065858350967066  |
894   | 0.0066127902898035243948  | 0.0048261807648535591866  | -0.00083534257697280231165 |
895   | 0.0045484708255300919724  | 0.0075647477349064682836  | -0.0090585939822342212424 |
896   | 0.0021839934366541273111  | 0.0014855771096713955241  | -0.018626900766375478757  |
897   | 0.0090543569019206730786  | 0.00035517110695022573955 | -0.013517469449236372767  |
898   | 0.0023505398225115532382  | 0.0042483865472329003163  | -0.020232284945404556409  |
899   | 0.0019025755896886899048  | 0.0040467733143076016836  | -0.013040499815981654308  |
900   | 0.0051609823298172973274  | 0.0084094869176705982355  | -0.015853076614121150434  |
901   | 0.0050990196622435106713  | 0.0071911070431340132561  | -0.016141356562385279771  |
902   | 0.0052470987532379480961  | 0.001025917766947448146   | -0.0071329644921067046626 |
903   | 0.0061742320998117291783  | 0.0070004756943414063464  | -0.0064433117405995341334 |
904   | 0.0037917911977816990896  | 0.0093522267468614372204  | -0.018470293053742425915  |
905   | 0.00727165558532797459    | 0.0065877887828427860589  | -0.012388477927768719658  |
906   | 0.0079514931197344675823  | 0.0039604746141065315379  | -0.018370959776799426072  |
907   | 0.0036955641755459342664  | 0.0085855354126244069063  | -0.00059428459616960754072 |
908   | 0.0032248465645760833291  | 0.0048047311210333808196  | 0.00085705722430943196734 |
909   | 0.0065511125080603433563  | 0.003035645521963887053   | -0.00031384066171718166339 |
910   | 0.0031894671705883742389  | 0.0068101233990629514783  | -0.0069333912339177451029 |
911   | 0.0097095685675362627953  | 0.0084152052201330786868  | -0.0025815767468839469732 |
912   | 0.0088527275348193879001  | 0.0044034347897284869394  | -0.001141930789601006092  |
913   | 0.006005416178534284978   | 0.0050272362360698763517  | 0.00018191447732862010465 |
914   | 0.0027564664820243782624  | 0.0041308850257353469521  | -0.0098548592116770861171 |
915   | 0.0043365362502520640731  | 0.0034033285546546214462  | -0.016844881515303351122  |
916   | 0.00048123182332162234591 | 0.003533355189469682741   | -0.020592959003157773612  |
917   | 0.0029734062775486724654  | 0.0005047471950911064072  | -0.017357789325840630723  |
918   | 0.0027272214534479520889  | 0.0033365149845006737521  | -0.0022099325246157978074 |
919   | 0.0020578876417645438485  | 0.0071670068131048179222  | -0.02085780645566303812   |
920   | 0.0085434006852503924928  | 0.0092544120662876889344  | -0.0069759510563889050305 |
921   | 0.0033364332625190869577  | 0.0037467058521702140822  | -0.0023164456695692571195 |
922   | 0.0058106980971633559116  | 0.0029463427129995311757  | -0.0070688058540076979461 |
923   | 0.0056565396396306352744  | 0.0077432819416469308646  | -0.0065152274560197854722 |
924   | 0.00078163149201286097941 | 0.0075496561964148020327  | -0.0076404037623491660378 |
925   | 0.0038295192215524582156  | 0.0038693085335955081788  | -0.019028263819468236445  |
926   | 0.0064590868855370388302  | 0.0011759512007272336122  | -0.021128883136012192173  |
927   | 0.0014166947999602001046  | 0.0067244129539329655296  | -0.0072551426203156946584 |
928   | 0.0041277615447760018438  | 0.0092106412555588122737  | -0.0087343540922320481168 |
929   | 0.0074278118191495922165  | 0.0066632751180984699929  | 0.00082145056710500232583 |
930   | 0.0062825273801296772913  | 0.0041373961628459292317  | -0.0049350997610367068266 |
931   | 0.0048677504762066718669  | 0.0018189726567958304764  | -0.018009104215096039675  |
932   | 0.0085541733652429400442  | 0.0053643042752288391459  | -0.0039948198246969896658 |
933   | 0.00057740860780011043791 | 0.0042060428329732208949  | -0.0044986621987122138444 |
934   | 0.0033044115749442017765  | 0.0073316571541690292099  | -0.01307972024606066791   |
935   | 0.0025429415510035335499  | 0.0072109202083145045384  | -0.016720310107682361672  |
936   | 0.0029336647400468565845  | 0.0024983914009872958649  | -0.018511682946133589667  |
937   | 0.0030927974515786472998  | 0.006225488812179414376   | -0.018266053543359615091  |
938   | 0.0062022677109946060953  | 0.0026472264402091342551  | -0.015165331178131846723  |
939   | 0.0053219092080608008943  | 0.0036880710401528088264  | -0.0026474882372832129682 |
940   | 9.6851491873807009554e-05 | 0.00024023452991881388482 | -0.018754856183872216369  |
941   | 0.00070349388091513686497 | 0.0038487160954411483299  | -0.00017169791819601149863 |
942   | 0.0017998283725775357251  | 0.0033484744068261003067  | -0.0096960353212466963285 |
943   | 0.0061557226700830391594  | 0.0082894716621116221189  | -0.0014139765698244371496 |
944   | 0.0092422939009510884228  | 0.0072758293641420725487  | -0.017006187993053117902  |
945   | 0.00092602508545661804413 | 0.0070975807688386819902  | -0.0063632621038274559191 |
946   | 0.0074545526084211751264  | 0.0046842893183641574201  | -0.020367172996280841907  |
947   | 0.0083763585933695153957  | 0.0074919805780314305266  | -0.0032111486755401013292 |
948   | 0.0080705820932431438647  | 0.0066734151476473381817  | -0.017295399429839694583  |
949   | 0.0061341162284415332723  | 0.00062276674680634665562 | -0.016525108339065532753  |
950   | 0.0056583263396777858795  | 0.0085908753880600940284  | -0.012709766584652379406  |
951   | 0.0038837728536607100081  | 0.0057788116427890615784  | -0.0038612043630686602308 |
952   | 0.00023771919070006628503 | 0.0067680100590542368461  | -0.016586694427926120671  |
953   | 0.0078135827057533528001  | 0.0064537312447882121472  | -0.0207516192249125285    |
954   | 0.0027037600533455054611  | 0.001610100463874863377   | -0.0082259975132193980524 |
955   | 0.0035034149571342072284  | 0.00034321373900570800947 | -0.0071155330190900093618 |
956   | 0.0062543293348805610934  | 0.0031375565825937424581  | -0.010721482743008480323  |
957   | 0.0070455502075834341991  | 0.0054227026848447396762  | -0.013644027075384668538  |
958   | 0.006398567482564455379   | 0.0087869536357093845635  | -0.010336635553604823709  |
959   | 0.002039638085021167925   | 0.0097189298685849360299  | -0.0103343751071398645    |
960   | 0.0035580367912111496471  | 0.0047895454265607833103  | -0.0057406458075606493774 |
961   | 0.0032678882962309295859  | 0.0074254033857779214514  | -0.016679678637743049208  |
962   | 0.0071502639811096835309  | 0.0042448658356262483279  | -0.0099238802319649935951 |
963   | 0.0061535486831857571025  | 4.0862266371499303224e-05 | -0.015653194724495601148  |
964   | 0.004081970482372566239   | 0.0066394395150308552211  | -0.0089817758720887007351 |
965   | 0.00038699741761904880724 | 0.0090188890937269970693  | -0.019108488586759380529  |
966   | 0.0074601984227018218118  | 0.010003690175770381734   | -0.0073144795518193250761 |
967   | 0.0030806470445774664438  | 0.00550333728896405458    | -0.014983436354413270583  |
968   | 0.0047238636388496138552  | 0.0017132342943136221955  | -0.0014122157285260134724 |
969   | 0.0063640215677423653609  | 0.0016854208650471521561  | -0.020111772959089495305  |
970   | 0.0031501490320002111661  | 0.0032037090059602296027  | -0.0084968558928717810574 |
971   | 0.0088097631386388035313  | 0.0071189373912952380596  | -0.014861599494656468207  |
972   | 0.0071850590401129977094  | 0.0072157988779292638395  | -0.012938529344862078826  |
973   | 0.0055371478988389512613  | 7.9047536225652846836e-05 | -0.0095989331812095322199 |
974   | 0.0069523561161755152021  | 0.0025615598446702587954  | -0.01871364962637911411   |
975   | 0.0012152598676954909796  | 0.0034403502863453870771  | -0.0086219398547409155376 |
976   | 0.0021371954674809959078  | 0.0074214383567194723568  | -0.00010005473891028209682 |
977   | 0.0065915228925928952622  | 0.0084953476563941702354  | -0.0052342561559508300056 |
978   | 0.0063966638524077619118  | 0.0049423144450896246138  | -0.011032980400626602596  |
979   | 0.0083784732597698471229  | 0.0014114041156679270599  | -0.020740598555765720618  |
980   | 0.0042575275517672513462  | 0.0064038811526520222558  | -0.015730945929838712621  |
981   | 0.0094810943722675334461  | 0.0016778411042795290335  | -0.017262718089995701676  |
982   | 0.00046449072090629496632 | 0.0068251708801694609477  | -0.0054444217612985628882 |
983   | 0.0046877616243700829038  | 0.0070732928624043199528  | -0.015020567830028983339  |
984   | 0.0041885210526360870664  | 0.0059117228404949994508  | -0.016080234510470584747  |
985   | 0.0097203274707895245127  | 0.0015104271213097935408  | -0.016417483464941842047  |
986   | 0.001240556402761414578   | 0.0057386886981533880014  | -0.021030125874627193794  |
987   | 0.0066610064018647208856  | 0.0059860450227478207222  | -0.015400886543017047042  |
988   | 0.0038593855906512127343  | 0.0091665433407466488658  | -0.002999358358305256704  |
989   | 0.0018021109554784144838  | 0.0025741149906373188803  | -0.017959287430785599027  |
990   | 0.0051092040885597255276  | 0.0042524051162629462192  | -0.012118513900952197423  |
991   | 0.00081672590082182958994 | 0.0099804522773014169718  | -0.019319852107885362308  |
992   | 0.0022095426469252205277  | 0.0098515400514545756194  | -0.00015704995508373644311 |
993   | 0.001618374854233572014   | 0.0012921651399931519035  | -0.0012796860915541671735 |
994   | 0.0087175236181689201576  | 0.0046704789344916104385  | -0.0072744010578140727574 |
995   | 0.0003966800826350566243  | 0.00094877443209265548574 | -0.013056632981522202364  |
996   | 0.0077991014499380461461  | 0.0099665481082262009915  | -0.013601862457209110135  |
997   | 0.0056943039931028590142  | 0.0091521869313537472512  | -0.0011513467874838304549 |
998   | 0.0084343006776348497522  | 0.0035985357553924251887  | -0.010033248956133163782  |
999   | 0.0034571277341577059256  | 0.0024941743338492226162  | -0.0035644722177939963323 |
