N			X			Y			Z
0     | 0.0057468745214762986806  | 0.0097584706581259044594  | -0.0047671886518071302993 |
1     | 0.0048081842182680269854  | 0.0090629838391987193463  | -0.0030833375254780419523 |
2     | 0.0030420498823756168122  | 0.0067472353390088104716  | -0.0090492624890894778761 |
3     | 0.0037077705701389581695  | 0.00099098602587943413617 | -0.010884369911764583613  |
4     | 0.0047477553433223265017  | 0.001479681393592187106   | 0.00093852012326531199932 |
5     | 0.0065934459661043560985  | 0.0010311626737159677435  | -0.0040160276434804140569 |
6     | 0.0032160222612405598049  | 0.0079543171406045876798  | -0.013545527046045587397  |
7     | 0.0059426041950398390823  | 0.0015831488029666360411  | -0.015509277851634518247  |
8     | 0.00084433295511921867965 | 0.0071792426742365690953  | -0.0044686955801708410155 |
9     | 0.0035642944496008673559  | 0.00073493485755319644392 | -0.010003651424400916009  |
10    | 0.0077824818108509262807  | 0.0030250656379302623931  | -0.002152521215726806332  |
11    | 0.0044812115730270543276  | 0.0082030915255631737387  | -0.0091135931399257442964 |
12    | 0.0030946402201854849266  | 0.0036991163941729647904  | -0.01588767542853707776   |
13    | 0.0086259889043423972066  | 0.007008066962666864054   | -0.0089608515752972687368 |
14    | 0.0058624440976602553918  | 0.0093941437447335029293  | -0.0032757668141142918736 |
15    | 0.0039907918955258362553  | 0.0064824502647147343518  | -0.0079458081584104639505 |
16    | 0.0032537087391173941456  | 0.008417856210915283105   | -0.0034912222265961923191 |
17    | 0.0014779346853116457315  | 0.0089019412813069170171  | -0.011130457779210097338  |
18    | 0.004597656355983167735   | 0.0097790407608376508225  | -0.011816877479811827359  |
19    | 0.0065100232646872644923  | 0.00079324033380097195862 | -0.010216826341622377988  |
20    | 0.0041704496162867496153  | 0.003200993455310264385   | -0.012045652086087861241  |
21    | 0.008454804451756666589   | 0.0047915386626977037043  | -0.0072040344626616049928 |
22    | 0.0062174258959939417493  | 0.0018411601873435407429  | -0.0051656635397721809705 |
23    | 0.0059718298798245271486  | 0.0065616893464141047565  | -0.011714965176039270761  |
24    | 0.0079335037041139942759  | 0.00077437892678494494886 | -0.00098718471843512725292 |
25    | 0.0076207861118279289145  | 0.0018236009760478003993  | -0.0017528457135551908999 |
26    | 0.0029254483924467267891  | 0.0091561136926785469115  | -0.0065517621128142675135 |
27    | 0.0029260762452888878365  | 0.0046464129971093047836  | -0.011263745845559223688  |
28    | 0.0052662042417291254556  | 0.0073063347660786417612  | -0.014397398358419596573  |
29    | 0.0044153873326435609178  | 0.0032649424651221290242  | -0.012372423424734301997  |
30    | 0.0054018234156282844347  | 0.0019487392609954809833  | -0.01195162286470276454   |
31    | 0.0040877876682444734893  | 0.0024362671949565727937  | -0.011593176336478959454  |
32    | 0.00280160224798209085    | 0.0054786722271735243187  | -0.0077319538875780568013 |
33    | 0.0019595840094495061735  | 0.0091482244419034460664  | -0.0026676764766342350201 |
34    | 0.003630873492359671436   | 0.0081279213327345566781  | -0.0019340943740634626308 |
35    | 0.00095544540716481387958 | 0.0055609166941618919794  | -0.013026413764405655668  |
36    | 0.0093560859655375406413  | 0.0096833836103992158156  | -0.011256427358897881305  |
37    | 0.00018171212616830236582 | 0.0054834156266046025704  | -0.013835891029022061999  |
38    | 0.0060640437767622117071  | 0.0067769933362557301104  | -0.011282187800518862081  |
39    | 0.00074566050608626901521 | 0.0032034463640302681536  | -0.013903475627621404709  |
40    | 0.0060275898253179197722  | 0.003261542249782248791   | -0.013331107320904825309  |
41    | 0.0077332323756389874034  | 0.0044101557192888132114  | -0.0092077036938233037394 |
42    | 0.0067044203712401558015  | 0.009324867455783807102   | -0.0030496131565990302476 |
43    | 0.00054987864900622848881 | 0.0030138712634046643975  | -0.0039172738797240546499 |
44    | 0.0023508022137622261623  | 0.0065988561395847735933  | -0.0034851429283271192702 |
45    | 0.00061157275486339683895 | 0.0026341913880537576667  | -0.010697007790259057541  |
46    | 0.003542581870716059525   | 0.0016405771595519821372  | -0.0057400921897099183716 |
47    | 0.0033875126028506947866  | 0.0031875360770490658406  | -0.0052391618218035193241 |
48    | 0.0049241269374295506753  | 0.0079026431059303781784  | -0.0017824372322567784768 |
49    | 0.00360422465432872971    | 0.0060425800987731889333  | -0.010753827160418782949  |
50    | 0.0044927478520728567762  | 0.0069755993006259979158  | -0.013416623974931818353  |
51    | 0.00076820974823726690794 | 0.006585329623295404014   | -0.0084118624524486713956 |
52    | 0.0036221782346924098067  | 0.0053369389031450451336  | -0.0070162533606557119653 |
53    | 0.0088777453658348184223  | 0.0081365561069133198607  | -0.011488611130551251369  |
54    | 0.0016265680004103292167  | 0.0057754965657805202792  | -0.0060330124070465621783 |
55    | 0.0053977485293029729349  | 0.0089043665536942141064  | -0.0041884224919198544818 |
56    | 0.0087124669878745220758  | 0.0037912073888727391285  | -0.010140055110375566574  |
57    | 0.0029644720195142978438  | 0.0084292372549832194489  | -0.0027032284804739807084 |
58    | 0.0018814049141495806181  | 0.0093478227445638641113  | -0.0094415095756439585545 |
59    | 0.0053619488162839935852  | 0.007679444144666798186   | -0.014141197703345440365  |
60    | 0.0052626162934198772794  | 0.00012186365819481693605 | -0.011816707895347947771  |
61    | 0.0076446517521980205875  | 0.0062203841496841008607  | 0.00063617303978791717861 |
62    | 0.0069630483503549372298  | 0.0071916138551571095333  | -0.010930968752699018673  |
63    | 0.0082933424869050097888  | 0.0099334143515751611303  | -0.0007402699952901499892 |
64    | 0.0071138804875112530979  | 0.0073078546435792557726  | -0.0055982545985732243971 |
65    | 0.0065156184910654313044  | 0.0085342139275905223167  | -0.010949170430784603558  |
66    | 0.0019493859754582301257  | 0.0064728500144225807958  | -0.014946358987929363182  |
67    | 0.0057565995388075986289  | 0.0027906695650969323176  | -0.0078041937298184930333 |
68    | 0.0017586939822969518705  | 0.0075126791520870274052  | -0.0036242813294704665644 |
69    | 0.0013371617404484765265  | 0.0059242996703088596916  | -0.0082832054073225681173 |
70    | 0.0088298924194031448015  | 0.0051227735415713231137  | -0.0030017994609958130112 |
71    | 0.0090440329394836111582  | 0.0075048735069984124496  | -0.013609046180558507025  |
72    | 0.0067871924304535547964  | 0.0082525639686367932568  | -0.0047551453037364358606 |
73    | 0.0021775176555121314621  | 0.003547174870699130577   | -0.012292050779084875284  |
74    | 0.0041266450529986670528  | 0.0066158666803936968734  | -0.0059908027660000046782 |
75    | 0.0073119003819739711997  | 0.0005278503801425222337  | -0.014737730055530464876  |
76    | 0.0060281186975789961477  | 0.0015952722645912631883  | -0.0038202300238250755729 |
77    | 0.0044669009328180140153  | 0.0047520388021531244013  | -0.00096585471019459588019 |
78    | 0.0054735961947714158529  | 0.0044493592450230842403  | -0.0054244028581072918638 |
79    | 0.0041914034140946689402  | 0.0067706734916069379396  | -0.0098224056005082917287 |
80    | 0.0016948909004173510345  | 0.0040866747745543644324  | 0.00068777462405408742313 |
81    | 0.007885895409863319036   | 0.0014153394595344799631  | -0.0027810438401623602256 |
82    | 0.0069139783896381805384  | 0.0047667409289672531617  | -0.014581042374677629855  |
83    | 0.0051580169462711791123  | 0.0069061007961900610155  | -0.0030153275455804761339 |
84    | 0.0096384511127862344815  | 0.0021565828742859203399  | -0.0029942738724673362109 |
85    | 0.0028413534604305734632  | 0.00037432352927558459627 | -0.0079452116051326650975 |
86    | 0.0017574586358215661241  | 0.0048248448878852349606  | -0.0077762760446465715308 |
87    | 0.0036747698830367626736  | 0.0067774262514027714538  | -0.016020676061696333126  |
88    | 0.0060176370636692158925  | 0.00072201513580652466797 | -0.0039058322882135317403 |
89    | 0.0093438307147385383372  | 0.007071352606042004274   | -0.0092640832337441240962 |
90    | 0.0040889626464253410118  | 0.0062188821614138486624  | -0.013859998967772896653  |
91    | 0.0049348478012470730486  | 0.0024522444559637477865  | -0.0070043891582682177299 |
92    | 0.0082640569725308601901  | 0.0073816141634357214374  | -0.0030418501869442365892 |
93    | 0.00091704994730474416378 | 0.0074869627321839642836  | -0.0042405622314959628277 |
94    | 0.0052596330199454286586  | 0.0076314189994169381523  | -0.014905835746449358145  |
95    | 0.0045554129253102459626  | 0.0096441923736461619698  | -0.0063257962815215888763 |
96    | 0.0013913001052946408903  | 0.0097896256137077822257  | -0.0021295874479511068232 |
97    | 0.0056263623867508546356  | 0.0049304462057821480531  | -0.001319360644330938321  |
98    | 0.0099666340423942862553  | 0.0050682371435349449565  | -0.015404651941542659918  |
99    | 0.0044834149722168953334  | 0.0073047946276056053769  | 0.00029139576262428214942 |
100   | 0.0098214814006181462569  | 0.0048454588736025847734  | -0.011498503230955393895  |
101   | 0.0063406563821401173628  | 0.0069184730964098007863  | -0.0096388633018504657479 |
102   | 0.0060388510361805590107  | 0.0056078831840513151258  | -0.0099949676766142650508 |
103   | 0.00011992470441857646041 | 0.008423278751916176213   | -0.0046971375737142303033 |
104   | 0.0031995529335835217258  | 0.0077373263491134222983  | -0.0053741155282960636347 |
105   | 0.0086351622149128358374  | 0.0066796765484056176351  | -0.0073837292842766008572 |
106   | 0.0041069950788046802326  | 0.0084111094424242170003  | -0.01577737917435271392   |
107   | 0.0081033951147530900588  | 0.0066161895629481617953  | -0.013271963542729541333  |
108   | 0.0066731400267357951495  | 0.0092336131668493363206  | -0.015778506636146286124  |
109   | 0.0005936849812379524664  | 0.0035160743338463998527  | -0.0045612363891411383462 |
110   | 0.0040198040224252769986  | 0.0037348245404097875355  | -0.011757466426957472252  |
111   | 0.0065527026041930823766  | 0.0036927887780294414537  | -0.0083415779286582780738 |
112   | 0.0089096470291106944633  | 0.0083659459445370176756  | -0.00051433164512870287871 |
113   | 0.0069685593860041201986  | 0.0044081013016434161811  | -0.00066156120401827099055 |
114   | 0.0085794506973084858764  | 0.0078232399493132695478  | -0.0033507379273538450901 |
115   | 0.001687584817682308367   | 0.0022181761968683567747  | -0.0070953275534914013803 |
116   | 0.0033808196841320406999  | 1.1721327248396607576e-05 | -0.012889817270716448852  |
117   | 0.008690090231180737021   | 0.0035237054101287263591  | -0.0032422215929935266701 |
118   | 0.0053610976495325410318  | 0.0043473750480090478029  | -0.0021668292481869665285 |
119   | 0.0065015772387336853017  | 0.0026561086037913388819  | -0.012370854553051702229  |
120   | 0.002478817829460620327   | 0.0033067487474024229166  | -0.013601893730093959564  |
121   | 0.0048396823748353568623  | 0.0015359398697980118816  | -0.01455986183937751921   |
122   | 0.0096712210719508296536  | 0.0074660238231706935186  | -0.003922472683524870149  |
123   | 0.0031277553636106748478  | 0.0024864286338520903349  | -0.011064930839428775353  |
124   | 0.0038361088363859786703  | 0.0065095080294359352474  | -0.0071515591023225584533 |
125   | 0.0065541935509640962196  | 0.008667094020431026849   | -0.0032528542512720230555 |
126   | 0.0081931074791324626921  | 0.0068954241344736664013  | -0.0075579139245833650354 |
127   | 0.0023101437122807419455  | 0.0073463682693601997653  | -0.0046537710455057503325 |
128   | 0.0042259969234112069666  | 0.0016703503438784414806  | -0.014732360583215697858  |
129   | 0.0097103434629459452199  | 0.0061101726749429700891  | 0.00018131915614201673213 |
130   | 0.0058907637274122279236  | 0.0068754624073495409706  | -0.00086827282616136253115 |
131   | 0.0037134290205058616274  | 0.0053800926639100887447  | -0.016235985115396846246  |
132   | 0.0042072795770619446365  | 0.003124649614703720827   | -0.0052480893191142845289 |
133   | 0.0034541977235096944267  | 0.0034044648914574367898  | -0.010612661486788469573  |
134   | 0.0075901502968513901923  | 0.0079243759804698832294  | -0.013283934669799598444  |
135   | 0.0037131461258200636373  | 0.0061061065138226892912  | -0.011677783237211946873  |
136   | 0.0042338394526556894989  | 0.0062097398205717838429  | -0.012278278428529642435  |
137   | 0.0055952414759306038847  | 0.0062403754721234057368  | -0.005535829726757854341  |
138   | 0.0072863049916715638341  | 0.0048342011362688267276  | 0.0008321873510572696999  |
139   | 0.006202384260117613235   | 0.00082345041987968005479 | -0.0063603432597150481517 |
140   | 0.0061186897396963190257  | 0.0065649611821242985152  | -0.0092578747886109431786 |
141   | 0.00053278952179195814953 | 0.0074025089860427668864  | -0.014168746873701126496  |
142   | 5.4907143695467134075e-05 | 0.0069398283720121644452  | -0.0076389970198998749518 |
143   | 0.0034247066214436348505  | 0.00030168340358126423785 | -0.0095634867980792636483 |
144   | 0.0096913088391884037037  | 0.005629712919166523534   | -0.0078884055002858537858 |
145   | 0.0069973698213539881063  | 0.0094602678773708873822  | -0.0076183211253122787299 |
146   | 0.0052458220104413862822  | 0.0093167248143347387163  | 0.00021528019139573927629 |
147   | 0.0043804231966837609002  | 0.00044963020653220986227 | -0.011378674105854840598  |
148   | 2.5323527975752657627e-05 | 0.0081533653351942361742  | -0.0013131939650817051318 |
149   | 0.0016482639978053041652  | 0.0077943379672499773017  | -0.010722731202297025588  |
150   | 0.0041622688939826051752  | 0.0032930396001639070623  | -0.013076390461981047403  |
151   | 0.0040627949805551013054  | 0.00382547998832412188    | -0.011627355525833415681  |
152   | 0.0074094331741869018729  | 0.0012971367892655836108  | -0.0090728097968179981236 |
153   | 0.007538883063118728689   | 0.0074343445513692643298  | -0.0048833121191180087553 |
154   | 0.0042970197729501708947  | 0.0082734094039865410664  | -0.0059795349516141901164 |
155   | 0.0044650481676914276913  | 0.0010562073502738411612  | -0.0011790063467015056333 |
156   | 0.00086186375090110652411 | 0.0084602281401220443685  | -0.0097005708767980355911 |
157   | 0.0055417862606864567304  | 0.00032227508212453093075 | -0.00082545880771181425872 |
158   | 0.0093726629037439168624  | 0.0036150013815842720576  | -0.0093825848861450716204 |
159   | 0.0041981018389747682198  | 0.0028087071290850964753  | -0.013041462635684694313  |
160   | 0.0037181130597010421737  | 0.00073054751760296971885 | -0.015198331570508743366  |
161   | 0.0053895663272217559162  | 0.007668332574073521285   | -0.0045647623048654280276 |
162   | 0.0053457542343223977271  | 0.00026288359055133742916 | -0.0036401143931475521236 |
163   | 0.0050196293667396614871  | 0.00028314758948771534628 | -0.0056477995130847329086 |
164   | 0.0040536671759041978391  | 0.00023346371502443039525 | -0.0053405291793799884031 |
165   | 0.0063379203469566417276  | 0.0075494105420153253053  | -0.0061669003669022320197 |
166   | 0.0074955577543025465534  | 0.0076590265122928836636  | -0.014167326604632908896  |
167   | 0.0015623427545213047947  | 0.009837950025791302941   | -0.0062115421882564256575 |
168   | 0.00073659517181771331368 | 0.0058854384840888980882  | -0.0041638289235598818436 |
169   | 0.0039116008671596950649  | 0.00017386616580413401831 | -0.0029150280575178169618 |
170   | 0.009941177118619306044   | 0.0069395422283885961623  | -0.0046355719475455374814 |
171   | 0.0032201673924850959807  | 0.0077577485168330633999  | -0.013801562997165331068  |
172   | 0.0037200602592995144456  | 0.0040102053242180137407  | -0.00086206031350104380621 |
173   | 0.0042614472765862910011  | 0.00075618787837323749642 | -0.0028204551372589207331 |
174   | 0.0052634691428222269219  | 0.0013764386534811405213  | -0.0059476718980720185218 |
175   | 0.0016596738056591385426  | 0.0076970514853943027694  | -0.016109382987536564891  |
176   | 0.0030397075248420942634  | 0.0078860453132493964212  | -0.0086649483605353416066 |
177   | 0.0059902241788664430805  | 0.006266207248129112943   | -0.0024996656162323666571 |
178   | 0.0024058622754213254344  | 0.0075786836461734794282  | -0.0076706301512337107806 |
179   | 0.0083527748848208870081  | 0.0096740501614071567477  | -0.011005949708083840807  |
180   | 0.0039137125518469637053  | 0.00059768968807008960968 | -0.0060621756797791274615 |
181   | 0.0068169511605166294155  | 0.0088838532420610575452  | -0.011478658242370163092  |
182   | 0.008381304916620530357   | 0.0057812869997026557906  | -0.010925811761950164971  |
183   | 0.0048241702008883198885  | 0.0042211804939944613801  | -0.011339059004047951501  |
184   | 0.0029932418808066253366  | 0.005124157658668043562   | -0.0037670251343050373781 |
185   | 0.00056565547270072446054 | 0.0028236547083471236728  | -0.014187499853551430173  |
186   | 0.0040489828368989368851  | 0.0060848736782672671955  | -0.01011227518694710753   |
187   | 0.0057555825770588455587  | 0.0066935271795431931438  | -0.0038860969648361626955 |
188   | 0.0055976166977497699914  | 0.00030213441405970234161 | -0.002445910477146841927  |
189   | 0.0024691481423287186918  | 0.00074317369773619181613 | -0.0093361139003295973843 |
190   | 0.0029067447240972658223  | 0.0052000926689616628826  | -0.00056409104289676672249 |
191   | 0.002504865845433996898   | 0.00052482916718842335599 | -0.0097364226171491805029 |
192   | 0.0025394791505204054698  | 0.00011596310286963879281 | -0.0045492674600337637547 |
193   | 0.0029609172618331801134  | 0.0050585182204327975783  | -0.0077844531226134230928 |
194   | 0.0092962391495391306223  | 0.0029381738447474530646  | -0.0052363006649410624369 |
195   | 0.0011417100777023517048  | 0.0027477453373559220656  | -0.0023523418202068759227 |
196   | 0.0063701553857907116177  | 0.0031049153984981916685  | -0.01278486217515617529   |
197   | 0.0046091780385049633401  | 0.0063861133615067755889  | -0.0072856834178158429507 |
198   | 0.0088013146384316696957  | 0.0042858403236126921612  | -0.010978375127983126119  |
199   | 0.0089282283447934557979  | 0.0038645854952217735534  | -0.012655356737909437964  |
200   | 0.003303515292508350798   | 0.0052666296555207757837  | -0.005461285039958187551  |
201   | 0.002836362330181268869   | 0.0041063769100482478205  | -0.013916919962391754648  |
202   | 0.0040875989893607387465  | 0.007456121104373470386   | -0.0022338195896211589242 |
203   | 0.0048925399222321530601  | 0.0087650768956302853308  | -0.012036687356017611999  |
204   | 0.0021897833254334890182  | 0.0031462253659148287088  | -0.011849821536913891784  |
205   | 0.006906158704792275671   | 0.0019802623940722578928  | -0.015971375984054157066  |
206   | 0.0062995787977677868488  | 0.0048860168593342669097  | -0.0052848931023431163292 |
207   | 0.0067787669533143158143  | 0.0047799961836817459263  | -0.0051101279902495914259 |
208   | 0.0037273574591219125161  | 0.0091539207346122211661  | -0.0086302166573867262339 |
209   | 0.0077598619843604905305  | 0.0078728667504208271061  | -0.0083358369069306825772 |
210   | 0.002934771957118312638   | 0.0047241085092503166953  | -0.0010055626191002404665 |
211   | 0.003171846552435136999   | 0.00017788819825333943318 | -0.003624284255125081837  |
212   | 0.0053501451946495809028  | 0.0056930899990162708857  | -0.00062472815968949118974 |
213   | 0.0069394467279385897707  | 0.00068788605895018671219 | 0.00030674315021722841365 |
214   | 0.0046049577050392238517  | 0.0049986189875647702233  | -0.012385525500423539072  |
215   | 0.00010641186771277857731 | 0.0053415592785492236813  | -0.0099565665176751232818 |
216   | 0.0095086835737523550671  | 0.0091154581155466138376  | -0.013780729519878588338  |
217   | 0.0082793810359461737086  | 0.008202939974773266682   | -0.012238752253010885124  |
218   | 0.00092314066118094324862 | 0.0069283284064188275023  | -0.004942805097709166047  |
219   | 0.0026782806013554297589  | 0.0045755042676140569857  | -0.015194504160434154846  |
220   | 0.0072691496507811042757  | 0.0062791618119356074068  | 0.00082974964157297244251 |
221   | 0.0069371104766678525627  | 0.0095399612997170840645  | -0.0069371513177259383487 |
222   | 0.0052764582893714238876  | 0.0090460538402814677506  | -0.010141834297209514557  |
223   | 0.0031780329037824324792  | 0.002123485425658704507   | -0.0087072741164733267333 |
224   | 0.0012205047625009689087  | 0.007563666669593432923   | -0.011471890023472864489  |
225   | 0.0089148973683377992494  | 0.00037564100021408842155 | -0.0077830761452024809985 |
226   | 0.0021634721403900776526  | 0.0037854441402900024932  | 0.00081775917814432886634 |
227   | 0.0066156119046150794333  | 0.0041950245433506503853  | -0.0015143185313997538019 |
228   | 0.0066165592790367972961  | 0.0030343996605353578712  | -0.0068940180036885061188 |
229   | 0.00449994772057829822    | 0.008137993799056672875   | -0.004386156872769304306  |
230   | 0.0050755332782316019483  | 0.0010377277980689986973  | -0.011637055267365975161  |
231   | 6.3875254199051613316e-05 | 0.006116998958201488      | -0.010309200251431676829  |
232   | 0.00583493737139657246    | 0.0078007527232461810335  | -0.00039178252557895874245 |
233   | 0.00040384367733863014635 | 0.0058563908987047854499  | -0.013800834928589069892  |
234   | 0.0050803814458203599286  | 0.0040622805746750893438  | -0.012320943589541994215  |
235   | 0.0015889874017865721501  | 0.0040503749729453681835  | -0.011887446393251668506  |
236   | 0.0036044416837991781997  | 0.0026415652162459853265  | -0.0063549137751338150015 |
237   | 0.0035812941865543436448  | 0.0039888170378814527192  | -0.00046542953601383868023 |
238   | 0.0023523645755387971937  | 0.0058342383680052853703  | -0.0025201986128792716081 |
239   | 0.0098287285778379130524  | 0.0080199437552742891544  | -0.0018331018638405682623 |
240   | 0.0067651988465690067812  | 0.0095458714666025335643  | -0.015412767877573974387  |
241   | 0.0055898782914558390114  | 0.0087683748290884305082  | -0.0013622424132164114453 |
242   | 0.00078876416437190352473 | 0.0048915769942387259811  | -0.0046157317951053900354 |
243   | 0.0026218383767280303148  | 0.0059138867401508634844  | -0.0094742674840520117729 |
244   | 0.0070755801029847818773  | 0.0051056526166155784957  | -0.0025848711812319776458 |
245   | 0.0050315225878183591698  | 0.0025020026477998507861  | -0.015047793928399407978  |
246   | 0.0099021864374456668167  | 0.00084026790729524599658 | -0.0065018833514198133561 |
247   | 0.0056926113917897015748  | 0.0032080053745435176127  | -0.0097899671233623239419 |
248   | 0.0097569741168474846682  | 0.0050985317591443982815  | -0.0065591485848302570269 |
249   | 0.0066506653551218113465  | 0.0024640347619231100368  | -0.0044962517886640660653 |
250   | 0.0066680565773183046036  | 0.0054585690842834516667  | -0.0010207480527336903857 |
251   | 0.0043791844768325746684  | 0.0049479843141503367099  | -0.014094166351512355667  |
252   | 0.0072133528624158177109  | 0.005759794822034126037   | -0.016383352764578199695  |
253   | 0.0047938392187583762569  | 0.0087819088953788072838  | -0.01284702169907608188   |
254   | 0.0023082506953859961533  | 0.0013209622981523252722  | -0.0076484173266441954353 |
255   | 0.0017759188721613629065  | 0.0047462066370190089323  | -0.00040728313355502867308 |
256   | 0.0047205435308155779123  | 0.0075826327199548680322  | -0.0093574799471945607765 |
257   | 0.0020478986673882547224  | 0.0026958501020503925112  | -0.0069336585720215565196 |
258   | 0.0032975210433994900372  | 0.0067733979499948471226  | -0.0062663083894537235582 |
259   | 0.0064429844939506777934  | 0.0092597336658626055311  | -0.0071922553734380849713 |
260   | 0.0042607017177978944583  | 0.00062662098758772572394 | -0.003730169574813821734  |
261   | 0.0057210173611911378788  | 0.0068505920261778922853  | -0.016244748616359671461  |
262   | 0.0010458566987630844598  | 0.00016236191677629555736 | -0.009394548971170976065  |
263   | 0.00725801455141878403    | 0.00072573249774897429041 | -0.013041931532891461523  |
264   | 0.0062344917819016042182  | 0.001699276096882223596   | 2.6085351345234236112e-05 |
265   | 0.0065830840911121077733  | 0.0064963533949043018173  | -0.0081604283027217477953 |
266   | 0.0039854695372435033213  | 0.0033793842938289117561  | -0.013327814854918100182  |
267   | 0.00081140393475024252465 | 0.0031460992648692405471  | -0.008005980471352728764  |
268   | 0.0060508892538964492713  | 0.006447707924163001772   | -0.0015514897333457847856 |
269   | 0.0037851843444115492246  | 0.0024590920049969520328  | -0.0021311478610615678699 |
270   | 0.009447781149023391431   | 0.0046166647638172823506  | -0.0074143031963890340674 |
271   | 0.0053256587890227018167  | 0.0091279998251603388509  | 0.00022706477725666088176 |
272   | 0.0056377431529528176934  | 0.0080065318088276063446  | -0.0086811945373208368459 |
273   | 0.0036822150649283495565  | 0.0095596499807701594553  | -0.01019091083284652012   |
274   | 0.0061558896227148565683  | 0.0075575742352410992322  | -0.0099385279591254552245 |
275   | 0.0089622018127774004392  | 0.0052704395728042198813  | -0.0027962207791775634848 |
276   | 0.008895568824617576878   | 0.0033926451031951643418  | -0.0076798349457397963383 |
277   | 0.002294965110606008666   | 0.0048613685554146903942  | 0.00073788133387922821144 |
278   | 0.0086347574318932831389  | 0.0047125244378811879595  | -0.0060480877167140758427 |
279   | 0.0039987799215627645166  | 0.004212462743405721681   | -0.0027548744537103484094 |
280   | 0.0090323025197384231716  | 0.0036880800721831937146  | -0.01472990866114775102   |
281   | 0.0043713426103971246214  | 0.0078292574462758869613  | -0.0070545623138916378411 |
282   | 0.0036914429739814749731  | 0.0012889506555190857057  | -0.011997112049442353737  |
283   | 0.0082443211226647192952  | 0.0057080655110686925879  | -0.012438547861984580387  |
284   | 0.0027659758772979772638  | 0.0044333184128294879367  | -0.013370042161777910897  |
285   | 0.0095828132472622132298  | 0.0060371882785514568298  | -0.0023216587059925806839 |
286   | 0.0013699815796295326722  | 0.002109534729285620757   | -0.011965793032041857624  |
287   | 0.001983291006485628314   | 0.0064193181465490222956  | -0.0062168046327819356106 |
288   | 0.0023479013254074248586  | 0.002795773640777922571   | 0.00061694484823505025411 |
289   | 0.0098993968653161221183  | 0.0001621488394183627068  | -0.013627432204970075721  |
290   | 0.0014838904596349575607  | 0.00651038350017423776    | -0.0034498852223044319983 |
291   | 2.1309914190433568116e-05 | 0.0012040200398586375311  | -0.0074740008796119368484 |
292   | 0.0028533936465985837785  | 0.0045358676014910816188  | 0.00013688972103115953916 |
293   | 0.0095058390010626259842  | 0.00027613942003114360811 | -0.011491299491524952642  |
294   | 0.007807068516948661302   | 0.0073278697954477041085  | -0.001177013012052815534  |
295   | 0.0025911695514927099437  | 0.002619128567462787778   | -0.0097202468840748203899 |
296   | 0.0071969380832620733976  | 0.0040144532295585538817  | -0.012648978974267095776  |
297   | 0.00086901319907411458347 | 0.0030143621064431438267  | -0.013773827480594596009  |
298   | 0.0022082423971047557797  | 0.0048609454644036112492  | -0.014900283939008576034  |
299   | 0.0016081975893891809187  | 0.0073096263476723323874  | -0.009981203352638325782  |
300   | 0.0044224040418266788444  | 0.0072300083189685213081  | -0.011901931090151491449  |
301   | 0.0014012868943321487702  | 0.0073522280617903902275  | -0.016221018038118411447  |
302   | 0.0095959210414352565793  | 0.0020925455452362206644  | -0.015171442804439811899  |
303   | 0.0080023176553056744181  | 0.0051827190716215347857  | -0.012559708828798516952  |
304   | 0.0012788538182173169681  | 0.0058923605097963164048  | -0.0068698279384293396699 |
305   | 0.0063167636875827498297  | 0.0072820020922311741798  | -0.013271091956856537197  |
306   | 0.0044588436796391692565  | 0.0026339235211814255276  | -0.011802819247483904014  |
307   | 0.00011160719864887835655 | 0.0036312230674581977112  | -0.0034212506148315578736 |
308   | 0.0089423471918398476227  | 0.0049850549562741076903  | -0.0022368784370960619057 |
309   | 0.0061152994265345648681  | 0.0030234719984444553831  | -0.0056401393294194506617 |
310   | 0.0096641592153294854362  | 0.0055282083600685328825  | -0.0060738995398276355089 |
311   | 0.0087509234036927119327  | 0.0057281985015766780783  | -0.0066148404384022479671 |
312   | 0.0070587869475683944626  | 0.0038314504071959181765  | -0.013979938938646454746  |
313   | 0.0069253021940065793982  | 0.0027657346864726289025  | -0.0023354703974580908257 |
314   | 0.0041741044574179876972  | 0.0068869757236532614872  | 0.00077024786865166703503 |
315   | 0.009890523841472566996   | 0.0089194548125790581311  | -0.0042504844442105118099 |
316   | 0.0054268992138849381918  | 0.0050117288589648775407  | -0.002795434338401493312  |
317   | 0.0061229007195382984322  | 0.0018496661354083625012  | -0.01596127180359474193   |
318   | 0.0073910676355754103065  | 0.0052893783406726775295  | -0.00093724384300847697442 |
319   | 0.0024191084364516579099  | 0.0022742823878573342235  | -0.0019369944620600855478 |
320   | 0.0068275206844616168414  | 0.0044762643075545328203  | -0.016191327363700016434  |
321   | 0.0035866789265948588288  | 0.0029591876948564326509  | -0.0061176837850836548321 |
322   | 0.008764932052566409143   | 0.00026698530051241044008 | -0.0022301867358434134328 |
323   | 0.005093443858172791959   | 0.001991694564317963035   | -0.0036674198520959206196 |
324   | 0.0021882171793415083373  | 0.0044615831854232235187  | -0.0077640140958786726944 |
325   | 0.0053915943516794871682  | 0.001836670457215914317   | -0.01091191909959309328   |
326   | 0.00078165960820057809461 | 0.0049453280849286653659  | -0.005772152583758424424  |
327   | 0.0039637104763502219174  | 0.0071245048075184455941  | -0.0067460345119125797453 |
328   | 0.0099124511934303750904  | 0.0078738669461939619215  | -0.013000831180684816954  |
329   | 6.4447699959327764472e-05 | 0.0064858682288678080538  | -0.0061224889763704321358 |
330   | 0.0023484760287424836026  | 0.0030385227750170554044  | -0.0018671459744596218943 |
331   | 0.0064509264431095135472  | 0.0025810607038735428227  | -0.0070105592897520881829 |
332   | 0.0058107175644645566587  | 0.0058980265886183110002  | -0.0014930757789525621326 |
333   | 0.0009105773419654751219  | 0.0072895939634976614566  | -0.0094122282235131159156 |
334   | 0.00055436881969021713917 | 0.0037535760786144832003  | -0.0070920744875453689549 |
335   | 0.0034415192646151619021  | 0.0095888098301771113041  | 0.00036706038683367078063 |
336   | 0.0087584550751991473161  | 0.0047982512294831927702  | -0.0078170299184899399991 |
337   | 0.0024461089838114860595  | 0.0090163199514817025243  | -0.0049864759705697276476 |
338   | 0.008611135293280490835   | 0.0020355758101956128274  | -0.0074200391150391793726 |
339   | 0.0046140918295248019992  | 0.0062369799802491502141  | -0.01383655572743792278   |
340   | 0.0044384311765565025512  | 0.0058857716432547608001  | -0.0028918823237702511939 |
341   | 0.004304715924073178844   | 0.0086967595955027027915  | -0.012267363689233305724  |
342   | 0.0013827846578808918737  | 0.00096107073502654381987 | 0.00047688470986828861847 |
343   | 0.0017882584513356399036  | 0.003641744714686338466   | -0.0024099685510606274307 |
344   | 0.0060976472245646310896  | 0.0074077650205295287808  | -0.00051495285122677206518 |
345   | 0.0051091996349775211164  | 0.00011593110284349162872 | 0.00043093622270955569444 |
346   | 0.0099282402760820058496  | 0.0077984037698290769799  | -0.0087181464708613199549 |
347   | 0.0074386075543951164779  | 0.0056143261664880258349  | -0.012564227039370854527  |
348   | 0.0082843141113843176554  | 0.0023547442001974091923  | -0.0082852644767456018471 |
349   | 0.0023705921427533485635  | 0.0021792423106249555163  | -0.0090036682760667036129 |
350   | 0.0022017677038142740957  | 0.0036141000424877531977  | -0.0053805102885647014543 |
351   | 0.0024249009123328817833  | 0.002669297179297813738   | -0.012122436117389582752  |
352   | 0.0030508286614512121655  | 0.0034516035671987260573  | -0.0082748241279408212001 |
353   | 0.0037900131372569419858  | 0.0044595389408491597355  | -0.0031679359429305805999 |
354   | 0.0067119941536763821563  | 0.0036750386671998550893  | -0.0055028286514063051715 |
355   | 0.0050507005307165696306  | 0.0042384046798156277056  | -0.0017295836834758519015 |
356   | 0.000325954962449971923   | 0.0091254557355239813293  | -0.013853784226400742835  |
357   | 0.0041138487355362081399  | 0.0043388099547577684001  | -0.016295084843294387056  |
358   | 0.004688414076532635387   | 0.0025786031201192123781  | -0.01565336668434290715   |
359   | 0.0094291774870622398902  | 0.0042422775520149988426  | -0.012169441412637703112  |
360   | 0.0065824370123657291107  | 0.00023079432357059581323 | -0.012773901870773630984  |
361   | 0.0036462788093248725031  | 0.0060546973979478963673  | -0.014077332848447199343  |
362   | 0.0007062213688383263497  | 0.0022592821574974253016  | -0.013922004884126527174  |
363   | 0.0071297938553693930921  | 0.0076994168749844439995  | -7.8230140736761750661e-05 |
364   | 0.0016664938507933721792  | 0.0043523929994702227966  | -0.0084418897732055908634 |
365   | 0.00040655627366640439968 | 0.0074278808622834638017  | -0.0033538683876744323532 |
366   | 0.0020264232409448823882  | 0.00330487996278350021    | -0.012745583934060720696  |
367   | 0.0070774717174520059004  | 0.0026343709083317692031  | -0.0015444758200336772616 |
368   | 0.0064041919412362044786  | 0.00012180726611822728883 | -0.0060358055637289610706 |
369   | 0.0043181598407112369714  | 0.00068925245841448075281 | -0.014281882211577808309  |
370   | 0.0021728576441450821524  | 0.0043887328370085460297  | -0.0053729332426245435955 |
371   | 0.0028564559131264524207  | 0.0054628962489475015735  | -0.00027089105326214896934 |
372   | 0.0035637812915926773277  | 0.0063348850414159368211  | -0.0084857030297687662673 |
373   | 0.0076113581406256798634  | 0.001095036084153065345   | -0.011346996714038814005  |
374   | 0.0076514811444783007582  | 0.0098566826342754848556  | -0.014171817185736833647  |
375   | 0.0058072773487551172453  | 0.0017373780337297799626  | -0.015705077130048678002  |
376   | 0.0092562716056553209776  | 0.003917929747060045452   | -0.001174817790453600453  |
377   | 0.0098937342131871532092  | 0.0053800083393360292536  | -0.0072826607889188172545 |
378   | 0.0048319384153740962615  | 0.009241194520853750205   | -0.0057988761366422588231 |
379   | 0.0084394852621184537206  | 0.0022755000565588398218  | 9.2578486810000182035e-06 |
380   | 0.0043923209995950724185  | 0.00036107601601996112484 | -0.014084891019915033589  |
381   | 0.00179995227036377505    | 0.0045381963628551543269  | -0.0088112419548279311693 |
382   | 0.0021297119721899681298  | 0.0070735046410910764822  | -0.010474537545481894807  |
383   | 0.00014630439376457022639 | 0.0090493365853114016151  | -0.0095368984097475122119 |
384   | 0.007685657641368839367   | 0.0054708065687156118631  | -0.0038531012438718001932 |
385   | 0.0082387165683975947111  | 0.0019385166329655789761  | -0.013782198738240160688  |
386   | 0.0078342358825015407514  | 0.0082797203369646167614  | -0.015609236162921024185  |
387   | 0.0053200815092616249996  | 0.0038446790098765316022  | -0.008997463868167219353  |
388   | 0.0073879089670069834905  | 0.0053104291947222602085  | 0.00011173006788416328617 |
389   | 0.0067872062998814526244  | 0.0063184030255144952443  | -0.0057514267123733040302 |
390   | 0.004542216335331882883   | 0.0012292422220353247699  | -0.013930653909464209977  |
391   | 0.0055311744558021172166  | 0.0044070229006408110847  | -0.013837110002867218303  |
392   | 0.0052798828239776149363  | 0.003847123299453581325   | -0.016249220652544207888  |
393   | 0.0067561149557051718151  | 0.0093361846658906125912  | -0.012916603163086910755  |
394   | 0.00088764364747540426374 | 0.0040473103310251778986  | -0.015957283344860843932  |
395   | 0.0066196696477412077936  | 0.0080999866535871288542  | -0.010311147628843374616  |
396   | 0.0074483558731306010597  | 0.0047602133780596921769  | -0.0093570828273937967784 |
397   | 0.0038679186207463927931  | 0.0067693329331375709859  | -0.000231365010590316091  |
398   | 0.005415848976880345729   | 0.0068955783875350069867  | -0.0036129516850225747854 |
399   | 0.0029783602808224874346  | 0.0074892619572366411762  | -0.014486452236601641413  |
400   | 0.00083949569154690686836 | 0.0082410343053766436233  | -0.0039232087566452690866 |
401   | 0.0050702530085274767277  | 0.0048397271038675788654  | -0.014415776197977162379  |
402   | 0.0020984525473906252314  | 0.0016635209628461128818  | -0.00050409059295913091325 |
403   | 0.0046253725502266151287  | 0.0099955197765503375068  | -0.0044822567689185421197 |
404   | 0.006147838756505115583   | 0.00036685751228100732914 | -0.0087051145080775313434 |
405   | 0.0094347424642104681103  | 0.004643822411736379073   | -0.013562896282383376731  |
406   | 0.0099183222296350560115  | 0.0061159352312431716076  | -0.0082567426439679354744 |
407   | 0.0096458989515359871286  | 0.0087902407240705096592  | -0.0013744650886527464469 |
408   | 0.0027230769070450524041  | 0.0078132630115272001803  | -0.0045241021454259199019 |
409   | 0.0038458170019759901903  | 0.0017403347409273971919  | -0.01077923282790918362   |
410   | 0.001383513634233813315   | 0.002886354811128860956   | 0.00018169216426114749791 |
411   | 0.0076858435220716536315  | 0.0039493814262877881271  | -0.011730751151572396326  |
412   | 0.0038438274286099432912  | 0.00093645017546358042676 | -0.010588841750143520096  |
413   | 0.002580202743621740763   | 0.0063360150911685869657  | -0.01634124821509399389   |
414   | 0.0027412869691347025065  | 0.0014313325278188003889  | -0.014428356263820550295  |
415   | 0.002762654106506089776   | 0.009422590511159708096   | -0.0042254447104431965346 |
416   | 0.0051983643693722242363  | 0.0056619362427540792168  | -0.0003302009204503048999 |
417   | 0.0073678910702367206298  | 0.002223246688261850193   | -0.003964785710174782013  |
418   | 0.0074139729086275226247  | 0.0080941268705917533005  | -0.0079976835242287075411 |
419   | 0.0099696153282328777573  | 0.0067555222771182154434  | -0.015830866815723123459  |
420   | 0.0064309637900963004947  | 0.0087588014043327687419  | -0.014140181648838099498  |
421   | 0.0057981094530847295324  | 0.0093054872523120266137  | -0.00041749427105840540087 |
422   | 0.0024187700015368585223  | 0.00070371912348093565697 | 0.00019061469118107090236 |
423   | 0.0051144705667680511949  | 0.0077015727704516810312  | -0.0093759915556214032395 |
424   | 0.0003867959894043227387  | 0.0078201873162346245694  | -0.0028507681946325770343 |
425   | 0.0064039262960849481152  | 0.0041316281041695497589  | -0.014610211816734001294  |
426   | 0.0043311031414917872465  | 0.0094236436195112138065  | -0.00091386876368813787369 |
427   | 0.0066756772673620097883  | 0.0023290156502761252995  | 0.00047874206231669167453 |
428   | 0.0082237459297817821352  | 0.0046963412590236858907  | -0.013316944595655872546  |
429   | 0.0052469834729192465009  | 0.0037867022377134186908  | -0.0021124729225546275309 |
430   | 0.0019017886462026273916  | 0.0089059539789381088337  | -0.0050961585968506487032 |
431   | 0.0069217494217837498977  | 0.0071654382663014753313  | -0.0031043543488318641431 |
432   | 0.0014807950221238572446  | 0.0055637175553353238749  | -0.012399809189807353346  |
433   | 0.0026512940765449711025  | 0.0058387683792963957635  | -0.011725757570070669336  |
434   | 0.0025473663269252261668  | 0.0027108161782996354795  | -0.0088740113508414784904 |
435   | 0.0097761086663856622964  | 0.0012202249504918740147  | -0.0023211033319388992523 |
436   | 0.0010475196682370826497  | 0.0079810112553596098545  | -0.003407479954709230225  |
437   | 0.0056890988671200112825  | 0.0042260647088622404696  | -0.0016141678868977827645 |
438   | 0.0085071761564031317393  | 0.0035486499468095821994  | -0.011440554802721495525  |
439   | 0.00057475861728816218365 | 0.007472054392115853351   | -0.0057002016479773499544 |
440   | 0.0093535840546781472832  | 0.0042625512601248876157  | -0.00099351042562108608444 |
441   | 0.0017943418149117527395  | 0.0011849752324633916391  | -0.0051526316789768213458 |
442   | 0.0015288329749297273775  | 0.0027608610885754649757  | -0.00088678793961327357243 |
443   | 0.0036192818001621203904  | 0.0083348865452973000534  | -0.0055446271919743807255 |
444   | 0.00049868201928810872853 | 0.0004595824760660349468  | -0.010590869501492825716  |
445   | 0.0072042909983283647674  | 0.0071047634231115120232  | -0.0046528351319772192143 |
446   | 0.0014230963676685887132  | 0.0084689979112851244275  | -0.0092634957641629742803 |
447   | 0.0038601397905878901372  | 0.0084992975066226876535  | -0.015098414333048241001  |
448   | 9.4848661370352957628e-05 | 0.0049517875004697455357  | -0.0093087391028759680633 |
449   | 0.0062074174069952263791  | 0.0070209656917877881835  | -0.0055631769210985962393 |
450   | 0.0066522127393996129466  | 0.0039377367049754702019  | -0.0022309170160949784445 |
451   | 0.00065766815761311258996 | 0.0097346807311237508464  | -0.016270323960382863243  |
452   | 0.0081324190048599580283  | 0.0088305904004247256361  | -0.012099309864008206059  |
453   | 0.0058586060453276649421  | 0.0036909923677533001789  | -0.012580977485590895751  |
454   | 0.0081442586909807115902  | 0.0066354920601714656794  | -0.0093925605404910923052 |
455   | 0.0015779601008274104362  | 0.0062072649382533323301  | -0.0026258920581423280879 |
456   | 0.0008690830189974843448  | 0.0042842238427726227201  | 0.00084830340317627265373 |
457   | 0.0023641632838792016845  | 0.0052205797426187368349  | -0.001820828366168342205  |
458   | 0.0027545403319134340037  | 0.0092854232420225765732  | -0.0038924676785612732921 |
459   | 0.0055865024664034802077  | 0.0011005952746377940625  | -0.00049458526910365490942 |
460   | 0.0064032995517815287714  | 0.0087960576583366173464  | -0.0048165039360985066261 |
461   | 0.0030049086318684140734  | 0.0044320169368595946705  | -0.0043524523972325009427 |
462   | 0.0037233149358525037022  | 0.0034275901291588501719  | -0.0065211266458231964896 |
463   | 0.0064574428373212061638  | 0.0039394556932945490671  | -0.010382209539407485574  |
464   | 0.008451207211328229732   | 0.0011980242011567451312  | -0.013996662470947468515  |
465   | 0.0092548975577418438054  | 0.00023105249209226871735 | -0.014618029442913375512  |
466   | 4.4396241419621821961e-05 | 0.0062385581276482339474  | -0.0044295279466648263336 |
467   | 0.007029184673915498012   | 0.0045269176254248179314  | -0.010889841520780185399  |
468   | 0.0030855653281627094288  | 0.0071047921925019132464  | -0.011903906441741577901  |
469   | 0.0054881840179099462135  | 0.0031199133235284303746  | -0.010567911612266988122  |
470   | 0.004655201173328015439   | 0.00038986136470538500535 | -0.011621462609692118778  |
471   | 0.00087635604994994653269 | 0.0083430176274841560957  | -0.015242106247400268731  |
472   | 0.0054621148492970143448  | 0.0086075589260208897058  | -0.015205881770504870928  |
473   | 0.006819285142569096736   | 0.0015544326977651639135  | -0.010571384484125418216  |
474   | 0.0010328178838051261992  | 0.0018985318735177171036  | -0.0074049867672943171792 |
475   | 0.0049519906188570834982  | 0.0047245262535904044773  | -0.012373420131400464719  |
476   | 0.0081183567548414430071  | 0.0085974963708257932937  | -0.0051316898982097331958 |
477   | 0.0080500911643195515593  | 0.007955615743863954023   | -0.0028731742478230416424 |
478   | 6.7545302711035045583e-06 | 0.0080031439206625278743  | -0.016278759080498219486  |
479   | 0.0040702231226094238992  | 0.0025149423970309186041  | -0.0098545874785921482725 |
480   | 0.00021184496444138562659 | 0.0044514755484426583518  | -0.006502448886892660089  |
481   | 0.0033469223607165022455  | 0.0079961974123527405217  | -0.013610299960792120524  |
482   | 0.0044464843586810602269  | 0.0048317204707017617077  | -0.01564277719920906598   |
483   | 0.0057815596951316340288  | 0.0037836055702283408891  | -0.014572093084694757656  |
484   | 0.0019821913534449615672  | 0.0061228076567522759024  | -0.011076223235018271829  |
485   | 0.0012756150310070464484  | 0.0052998419012822888322  | -0.014357800405557601814  |
486   | 0.0010351846763591362067  | 0.0072263450150959673488  | -0.0037765110518376797388 |
487   | 0.0081283890797265636458  | 0.0050619810061751056851  | -0.006912973063735013135  |
488   | 0.0087511663360260553979  | 0.0061083597853168660613  | -0.0055150798760683012248 |
489   | 0.0042319892939569865933  | 0.0094602208685359533147  | -0.015967479737577127546  |
490   | 0.0047143203439352866432  | 0.008611734847964904252   | -0.0061479746335646977273 |
491   | 0.0035037893409739615143  | 0.0029193332375060114699  | -0.0050914964857864649164 |
492   | 0.0073409078208708147123  | 0.008241225309331001378   | -0.007512173394745048742  |
493   | 0.0093976077981225061148  | 0.0071081258430967450557  | -0.0062521686447257708227 |
494   | 0.0047367974472235369054  | 0.0046863126974177110248  | -0.016012351815206382621  |
495   | 0.007640846357826767965   | 0.0081031471503875910495  | -0.0019336471545533897611 |
496   | 0.0087908622508409851176  | 0.0056777280235141697196  | -0.010138515791093840462  |
497   | 0.0049677330655578917987  | 0.0050262220369690982502  | -0.0007376884651556069733 |
498   | 0.0052149487808746484291  | 0.00022447878275486647269 | -0.016245503227706924176  |
499   | 0.0093859243271389291435  | 0.005113085154476827883   | -0.005034896780473135415  |
500   | 0.00049227381168507830262 | 0.00030832391446310273035 | 0.00077374540894854532819 |
501   | 0.004587346498074176479   | 0.0038763305935823884167  | -0.013010075534655539745  |
502   | 0.0055214205347642424104  | 0.0052792317977176711138  | -0.0091157362083239112244 |
503   | 0.0012503096662750201942  | 0.0026801448854762064365  | -0.0054724593725264374794 |
504   | 0.0022234747548193212197  | 0.0033413488374059770875  | -0.011729473146453003179  |
505   | 0.0070489219839014296068  | 0.007611463875245407136   | -0.015447062454234300466  |
506   | 0.0036400061191513679096  | 0.0022665087636254887746  | -0.0086422584652163653152 |
507   | 0.0089386826080377294185  | 0.0037498452546092706471  | -0.0023169535452098352461 |
508   | 0.0045713479824286765152  | 0.0017259424355182677747  | -0.011689018194045995222  |
509   | 0.0013869558522308777105  | 0.0030332907423899369698  | -0.016346729877962904581  |
510   | 0.0076765867079607924203  | 0.0084650498349743835691  | -0.0026836780632877137165 |
511   | 0.0023061967368430830172  | 0.002928045418874058916   | -0.013850113220221187474  |
512   | 0.0074053104264342958785  | 0.0097613934066758840935  | -0.014014856628323980534  |
513   | 0.0056368118590126086928  | 0.0032258790001269683871  | -0.012728979104042137394  |
514   | 0.0069441375001971228365  | 0.0016104822348593020309  | -0.00083493556762702988028 |
515   | 0.0076373428287059078046  | 0.0056450388148682690073  | -0.0061626791354788042904 |
516   | 0.0042657434310019960375  | 0.0010371448745642823652  | -0.00096799120669851439289 |
517   | 0.0075103664406518449645  | 0.0055424343113937551281  | -0.011267802658172674721  |
518   | 0.0032566111890629297759  | 0.0029203325147041398618  | -0.0068792606481703636248 |
519   | 0.0019484340197798541601  | 0.0036614904177879529883  | -0.013187707414707162609  |
520   | 0.0028375284282189691502  | 0.003342238843415389158   | -0.014360317927245992708  |
521   | 0.0042738361436597009299  | 0.0059153589809808554759  | -0.004386026026444849249  |
522   | 0.0029155707250202744264  | 0.0034838414239382236096  | -0.0032694906372679665915 |
523   | 0.0015060540665296465353  | 0.0083972953808871247244  | -0.0051725562757873886147 |
524   | 0.0087759383087521840305  | 0.0012721658424294632252  | -0.0071882289329474810535 |
525   | 0.0034093969420109547855  | 0.00058343956426879525854 | -0.015960272444980203033  |
526   | 0.00032087571660316475388 | 0.0055560370895694592697  | -0.0032016339644118170689 |
527   | 0.0092031310463814974127  | 0.0053389461363206299274  | -0.0043374276527785521687 |
528   | 0.0087575838239754722619  | 0.0023486435929348983137  | -0.0062673031035751615783 |
529   | 0.006695630809796260588   | 0.0056838546393261990888  | -0.0096492119457408567079 |
530   | 0.0034221033548915017267  | 0.0065874258208060967532  | -0.0011738519054118187138 |
531   | 0.0037775043258323525233  | 0.003994778362403154405   | -0.0089522243744615294381 |
532   | 0.0047755969835445270799  | 0.0037189656876789583401  | 0.00037151405365543733279 |
533   | 0.00028232044712898983312 | 0.0057299126162811287594  | -0.0038281957847613582759 |
534   | 0.0022958589749780908967  | 0.0040551110740227880314  | -0.0057600901960289619883 |
535   | 0.00040035690150687879138 | 0.0084984765091962836958  | -0.012005693579792722087  |
536   | 0.00018238698146906423569 | 0.00015599235063488430691 | -0.0012611325980837460349 |
537   | 0.0022649650642023338477  | 0.0042005850408838784835  | -0.0051888559934772709656 |
538   | 0.0085677625120057967351  | 0.0016570223643809797818  | -0.016233787161175964459  |
539   | 0.0092535527278974644833  | 0.0060411091565075727625  | -0.0017716580677889894394 |
540   | 0.0048277953625223465201  | 0.0060467084102625604999  | -0.0099687419719217441882 |
541   | 0.0017457662741027152927  | 0.00048317415103467771737 | -0.0070397359546763857777 |
542   | 0.0064641902025785466859  | 0.0027274335440303125802  | -0.0041977188567368962924 |
543   | 0.0078934234390362831291  | 0.0061087900957810603933  | -0.0030056144699666578063 |
544   | 0.0045239187730189969402  | 0.0035660361761451586475  | -0.012160503141173959266  |
545   | 0.0083493301913521392882  | 0.0085622725640483871024  | -0.0087969743158046575376 |
546   | 9.6885230797277344973e-05 | 0.0081214433449034364315  | -0.013573236557831287047  |
547   | 0.0030883688157110032735  | 0.0035108800599783535241  | -0.0013851024847904287556 |
548   | 0.0040861467027053519421  | 0.0030637587008388623977  | -0.013521865562718879406  |
549   | 0.00077804962236521508622 | 0.0085896369455900536266  | -0.014601917097258958547  |
550   | 0.0035032093454817831227  | 0.0041339719345072000953  | -0.0038220620938896896282 |
551   | 0.0062964741950100166362  | 0.0023861813984049260427  | -0.013341048343487491371  |
552   | 0.0048467967831152102692  | 0.0054822549566154871181  | -0.0067495462841162673362 |
553   | 0.0031112406601946540792  | 0.0049585313261049186392  | -0.0089862341137396280211 |
554   | 0.0017124798380908925165  | 0.0089129753930176098403  | -0.0084201477603821801854 |
555   | 0.0070020404064690755855  | 0.0035376002551836599128  | -0.0015474125231564840252 |
556   | 0.0032449162901711041916  | 0.0078182371918794086457  | -0.0032907142500945047066 |
557   | 0.0054985751064774305089  | 0.0054156719466342765484  | -0.013613227609680689928  |
558   | 0.0027586574260870652328  | 0.0058020723772821136688  | 0.00071144800378847555117 |
559   | 0.0070565532363235710864  | 0.0010808285146635052132  | -0.00023159652784199950284 |
560   | 0.0054950111949183966936  | 0.0036341467385578741373  | -0.011836944033660522571  |
561   | 0.00058286827027697403654 | 0.0061530819781307000485  | 0.00032334571056339951687 |
562   | 0.0044900462858426552423  | 0.0070609153425719812722  | -0.001641610079021845435  |
563   | 0.0070924047762050941926  | 0.0043697128428067666395  | -0.0086988876772868227449 |
564   | 0.0047428036876698085461  | 0.0072407964223313841384  | -0.012340200637034275111  |
565   | 0.007191398195902401827   | 0.0049340505854852684947  | -0.015902103596158050774  |
566   | 0.0042107405949224699371  | 0.0089757253571330925662  | -0.013596156179127162622  |
567   | 0.008844762824880171917   | 0.00094581011628919002803 | -0.0017085272193772306232 |
568   | 0.0070837623339563221894  | 0.0011416072289900335273  | -0.016377287339589340076  |
569   | 0.004895254611267429827   | 0.0039221176901338469095  | -0.010825366986825880888  |
570   | 0.0062606166316906746924  | 0.0098085248310407300437  | -0.0015454269066489361838 |
571   | 0.0097839973281300136182  | 0.0065144952912111007276  | -0.015196310087683441437  |
572   | 0.0042131110903210000976  | 0.00026254848176678752258 | -0.0025048733492074428189 |
573   | 0.00095070946858975293164 | 0.0069133999964129952756  | -0.0043507120136197577343 |
574   | 0.0066312639157812191745  | 0.0090445735373827149117  | -0.0053447845699363593849 |
575   | 0.005056022610487809904   | 0.00030311732131803445413 | -0.011932251649136084784  |
576   | 0.0059267226044798955453  | 0.0027097322076554556172  | -0.0038549202034727663747 |
577   | 0.0024772885229673614893  | 0.0079893075408131297016  | -0.01394620959550377931   |
578   | 0.0034963841293401349067  | 0.0074153693356077687859  | -0.0058337019004576738668 |
579   | 0.0048693930397571798252  | 0.00043656051871620806968 | -0.010367772286740644175  |
580   | 0.0064233023783492673719  | 0.0024896433920039715351  | -0.0092800261189408331242 |
581   | 0.008052233514639121903   | 0.0070004547244227888214  | -0.0044501972470709343782 |
582   | 0.0041635864557597532243  | 0.0072976991135397838509  | -0.0002678396163590539324 |
583   | 0.0092588337281897022807  | 0.0077112296143445344457  | -0.0077555808473539523951 |
584   | 0.0053437567526110662033  | 0.0087295236681131493234  | -0.013166713221448788154  |
585   | 0.0035372729186322099566  | 0.0025337890235290288186  | -0.0066184609894616528575 |
586   | 0.0076561448354684280906  | 0.0088900915844304772423  | -0.0095777384624267068725 |
587   | 0.0018175494089241049818  | 0.0033796351525764503632  | -0.011535281391201765086  |
588   | 0.0082223004046043275672  | 0.0041049376883504386238  | -0.011965604805095206992  |
589   | 0.0035136478387945337815  | 0.0070487102583510112888  | -0.0072958946229066505562 |
590   | 0.0003363751562412150382  | 0.0092912705969373024506  | -0.0060464396777650131903 |
591   | 0.0030187987964633740401  | 0.0033664787629478533371  | -0.003766501441560556572  |
592   | 0.0030952508213732839691  | 0.00072317503419662301865 | -0.0138399125946147665    |
593   | 0.0081397251553246407346  | 0.0081275894761694209012  | -0.011381821140443018625  |
594   | 0.0093515966173017637392  | 0.0072867055465314781518  | -0.0019240218208558181479 |
595   | 0.0024934778913359031093  | 0.0079968146898004265066  | -0.0044421214675491472318 |
596   | 0.0099937558497704449822  | 0.0075555014898563361073  | -0.0094968610411182569075 |
597   | 0.0028737500489937079645  | 0.0080185123859593289419  | -0.0096340574719238555867 |
598   | 0.004335402565763842378   | 0.0044774419587018622277  | -0.010437839116958051722  |
599   | 0.0001390385553088000208  | 0.0069824192749792955356  | -0.0019033401921237640565 |
600   | 0.0011753880719783428577  | 0.0014726437448159815022  | -0.011522740522588422254  |
601   | 0.0015738648774483222394  | 0.00095971781140916762563 | -0.012592550048379192243  |
602   | 0.0065754767484929484145  | 0.0062841687990901123548  | -0.0092412255504971275305 |
603   | 0.0025214135799560759114  | 0.002475633966976932207   | -0.0098561678842566773084 |
604   | 0.0092650708639700936342  | 0.0077521966514116167485  | -0.013972804327052355811  |
605   | 0.0070398210850051348014  | 0.0075284711452434103021  | -0.010933153499431594313  |
606   | 0.0089253030204604292402  | 0.0024003629037217381371  | -0.013348362090973639113  |
607   | 0.0017483936623227645541  | 0.00077831979894705800686 | -0.015577213528367174142  |
608   | 0.0040413631479431716756  | 0.0069598902999956904422  | -0.0029236874357107078652 |
609   | 0.00038595855371204289838 | 0.00012785619998666094286 | -0.007267228357772353986  |
610   | 0.00053994032837142622548 | 0.0020011025609813063754  | -0.016080782119091655002  |
611   | 0.0047969567035171193498  | 0.0056914100694622146714  | -0.010046223416449983831  |
612   | 0.0047585349705295074824  | 0.0085624132042735785764  | -1.8673848204582982064e-05 |
613   | 0.0065918772106829202212  | 0.0096899220458024903913  | -0.011426397400171295002  |
614   | 0.0046421977744544613148  | 0.0030395796750823053135  | -0.01363923377325554874   |
615   | 0.0011726742289695263506  | 0.0089124362762840921015  | -0.0023200767491112416971 |
616   | 0.0092860965507532144958  | 0.0038639646571341471244  | -0.0012713576333240911732 |
617   | 0.0065635641704968545121  | 0.0030799284647227255854  | -0.0020509587136476868131 |
618   | 0.00218894587274735819    | 0.0070224920150106766997  | -0.0052051359195857578588 |
619   | 0.0020971303431452036591  | 0.0085999502476418066693  | -0.0028270790902594805823 |
620   | 0.0077315996324537599599  | 0.0040105185237881511157  | -0.0034223240124448806553 |
621   | 0.0044104089643083582012  | 0.0058002283165798675102  | -0.011780276825975630889  |
622   | 0.0020007051576248682107  | 0.0090027865658906195551  | -0.012226038744127252708  |
623   | 0.0031229178313031276913  | 0.0027748425914831975105  | -0.0075429276182532953993 |
624   | 0.00014352921945232787913 | 0.0053171966129336540804  | -0.0023536184256436522982 |
625   | 0.0067217113188604024968  | 0.0058388708959167872833  | -0.0079890604128919611576 |
626   | 0.0016332450031628928735  | 0.00028656362236973001228 | -0.002681084974568152552  |
627   | 0.0054670930439783748875  | 0.0095081560054141051747  | -0.011345504018006533076  |
628   | 0.0070376087861999721967  | 0.0082441989976243749277  | 0.00028159143267320833198 |
629   | 0.0075352243960334335665  | 0.0067561580298053057481  | -0.0094196819907417708023 |
630   | 0.0061373472985433970631  | 0.0094468920345884832557  | -0.0071578055371260673051 |
631   | 0.0088836198397590181164  | 0.0051866663731207213184  | -0.0079900425438543271756 |
632   | 0.0052923928199709261572  | 0.0069795336294564041049  | -0.013008183134051588825  |
633   | 0.0049423833337117178272  | 0.0018472920161632701026  | -0.0066028781036719134609 |
634   | 0.0036311343467680342635  | 0.0038963942453484503962  | -0.0027884101839307697673 |
635   | 0.0015177304231081363214  | 0.002654931765777461105   | -0.0029697938598570797208 |
636   | 0.0007518137034432191947  | 0.007148627506072638936   | -0.0056668016492477466667 |
637   | 0.0062044110733813825215  | 0.0027290647781466411022  | -0.01641812103662983191   |
638   | 0.00010343651785687933047 | 0.002553575681645267343   | -0.01141202537386230495   |
639   | 0.007095813479203435907   | 0.0023076747604577388905  | -0.0078023645031394164157 |
640   | 0.0031081975509392009878  | 0.00049240110920578097822 | -0.00422441547869943472   |
641   | 0.0058704115531775756531  | 0.0079152473496027810074  | -0.0037793066064952525289 |
642   | 0.00091530898240680942483 | 0.0087549919994088769987  | -0.0028998700088380003487 |
643   | 0.0089546895535814827888  | 0.0059923440188859693201  | -0.00073781990638221951403 |
644   | 0.0054152056422211098177  | 0.0093195877568092340415  | -0.012532932193162297022  |
645   | 0.0034663624394419547889  | 0.0093777118412673044628  | 0.00080811596725339097241 |
646   | 0.0023015322432333213017  | 0.0018493593557476696761  | -0.0047219589201863759395 |
647   | 0.0049275677944925185339  | 0.0037990173919987143235  | -0.010312401524754408882  |
648   | 0.0040858168829677327105  | 0.00625953479264860016    | -0.011416918317475217848  |
649   | 0.0043341103217391131752  | 0.0061177593495065109297  | -0.0012730093528721551834 |
650   | 0.0033976836994091732386  | 0.0081401617422465020329  | -0.0030290758120537089951 |
651   | 0.0046639976390016255059  | 0.0065887917662458637263  | -0.0036302325606761003292 |
652   | 0.0025965526891783179478  | 0.005754679434532829381   | -0.0071035093109156769234 |
653   | 0.0064779984258309664114  | 0.0047976548076147668836  | -0.00072177998037442647229 |
654   | 0.0056116656545270472006  | 0.0080426460306708604658  | -0.0047695889396661729498 |
655   | 0.0051274381217450547971  | 0.0047614265054503066357  | -6.6688767036317283632e-05 |
656   | 0.002787978984246050531   | 0.0028825206378144591947  | 0.00010928379600612393426 |
657   | 0.0081722728964176132721  | 0.0091945449557179637773  | -0.0084158698227716037532 |
658   | 0.00562564495976652576    | 0.0083831357094092100873  | -0.0048807963576685221493 |
659   | 0.0081612177228285540803  | 0.0045067181086382518754  | -0.0076005396782162226721 |
660   | 0.006401672218810448671   | 0.0016326713028228874609  | -0.011664905026254970138  |
661   | 0.0010900286762004294649  | 0.0042180591257783969436  | -0.0069904910253026650638 |
662   | 0.0043285727066550930969  | 0.0081287223780777580207  | -0.00085626692690324757336 |
663   | 0.0077390250247944816428  | 0.0019614016757503621204  | -0.010615617038960680971  |
664   | 0.0044352722519822055866  | 0.0026602968322862420233  | -0.00461548727497236317   |
665   | 0.0022012108651514282476  | 0.0057026691758758274106  | -0.001438955824529368618  |
666   | 0.006264167375370540379   | 0.00094661877891761073145 | -0.010612691697457458592  |
667   | 0.0084013390935107311319  | 0.0020669223001424817318  | -0.0066071545529343281636 |
668   | 0.0055284494141764816896  | 0.0016940153363552371696  | -0.0034489880466438177682 |
669   | 0.0091531672264772330483  | 0.0024812069802641885212  | -0.011159139367341140356  |
670   | 0.0020453566200274784885  | 0.0059183550152707752393  | -0.0049891588766332040095 |
671   | 0.0021804929868700102108  | 0.0079336335847492323731  | -0.011563245440042559456  |
672   | 0.0098886381695318711221  | 0.0058386418244398665192  | -0.0081458084057731885291 |
673   | 0.0080549653315134996795  | 0.0049175284830383081403  | -0.01544974020275264627   |
674   | 0.0072709905953381500504  | 0.0024480695238851451004  | -0.0075178825328907367825 |
675   | 0.0025597727379501927954  | 0.004032335739621603285   | -0.013535450694700979987  |
676   | 0.0023952977237967042201  | 0.0099133576385290987643  | -0.0016666581966702398877 |
677   | 0.0062524572760586701742  | 0.0027906775019518239439  | -0.0097130447112246942609 |
678   | 0.0023981559869227513267  | 0.0029212972034203706084  | -0.0011770456957471196833 |
679   | 0.0039052669176063876944  | 0.0074749015854861404137  | -0.0042970670164716650782 |
680   | 0.0015856655065657151472  | 0.0068439510755240497153  | -0.0091627500956712806812 |
681   | 0.0040232387217739029595  | 0.0014091894957379749037  | -0.0038828498526933476372 |
682   | 0.0012811512103959119685  | 0.00086898586634555276698 | -0.0081107253899855361046 |
683   | 0.0044803127999153372768  | 0.0053619307029750696431  | -0.0024008744924485883078 |
684   | 0.00062624456606904003401 | 0.0019861583628193193139  | -0.011987788884990456875  |
685   | 0.0059414056503697887032  | 0.0016991038961249127579  | -0.014128950270339460382  |
686   | 0.005286047308932733009   | 0.0037924558923220618584  | -0.012160779443959336341  |
687   | 0.0080083214878567780814  | 0.0048764669480620198225  | -0.006000229575217094595  |
688   | 0.0036236341466457959101  | 0.0071842801386182144827  | -0.0043382562142567351535 |
689   | 0.0049491512878673234524  | 0.006660055076828356839   | -0.0016050460201010321136 |
690   | 0.0062981360594890692384  | 0.0067198300307571351073  | -0.0072019317072519730902 |
691   | 0.0077812584016667086725  | 0.0044643852538236664801  | -0.0073442967043607573774 |
692   | 0.0070284324510401707461  | 0.0082329448108588547395  | -0.0096351104135695558872 |
693   | 0.0075860526123268526635  | 0.0037634080361580684974  | -0.011014402360464844999  |
694   | 0.0077264777241627755761  | 0.009388845353445259001   | -0.0082777823813678843429 |
695   | 0.0047735476488716312854  | 0.0082397224782549041006  | -0.014140045806101118539  |
696   | 0.0020558756699669061482  | 0.0025855076744720046321  | -0.010780388246819995121  |
697   | 0.0063456019635117957151  | 0.004517408477946453782   | -0.010968618255463944561  |
698   | 0.0019162000492154774613  | 0.0088098781915522256236  | -0.010523941772748337739  |
699   | 0.0079697650113007868777  | 0.0010332082449783664552  | -0.0083120006148868601226 |
700   | 0.0058533572095735789814  | 0.0019208025676944677062  | -0.0039630838923116074729 |
701   | 0.0050219161464278294638  | 0.0061816705736217458095  | -0.012637283172206798323  |
702   | 0.0054044447929046477569  | 0.006822616001278340378   | -0.010772226048247283969  |
703   | 0.0040908556985311218465  | 0.005518397865339737772   | -0.013085379673225601416  |
704   | 0.002817026405211547728   | 0.0089259900055221660237  | -0.0056858399946194907587 |
705   | 0.0025717269727105612764  | 0.0091601942146081662827  | -0.0025224179685522383002 |
706   | 0.0009508594693505305253  | 0.0083040161117679221758  | -0.014219878447333446359  |
707   | 0.001544665633099375629   | 0.0082160044919350385534  | -0.014545209836807375045  |
708   | 0.0070626915111494190797  | 0.0044534291703382626604  | -0.005329747623612315563  |
709   | 0.0046192801390608859841  | 0.0019866815892738386162  | -0.0098565214193506323764 |
710   | 0.00578089868674246804    | 0.0091788915263778508152  | -0.0082439932615036883023 |
711   | 0.00063343466974764720077 | 0.0071035110394424777827  | -0.0096033052130589276196 |
712   | 0.0045481030214044445778  | 0.0051483535272352082268  | -0.014254658733754376615  |
713   | 0.00084706127083488281376 | 0.0060255178092360004577  | -0.011972598764029425758  |
714   | 0.0011309957121626475207  | 0.005413812362577517974   | -0.014601012610751681886  |
715   | 0.0046542068611093272146  | 0.0090847336188713736366  | -0.012003261458787484878  |
716   | 0.00013971080652090561865 | 0.0075432783725819067822  | -0.0092985729697977210356 |
717   | 0.0028784175470273109035  | 0.0089442099439139902128  | -0.0047656686368111548374 |
718   | 0.0043942882683898065732  | 0.0069337778406685481383  | -0.0081646112062871110948 |
719   | 0.0092707922449125502312  | 0.004201124553727468916   | -0.014031797311725784441  |
720   | 0.0066623215645681211142  | 0.0078559614424840145536  | -0.016133598624323480797  |
721   | 0.0069292751063750419524  | 0.0048816567145255800389  | -0.0086566957868290696221 |
722   | 0.0021317782421003553597  | 0.0067198209210331200439  | -0.0035504186164155506107 |
723   | 0.0042182194988712815725  | 0.0049033133848152147052  | -0.0057028278541381470859 |
724   | 0.0073270214216174462188  | 0.0054324853931387428324  | -0.0089317786359359805509 |
725   | 0.0087863957818051161008  | 0.0063554097273011891239  | -0.0063638598143703588306 |
726   | 0.0030653343221354570521  | 0.0071087224882532664208  | -0.0064229593734054435047 |
727   | 0.0033237454484264304481  | 0.003026000598471357151   | -0.0057281473524077915899 |
728   | 0.0049587366535442656268  | 0.00058205485097786405658 | -0.0016534468028095456599 |
729   | 0.0099268067914638890431  | 0.006306695778741224466   | -0.0092489859218515442507 |
730   | 0.0084644115188553352425  | 0.0028398127103391166727  | -0.0019084614621365809245 |
731   | 0.0058313011315425994016  | 0.0018404712639697559835  | -0.0076688555675430399375 |
732   | 0.0043257515147328111371  | 0.0098777030353307745947  | -0.016162104858186022299  |
733   | 0.0080429883575777651877  | 0.008441228446607287883   | -0.0085298683716699946061 |
734   | 0.0050956219117301027044  | 0.0043851846939396360928  | -0.0089557751992012379905 |
735   | 0.0045914919962748226845  | 0.00031440156060806009669 | -0.0037352082550494106888 |
736   | 0.0093423399452951354227  | 0.00029451425688171273915 | -0.00062535181472065921957 |
737   | 0.0061306693323768162232  | 0.0080096296879263347013  | -0.0061322631516942203295 |
738   | 0.0023058373854341154309  | 0.0072834822706233006556  | -0.0111807798182279889    |
739   | 0.0071282862798167931709  | 0.00080841491422744410356 | -0.015129635653579638979  |
740   | 0.0066125636343374637541  | 0.0033602065152023570353  | -0.012783115973711140639  |
741   | 0.0017564618030813366339  | 0.0068767874816111811478  | -0.001722310379234540589  |
742   | 0.00081816059737134093788 | 0.0046544218038579009827  | -0.0010924441662764831744 |
743   | 0.0035847126198872434136  | 0.0047272093903410672064  | -0.014320687433379051742  |
744   | 0.0089293641990589728286  | 0.0049836919289495840851  | -0.0090927010527455248701 |
745   | 0.0016820085170655885067  | 0.006453767536118054475   | -0.010210227522300205361  |
746   | 0.0068284819198133808044  | 0.0036344272584784408781  | -0.0023482454828140666113 |
747   | 0.0045868750940822374668  | 0.00058425882326393363021 | -0.0059654145083920034551 |
748   | 0.0086149327546040065096  | 0.0031784356033932579556  | -0.00982254962478761387   |
749   | 0.0099613418259814102973  | 0.004144812910434413078   | -0.011457140318700593032  |
750   | 0.0080802550681266915172  | 0.0019195401943997267465  | -0.002913215284599500899  |
751   | 0.0045187545262678242841  | 0.0067583869852451570678  | 0.00089142810541165552318 |
752   | 0.0020392874668439518217  | 0.0086954156990002653971  | -0.0083960198546522181451 |
753   | 0.0073663100817610849269  | 0.0089699681230409125665  | -0.003488761694967006631  |
754   | 0.0059969568555415546027  | 0.0080366120092333643427  | -0.0042421606570693000393 |
755   | 0.0013759769621655643448  | 0.0081075023829553366506  | -0.0062861640485286545202 |
756   | 0.0084915918472351099161  | 0.0091165381170284776058  | -0.0046353036513186217718 |
757   | 0.0063877280546792980509  | 0.0044058607528074259299  | -0.010302281460911355895  |
758   | 0.0030965855497791512467  | 0.0023404978079485652329  | -0.010390900514895424697  |
759   | 0.0042237928831666176135  | 0.0099559722149859825741  | -0.0061949425370540454894 |
760   | 0.0015489977353049786714  | 0.0096064324081037832243  | -0.0074366438901709930667 |
761   | 0.0033714172971137201622  | 0.0088398004652560160932  | -0.011695483488800879554  |
762   | 0.0079115141747991626908  | 0.0037763283279626308139  | -0.0074629323769071741201 |
763   | 0.0081489363594034035926  | 0.0039978980069590355079  | -0.0072413418536331711911 |
764   | 0.0065102276593686069645  | 0.0050495712218883472     | -0.0087177536982553302525 |
765   | 0.0019873271471382903709  | 0.0050159531060842499697  | -0.0058016107794578485393 |
766   | 0.0077214357913423159116  | 0.006853379303882118842   | -0.014724192372230033785  |
767   | 0.0052925399913825044856  | 0.0020775202491819595892  | -0.0098532045670491688605 |
768   | 0.0035995935141404727074  | 0.00052418442364591481125 | -0.011140322357177399881  |
769   | 0.0014516727133588168842  | 0.0056423084565061405737  | -0.0058343585467062275898 |
770   | 0.0010396669649696127502  | 0.0089075967506762904896  | -0.0023127011190906487069 |
771   | 0.0071763759928856656403  | 0.0062376254184096239022  | -0.0040309708216598140115 |
772   | 0.0029411526020882801033  | 0.009474752659987015907   | -0.014823701152704850392  |
773   | 0.00051749270276938092242 | 0.0018900166920487997818  | -0.0037466062533060805195 |
774   | 0.0076233391977661114566  | 0.0088988833472033890964  | -0.01046488115217554353   |
775   | 0.0085177910528770831716  | 0.0040921406263465390576  | -0.0082490999332160298146 |
776   | 0.0032460550411574327911  | 0.0056557004261613670962  | -0.011179602854417278537  |
777   | 0.0086343691118005022611  | 0.0051942148739031208243  | -0.0023076378025213141292 |
778   | 0.0019622667986903320238  | 0.00010497461011407901077 | -0.0012279678802000076627 |
779   | 0.0049243289993518950254  | 0.0043318033176251756824  | -0.0036117469530832263698 |
780   | 0.0077656618212420943856  | 0.0061935410370420451026  | -0.011291127743761118427  |
781   | 0.0020961738477452691691  | 0.0033327761068849717611  | -0.0023481197009489972703 |
782   | 0.0016881020717581405807  | 0.003227901048958401603   | -0.013163950858376214509  |
783   | 0.0029906009991861369837  | 0.0056059308673330546235  | -0.0023151461700368163553 |
784   | 0.0082686214146206020448  | 0.0037246552337115742919  | -0.010871629462571124475  |
785   | 0.0014373038964740568989  | 0.00061058484137296886209 | -0.0090496594431955998394 |
786   | 0.0041109979796703369562  | 0.0064905774854999761375  | -0.0058828102780231969482 |
787   | 0.0026248346726408769598  | 0.001128412820888679809   | -0.00074254869995209530058 |
788   | 0.00082948597740109270959 | 0.0060890372995563738986  | -0.011100596053766020183  |
789   | 0.0053384424362058592942  | 0.0052597444972363226537  | -0.012911928763774243104  |
790   | 0.0049121240007546718501  | 0.0042162612757610084396  | -0.008511332131601361678  |
791   | 0.0012728117675970080855  | 0.0091080915724021972724  | -0.013232247701444127541  |
792   | 0.0032632263725791564764  | 0.0022673126479503158577  | -0.0039259238316435868948 |
793   | 0.0061929883853331100033  | 0.0015785637758670024305  | -0.0015053380853625026019 |
794   | 0.0094112160661462534311  | 0.0061173286147083979006  | -0.016400738112957616993  |
795   | 0.0041718051078184787556  | 0.0070107683722611842392  | -0.0091669785284308174383 |
796   | 0.0046590251165193599311  | 0.0067312010692914675536  | -0.0022968413659647779999 |
797   | 0.0019650027440128734271  | 0.00668077573326913976    | -0.0089910936352530727161 |
798   | 0.0029695626919178795718  | 0.00053458258258191838821 | -0.0011515184036849587541 |
799   | 0.006990696554113965018   | 0.0023993904329470371051  | -0.013516341403908000221  |
800   | 0.007005123229098569361   | 0.0080303872761914776163  | -0.0067605889706747173545 |
801   | 1.7508286836923522394e-05 | 0.0020408689293128080659  | -0.0021254971928905334703 |
802   | 0.0031131366131982906101  | 0.0095323511750066286519  | -0.0066905721871138414472 |
803   | 0.0079207223779026222216  | 0.0083665238093139464304  | -0.0038862274698673450295 |
804   | 0.00090334746685566847269 | 0.0039806286712976285402  | -0.013309390723756716821  |
805   | 0.0028570530635132047013  | 0.0040518985496065494656  | -0.0074055206114313496327 |
806   | 0.0024050122773179834559  | 0.0038996824415289785444  | -0.0025566466286642683045 |
807   | 0.0019569719066822297872  | 0.0082058016078270477889  | -0.0014865362391898752619 |
808   | 8.7935393971826845928e-05 | 0.0021744046237372684389  | -0.013765436104828665531  |
809   | 0.0031029997566027803756  | 0.0041818040592111766635  | -0.0096135329680744688319 |
810   | 0.0070231452071412552723  | 0.0035188882029348420716  | -0.0016339401887480091511 |
811   | 0.0075155882646916671516  | 0.0027164208713249997709  | -0.015762406300603142711  |
812   | 0.0083734287498873315181  | 0.0049577192969762597444  | -0.01244042682979405387   |
813   | 0.0062733465284061599304  | 0.0046637629532818294584  | -0.0040476099982495895163 |
814   | 0.0045145401093643969248  | 0.0075049646319243819986  | -0.01111760895777111173   |
815   | 0.0041937700600366400322  | 0.0036045919642589767905  | -0.010696872154181052972  |
816   | 0.0032385037103318191874  | 0.0041136464214401504552  | -0.010728674605244941515  |
817   | 0.0090545143230210799884  | 0.001508177491113343871   | -0.0026229219291462003635 |
818   | 0.0076744209692308409249  | 0.0053234283268036239334  | -0.0029354073174006935221 |
819   | 0.0033557466377713545541  | 0.0059311150646863472491  | -0.0054415223086272772324 |
820   | 8.4656613639718232512e-05 | 0.0015285651916760046708  | -0.0067401848446324002379 |
821   | 0.0066225165914379335169  | 0.009555986212037256497   | -0.0035212539959999207898 |
822   | 0.0023379146338815787014  | 0.0066457403443812975916  | -0.0058214606831971807757 |
823   | 0.0032860131441208050886  | 0.0026243481658573793516  | -0.015055620911581054158  |
824   | 0.0058940034786800514152  | 0.0016912507518413763107  | -0.0091345217490129589077 |
825   | 0.0064565381644858636789  | 0.0056256513298331744036  | -0.0112177402875652827    |
826   | 0.0076830565338140326473  | 0.006898351305107015656   | -0.010764425890353226251  |
827   | 0.009029030066216333153   | 0.0073831431929700019542  | -0.0011269193511391445515 |
828   | 0.0001324347743376188863  | 0.0050255668788963770918  | -0.010743906221913738369  |
829   | 0.0012353936926161011856  | 0.0073538940118519123892  | -0.0045651935320305744859 |
830   | 0.0028039843740130057127  | 0.0039444421518609702401  | -0.0015444528208550529613 |
831   | 0.0039105997315511814572  | 0.0076036706161994637235  | -0.0004818585026859019578 |
832   | 0.0054670186657645378214  | 0.0023173042768644927687  | -0.0055759257634963432099 |
833   | 0.0090502385995702358534  | 0.0048459077136227546312  | -0.0035958073893257347549 |
834   | 0.0047337613052775666389  | 0.0079152615837970938251  | -0.013529136596059108955  |
835   | 0.0075038744447863464301  | 0.0094590843552813282102  | -0.01009481926576535904   |
836   | 0.0098801971192121230969  | 0.0011080823316468298243  | -0.0055489681774660917779 |
837   | 0.0081035670990291363419  | 0.0026849556976545081027  | -0.0046324189663492212551 |
838   | 0.0065949135487406050291  | 0.0013464607631798789465  | -0.012323094026547284918  |
839   | 0.0067363511886881777269  | 0.0026990895035557075504  | -0.0014654587916354245257 |
840   | 0.0092297077391933959184  | 0.0005168325923899440115  | -0.0048884485538538248808 |
841   | 0.0064115534255459512986  | 0.0011614408633070472891  | 0.00066758897923033298869 |
842   | 0.0028859105503765635457  | 0.0065682816513800319769  | -0.0014917642779546248354 |
843   | 0.0065888680139386986145  | 0.0073572130712352551418  | -0.010551856140533060965  |
844   | 0.0038298311872640884712  | 0.001233748526865185817   | -0.0077020475751523502853 |
845   | 0.0096425224049952826949  | 0.0025011502164501010596  | 0.00010234359625504480136 |
846   | 0.0086278473897660676317  | 0.0022854936598547086202  | -0.003964293648642336701  |
847   | 0.0092620386971866922737  | 0.007476634875397439664   | -0.0056924909005666608774 |
848   | 0.0043744279817923637302  | 0.0015366397913378244955  | -0.00021620295586646603135 |
849   | 0.0062910105788831962442  | 0.0051414780772658383659  | 8.1502964738827270207e-05 |
850   | 0.0040871450369420903731  | 0.0035763292055240262363  | -0.0067364218846226262688 |
851   | 0.0050206698013999699962  | 0.0067508126359454526805  | -0.013475163767898232919  |
852   | 0.0051599036625245191592  | 0.0088418614560967188909  | -0.0086229475691463677856 |
853   | 0.0092812330895810767756  | 0.0031640051145074665588  | -0.0095231639114982356842 |
854   | 0.0079735514195530612924  | 0.0093053510714789771513  | -0.0037607276917273938475 |
855   | 0.00016046458833760091447 | 0.0037202844906782709354  | -0.00091894309362477901836 |
856   | 0.0098456216324967257142  | 0.0031426247789199577252  | -0.0027215645072641357453 |
857   | 0.0082045185939487903781  | 0.0076416303753255006639  | -0.010806346712086902992  |
858   | 0.0054739133748068751623  | 0.0030711840534075104253  | -0.0044957194305504958806 |
859   | 0.0020321717455179010361  | 0.0053621860558561657353  | -0.0085279236183328742393 |
860   | 0.0077318116966548057836  | 0.00076026323927041832007 | -0.0042647792849895196227 |
861   | 0.0011431915750647490739  | 0.0024177623474701164311  | -0.0095437198286930698815 |
862   | 0.008831122498936942386   | 0.00068416305111025828029 | -0.014142890537272695059  |
863   | 0.0011594887440715903344  | 0.007307246682548041404   | -0.0021280306412946327875 |
864   | 0.0038599227619487970313  | 0.0045004887751919049957  | -0.0061075107776579337301 |
865   | 0.0057716887420317941615  | 0.0042517621231227828785  | -0.0018390009538179620356 |
866   | 0.005345487947000500048   | 0.0096710345158268849058  | -0.0057056474189783367226 |
867   | 0.0049907542086497225231  | 0.005782169235540045131   | -0.012379342588347124268  |
868   | 0.0069171144986974681182  | 0.0078510127184519169774  | -0.0055184053263046253454 |
869   | 0.0036950487783591803165  | 0.00495051754593203025    | -0.011711963787818796892  |
870   | 0.00018490851436494222591 | 0.0037553398258465728841  | 0.00045971611596182850598 |
871   | 0.0081320129414309636623  | 0.0017766520920372281915  | -0.014577485859923104347  |
872   | 0.003972737206789565996   | 0.002255241349199964794   | -0.014958667431581154639  |
873   | 0.0077358669224395085542  | 0.0034421278273188892979  | -0.014056668398977652593  |
874   | 0.0058252442052760221303  | 0.0014195975577187406377  | -0.00061215927633741728207 |
875   | 0.0064554738176844607064  | 0.0064261501251060100179  | -0.0088965038401501855825 |
876   | 0.0045044703288583632858  | 0.0015898252113008624464  | -0.0037888195653042453827 |
877   | 0.0011381482325994540881  | 0.0053001861230961523283  | -0.0057775291071603257498 |
878   | 0.0004176286878200624283  | 0.0034349707719958256363  | -0.016176792625868959691  |
879   | 0.0056043765785772870977  | 0.008042390656322366202   | -0.0055211751206394000732 |
880   | 0.0061615181345564991322  | 0.0055673696793051051859  | -0.0045004257058737871106 |
881   | 0.0043121633619950345759  | 0.0044964459436934132996  | -0.00826888675213614463   |
882   | 0.0054798538311416726543  | 0.0059367266986497645859  | -0.0094317298177590859487 |
883   | 0.0074710096945323056089  | 0.0054494182279603486582  | -0.0039566872038150242841 |
884   | 0.0081505937983872567276  | 0.0093280720623648092499  | -0.013534100049514932382  |
885   | 0.0095403919568867630308  | 0.0014658594383202419933  | -0.0076981267137911950013 |
886   | 0.0044291917941261232244  | 0.0050974509943295812434  | -0.0042046833829550754949 |
887   | 0.002483251998730253568   | 0.0016633206692814779277  | -0.014416630214678859481  |
888   | 0.0078256980766677614048  | 0.003084036322046119008   | -0.0095646492691891706744 |
889   | 0.0036810865866391500982  | 0.0096490834440272291866  | -0.012398735318507792327  |
890   | 0.0054534480799950145816  | 0.0070701804757989988523  | -0.01562488448705995521   |
891   | 0.003918342259027431454   | 0.0063673322960218986868  | -0.0019903266833308122345 |
892   | 0.0057610301879097818023  | 0.009086606973151186914   | -0.0061378287337383813718 |
893   | 0.006238796712884509682   | 0.0048615658929657516729  | -0.0058266552729058359791 |
894   | 0.0066037279968181065645  | 0.0048312114304195725653  | -0.00043518402769556987662 |
895   | 0.0045451025118545904796  | 0.007561036310360385107   | -0.0068655252733369814475 |
896   | 0.0021758621256898610583  | 0.001491279368429349831   | -0.014347660347807274228  |
897   | 0.0090659024516828671386  | 0.00035371261549042306389 | -0.010352235020038678612  |
898   | 0.0023526677309309391647  | 0.0042424400559240137837  | -0.015603023657490590337  |
899   | 0.0019206604930816499784  | 0.004049266747361580758   | -0.0099792587659974785197 |
900   | 0.005168840496284831873   | 0.0084227379176332571598  | -0.012178611272649603192  |
901   | 0.0051094763125516242872  | 0.0071901653540671246756  | -0.012404037731181240256  |
902   | 0.0052376578572060428565  | 0.0010249046707904167948  | -0.0053597395294643877806 |
903   | 0.00618191738274622999    | 0.0070117080450817857035  | -0.0048204513191920659101 |
904   | 0.0037913208284362218993  | 0.0093367652501390192149  | -0.014225197712830742539  |
905   | 0.0072762935967226475067  | 0.0065838543264327541865  | -0.0094693967862684181452 |
906   | 0.0079567595948687244722  | 0.0039584091669191134866  | -0.014147522005787895386  |
907   | 0.0036871605603180988668  | 0.0085969211211666986261  | -0.00024668376178394130303 |
908   | 0.0032233251273480491815  | 0.0047869366645937414667  | 0.00088822294479727463036 |
909   | 0.0065497588218787925959  | 0.0030314869588705579441  | -2.7384836102600763029e-05 |
910   | 0.0031870996536867909898  | 0.0067929938776338447126  | -0.0052036790990677306984 |
911   | 0.0097166069150907106999  | 0.008413874977802025118   | -0.0018006878964187244402 |
912   | 0.0088448536349714605709  | 0.0044030907981695557515  | -0.00067492701157432480243 |
913   | 0.0060158821212545751309  | 0.005030837666757884824   | 0.00036028113216605549968 |
914   | 0.0027563157801900723363  | 0.0041376909775535817768  | -0.0074881813122701645913 |
915   | 0.0043324082451481026046  | 0.0033879093836105974268  | -0.012954173595823920834  |
916   | 0.00047280971574843483774 | 0.0035343701949331210801  | -0.015885060184895272162  |
917   | 0.0029544975751445864097  | 0.0005029240985733164724  | -0.013355252449766305545  |
918   | 0.0027304906094094169404  | 0.0033539049545038774128  | -0.0015100730223996331608 |
919   | 0.0020411845119836036569  | 0.0071670073276930822831  | -0.016092163119427734669  |
920   | 0.0085292343691448363474  | 0.0092483680916379488318  | -0.0052369596310709344567 |
921   | 0.0033277328417282607889  | 0.0037431783741609936378  | -0.0015933631755712411235 |
922   | 0.0058061414520491671024  | 0.0029587138547650408335  | -0.0053095693575146872198 |
923   | 0.0056517412903738057858  | 0.0077482607860854387991  | -0.004876687297867217212  |
924   | 0.00078317311768249934286 | 0.0075689738527938317525  | -0.0057565421453758180634 |
925   | 0.0038328537008655793293  | 0.0038839698899513735823  | -0.014661514475110305755  |
926   | 0.006470710356068267062   | 0.0011772974408989179615  | -0.016304137127215293651  |
927   | 0.001422287961830150842   | 0.0067392033294133976348  | -0.005455279239764369327  |
928   | 0.0041363862918849013742  | 0.0092044339212859604266  | -0.0066119791958192883352 |
929   | 0.0074115785336157542773  | 0.0066653028830803741356  | 0.00086037958392068316499 |
930   | 0.0062642969521681489409  | 0.0041385270312570086176  | -0.0036410738173137694937 |
931   | 0.0048813821813738994884  | 0.0018195970268362080067  | -0.013864561577073350115  |
932   | 0.0085444971604483437033  | 0.0053582106402459148478  | -0.0029058025044309838264 |
933   | 0.0005614163440927931242  | 0.0042049193095436664114  | -0.0032997924530866048695 |
934   | 0.0032920959959400440675  | 0.0073273787223067923455  | -0.01000992799116565829   |
935   | 0.0025312788243402081605  | 0.0072170701141068670931  | -0.012856762411208495084  |
936   | 0.0029335476413693399068  | 0.0024817316468065410938  | -0.014257563394031577339  |
937   | 0.0030869913079334628837  | 0.0062393234958304536961  | -0.014065488410215130216  |
938   | 0.006197816856573758193   | 0.0026440146861051150827  | -0.011640814527085707741  |
939   | 0.0053140043588894604609  | 0.0036812336944271046961  | -0.0018522287473794660749 |
940   | 7.9752880334381989064e-05 | 0.00023657070120695040754 | -0.014447717728699273343  |
941   | 0.00071294222031583810197 | 0.003859814394096845909   | 8.3766617425814153932e-05 |
942   | 0.0017920098428642311072  | 0.0033606516768866726702  | -0.0073639856914006025443 |
943   | 0.006137920898143509052   | 0.0082885088627818060553  | -0.0008876588271323815121 |
944   | 0.0092413900696363248527  | 0.0072803356280687321969  | -0.013080310527070477047  |
945   | 0.00091711065685060630219 | 0.0070868448894688242448  | -0.0047578548526484862671 |
946   | 0.0074558921752563619284  | 0.0046672873472464468728  | -0.015708502154213783292  |
947   | 0.0083715023641470261845  | 0.007491595162446695183   | -0.0022929946666173733026 |
948   | 0.0080710584774909954059  | 0.0066558742513449439815  | -0.013306465382301773531  |
949   | 0.0061315648373033359783  | 0.00061831564019986450745 | -0.012704120357352733511  |
950   | 0.0056546295798169960573  | 0.0085799539710997088648  | -0.0097206350861231832772 |
951   | 0.0038975504199657826955  | 0.0057743228103124197292  | -0.0028013191350654779305 |
952   | 0.00023313208729985277498 | 0.0067522150231572189774  | -0.012752278871304730326  |
953   | 0.007808483247873808028   | 0.0064551019184278081789  | -0.016009127821548060217  |
954   | 0.002711968307889607837   | 0.0016002828132404660344  | -0.0062144592713415684401 |
955   | 0.0034996841823683286395  | 0.00035161548524310925774 | -0.0053461086291584029168 |
956   | 0.006250620485701089725   | 0.0031434970785825240396  | -0.0081658554782670245836 |
957   | 0.0070491334772491056476  | 0.0054054006429808797857  | -0.010451199369218089688  |
958   | 0.0063979795558983454037  | 0.0087891849194815258733  | -0.0078649162714948383374 |
959   | 0.0020299902789432233002  | 0.0097196463685030373009  | -0.0078631486686707770944 |
960   | 0.0035577321511180695288  | 0.0047763498496334148846  | -0.0042709871828186286857 |
961   | 0.0032841760488684077803  | 0.0074244817969053604131  | -0.012824989794255484479  |
962   | 0.0071501047882461012117  | 0.0042498350909434242165  | -0.0075421537243198976883 |
963   | 0.0061461879457796516485  | 4.4559385897893777091e-05 | -0.012022309501580874178  |
964   | 0.0040654111383641488089  | 0.0066445412196741975713  | -0.0068054557658212520843 |
965   | 0.00038627739680462504831 | 0.0090240746841626640062  | -0.014724247888635116216  |
966   | 0.007456191869258861106   | 0.0099945892869674687886  | -0.0055016789786521969052 |
967   | 0.0030619407128263382949  | 0.0055031593640985955462  | -0.011498578113631230044  |
968   | 0.0047288388923564690647  | 0.0017050419975993154603  | -0.00088628190092948156472 |
969   | 0.0063461367848071251543  | 0.0016892795160155652575  | -0.015508786821393219166  |
970   | 0.0031427557122343245839  | 0.003203337784767567014   | -0.0064262625745260875884 |
971   | 0.0088195571326057219802  | 0.0071216810573763444925  | -0.011403305265226131721  |
972   | 0.0071827089134210517912  | 0.0072161336304024832622  | -0.0098995208504383449405 |
973   | 0.0055280759013059148008  | 8.2673778400072086637e-05 | -0.0072880546678514819894 |
974   | 0.0069489802279898383805  | 0.0025551924735737431213  | -0.0144154954100542982    |
975   | 0.0012042497518017240745  | 0.0034478035666397920979  | -0.0065240745614390015586 |
976   | 0.0021522155240900897599  | 0.0074238428278080989195  | 0.00013978948089428313434 |
977   | 0.0065897895165979202339  | 0.0084777215180385934873  | -0.003875005337850079886  |
978   | 0.0063910107144398440107  | 0.0049335648710829137914  | -0.0084094375040722930958 |
979   | 0.0083709610395290602602  | 0.0014084868079367832572  | -0.01600050998189218518   |
980   | 0.0042633902926305575209  | 0.0063923570492388373868  | -0.012083108662115827833  |
981   | 0.0094946957222799919368  | 0.0016716602338931805909  | -0.013280909533671642064  |
982   | 0.00045664878076191251551 | 0.006827148550383595367   | -0.0040393486729061239479 |
983   | 0.0046930240832237816659  | 0.0070822365532389533471  | -0.01152761383774720573   |
984   | 0.0042010034399660575385  | 0.0059048769116175686342  | -0.012356242080515781462  |
985   | 0.009722416766627604498   | 0.0015155368186787815041  | -0.012619960864617887214  |
986   | 0.0012357776476120112957  | 0.0057268773361133012631  | -0.016226911847555682     |
987   | 0.0066647687826055105123  | 0.0059952677340118177771  | -0.01182501190885462336   |
988   | 0.0038649509927535883463  | 0.0091550370464280363125  | -0.0021273808546201115541 |
989   | 0.0017853463819306901374  | 0.002574083993895536198   | -0.013825606313799955471  |
990   | 0.005114996308380369977   | 0.0042436284699150115737  | -0.009258292840774727181  |
991   | 0.00080816671288779992621 | 0.0099689548875525803989  | -0.01488952795856715236   |
992   | 0.0022113148398675798109  | 0.009836946434843720985   | 9.5220894661818831009e-05 |
993   | 0.0016258913775552288027  | 0.0012830390698926291519  | -0.00078264761457007075377 |
994   | 0.0087277379079294999803  | 0.0046723149379850909685  | -0.0054703387726776075972 |
995   | 0.00038366121009960008287 | 0.00095276455411258311606 | -0.0099918744279440738221 |
996   | 0.0078070073088951493986  | 0.0099585162007072274698  | -0.010418227875387639503  |
997   | 0.0057002288998207620643  | 0.009141050995594106679   | -0.00068229004555563185948 |
998   | 0.0084177097120619916171  | 0.0035987100556761093123  | -0.0076276768567474827545 |
999   | 0.0034517469673038076936  | 0.002499852119687933933   | -0.0025692833065807723844 |
