N			X			Y			Z
0     | 0.0057483936600636158232  | 0.0097601289698995650351  | -0.0034374883192100943834 |
1     | 0.0048002869317288745718  | 0.0090641092072287314518  | -0.0021418709646473109605 |
2     | 0.0030379960152873289672  | 0.0067389881528842933422  | -0.0067322743549050739764 |
3     | 0.0037003676284687162835  | 0.00099500930577936779614 | -0.0081442738999400170891 |
4     | 0.0047432176038206480886  | 0.0014773763409351898818  | 0.00095269510824971728041 |
5     | 0.0066007308018963704518  | 0.0010372522633344638358  | -0.0028595172484612804177 |
6     | 0.0032229263613148735092  | 0.0079535851395082807908  | -0.010191866654723021404  |
7     | 0.0059530887690571795273  | 0.0015838485864216249148  | -0.01170284917807750194   |
8     | 0.00084886649559995938728 | 0.0071692788114848908509  | -0.0032078167064684042289 |
9     | 0.0035619149276965517484  | 0.00072473774995286959107 | -0.0074666165115362783181 |
10    | 0.0077833102713026460287  | 0.0030223968561719685016  | -0.001425666458217737971  |
11    | 0.0044801780801006010901  | 0.0082132852966261236938  | -0.0067817727376731657546 |
12    | 0.003088881153356301968   | 0.0036926218641490184992  | -0.011994002273424226104  |
13    | 0.0086266157913443032579  | 0.0069962106640312103287  | -0.006664247726822850916  |
14    | 0.0058599904491202468859  | 0.009405493588990022566   | -0.0022899331786756125726 |
15    | 0.003987957187366554003   | 0.0064732722239826626792  | -0.005883235767997411006  |
16    | 0.0032543551949541925546  | 0.0084094284941042419385  | -0.0024557125443215835521 |
17    | 0.0014746311184594968879  | 0.0088973894221898910256  | -0.0083336230097904879371 |
18    | 0.0046044827677437514049  | 0.0097767129767303197901  | -0.0088617797230692244709 |
19    | 0.0065118180042920935369  | 0.00078266179502795463641 | -0.0076306411797619723078 |
20    | 0.0041826584899442775453  | 0.0032050617388932290883  | -0.0090378073691914206228 |
21    | 0.008447951299613735282   | 0.0047992480599550338752  | -0.0053124876428304775022 |
22    | 0.0062244482968210031529  | 0.0018331145136538187519  | -0.0037440896405301019728 |
23    | 0.0059803560761331059359  | 0.0065590951597832387529  | -0.0087833646260707214093 |
24    | 0.0079327372192153564057  | 0.00077098486030508167968 | -0.00052901344287319682688 |
25    | 0.0076203545059479070242  | 0.0018190222847201697499  | -0.0011181413399208939632 |
26    | 0.0029287385902879927053  | 0.0091610999775448252735  | -0.0048106051645322236987 |
27    | 0.0029321991533182338932  | 0.0046487655955559942927  | -0.0084361797793336950474 |
28    | 0.0052741313125369638018  | 0.0073059506834522378038  | -0.010847327959460631094  |
29    | 0.0044148184015264432117  | 0.0032615319652635628954  | -0.0092892373268427860106 |
30    | 0.005404139649480375375   | 0.0019556760347135674662  | -0.0089654578073877656125 |
31    | 0.0040762037747119981429  | 0.0024363316187722364875  | -0.008689655787008830623  |
32    | 0.002789581082475641946   | 0.0054757779309903146028  | -0.0057186883799843534273 |
33    | 0.0019557678741796017188  | 0.0091466834554303575594  | -0.0018220459753153597261 |
34    | 0.0036222531178849333433  | 0.0081302231628131872015  | -0.0012576007650350097284 |
35    | 0.00094926948335465521824 | 0.0055687732655762579859  | -0.0097924416900384194523 |
36    | 0.0093543465703720130033  | 0.0096977227414635751995  | -0.0084305486648934679222 |
37    | 0.00017148037247253995795 | 0.0054843269475954182363  | -0.010415283445926609013  |
38    | 0.0060622278270034248362  | 0.0067874060128008334783  | -0.0084503697017825236959 |
39    | 0.00074773643645504304402 | 0.0031956250513606320081  | -0.010467285536498983911  |
40    | 0.0060312802793415750194  | 0.0032590577043965507364  | -0.010026884185263804095  |
41    | 0.007725462699264450811   | 0.0044139254837346616686  | -0.0068541848796961511378 |
42    | 0.0066902009399496921785  | 0.0093239160679393934955  | -0.0021159221875038849298 |
43    | 0.00053960242101909906137 | 0.0030079325705299961302  | -0.0027835324490174148497 |
44    | 0.0023569290183891008009  | 0.006593306274430064777   | -0.0024510349073074552337 |
45    | 0.0006087513783478284762  | 0.0026455636449578272436  | -0.0080001105517429858816 |
46    | 0.0035422312845926908452  | 0.0016478112638228931131  | -0.0041860762960789239112 |
47    | 0.0033867602195475536922  | 0.0031792100842719167239  | -0.0038006419379743808934 |
48    | 0.004916075531337168493   | 0.0079056501927501007798  | -0.0011409101492163608096 |
49    | 0.0036148088896001341792  | 0.0060435199311008741541  | -0.0080438294773645113711 |
50    | 0.0044985974666102417768  | 0.0069804226549025887721  | -0.010092683862715057241  |
51    | 0.00076502321839581974988 | 0.0065794707666441513971  | -0.0062418351845878366005 |
52    | 0.0036198751384906107352  | 0.0053352285182724033114  | -0.0051680019155665290337 |
53    | 0.0088756106262119320582  | 0.008125243424202410053   | -0.0086091994489658259931 |
54    | 0.0016314870584523812145  | 0.0057703005492660223302  | -0.0044114599485801739981 |
55    | 0.0054029144180242670917  | 0.0089010755464907480999  | -0.0029921642230082055001 |
56    | 0.0087103722596997956024  | 0.0037913776355448366648  | -0.0075715705541352226401 |
57    | 0.002961129578597330482   | 0.0084395609480889428877  | -0.0018494010024032293913 |
58    | 0.0018916905065389229106  | 0.0093519143852503292674  | -0.0070340837753989585851 |
59    | 0.0053605727527526363455  | 0.0076776298916409529624  | -0.01065019769667933415   |
60    | 0.0052535630056192144516  | 0.00011925891302380582691 | -0.0088616492385230928586 |
61    | 0.0076428145340116781375  | 0.0062153367481336714573  | 0.00072005807619070303499 |
62    | 0.0069670303555833005757  | 0.0071903328969588229877  | -0.008180128772180569538  |
63    | 0.0082951397280843202492  | 0.0099295194408154947158  | -0.0003390281196997123889 |
64    | 0.0071191110092889411595  | 0.0073036233123994582714  | -0.004076941205897710932  |
65    | 0.00651006255929452958    | 0.0085349949152883162334  | -0.0081941338167150698513 |
66    | 0.0019520930835655397016  | 0.0064591805876057246244  | -0.011269718577883856836  |
67    | 0.0057558928657319942054  | 0.0027906382147609627188  | -0.005774272387306914403  |
68    | 0.0017670247321895150329  | 0.0075111835616508111982  | -0.002558093140903218779  |
69    | 0.0013473500757246177455  | 0.0059228809581040398405  | -0.0061428416940882578021 |
70    | 0.0088395357614915546357  | 0.0051200930288076741681  | -0.0020791325611518819347 |
71    | 0.0090530623147427966707  | 0.0075032596973004187652  | -0.010240740626875336275  |
72    | 0.0068001806440531166811  | 0.008256135384912762637   | -0.0034282217216442759794 |
73    | 0.0021747913819317146907  | 0.00354265922510762837    | -0.0092273956397110300232 |
74    | 0.0041304951513364092028  | 0.0066034133611677864675  | -0.0043789822891153341172 |
75    | 0.0073020241314895092261  | 0.00052936891760501714795 | -0.011109191758503408551  |
76    | 0.0060227224177569751648  | 0.0015911014662335714286  | -0.0027088633159190267721 |
77    | 0.0044674510522126464201  | 0.0047455809165688478402  | -0.0005126013453794882541 |
78    | 0.0054754525211336627089  | 0.0044556761097637601413  | -0.0039431732447362151384 |
79    | 0.004188841209565565861   | 0.0067765108118742478638  | -0.0073271592689826371345 |
80    | 0.0016923145270679935178  | 0.0040919969658896274828  | 0.00075976224424537022045 |
81    | 0.0078869248261574410874  | 0.0014194738083328031254  | -0.001909275019101347665  |
82    | 0.006912234939705228301   | 0.0047727226288405144583  | -0.010988630459841877349  |
83    | 0.005164197602185877263   | 0.0069080051184077862284  | -0.0020895415699229437888 |
84    | 0.0096275085529237969251  | 0.0021549913995326328703  | -0.0020733420949149111538 |
85    | 0.0028440893782881089026  | 0.00036544164582211788404 | -0.0058827767578492964895 |
86    | 0.0017519523784493764174  | 0.004825809928861152405   | -0.0057527914874550226815 |
87    | 0.0036721039902636049695  | 0.0067814905215759493581  | -0.01209633788127973536   |
88    | 0.0060150834970853399655  | 0.0007257392599722493334  | -0.0027747288652014883217 |
89    | 0.0093364926086076088091  | 0.0070691730136628484066  | -0.006897565383636320227  |
90    | 0.0040911154745582210476  | 0.0062126151165300723747  | -0.010433832985884123126  |
91    | 0.0049443674002865589667  | 0.002451883109062808451   | -0.0051588731593159992128 |
92    | 0.008260154369623200557   | 0.0073772111630172002711  | -0.0021099490714546961789 |
93    | 0.00091140298792798113414 | 0.007482586517726185979   | -0.0030322824676640432011 |
94    | 0.0052667004366563777498  | 0.0076348871681999079183  | -0.01123853849662851366   |
95    | 0.0045548092867457642269  | 0.0096546341421053817611  | -0.0046367386938447434364 |
96    | 0.0013846235478351806222  | 0.009797374806462172403   | -0.001408020368798839619  |
97    | 0.0056323457682804917157  | 0.0049284778082893335865  | -0.00078460188987687770265 |
98    | 0.009963988864303224488   | 0.0050762684853737031349  | -0.011622346131924662579  |
99    | 0.0044842597147432090507  | 0.0072967860182923402826  | 0.00045477368330608305275 |
100   | 0.0098246137082420546827  | 0.0048393060310068488142  | -0.0086168107970190990774 |
101   | 0.0063449697667788719502  | 0.0069221496240402420608  | -0.0071859350338341551612 |
102   | 0.0060318732681779807861  | 0.0056167450209539619005  | -0.0074599349147154783712 |
103   | 0.00012378254375795865122 | 0.0084156143484253372739  | -0.0033835884280492482638 |
104   | 0.0031947348842498871427  | 0.0077464749837871165958  | -0.0039044803126481505279 |
105   | 0.0086212218040098674565  | 0.0066792341103077065845  | -0.0054507514868141829223 |
106   | 0.0041027777930399767295  | 0.0084147204365437495988  | -0.011909136254821442447  |
107   | 0.0081030610398966831237  | 0.0066067301657365407053  | -0.0099813767741761139779 |
108   | 0.0066817656644695229071  | 0.0092369093988460843764  | -0.011910003765607767023  |
109   | 0.00060091515284180490198 | 0.0035164879220676756831  | -0.0032790210286365458446 |
110   | 0.0040262899232451744916  | 0.0037351771232329161743  | -0.0088160666609079871986 |
111   | 0.0065531300312873345948  | 0.0036981487933915599756  | -0.0061877556716522326072 |
112   | 0.0089008640552025279635  | 0.0083627330820597034489  | -0.00016518279397422208068 |
113   | 0.0069627692715925068936  | 0.0044061863643741856419  | -0.00027846666368214049482 |
114   | 0.0085685951192309775526  | 0.0078247154407060388187  | -0.0023476187269366585383 |
115   | 0.0016844086429595199125  | 0.0022252568155984933651  | -0.0052288445250775862985 |
116   | 0.0033782561256421230617  | 7.4929189469602903431e-06 | -0.009687339294078252741  |
117   | 0.0086952847983071974297  | 0.0035229228093675074227  | -0.0022641222444749623324 |
118   | 0.0053556882652235618045  | 0.0043463625818339259727  | -0.0014366755877486048817 |
119   | 0.0064929399023316586997  | 0.0026589324203475693878  | -0.0092880301789291797032 |
120   | 0.0024781877420832804267  | 0.0033210038736707996575  | -0.01023523726685138073   |
121   | 0.0048379171917794748514  | 0.001547640471824545446   | -0.010972333372358034076  |
122   | 0.009668620886600851061   | 0.0074755224206323493338  | -0.0027875326009996334239 |
123   | 0.0031298358521419378242  | 0.0024761293338619720129  | -0.0082832041579530540226 |
124   | 0.0038338766294719272242  | 0.0065164113001844421388  | -0.0052721111591575893496 |
125   | 0.0065488260233651030343  | 0.0086654658886335181323  | -0.0022723034051339708987 |
126   | 0.0081922096249671290391  | 0.0069079197541919643011  | -0.0055847755934462896613 |
127   | 0.0023075658144479098584  | 0.0073446625672573210425  | -0.0033502206167742689183 |
128   | 0.0042142462204744438742  | 0.0016663490130918918487  | -0.01110506028788632582   |
129   | 0.0097183420217608201819  | 0.0061110762834777178701  | 0.00037007666973665263692 |
130   | 0.0058917189398834555678  | 0.0068725512962176981205  | -0.00043751823353237943685 |
131   | 0.0036992832642658880771  | 0.0053797765884709761175  | -0.012262004633008378313  |
132   | 0.0042066125523993469493  | 0.0031140611526394705068  | -0.003807511084679870289  |
133   | 0.0034496976736372907471  | 0.0034106447985934231631  | -0.0079352113853189444603 |
134   | 0.0075948032043064899257  | 0.007924758443826234941   | -0.0099905878022357140489 |
135   | 0.0037093440829112657962  | 0.0061001839524032503564  | -0.0087547554666915269189 |
136   | 0.0042359194523995825216  | 0.006215131857254210801   | -0.009216798683662163344  |
137   | 0.005597150616512561877   | 0.0062279131634551130117  | -0.0040289091999450160619 |
138   | 0.0072792201978654812525  | 0.0048281085635004696022  | 0.00087087873928665452371 |
139   | 0.0062081917899143050296  | 0.00082304449909812143604 | -0.0046633204169906515221 |
140   | 0.0061205988417390427142  | 0.0065525836050742180053  | -0.0068927883762456166467 |
141   | 0.00054297206317313530689 | 0.0073998034065642318696  | -0.010671395047593073765  |
142   | 6.4643420045515145845e-05 | 0.0069424074768701573429  | -0.0056471639268350568019 |
143   | 0.003421277210718830751   | 0.0003054556248009120123  | -0.0071279375631349952205 |
144   | 0.0096926974909459975155  | 0.0056401719637034697027  | -0.0058390680390815741241 |
145   | 0.0069881149718568286514  | 0.0094596656363586557881  | -0.0056312551286126846795 |
146   | 0.0052556993760284028208  | 0.0093220060240380049621  | 0.0003962075467304837853  |
147   | 0.0043728528825000495886  | 0.00045559211737671950716 | -0.0085246098348010328205 |
148   | 2.8730337829675615426e-05 | 0.0081472680039669440055  | -0.00077985701870501465335 |
149   | 0.0016598184386382027703  | 0.007794535766598103578   | -0.0080199030966779660812 |
150   | 0.0041556307041116756495  | 0.0033001769916372295129  | -0.0098308956101663298732 |
151   | 0.004059754086549503295   | 0.0038271306781116651123  | -0.008715954519881474391  |
152   | 0.0074220585370104652165  | 0.0012988496113052235958  | -0.0067503925246333957785 |
153   | 0.0075342311693643538792  | 0.0074441450207598739569  | -0.0035268380112390604851 |
154   | 0.0042975940753410156112  | 0.0082657167384566770929  | -0.0043703124158538993876 |
155   | 0.0044631940088220517851  | 0.001052866462335543072   | -0.00067660810054552002722 |
156   | 0.00086393492265472867329 | 0.0084691808022831129715  | -0.0072334151250161449892 |
157   | 0.0055549901099381255448  | 0.00032246872992134902004 | -0.00040457554373477406509 |
158   | 0.0093714756812984922191  | 0.00360245095772896394    | -0.0069887449391804667628 |
159   | 0.0042011619448851615644  | 0.0028069352612763946025  | -0.0098040208483595372296 |
160   | 0.003724079354621562081   | 0.000731160092643869477   | -0.011463595605228676239  |
161   | 0.0053884947459651288265  | 0.0076737845715247644807  | -0.0032817339986491900379 |
162   | 0.0053553426636493497992  | 0.00026016631905301386939 | -0.0025702756858692016144 |
163   | 0.0050205422558772805353  | 0.00027365071451033019887 | -0.004115062896119122543  |
164   | 0.0040548117926230012667  | 0.00024083224556247569571 | -0.0038786377331893415882 |
165   | 0.0063275079060204778361  | 0.0075449419128112496513  | -0.0045144782984009989429 |
166   | 0.0074964129370021634     | 0.0076470843843091350356  | -0.010670302240037623023  |
167   | 0.0015677864542793288304  | 0.0098461847703975122897  | -0.0045488273673912347009 |
168   | 0.00073851059083233645385 | 0.0058935704607548291406  | -0.0029732410216069329878 |
169   | 0.0039087946073474546041  | 0.00017910825670129686344 | -0.0020123674329951754536 |
170   | 0.0099439438748519723421  | 0.0069403940975572842031  | -0.0033362175574850930736 |
171   | 0.0032283044684073640938  | 0.0077553360394539130537  | -0.010388870188156004368  |
172   | 0.0037085788735411028688  | 0.0040103706156485469797  | -0.00043273809644595132582 |
173   | 0.0042608135117668836586  | 0.00076462633081586148763 | -0.0019395995292083873657 |
174   | 0.0052671192051848619506  | 0.0013651785873070399011  | -0.004345795803589955382  |
175   | 0.0016620744530055026143  | 0.0076933025476057488937  | -0.012164592271919799291  |
176   | 0.0030278099685279590177  | 0.0078836883828865989693  | -0.0064365688457953540436 |
177   | 0.0059879649075082232168  | 0.006258138766059678261   | -0.0016927722033792775517 |
178   | 0.0023984762598835869529  | 0.0075839226955423336834  | -0.0056715036284233286135 |
179   | 0.0083643882141087224497  | 0.0096741154791518523676  | -0.0082378218933526047713 |
180   | 0.0039109852561852141706  | 0.00058576418858118583458 | -0.0044338992496121302708 |
181   | 0.0068204903912238252703  | 0.0088760303485134958712  | -0.0086015413285841311325 |
182   | 0.0083797310901307479891  | 0.0057831076215827297363  | -0.0081761607927620816999 |
183   | 0.0048194579593450912955  | 0.0042283447816364502087  | -0.0084941285097637868329 |
184   | 0.0029901172195019973428  | 0.0051153696535786380775  | -0.0026679255054919601663 |
185   | 0.00056308928703469192899 | 0.0028245935208613135239  | -0.010685824284100850501  |
186   | 0.004052875383470499332   | 0.0060860692101869550211  | -0.0075501956532434758018 |
187   | 0.0057527257209791489781  | 0.0067071825905069349175  | -0.0027595437772226592138 |
188   | 0.0055912480279241240019  | 0.00029644175507213225019 | -0.0016514110105700951277 |
189   | 0.0024605943702474494285  | 0.00073798387078337021345 | -0.0069529884434330899504 |
190   | 0.0029073749587654813993  | 0.0051997007768333006195  | -0.00020346951557889309567 |
191   | 0.0025081089201444725471  | 0.00053333821788775304194 | -0.0072610007805269391815 |
192   | 0.0025416949487137795692  | 0.00012200412260492475406 | -0.0032698116917543504877 |
193   | 0.0029678044543568538917  | 0.0050514917290892446741  | -0.0057590832337550482145 |
194   | 0.0092913365114065220307  | 0.0029335534495519171617  | -0.0037984404580308590502 |
195   | 0.0011342552023177424492  | 0.0027453531498027980602  | -0.0015794158241302625433 |
196   | 0.0063710150832409226732  | 0.0031121311207938204442  | -0.0096065829604983221657 |
197   | 0.0046110674893505738947  | 0.0063843434996233051903  | -0.0053753113697247905181 |
198   | 0.0088071119035991202867  | 0.0042832503175026827302  | -0.0082166049912366541375 |
199   | 0.0089219620492847484527  | 0.0038734761196971274726  | -0.0095069366857760441436 |
200   | 0.0033053431733468031407  | 0.0052600654707734006976  | -0.0039715517599672889998 |
201   | 0.0028375698474793985791  | 0.0040933165356527596163  | -0.010477630105075607866  |
202   | 0.0040874106691211678499  | 0.0074686337744494461083  | -0.0014882204349106738315 |
203   | 0.0048888280369744499879  | 0.0087654730964481421956  | -0.0090309095742025953524 |
204   | 0.0021961393886441751659  | 0.0031469643854956865121  | -0.0088871280994445370216 |
205   | 0.0069026916608467799377  | 0.0019833841247248054987  | -0.012058404577516664696  |
206   | 0.0063045978674707891035  | 0.0048889412117659267892  | -0.0038358292771387249645 |
207   | 0.0067764033160372487419  | 0.0047738601709742351994  | -0.0037013585340498291777 |
208   | 0.0037262018516338347995  | 0.009143026664969166814   | -0.0064098449883918402065 |
209   | 0.0077748007410117243171  | 0.0078750256720247491238  | -0.0061833383171275013712 |
210   | 0.0029363884384019144427  | 0.0047192127999198772714  | -0.00054315407957759766905 |
211   | 0.0031761680027476246573  | 0.00017676510922007848963 | -0.0025580953920123451414 |
212   | 0.0053566293041812599457  | 0.0056928385993966525158  | -0.00025012595665050286857 |
213   | 0.0069319867204276509193  | 0.00068250104810667615741 | 0.00046658253113541705995 |
214   | 0.0046005762030708451799  | 0.0050015386016843870268  | -0.0092993185485379884631 |
215   | 9.8800623814784187347e-05 | 0.0053422264203468938434  | -0.007430387642329933269  |
216   | 0.0095113848844276312894  | 0.0091093128259652003664  | -0.010372840139971651816  |
217   | 0.0082837033266558030009  | 0.0081916854614407438873  | -0.0091863857818034223846 |
218   | 0.00091777811253042807134 | 0.006926505298387922345   | -0.0035726141100180966274 |
219   | 0.0026880177131925137371  | 0.0045753951834396951875  | -0.011460650654315387639  |
220   | 0.007265659147006857041   | 0.0062689686482523560712  | 0.00086900307541813487291 |
221   | 0.006936647722058573301   | 0.0095431710063335010302  | -0.0051071378771600298152 |
222   | 0.005272272579381473076   | 0.009035428493464526048   | -0.0075729395263083613618 |
223   | 0.003169221533835459622   | 0.0021234969595994466693  | -0.0064691358483279061756 |
224   | 0.0012270809107923445064  | 0.0075543644456962238953  | -0.0085963336105160832734 |
225   | 0.0089182928300535480037  | 0.00037887882491959067131 | -0.0057580237364037089795 |
226   | 0.0021528325977669890423  | 0.0037878483243732686062  | 0.00085977716924361840579 |
227   | 0.0066101826137627585356  | 0.0041883343648042191051  | -0.00093460970109726388549 |
228   | 0.0066151942113493482009  | 0.0030306069941423078966  | -0.0050739495095237056865 |
229   | 0.0044964438299622457723  | 0.0081472304320376245229  | -0.0031443083712824346568 |
230   | 0.0050784188676567696905  | 0.001026690433292626629   | -0.0087234178598882602257 |
231   | 5.6369246885319339399e-05 | 0.0061133557148091675904  | -0.007701717083545810312  |
232   | 0.0058335855711373089602  | 0.0077923644228544679952  | -7.0888967402876640355e-05 |
233   | 0.00040996276151489442633 | 0.0058644920765294084736  | -0.010388309985255963705  |
234   | 0.0050764913098443930142  | 0.0040613550956226027178  | -0.0092496268370389714969 |
235   | 0.0015852288399441452106  | 0.0040581286470193229238  | -0.0089160780559803445161 |
236   | 0.0036066941438732584915  | 0.0026465587481591507611  | -0.0046591427706813501319 |
237   | 0.0035796745985017027619  | 0.0039943116605282132439  | -0.0001275557019747545096 |
238   | 0.0023564240194260226147  | 0.0058285613927637975121  | -0.0017085710506601994342 |
239   | 0.0098326347336091367984  | 0.008025302388304778739   | -0.0011798933912127540329 |
240   | 0.0067574814609848059613  | 0.0095492479559392620669  | -0.01162859083341712986   |
241   | 0.0056006414081111082284  | 0.008772399482836779408   | -0.00081759670936502111972 |
242   | 0.000792807287971892833   | 0.0048838830606373643747  | -0.0033209518101774073047 |
243   | 0.0026255866964089587777  | 0.0059117686038185649974  | -0.0070592889220401459915 |
244   | 0.0070763264455247880391  | 0.0050911919337947300276  | -0.0017583325174520098803 |
245   | 0.0050356606808543008524  | 0.0024964902684473252135  | -0.011347766373862052877  |
246   | 0.0098958963425073362408  | 0.00083692340488016687874 | -0.0047722266001321185513 |
247   | 0.0056944812299934005617  | 0.0032003409101098142034  | -0.0073021999045540728068 |
248   | 0.0097644036151819293273  | 0.0050982824833663946407  | -0.0048162885894056676681 |
249   | 0.0066603739845775720638  | 0.0024641418890216982597  | -0.0032290194727665182811 |
250   | 0.0066585304124206629028  | 0.0054626516700390448725  | -0.00055483831403541365637 |
251   | 0.0043730822677698613296  | 0.004950990026335352033   | -0.010614010034532012777  |
252   | 0.0072045135568679433136  | 0.0057592307149413324296  | -0.012375394754552406298  |
253   | 0.0048027577188741264053  | 0.0087827490977833294616  | -0.0096544107979591106683 |
254   | 0.0023153615341978566779  | 0.0013235757878259477201  | -0.0056544122593903331508 |
255   | 0.0017729107962546782323  | 0.004738057770399683663   | -8.2815708661452245871e-05 |
256   | 0.0047193685658773569525  | 0.0075825206713285723051  | -0.0069694282703452606689 |
257   | 0.0020464663328850665573  | 0.0027064468874244129726  | -0.0051044504294159081734 |
258   | 0.0033006104287260874461  | 0.0067806947714757976123  | -0.0045909665087810530223 |
259   | 0.006441623204448433497   | 0.0092747328005828716391  | -0.0053034243757886833162 |
260   | 0.0042594569783863433024  | 0.00063383832849911773098 | -0.0026395674744654779725 |
261   | 0.0057131011820672639862  | 0.0068457811258364805601  | -0.012268747594909069909  |
262   | 0.0010541044677079213724  | 0.00016583851217230710889 | -0.0069979505488877002256 |
263   | 0.0072589391445414784554  | 0.00071465106087552072826 | -0.0098043816352365881911 |
264   | 0.0062315407638088978967  | 0.0017026443193131157814  | 0.00025063403709350541787 |
265   | 0.0065819269104824343342  | 0.0064939330135296924676  | -0.0060483724474064337259 |
266   | 0.003984344360512400221   | 0.0033720799147174793271  | -0.010024350840074551169  |
267   | 0.00081528910091039925173 | 0.0031368782627929051206  | -0.0059295345717766366478 |
268   | 0.0060572707620792408736  | 0.0064501131269740392959  | -0.00096321059911601454584 |
269   | 0.0037867013087020608315  | 0.0024504755674009089453  | -0.0014092210083771537863 |
270   | 0.0094427116260695498351  | 0.0046184193961490331917  | -0.0054742761859771435495 |
271   | 0.0053254468825705558732  | 0.0091259793878069785794  | 0.00040527504308733114597 |
272   | 0.0056406159502965904154  | 0.008002594749989586087   | -0.0064490692552366616491 |
273   | 0.0036829655245910401622  | 0.0095509870768941823593  | -0.0076107008284937794143 |
274   | 0.0061609577137544009606  | 0.0075506664406329937825  | -0.007416508107944399554  |
275   | 0.0089532529586763866247  | 0.0052764932110593923409  | -0.0019209527174769327595 |
276   | 0.0089045631369767258567  | 0.0033949389984530855234  | -0.0056785861378959379478 |
277   | 0.0022914795116462148908  | 0.0048614848455714411088  | 0.00079831620059876273049 |
278   | 0.0086348767175561166182  | 0.0047151003155578930306  | -0.0044230594496154542611 |
279   | 0.0039946201932396074169  | 0.0042206880112146813108  | -0.0018891393249737512168 |
280   | 0.0090385952293514822131  | 0.0036884887675912381502  | -0.011103173688346752029  |
281   | 0.0043790293598741552097  | 0.0078242082707891645599  | -0.005197478241497552158  |
282   | 0.0036855002057628919419  | 0.0012906798490850298049  | -0.0090004588691461433203 |
283   | 0.0082412193633977920415  | 0.0057005856119754817757  | -0.0093401159152076331654 |
284   | 0.0027686709430757528924  | 0.004430249478812067071   | -0.010056842092270494929  |
285   | 0.00958879312552948955    | 0.0060343106951982698055  | -0.0015558071008558176009 |
286   | 0.0013793375082710767135  | 0.0021123465990292088039  | -0.0089763608584444848359 |
287   | 0.0019873448978225327285  | 0.0064207774000673385403  | -0.0045528764868877549116 |
288   | 0.0023524792507374726533  | 0.0027855348247989393171  | 0.00070526319421838987861 |
289   | 0.0098984317827430362557  | 0.00016344693590022250766 | -0.010254887514283673663  |
290   | 0.001486845610129813736   | 0.0064998634921295574129  | -0.002423906323855168788  |
291   | 1.3710385744260129758e-05 | 0.0012026206422661566559  | -0.0055202097920702582201 |
292   | 0.0028456856503756540813  | 0.0045309141982936241774  | 0.00033589101859476770684 |
293   | 0.009511333608227812153   | 0.00027181961674525043169 | -0.0086112679734240797635 |
294   | 0.0078071248048385746138  | 0.0073349056585042468615  | -0.00067507435511680955603 |
295   | 0.0025972087747745029561  | 0.0026207219796577549929  | -0.0072485545730013502957 |
296   | 0.0072052434719757467441  | 0.0040206495458543663191  | -0.0095020293984785578201 |
297   | 0.00087482730367879110289 | 0.0030067550489548608428  | -0.010367529455613965286  |
298   | 0.0022118599913878290823  | 0.0048543203775603567529  | -0.011234266730517607907  |
299   | 0.0016095643136511317197  | 0.0073019968289788333288  | -0.0074493441345908602627 |
300   | 0.004422593738432165078   | 0.0072388173720444558279  | -0.0089272231176243284356 |
301   | 0.0014066616594964028233  | 0.007357435722054274721   | -0.012250488410034990686  |
302   | 0.0096036145703902557613  | 0.0020929883417857833225  | -0.011442906393775943361  |
303   | 0.0080078496959266522864  | 0.005174616785383255764   | -0.0094333416457133677929 |
304   | 0.0012729833635284504983  | 0.0058858193589841388896  | -0.0050553367783695117577 |
305   | 0.0063258185119952755823  | 0.007287676028797820775   | -0.0099807061437810623561 |
306   | 0.0044508569878580536011  | 0.0026306698810767219741  | -0.0088509627990012891552 |
307   | 0.00012181559223130819546 | 0.0036342068561108741009  | -0.0024018737974594410456 |
308   | 0.0089418633633255653614  | 0.0049767760278357159667  | -0.0014905740253213749236 |
309   | 0.0061163521179606484407  | 0.0030163618959331965109  | -0.00410916886738100888   |
310   | 0.0096668673409716424083  | 0.0055343448211015618121  | -0.0044429200212686295948 |
311   | 0.0087490985363979055511  | 0.0057304738134153930182  | -0.0048591399619901448279 |
312   | 0.0070520133196399232417  | 0.0038308006775834265237  | -0.010526119236933214815  |
313   | 0.0069298105880606216886  | 0.0027587553268939397563  | -0.0015664343272737990022 |
314   | 0.0041843868282067306352  | 0.0068821381494165089973  | 0.00082322020992769018993 |
315   | 0.0098934685811760351287  | 0.0089175261409293674064  | -0.0030399169852264426757 |
316   | 0.0054234054264798497655  | 0.0050108825832155742819  | -0.001920347600874771363  |
317   | 0.006129869862923416346   | 0.0018465170484366156059  | -0.012050630047279605253  |
318   | 0.0073802043215986717559  | 0.0052855580295069369209  | -0.00049058708563746718061 |
319   | 0.0024178011554081657412  | 0.0022797626937859916119  | -0.0012598322000254048858 |
320   | 0.0068275670889091418653  | 0.0044796617028424615473  | -0.012227643306691873132  |
321   | 0.003583165032766601199   | 0.0029647056540738044375  | -0.0044766092394586311926 |
322   | 0.0087620712234594087114  | 0.00025778470695719758656 | -0.0014854251828070642611 |
323   | 0.005090117427123536098   | 0.0019876622783653822429  | -0.0025912855162157988689 |
324   | 0.0021915070729228948096  | 0.0044483337247938417591  | -0.0057433566904133911968 |
325   | 0.0053929320380968655269  | 0.0018480450431310497129  | -0.0081654712642985523285 |
326   | 0.00078993608907741946594 | 0.0049450427726886042601  | -0.0042107447494394070059 |
327   | 0.0039564577083950032768  | 0.0071267432717789635371  | -0.0049600855359567957992 |
328   | 0.0099130535479126681564  | 0.0078625217276282032691  | -0.0097727575036367624745 |
329   | 7.1123862952323643272e-05 | 0.006481236386016915943   | -0.0044803065314401252853 |
330   | 0.0023466452949266278921  | 0.0030491016592312280079  | -0.0012060881894650598688 |
331   | 0.0064472732672529236772  | 0.0025747811628897714943  | -0.0051636206867462144249 |
332   | 0.0058137390053816049434  | 0.0058934856795254120243  | -0.00091826474144789799452 |
333   | 0.00090724619276776952755 | 0.007289519677528235285   | -0.0070115536197372721472 |
334   | 0.00056303843037815181662 | 0.0037520094638591391933  | -0.0052263414957563758545 |
335   | 0.0034392438967900127236  | 0.0096001635387852873177  | 0.00051299284456102819257 |
336   | 0.0087564171642042255839  | 0.0048068820569962368919  | -0.005784149025734762993  |
337   | 0.0024563097344556215906  | 0.0090170592119836329159  | -0.0036062160953177230943 |
338   | 0.008614096354704585054   | 0.0020262743751479185897  | -0.0054786896139998632338 |
339   | 0.0046158786288228699848  | 0.0062476110284558766805  | -0.010415794889516973021  |
340   | 0.0044377880164217084133  | 0.0058765446490874929941  | -0.0019945582491076091144 |
341   | 0.0043149457307499047495  | 0.0086969386220960061967  | -0.009208400479419086293  |
342   | 0.001396079246776701227   | 0.00096158784015760035823 | 0.00059749574190938025547 |
343   | 0.0017933389318517279493  | 0.0036338976506725905423  | -0.001623755962873112569  |
344   | 0.0061028519336689540653  | 0.0074018949260952838012  | -0.00016566077292903000698 |
345   | 0.0051164504297699321331  | 0.00011329384194815015643 | 0.00056214127591899657778 |
346   | 0.0099396171107802595152  | 0.0078005635443215148861  | -0.0064775014400611386628 |
347   | 0.0074423455224673917829  | 0.0056075282241170327363  | -0.0094368181241268368764 |
348   | 0.0082763950005682561384  | 0.0023621317330037804559  | -0.0061444260182933188238 |
349   | 0.0023712965632588099869  | 0.0021875191611633367644  | -0.0066971924805069721343 |
350   | 0.0021911889691254371818  | 0.0036155940745999973727  | -0.0039094006778229266341 |
351   | 0.0024280504101617098912  | 0.0026637343355084049795  | -0.0090968878436643012958 |
352   | 0.0030559792426440063502  | 0.0034464232606488337876  | -0.0061363928276792038818 |
353   | 0.0037802875222492219633  | 0.0044535613233793076848  | -0.0022069641169554818187 |
354   | 0.0067198424116711253165  | 0.0036725701537223048518  | -0.0040035169516098312315 |
355   | 0.0050514077121530829781  | 0.0042393597525757819103  | -0.0011002426733509455044 |
356   | 0.0003345745738526666917  | 0.0091237909380418643485  | -0.010429051133985709626  |
357   | 0.0041136740135267928567  | 0.0043500958635076508035  | -0.012307478150218919069  |
358   | 0.0046838152746414589075  | 0.0025880652195679667432  | -0.011813716456884584133  |
359   | 0.0094295012394991530036  | 0.004238693697917450369   | -0.0091330554569556948036 |
360   | 0.0065759626102825114585  | 0.00023334132071435961147 | -0.0095981496968625748534 |
361   | 0.0036601760619474062002  | 0.0060556140926903085156  | -0.010601057714487660544  |
362   | 0.00070855595924436084489 | 0.0022489568192677880307  | -0.010481542631990265618  |
363   | 0.0071236252089294776341  | 0.007696922797378624205   | 0.0001703698380906603152  |
364   | 0.0016678690760414743247  | 0.0043598502754186863051  | -0.0062649393161110520159 |
365   | 0.0004168268326156448567  | 0.0074335423754432203639  | -0.002350027418922042647  |
366   | 0.0020276827220892081408  | 0.0033005876871392346265  | -0.0095763608286334438863 |
367   | 0.0070775231104749343827  | 0.002638239392320140906   | -0.00095781383471074373406 |
368   | 0.0063993370468893220199  | 0.00012067503249364931088 | -0.0044136091066962930551 |
369   | 0.0043243607918424173397  | 0.00068177526744994415998 | -0.010758445562227382866  |
370   | 0.0021846437185765146989  | 0.0043923706437856016929  | -0.003903570618320224752  |
371   | 0.0028551061109740854399  | 0.005453204189009264527   | 2.2129404056783038483e-05 |
372   | 0.0035510478541446437867  | 0.0063334322507950036388  | -0.006298650856671935902  |
373   | 0.0076087834704631641253  | 0.0010917438930278108248  | -0.0085002360775155039879 |
374   | 0.0076626526067007840609  | 0.0098560086400079644636  | -0.010673757459234227765  |
375   | 0.0058113246744090768514  | 0.0017314466933907742517  | -0.011853504386933061063  |
376   | 0.0092574636964248089438  | 0.0039078174651115986024  | -0.0006733852704043367032 |
377   | 0.0098974054182891634673  | 0.0053751247911543228314  | -0.0053729856472422860697 |
378   | 0.0048260211273978793553  | 0.0092425827954936527753  | -0.0042313068397226956743 |
379   | 0.0084498300687613717846  | 0.0022810233331339796817  | 0.00023768633396960411538 |
380   | 0.0043859234217336244901  | 0.00036105856624535869175 | -0.010606873251280044684  |
381   | 0.0017999090803671546988  | 0.0045469469224102372282  | -0.0065491325497081479684 |
382   | 0.0021224835885315855404  | 0.0070798004640294518244  | -0.0078289337146086671049 |
383   | 0.00015368132190659439251 | 0.009052090831774826582   | -0.0071074794734469586011 |
384   | 0.0076950663527979024092  | 0.0054717323937373872969  | -0.0027341556487586993716 |
385   | 0.0082373864228051686676  | 0.0019520450273187673826  | -0.01037397061088299495   |
386   | 0.0078432326955918136441  | 0.0082750316531664657588  | -0.01177976080095215379   |
387   | 0.0053250877200318970026  | 0.0038511768898216091825  | -0.0066924185795410647687 |
388   | 0.0073903186466918544678  | 0.0053028061845942463248  | 0.00031653225062156794363 |
389   | 0.0067960731860039202967  | 0.0063199542709969731488  | -0.0041947974971900956268 |
390   | 0.0045526144505116175609  | 0.0012313307901377266128  | -0.010488197512142163198  |
391   | 0.0055390484114315940642  | 0.0044024669686603479582  | -0.010416221369494963953  |
392   | 0.0052687692648892055919  | 0.0038502063410193253061  | -0.012272188544989251491  |
393   | 0.006749148666769533636   | 0.009332082313774811913   | -0.0097079493506510919354 |
394   | 0.00089168533777904456037 | 0.0040408575423471265395  | -0.012047561179560007522  |
395   | 0.0066088190858654676657  | 0.0081004144395146679414  | -0.0077032154677291507852 |
396   | 0.0074422879037302604524  | 0.0047607875534111240498  | -0.0069691227116732909486 |
397   | 0.0038764184855608228505  | 0.0067711413053572313062  | 5.254220364891886764e-05  |
398   | 0.0054136982727471605684  | 0.006897011185615523586   | -0.0025493756932926363995 |
399   | 0.0029737634476313260304  | 0.0074998054136431813524  | -0.010915849308045986327  |
400   | 0.00083386093247815248897 | 0.0082471889799986038833  | -0.0027880989628989269642 |
401   | 0.0050701733792621155039  | 0.004836252355728511837   | -0.010861468549071448889  |
402   | 0.0021036618782836018215  | 0.0016584357005499956051  | -0.00015730294954246942557 |
403   | 0.0046377326382387781128  | 0.0099995930831150974666  | -0.0032182511868117636387 |
404   | 0.0061440910050495605582  | 0.00036894180749578808038 | -0.0064674741657510725554 |
405   | 0.0094390431249673899944  | 0.004646678013116444135   | -0.010205231187818178049  |
406   | 0.0099181955490228075611  | 0.0061035687153982616515  | -0.0061224802649319986711 |
407   | 0.0096492568448435338258  | 0.0087976202980652017799  | -0.00082700128804708407469 |
408   | 0.0027165030644313282147  | 0.0078111999137655784009  | -0.0032504485676666246101 |
409   | 0.0038531257138272622699  | 0.0017401461839760136007  | -0.008063377537882525023  |
410   | 0.0013882225724247232272  | 0.0028864336775986771354  | 0.00037036367598586566324 |
411   | 0.0076805946111251147124  | 0.0039401219911995031056  | -0.0087955109397333443993 |
412   | 0.0038397872041729518705  | 0.00094113850408499954547 | -0.0079168835985827263474 |
413   | 0.0025788125116524823061  | 0.0063357995017604392188  | -0.012342997956420985461  |
414   | 0.0027522036915533991223  | 0.0014344507781996367664  | -0.010871148117201299629  |
415   | 0.0027540940192139003358  | 0.0094229239932356722437  | -0.0030206504876572593497 |
416   | 0.0051893817532112024651  | 0.0056573618839450530785  | -2.3505802061474297018e-05 |
417   | 0.0073611671312036070641  | 0.0022225047985133441347  | -0.0028200898091708002588 |
418   | 0.0074192135021412114471  | 0.0081003594849040957276  | -0.0059231505937242271906 |
419   | 0.0099681428272930840129  | 0.0067661500251443695148  | -0.011950291624927580209  |
420   | 0.0064228606690656430203  | 0.008758273670574558134   | -0.010649415906755419631  |
421   | 0.0058033995477853013781  | 0.0093108663204965746996  | -9.0672535638536714349e-05 |
422   | 0.0024246087000656104879  | 0.00069589724064507429719 | 0.0003772289983057904245  |
423   | 0.0051123234586745690267  | 0.0077147319099836004705  | -0.0069836717867865390208 |
424   | 0.00037808044157346712118 | 0.0078213169605259418027  | -0.0019629235170497273504 |
425   | 0.0063991632789196679909  | 0.0041303956572015763926  | -0.011011074507781635351  |
426   | 0.0043209324965060823265  | 0.009419463882005469843   | -0.00047260143479419414875 |
427   | 0.0066732567934043151431  | 0.0023379355847642146679  | 0.00059892485760037713401 |
428   | 0.0082256774105567576766  | 0.0046977306787133960367  | -0.010015986860506521233  |
429   | 0.005249904275288560726   | 0.0037984789114417936637  | -0.0013948518197654928043 |
430   | 0.0019063270343753603922  | 0.0089053709289575472968  | -0.003690609965941386416  |
431   | 0.0069243674713631723008  | 0.007154551457446707563   | -0.0021580420860884907096 |
432   | 0.0014760408085720208311  | 0.0055624407495703199686  | -0.0093103089476632479998 |
433   | 0.0026427420141331699026  | 0.0058377125104462695634  | -0.0087916686933283225841 |
434   | 0.0025566969311200879456  | 0.0027084934204342952027  | -0.006597429645283783145  |
435   | 0.0097719459898087460137  | 0.0012226268789382892157  | -0.0015553797755149827067 |
436   | 0.0010457859297068733666  | 0.0079813444842298433141  | -0.0023912781420944826012 |
437   | 0.0056921805106613827807  | 0.0042159400042066095052  | -0.0010114374893890943664 |
438   | 0.0085074015486497293198  | 0.0035370631580101219264  | -0.0085722231323848464835 |
439   | 0.0005727777154688478041  | 0.0074617034470350991279  | -0.0041553830374516055254 |
440   | 0.0093472854513339392879  | 0.0042569657172159356545  | -0.0005338806760162290296 |
441   | 0.0018055944350752828678  | 0.001183914559132209169   | -0.0037340624447071094766 |
442   | 0.0015263811275950977305  | 0.0027562527629571981214  | -0.00045176444683526177778 |
443   | 0.0036145742088706032773  | 0.008331725585429137354   | -0.004035678295165271573  |
444   | 0.00048522079226770117085 | 0.00045670397960879353244 | -0.0079184438255343637947 |
445   | 0.0072019159091221297136  | 0.0071069284692032407003  | -0.0033495004902954249662 |
446   | 0.0014254334313114759396  | 0.0084616631463918130784  | -0.0068971133627883460943 |
447   | 0.0038569113652478369432  | 0.0084927321328664238248  | -0.011386715585988036251  |
448   | 0.00010087924309773876484 | 0.0049514878460248552827  | -0.0069319252614980040456 |
449   | 0.0062065006517590497193  | 0.0070263639522246497046  | -0.0040499511430236792564 |
450   | 0.0066508566599127547786  | 0.0039272231006045980883  | -0.0014859870874522180216 |
451   | 0.00065939569062556575331 | 0.0097436375188974921197  | -0.012288426210834426169  |
452   | 0.0081252203566401105111  | 0.0088314456061728413561  | -0.0090790936486680236944 |
453   | 0.005854250340688264137   | 0.0036981678169935028322  | -0.0094497065371675088158 |
454   | 0.008147904920904504647   | 0.0066387176397471429901  | -0.006996420576733499222  |
455   | 0.0015799201842459041894  | 0.0062150623702179989827  | -0.0017898954978132044016 |
456   | 0.0008663197731749299477  | 0.0042927158906739450867  | 0.00088327902603643499574 |
457   | 0.0023770403480977966501  | 0.0052235275521225086812  | -0.0011704497080170239709 |
458   | 0.0027621139500740203923  | 0.0092898078609647376236  | -0.0027644456400613623415 |
459   | 0.0055829240950852005235  | 0.001099206674241658523   | -0.00014998920169640795122 |
460   | 0.0064077345820216947275  | 0.0087933926522262596814  | -0.0034754333234730335096 |
461   | 0.0030024115977644923875  | 0.0044461290200010364707  | -0.0031183749008120240781 |
462   | 0.0037151742821999174209  | 0.0034253690314820363187  | -0.0047870331027994117781 |
463   | 0.0064537814062810136204  | 0.003931137752312537266   | -0.0077578931308417888729 |
464   | 0.0084512836874789318276  | 0.0011838354971182366016  | -0.01053898694145563586   |
465   | 0.009257152257567864001   | 0.00023962770936762357562 | -0.011017089678595491306  |
466   | 5.148023695693351449e-05  | 0.0062344006148418850549  | -0.0031776796801515150639 |
467   | 0.007034812656361885512   | 0.0045325549965762124485  | -0.0081484839583624620735 |
468   | 0.0030961932774585124509  | 0.0071019789280773659365  | -0.0089287430262151284283 |
469   | 0.0054844510321589122481  | 0.0031183173939203214994  | -0.0079007791761410862269 |
470   | 0.004655868774389460181   | 0.00038743178354685617977 | -0.0087114202921658341616 |
471   | 0.00088150305060973174406 | 0.0083410807432718458293  | -0.011497277461145396366  |
472   | 0.0054631033042489805795  | 0.0086083956295393906921  | -0.011469405008374384744  |
473   | 0.0068182242884323113544  | 0.0015692129781964307082  | -0.0079034513322939706909 |
474   | 0.0010205147166439203481  | 0.0018996417531152503741  | -0.0054671077807158831308 |
475   | 0.0049446307780749571004  | 0.0047212199214499532551  | -0.0092900042297426547316 |
476   | 0.0081154371761684093722  | 0.0085882862385778125508  | -0.0037179490637616707631 |
477   | 0.0080443156627517074797  | 0.0079593454453029226225  | -0.0019801635633522980326 |
478   | 1.3292926777977948102e-05 | 0.0080116566486928362384  | -0.01229491650431651685   |
479   | 0.0040837740375540719159  | 0.0025182099437776966043  | -0.0073519211966513583686 |
480   | 0.00022155306429537331746 | 0.00445047433895829226    | -0.0047726617440896719133 |
481   | 0.0033411092425870490656  | 0.0079980473552069275556  | -0.010241705331807059512  |
482   | 0.0044467423126791031512  | 0.0048304613348447225651  | -0.011805568515218555978  |
483   | 0.0057883981867880339792  | 0.003777876286356046838   | -0.010981744545058872917  |
484   | 0.0019786167312702339187  | 0.0061261844113685284471  | -0.0082918929449083064731 |
485   | 0.0012786447205745275681  | 0.0052924554737182353745  | -0.010816859829485919037  |
486   | 0.0010418692750518068063  | 0.0072182719024596626173  | -0.0026752243213902550389 |
487   | 0.0081353863923307075112  | 0.0050577397776614442526  | -0.0050885342340288367002 |
488   | 0.0087390572906541966192  | 0.0061039761405328836139  | -0.0040129434971579525451 |
489   | 0.0042232530264299465023  | 0.0094643833170594705156  | -0.012055406661363629942  |
490   | 0.0047244703642909894464  | 0.0086086188871918097737  | -0.0044999161389632467978 |
491   | 0.0035000651698906841067  | 0.0029242289793898821985  | -0.0036870227652248169746 |
492   | 0.0073527176067642039184  | 0.0082441797658770969021  | -0.005549581137528371115  |
493   | 0.0094097185258411666919  | 0.0071120009719578252544  | -0.0045800868660470185276 |
494   | 0.0047333196221054640862  | 0.0046910725453297840576  | -0.012089932898026850214  |
495   | 0.0076427773420181220609  | 0.0081152054094309044457  | -0.0012572566577992981031 |
496   | 0.0087826672988379483886  | 0.0056790502171801685374  | -0.0075703861448543413246 |
497   | 0.004977896343279732648   | 0.0050273574800250480157  | -0.00033704179490442060787 |
498   | 0.0052070077641779453567  | 0.00022146710310155462301 | -0.012269328220765677792  |
499   | 0.0093827122533623030093  | 0.0051174624144030350301  | -0.0036434728578973807692 |
500   | 0.00049606832465959695751 | 0.00030087355345141225367 | 0.00082591134683172254954 |
501   | 0.0045871674878009581142  | 0.0038712988443890027426  | -0.0097798704515523627451 |
502   | 0.0055345680290052783404  | 0.0052788059021117526154  | -0.0067834216938219404208 |
503   | 0.0012402845981304253149  | 0.0026814188260995582003  | -0.0039801497048663602579 |
504   | 0.0022146138165236250138  | 0.0033448001765904542687  | -0.0087945275952986921852 |
505   | 0.0070497114780953039695  | 0.007615269492663393619   | -0.011654978349515593417  |
506   | 0.0036412380108010742111  | 0.0022605898269940040077  | -0.0064191104008543969917 |
507   | 0.0089274830214301891668  | 0.0037463737679865284289  | -0.0015521867760743505039 |
508   | 0.004570764841039588397   | 0.0017207859955810484408  | -0.0087634000581519860135 |
509   | 0.0013861517496932464644  | 0.00302693737873622375    | -0.01234721575064126782   |
510   | 0.0076802617817618573648  | 0.0084647725972755299972  | -0.0018343581881146684993 |
511   | 0.0022987062562467644455  | 0.0029354746067773497022  | -0.010426226525972985895  |
512   | 0.0074033431104635113312  | 0.0097673572640227922931  | -0.010552986199272485976  |
513   | 0.0056412265797187834473  | 0.0032220658853224100858  | -0.0095635844580324036457 |
514   | 0.0069537575357181006033  | 0.0016169739952066916437  | -0.00041186731342955038579 |
515   | 0.0076286234601527563512  | 0.0056441696887327540838  | -0.0045112303267645700172 |
516   | 0.0042554625480996513889  | 0.0010414920999540658395  | -0.00051424524483019830399 |
517   | 0.007514143533781154731   | 0.0055417448727753662249  | -0.0084393012410497163928 |
518   | 0.0032550400069467468403  | 0.0029129069866930383005  | -0.0050625946542454539415 |
519   | 0.0019362988292540561901  | 0.0036597083684665417981  | -0.0099165469920120662833 |
520   | 0.0028416305208825614129  | 0.003349705549639715816   | -0.010818796903848688917  |
521   | 0.0042679339595043481667  | 0.0059130654488146212194  | -0.0031442076932688732896 |
522   | 0.0029150784181755382343  | 0.0034861155820704969703  | -0.0022851040560123636255 |
523   | 0.0014925554604781449911  | 0.0083952505001236160664  | -0.003749393166618459651  |
524   | 0.0087701413530692287623  | 0.0012775357681326273817  | -0.0053003262835435785427 |
525   | 0.003404507785578821371   | 0.00058213719937205156939 | -0.012049861103770865417  |
526   | 0.00032112102015396839626 | 0.005553828155789146577   | -0.0022328926214147813874 |
527   | 0.0091982041525830015444  | 0.0053313317679985136599  | -0.0031068143065614102147 |
528   | 0.008761840968336504637   | 0.0023397773198293547563  | -0.004591731878629751358  |
529   | 0.0066838432408354705658  | 0.0056813087328195432599  | -0.0071938976633069921102 |
530   | 0.0034265666663355139228  | 0.0065785540893856251157  | -0.00067264208271790315325 |
531   | 0.0037900686846583440774  | 0.0039928381341608372435  | -0.0066576096393452651942 |
532   | 0.0047732266612802391054  | 0.0037307521697237584248  | 0.00051641966059031828989 |
533   | 0.00027853564395006807572 | 0.0057305117507221604162  | -0.0027149924670952008988 |
534   | 0.0022940643155013079775  | 0.0040427612149369386574  | -0.0042014635020193131718 |
535   | 0.00039089050623076961738 | 0.0084965465635293783292  | -0.0090070618160744096714 |
536   | 0.00018513363250639627562 | 0.00016004015409393560192 | -0.00073979907680775608761 |
537   | 0.0022571691209922373385  | 0.0041965767746118855241  | -0.0037619347724588475188 |
538   | 0.0085599676623200754433  | 0.0016571836334536276664  | -0.012260313445702001461  |
539   | 0.0092604466430738080485  | 0.0060441947799630682189  | -0.0011326162612795851251 |
540   | 0.0048320271971964137356  | 0.0060412979940634376277  | -0.0074397558872547932263 |
541   | 0.001743538447584596111   | 0.00049248297945912191363 | -0.0051860702921881366226 |
542   | 0.0064524402347359332069  | 0.0027233727022160365665  | -0.0029993171900326610901 |
543   | 0.0078888440111693301088  | 0.0061086583246226684729  | -0.0020820679701899057895 |
544   | 0.0045265690708869866371  | 0.0035727399707476997955  | -0.0091261780201996964973 |
545   | 0.008343513697145794536   | 0.0085614745193779914767  | -0.0065381545003792684162 |
546   | 8.8246685682782791734e-05 | 0.0081228301909108350382  | -0.010213187378274164036  |
547   | 0.0030939954750172412451  | 0.0035108833413075987359  | -0.00083518609420019085648 |
548   | 0.0040829370964559014504  | 0.0030675815720793272665  | -0.010173660634085548993  |
549   | 0.00077693459876152426088 | 0.0085962588959951884843  | -0.011004692243743662353  |
550   | 0.0035008248527576986929  | 0.0041459771637585331183  | -0.0027102729784077095668 |
551   | 0.0062907135244998973675  | 0.0023921343579406972348  | -0.010034533175823959553  |
552   | 0.0048396662447409239879  | 0.0054858862968003626465  | -0.0049627876234540485578 |
553   | 0.0031143568407445056806  | 0.0049568077857723331914  | -0.0066837779910295415375 |
554   | 0.0017176272533805851759  | 0.008921927321690118623   | -0.0062482102070515526879 |
555   | 0.0069955615568992532416  | 0.0035337745844090297925  | -0.00096007344275186087129 |
556   | 0.0032467761786088107298  | 0.0078236581691401348854  | -0.002301434288950108837  |
557   | 0.0055000289857939426916  | 0.0054228291051995275787  | -0.010243957973176998771  |
558   | 0.0027613930981288440335  | 0.0057994122639139153441  | 0.00077797741846459111253 |
559   | 0.0070528649937874653489  | 0.0010734799928060023526  | 5.2364065708832745541e-05 |
560   | 0.0054831300820392800052  | 0.0036328750344629887059  | -0.0088772196719750107868 |
561   | 0.00056962833038736154084 | 0.0061536386368078012724  | 0.00047935715531605973486 |
562   | 0.0044931543377971869951  | 0.0070654617860274031987  | -0.0010325525272898627635 |
563   | 0.0070881293098169987493  | 0.004378939017149882304   | -0.0064626830117252599683 |
564   | 0.0047515439971369550359  | 0.0072415969297083349412  | -0.0092644439218420790438 |
565   | 0.007205966860843121026   | 0.0049360904807231858332  | -0.012005103839432767696  |
566   | 0.004209061322908900192   | 0.0089670790384989672306  | -0.01023082258290883978   |
567   | 0.008837747982338068492   | 0.00094967889014873187528 | -0.0010840410508348903313 |
568   | 0.0070844194980328551933  | 0.0011317101824694401294  | -0.012370727792107487006  |
569   | 0.004893754852320927537   | 0.003915145517128486817   | -0.0080988748664868395744 |
570   | 0.0062599275254337765489  | 0.0098043233059490284692  | -0.00095854563595213870646 |
571   | 0.0097981063358524318058  | 0.0065162208569955679116  | -0.01146204020148495345   |
572   | 0.0042129662500418572912  | 0.00026558004320136730349 | -0.0016967792258035037552 |
573   | 0.0009548649275212406232  | 0.0069200332669607468247  | -0.0031170357852879568283 |
574   | 0.0066333241860269077581  | 0.009035155766888763873   | -0.0038819119881198438024 |
575   | 0.0050506138705197134095  | 0.00029452775186432030886 | -0.0089505528775234727973 |
576   | 0.0059220915756054226878  | 0.002703613227048779627   | -0.0027355552235949023333 |
577   | 0.0024744825716286325198  | 0.0079855070644886793491  | -0.010500166632432479663  |
578   | 0.003488071885812712384   | 0.0074110809936368780837  | -0.0042581030708622007175 |
579   | 0.0048728286819562155116  | 0.00043807116377907949186 | -0.0077467845745004693808 |
580   | 0.0064339793123153977625  | 0.0024864799362186449164  | -0.0069098324293332740939 |
581   | 0.008054946019390942305   | 0.0069957430521885464667  | -0.0031935834045703085163 |
582   | 0.0041776220886087320899  | 0.0072990080803546405347  | 2.4477292506106809126e-05 |
583   | 0.009252548834626202548   | 0.0077046040054627633678  | -0.0057368678369763177749 |
584   | 0.005333157764058213228   | 0.008723883079249065628   | -0.009900393283027513272  |
585   | 0.0035502182906346360994  | 0.0025354199559039086731  | -0.0048619257479019187956 |
586   | 0.0076527627098858987814  | 0.0088988563191806143576  | -0.0071389033209180207187 |
587   | 0.0018129048086274381774  | 0.0033829179464951071588  | -0.0086451092741951698212 |
588   | 0.0082187024739341987822  | 0.0041072642955868911285  | -0.0089762160296197358866 |
589   | 0.0035020564958127241295  | 0.007049171376160277315   | -0.0053831682487446956553 |
590   | 0.00033609650629862599172 | 0.0092880501784572567364  | -0.0044217913874438647542 |
591   | 0.0030152167390701685966  | 0.0033747418116645117557  | -0.0026675225569121460353 |
592   | 0.0031045958422985728276  | 0.00072134405674195733495 | -0.010418377787242787819  |
593   | 0.0081480384368705915943  | 0.008127278867714225058   | -0.0085270312796863062532 |
594   | 0.0093545239694566469091  | 0.0072885711925432181135  | -0.0012498505699396055425 |
595   | 0.0025002090431304529669  | 0.0079975100153326528912  | -0.0031873696010481008395 |
596   | 0.009984128146010080862   | 0.0075547922810535869317  | -0.0070766732407895154011 |
597   | 0.0028821066168650284062  | 0.0080214994010191532914  | -0.0071822372505151643382 |
598   | 0.0043280638649827365277  | 0.0044763408336322774508  | -0.0078006965859816687625 |
599   | 0.00014179912896094239096 | 0.0069697000463965121803  | -0.0012339373596237511888 |
600   | 0.0011785362819899819226  | 0.001461269699959087719   | -0.0086354598658925935811 |
601   | 0.0015843434757511188314  | 0.00095874244095882289914 | -0.0094586108951806250472 |
602   | 0.0065863578412618173016  | 0.0062824690351792507326  | -0.0068799778364072011055 |
603   | 0.0025140361666100030126  | 0.0024763237732929209087  | -0.0073531372192888518752 |
604   | 0.0092656717241425042703  | 0.0077626387492585827849  | -0.010520629602864838004  |
605   | 0.0070324253267445837809  | 0.0075307655195278990282  | -0.0081818097971648046096 |
606   | 0.0089164978621420840771  | 0.0024057571724079491494  | -0.01004016064372885951   |
607   | 0.0017461178846630825284  | 0.000788614130361069577   | -0.011755121401175334592  |
608   | 0.0040327660421055561493  | 0.0069646822399457861477  | -0.0020190302789481850802 |
609   | 0.00039049986722424818606 | 0.0001352105470987883661  | -0.0053611113637351964778 |
610   | 0.00054427212568527148524 | 0.0019968988975790887344  | -0.012142585705572320198  |
611   | 0.0047952346546101974264  | 0.0056909415823171230486  | -0.0074993729772734650865 |
612   | 0.004756341600060912285   | 0.0085666223017606141915  | 0.00021619465299138018971 |
613   | 0.0065849585816192745744  | 0.0096869055371390823395  | -0.0085613299031204789097 |
614   | 0.0046363487841189184382  | 0.0030444843950125149643  | -0.01026396807750898886   |
615   | 0.001171846633284258192   | 0.0089231627571732339416  | -0.001554589884699115283  |
616   | 0.009296626806764563683   | 0.0038656251961897954497  | -0.00074766659721908594605 |
617   | 0.0065742602449423686445  | 0.0030848863863584645439  | -0.0013475205115746334041 |
618   | 0.0021812364675688022779  | 0.0070228608079636913042  | -0.0037744611499478759528 |
619   | 0.0020966647201547190978  | 0.0085914108637246619504  | -0.0019446962437152906684 |
620   | 0.0077380298419142991284  | 0.004003335374380100932   | -0.002402699709308243111  |
621   | 0.0044093807980314161932  | 0.0058065079082266230631  | -0.0088336178258987020639 |
622   | 0.0019933819252656902535  | 0.0090069461447980329882  | -0.0091766035377548165614 |
623   | 0.0031253557202285350315  | 0.0027839273779478382331  | -0.0055732445748856666162 |
624   | 0.00014213338577175342516 | 0.0053265786756341079039  | -0.0015803980915811055488 |
625   | 0.0067143049702222340827  | 0.0058455876137313740604  | -0.0059165156528146875189 |
626   | 0.0016332839986749187172  | 0.00027902332178547531536 | -0.0018323629696996436393 |
627   | 0.0054601418333852019468  | 0.0095059329722712079119  | -0.0084990875420062200751 |
628   | 0.0070421599003893846705  | 0.0082371463378085006679  | 0.00044722986910810790667 |
629   | 0.0075359444473647929294  | 0.0067475541781215663331  | -0.0070172888239593469301 |
630   | 0.0061316506432400373974  | 0.0094426740498065372259  | -0.0052769173971971682774 |
631   | 0.0088834716360751009995  | 0.0051851283955523502084  | -0.005917271340728679635  |
632   | 0.0052941346604227475584  | 0.0069735375676743243528  | -0.0097784143685728033835 |
633   | 0.0049386661894194397449  | 0.001848693500289104192   | -0.0048499356990533313769 |
634   | 0.0036411057657182335605  | 0.0038930850048293991553  | -0.0019149429565375169354 |
635   | 0.0015173540718694776552  | 0.002651961679988302633   | -0.0020545062675002626063 |
636   | 0.00074815898739197153177 | 0.0071384346330599394645  | -0.004129683842697401755  |
637   | 0.006205931428974747685   | 0.0027211575388358206704  | -0.012402146749376924406  |
638   | 9.8959309300885765163e-05 | 0.0025443965312297828034  | -0.0085502715342710249036 |
639   | 0.0070821491152145196052  | 0.0023043798727853024265  | -0.0057728649126049299406 |
640   | 0.0031116333103472964064  | 0.0005016772170575631816  | -0.003019858558674272473  |
641   | 0.0058601674633423457214  | 0.0079140237386856569779  | -0.0026773753245601240695 |
642   | 0.00091510137576973204099 | 0.0087617341131793931297  | -0.0020007042695385935521 |
643   | 0.0089493046579796741574  | 0.0059861757081066547387  | -0.00033714293064764869895 |
644   | 0.0054211945377337792187  | 0.0093216868351875623727  | -0.0094127387116167225006 |
645   | 0.0034738972454974562272  | 0.0093697423761214693877  | 0.00085235732600998179859 |
646   | 0.0023013195711042259972  | 0.0018408444519115690474  | -0.0034026868903280420124 |
647   | 0.0049210687293705533338  | 0.0038086831251490948537  | -0.0077041802616339338447 |
648   | 0.0040847314293026614276  | 0.0062659358453142494083  | -0.0085540363461674220891 |
649   | 0.0043293729480293708864  | 0.006129320170171615248   | -0.0007489374913543932373 |
650   | 0.0033995193454778296557  | 0.008151428560672567894   | -0.0021001199947873619781 |
651   | 0.0046669619696744941983  | 0.0065808279116042808082  | -0.0025626722383871041074 |
652   | 0.002605144615973366707   | 0.0057483873394692935888  | -0.005235139871920300482  |
653   | 0.0064742135438031105446  | 0.004806593117569324565   | -0.00032480121814417660083 |
654   | 0.0056108689748644554121  | 0.0080497487311173999275  | -0.0034393351895133502868 |
655   | 0.0051293928455411440248  | 0.0047735243726515740048  | 0.00017925019801627611231 |
656   | 0.0027987615783038712405  | 0.0028796129365009624258  | 0.0003146499985344211256  |
657   | 0.0081718262105625050218  | 0.0091870235594809831342  | -0.0062449186035768372918 |
658   | 0.0056234873742487742621  | 0.0083868787121257806078  | -0.0035249022912750083494 |
659   | 0.0081609870717312613109  | 0.0045159805633805134156  | -0.0056175734253318954092 |
660   | 0.0063871400010454409957  | 0.0016304747787478969263  | -0.0087448464947281166759 |
661   | 0.0010972095129749696082  | 0.0042148992875908012495  | -0.0051481794216134699541 |
662   | 0.0043388005817602045416  | 0.0081345551353249959114  | -0.00042828045045833633463 |
663   | 0.0077481089065511423927  | 0.0019607898416633255147  | -0.0079374854964660204043 |
664   | 0.0044251345720608160905  | 0.0026577394188593869533  | -0.0033207636673504639657 |
665   | 0.0021972450991588256958  | 0.0057033861692071703697  | -0.00087662284621955479345 |
666   | 0.0062606878040482698278  | 0.00093594397396316918267 | -0.0079352346304833714513 |
667   | 0.0084124070246461672695  | 0.0020657900982841942254  | -0.0048532261573497889953 |
668   | 0.0055254937909074031827  | 0.0016949150599070948731  | -0.0024232160037263900283 |
669   | 0.0091495161934887162675  | 0.0024869035432815633432  | -0.0083556916848432898764 |
670   | 0.0020463272101892966519  | 0.0059236837771121540405  | -0.0036082804225055775671 |
671   | 0.0021851778975978271811  | 0.0079383784824276666658  | -0.008666625847926602913  |
672   | 0.0098963819222768496103  | 0.0058411585845080885721  | -0.0060371233577889062832 |
673   | 0.0080629650074320203396  | 0.0049210789260568680789  | -0.011657038708321668455  |
674   | 0.0072592275046343352277  | 0.0024487831469398512949  | -0.0055539739596404558847 |
675   | 0.0025524725448615617589  | 0.0040299995414506831551  | -0.010184113537251055989  |
676   | 0.0023923194862626598681  | 0.0099234882585754607964  | -0.0010518254757156391289 |
677   | 0.0062498937982346956452  | 0.0027879508074736560584  | -0.0072430129547896120179 |
678   | 0.0024003338982190617831  | 0.002908790090265452738   | -0.00067509950315971936977 |
679   | 0.0039113388697576949998  | 0.0074689963368754046236  | -0.0030757593397574543338 |
680   | 0.0015894351388561708555  | 0.0068371103218557742129  | -0.0068195959181371734042 |
681   | 0.0040121250218882690414  | 0.0014072133811593257133  | -0.0027570453290049691704 |
682   | 0.0012779187347542546836  | 0.00086510791529573573874 | -0.0060101291874627505232 |
683   | 0.0044751771952293720527  | 0.0053669696941155160125  | -0.0016167586577357120729 |
684   | 0.00062473677377199805707 | 0.0019905537022629239685  | -0.0089932852814816489212 |
685   | 0.0059490681928224525138  | 0.0017019287992531652916  | -0.010640774068630579063  |
686   | 0.005289099497061389675   | 0.0038002618719678621546  | -0.0091263906177842368111 |
687   | 0.0080050939124403207997  | 0.0048707172844553951047  | -0.0043862356248964727221 |
688   | 0.0036148086323680821141  | 0.0071815961196978143205  | -0.0031074518324251247138 |
689   | 0.0049468306480091673097  | 0.0066685627983007894626  | -0.0010044187875843323642 |
690   | 0.0062999144333970849216  | 0.0067178893902828783896  | -0.0053108697050374539458 |
691   | 0.0077822395373640341695  | 0.0044584894623298856886  | -0.0054204106009209732098 |
692   | 0.0070354304995813264634  | 0.0082381608575766308161  | -0.0071830474227694710368 |
693   | 0.0075904754822969369363  | 0.0037610729615366739198  | -0.0082443256767750355829 |
694   | 0.007715294542645213631   | 0.0093911129477746487643  | -0.0061386690172870348944 |
695   | 0.0047735245396374713367  | 0.0082350695333153773464  | -0.010649311384322427895  |
696   | 0.0020451228715567797839  | 0.0025835567215796804291  | -0.0080642665598853312953 |
697   | 0.0063368582155663814859  | 0.0045162948636323406795  | -0.0082090976924912607837 |
698   | 0.0019120730772150841808  | 0.008804086782552162857   | -0.0078669471548462235194 |
699   | 0.0079712755773043725976  | 0.0010448296392641636798  | -0.0061649977921629543418 |
700   | 0.0058474714111036276212  | 0.0019307492115416692146  | -0.002818780367544739332  |
701   | 0.0050229554861174396593  | 0.0061687210387306040671  | -0.0094930302156482574555 |
702   | 0.0053959954424261397793  | 0.0068180389831833153672  | -0.0080579862623677486755 |
703   | 0.0040894062682009782103  | 0.0055241625160506171652  | -0.0098378122418688665474 |
704   | 0.0028110382656904571268  | 0.0089207955270881652415  | -0.0041443326500235997539 |
705   | 0.0025603819827911332256  | 0.0091632241406131367811  | -0.0017102787050242370965 |
706   | 0.00094954445110116778711 | 0.0082913729810679282634  | -0.010710737572037144771  |
707   | 0.0015494878982771599033  | 0.0082093300313893276948  | -0.010961059579527613825  |
708   | 0.0070660756483417316506  | 0.0044645477015467218904  | -0.0038703420053253817686 |
709   | 0.0046242629584399000051  | 0.0019877540233174191726  | -0.0073534092421930615999 |
710   | 0.0057870846540912738304  | 0.0091839920446024955053  | -0.0061126704183665702894 |
711   | 0.00063069610478293876201 | 0.0070969501827493671614  | -0.007158575324797233734  |
712   | 0.0045377266403731301297  | 0.0051443272230661824668  | -0.010737498811260969694  |
713   | 0.0008556690882804577963  | 0.006029115376975494045   | -0.008981597440382573308  |
714   | 0.0011271227346381672892  | 0.0054228156508642870459  | -0.011003996298386012342  |
715   | 0.0046537103104003782819  | 0.0090819869224473288166  | -0.0090051904522008736909 |
716   | 0.00013416008790330510771 | 0.0075414558278313051018  | -0.0069241030625325659595 |
717   | 0.00288676428273354534    | 0.0089470751262972145201  | -0.0034363187634538715741 |
718   | 0.0043896040909714127698  | 0.006933126603127298497   | -0.0060515909281560250482 |
719   | 0.0092718529501516783881  | 0.0041961208950447989249  | -0.010566020987851436688  |
720   | 0.0066577506759845275081  | 0.0078675888463319108151  | -0.012183224678781578998  |
721   | 0.0069373349952832948778  | 0.0048808751018865996485  | -0.0064302190102249641435 |
722   | 0.0021338811427806659952  | 0.0067114849199521276965  | -0.0025012604367591830153 |
723   | 0.0042212133024117507243  | 0.0049143792453661908765  | -0.0041574037376267735169 |
724   | 0.0073231222054814335692  | 0.0054407040163999120103  | -0.0066418779316479497829 |
725   | 0.0087766896786376329131  | 0.0063608463763888010642  | -0.004666026184229590118  |
726   | 0.0030657402864385963244  | 0.0071154117218449998775  | -0.0047114995714886897735 |
727   | 0.0033354506051775675672  | 0.0030295217000737353907  | -0.0041768854963511788808 |
728   | 0.0049561373516691289293  | 0.00058980115406009458318 | -0.0010416601405063511537 |
729   | 0.0099331937522587499673  | 0.006297934261700561219   | -0.0068859489532584099505 |
730   | 0.0084636890383946120769  | 0.0028542982235134372639  | -0.0012378778542433081095 |
731   | 0.0058307903133279761695  | 0.0018466319163215011521  | -0.0056701381980827471677 |
732   | 0.0043324589538143989595  | 0.0098750849889307212859  | -0.012205158429757934774  |
733   | 0.0080518079041568772075  | 0.0084462027195899604115  | -0.0063326333047259968784 |
734   | 0.0050929647151552008555  | 0.0043967770796364295458  | -0.0066603417752446871999 |
735   | 0.0045841111926534436338  | 0.00031456306036839492462 | -0.0026434444214367917164 |
736   | 0.0093322949429487933592  | 0.00029209189199824563132 | -0.00025060581990587560506 |
737   | 0.0061309476661660514477  | 0.008017077044465104399   | -0.0044878271435268516504 |
738   | 0.0022986810117804666945  | 0.0072902853934140006767  | -0.0083723426482888736039 |
739   | 0.0071379116467354484371  | 0.00080720082037910925992 | -0.011410738425149421008  |
740   | 0.0066037479362691274207  | 0.0033574377835500911378  | -0.009605239368499069591  |
741   | 0.0017502580846654222212  | 0.0068719170218183031965  | -0.0010946463239741020031 |
742   | 0.00082326413937859252695 | 0.0046448617135906649853  | -0.00061000395635761898647 |
743   | 0.0035973727254005809055  | 0.0047262152457691868762  | -0.010788303735593167063  |
744   | 0.0089217129366593768414  | 0.0049899619266622766492  | -0.0067656975928500765263 |
745   | 0.00166967580605926493    | 0.0064519863097901100635  | -0.0076255638040185619309 |
746   | 0.0068304481735958618924  | 0.0036420537190607589831  | -0.0015762639505812966762 |
747   | 0.0046011100610317962056  | 0.00058711453119959387727 | -0.0043594476244007201657 |
748   | 0.0086048376384536343076  | 0.0031790887610577971308  | -0.0073272700866329094904 |
749   | 0.0099651328179631831067  | 0.0041464083330390259091  | -0.0085849846420058498891 |
750   | 0.0080683199302943823389  | 0.0019153702738315648516  | -0.0020109726184348868279 |
751   | 0.0045198539105692076001  | 0.006770288623298907453   | 0.00091646076743671825004 |
752   | 0.0020364579494758787599  | 0.0087033200196908119817  | -0.0062296453037040322095 |
753   | 0.0073622870771093227443  | 0.008972231202278137599   | -0.0024538193202553034919 |
754   | 0.0059953981048353919767  | 0.0080439582583894039813  | -0.0030335123554417454082 |
755   | 0.0013818130573954817784  | 0.008116388539478741615   | -0.0046062441874757846863 |
756   | 0.0084803426165659667735  | 0.0091154742688731756062  | -0.0033360111204451098864 |
757   | 0.0063801794196980772186  | 0.0044032503613661896219  | -0.007696393510087955539  |
758   | 0.0030987374082525557389  | 0.0023354716944881423295  | -0.0077645802889538097571 |
759   | 0.0042236802029511355538  | 0.0099661774076210164763  | -0.0045360549815944943564 |
760   | 0.001537538072853318399   | 0.0096051830647340286778  | -0.0054914659423203693658 |
761   | 0.003367780676150760287   | 0.0088306588527710047631  | -0.0087683746950978757456 |
762   | 0.0079191461442086261147  | 0.0037718549555741391795  | -0.005511693276584263973  |
763   | 0.0081517579309075965943  | 0.0040040907145750094867  | -0.005341193329756821831  |
764   | 0.0065231977759463840791  | 0.005052958027371650708   | -0.0064771992262801243029 |
765   | 0.0019815348688839422991  | 0.0050170068467811869059  | -0.0042334109751055630858 |
766   | 0.0077194781049786057731  | 0.0068515023871115326992  | -0.011098775364194136614  |
767   | 0.0052882025593957377244  | 0.0020693400151271211518  | -0.0073508571333547947924 |
768   | 0.0036014616252457911511  | 0.00052155912120202855501 | -0.0083412131810427433964 |
769   | 0.0014583740639026998836  | 0.0056380828076247370417  | -0.0042586083187585660817 |
770   | 0.0010462396272271239951  | 0.0089052888041706475264  | -0.0015489148020843711197 |
771   | 0.0071732353703709587564  | 0.0062344707288827455952  | -0.002871015082614041241  |
772   | 0.0029457025231098537404  | 0.0094750254108475987641  | -0.011175341101443282688  |
773   | 0.0005202652406003921556  | 0.0018974710865391651235  | -0.0026522144630104667329 |
774   | 0.0076261146139528918075  | 0.0088934207019817513445  | -0.007821503728395724428  |
775   | 0.0085117292675079107844  | 0.0041023409405237269351  | -0.006116599680513403782  |
776   | 0.0032478662089960182689  | 0.0056505221297287492807  | -0.0083714370488397003151 |
777   | 0.0086337374381194598172  | 0.0051966127527908918815  | -0.00154501889899732168   |
778   | 0.0019722925267289755959  | 0.00010560280569269445562 | -0.00071428091586243328166 |
779   | 0.0049120567716834356159  | 0.0043310159659807083085  | -0.0025484487279668175015 |
780   | 0.0077683336572810148674  | 0.0061878351481196962325  | -0.0084572484248198447759 |
781   | 0.002090627453785699405   | 0.0033314582471107891115  | -0.0015761671693609977281 |
782   | 0.0016952920177729304159  | 0.0032309717328852139047  | -0.0098982678185998741738 |
783   | 0.0029912561473599461569  | 0.0055997814272864820939  | -0.0015507961147479209195 |
784   | 0.0082708922603280613656  | 0.0037339707355648855611  | -0.0081344709269498098603 |
785   | 0.0014410427508413420263  | 0.00060377049659397536048 | -0.0067325797860207725956 |
786   | 0.0041121124365495519484  | 0.0064965751081803605957  | -0.0042958888734407549292 |
787   | 0.0026351302626568128169  | 0.0011313561263191396385  | -0.0003407814393739728759 |
788   | 0.00083684990546429357389 | 0.0060863560096937668539  | -0.0083106462933954065864 |
789   | 0.0053313868151073171703  | 0.0052594218896449083239  | -0.0097043526949619363792 |
790   | 0.004914377902238092552   | 0.0042225596627267587488  | -0.0063183708358380665307 |
791   | 0.0012722902349767597607  | 0.0091009526064015754815  | -0.009950817936462769131  |
792   | 0.0032648998716240202819  | 0.0022711856697601342896  | -0.0027901880420416204885 |
793   | 0.0061914281734924865586  | 0.0015675935737053175653  | -0.00092769981366888870471 |
794   | 0.0094079471412283430937  | 0.0061215785326351043402  | -0.012388771684774308249  |
795   | 0.0041763617595940941835  | 0.0070144702174425276053  | -0.0068228494307418039583 |
796   | 0.0046662836580595003569  | 0.0067282881778441133713  | -0.0015367117212654649548 |
797   | 0.0019562293805982580719  | 0.006675564694098218288   | -0.0066875170866296188704 |
798   | 0.0029580073130066812485  | 0.00053682791494520458973 | -0.00065545786020630486448 |
799   | 0.0070000281526631366255  | 0.002399994160514434989   | -0.010169410141877411116  |
800   | 0.0070056135840563934711  | 0.0080232420071984795334  | -0.004971284275025493124  |
801   | 2.839978778317363563e-05  | 0.0020405694568214620584  | -0.0014048731752277193296 |
802   | 0.0031170583138818079398  | 0.0095427461767182940322  | -0.0049174107713181288218 |
803   | 0.0079297545326693450601  | 0.0083676977000635872905  | -0.0027596441926242688651 |
804   | 0.00089787862304876249649 | 0.0039805745920186100945  | -0.010010174631940390796  |
805   | 0.0028593744002846908404  | 0.0040456553038438567566  | -0.0054675185401802531629 |
806   | 0.002401872940972194035   | 0.0039122158857471597826  | -0.0017366155024778231857 |
807   | 0.0019451322417025052568  | 0.0082054415920911165372  | -0.00091323297760582163984 |
808   | 8.2355302091919127278e-05 | 0.0021814079647023928467  | -0.0103610728205733027    |
809   | 0.003111366737941750199   | 0.004179511405130956897   | -0.0071664449378764580323 |
810   | 0.007032460837680816132   | 0.0035128099222991541334  | -0.0010266510299416101246 |
811   | 0.0075219729319754508393  | 0.0027091191621957545071  | -0.011897615571815881377  |
812   | 0.0083827810966495882455  | 0.0049588753161691062621  | -0.00934156166264780638   |
813   | 0.0062652664096214498446  | 0.0046646285142667174087  | -0.0028838178806833997952 |
814   | 0.0045160072101479301412  | 0.0075120782090751245588  | -0.0083237366511578186196 |
815   | 0.0041971966931947874216  | 0.0035998170014711439006  | -0.0080000061883785666961 |
816   | 0.0032332787330624770603  | 0.0041106303237027144726  | -0.0080244761707963067898 |
817   | 0.0090594748090210685393  | 0.0014998679254703043383  | -0.0017876101706721097152 |
818   | 0.0076681164314743527691  | 0.0053281875698240792685  | -0.0020280479895176291294 |
819   | 0.0033603156426470380189  | 0.0059329779188927169939  | -0.0039563455833393733341 |
820   | 8.112680814819210628e-05  | 0.001537985174576436383   | -0.0049555845855699925256 |
821   | 0.0066300215460517409813  | 0.0095527755604096972752  | -0.0024788200987990562443 |
822   | 0.0023363662035808920384  | 0.006658179153659190587   | -0.0042486842254015203327 |
823   | 0.0032876848057236136152  | 0.0026104591810872778551  | -0.01135378874429626879   |
824   | 0.0058925001535153767943  | 0.0016941990182049045631  | -0.0067978759838195519649 |
825   | 0.0064557745161777481749  | 0.005631627674255226465   | -0.0084007814008911236431 |
826   | 0.0076904927572409445893  | 0.0068952177801366943202  | -0.0080519845322588566583 |
827   | 0.009026481715303199746   | 0.0073750495845380575552  | -0.0006365304390801714788 |
828   | 0.00012946865983033204318 | 0.0050284968061351121432  | -0.0080361959401417416837 |
829   | 0.0012315894090392824275  | 0.0073552053883496996967  | -0.0032820658007897706744 |
830   | 0.0028058682560554589445  | 0.0039318219643047214173  | -0.00095779613830002867207 |
831   | 0.0039117033651274221023  | 0.0076146789456613987387  | -0.00014019675675684990378 |
832   | 0.0054632127124179868591  | 0.002328860210903250464   | -0.0040597605740491354148 |
833   | 0.0090497031853674463064  | 0.0048369497238238906914  | -0.0025361842378904650604 |
834   | 0.0047322834032190860473  | 0.0079095699737401787416  | -0.010179255236074401247  |
835   | 0.0075052976170066273975  | 0.0094521551112860657112  | -0.0075367644216329243712 |
836   | 0.0098707748673814849072  | 0.0011040675277936495228  | -0.0040390184100067352824 |
837   | 0.0081058133631255503693  | 0.0026888315725752411599  | -0.0033337915371040673963 |
838   | 0.0066014068137226263738  | 0.0013479915177418966537  | -0.0092512814627459943884 |
839   | 0.0067426880022240700402  | 0.0026981969651163864761  | -0.00089701520964977565168 |
840   | 0.0092246718658592630202  | 0.00052444651511680112892 | -0.003530790174151932255  |
841   | 0.0064156050898611155162  | 0.0011602917396239711533  | 0.00074423066230257467566 |
842   | 0.0028844026547478413339  | 0.0065595089988426547728  | -0.00091725562405769718675 |
843   | 0.0065863210010832767133  | 0.0073682673364197951923  | -0.0078884255021886614395 |
844   | 0.0038338397809801884157  | 0.0012361275542638646818  | -0.0056956773567316170206 |
845   | 0.0096441364879696015594  | 0.0024914305792000045713  | 0.00030930995207570626676 |
846   | 0.0086322562425012547976  | 0.0022849103498312453749  | -0.0028197111988309104223 |
847   | 0.0092626489207997490111  | 0.0074865258661102928109  | -0.0041494501031251636303 |
848   | 0.0043695912904850630135  | 0.0015270555167399132643  | 6.4208449508072507365e-05 |
849   | 0.0062910582680125292504  | 0.0051467106086586795338  | 0.00029327439914098767451 |
850   | 0.0040823737694808698989  | 0.0035685229612028861353  | -0.004952689224878995336  |
851   | 0.0050227971277180356521  | 0.0067500346095615663955  | -0.010137726545276452145  |
852   | 0.0051479048756238165313  | 0.0088418146087376105896  | -0.0064042518829472436584 |
853   | 0.0092852508351911732659  | 0.0031607989105167811489  | -0.0070969116423322412338 |
854   | 0.0079832865678680850485  | 0.009309674103694957556   | -0.0026630800201770713463 |
855   | 0.00016230036873305208191 | 0.0037307695634939954873  | -0.00047650581198643485572 |
856   | 0.0098435967404957250976  | 0.0031436545459039627257  | -0.0018635094198073427069 |
857   | 0.0081991993121077830914  | 0.0076438878866832704606  | -0.008084239963469871601  |
858   | 0.0054779390576716975245  | 0.0030594597143249854972  | -0.003228609856754174022  |
859   | 0.0020321610664461799318  | 0.005366299309616051269   | -0.0063311369395713558428 |
860   | 0.0077240623217656430646  | 0.00075741602987752885013 | -0.0030509159645970055329 |
861   | 0.0011481246297622238559  | 0.0024073602937317766307  | -0.0071127281256000585846 |
862   | 0.0088346950097986896855  | 0.00067629570695874332512 | -0.010651500225741772007  |
863   | 0.0011616756718540698079  | 0.0073051923000380970807  | -0.001406822504161949882  |
864   | 0.0038692705117612633155  | 0.0045071182541581763376  | -0.0044687817511937502277 |
865   | 0.0057584989964646485575  | 0.0042517411957095005426  | -0.0011844323692855348966 |
866   | 0.0053373427217584135801  | 0.0096728200453849704638  | -0.0041595732151635299648 |
867   | 0.0049969106897098259507  | 0.0057905855402900557535  | -0.0092945611873160183941 |
868   | 0.0069083053287049538821  | 0.0078566825745008221638  | -0.004015502221605514975  |
869   | 0.0037043578197986709241  | 0.0049518865377178814674  | -0.0087810552469287598415 |
870   | 0.00018550435146789761003 | 0.0037568472451189817603  | 0.00058428559056538558261 |
871   | 0.0081247682585662336224  | 0.0017721396223429437215  | -0.010985893945797046631  |
872   | 0.0039758830241757902105  | 0.0022533958087878045752  | -0.011279189149809840109  |
873   | 0.0077412749050963089101  | 0.0034386596872761701627  | -0.010585157722502904279  |
874   | 0.0058192295233496314083  | 0.0014192164820896605634  | -0.00024045499278505465778 |
875   | 0.0064642767543812420725  | 0.0064230315308163353841  | -0.0066147361987381331216 |
876   | 0.0045082919012149960669  | 0.0015836556236839458532  | -0.0026846949470189008548 |
877   | 0.001138508744038213517   | 0.0053090335411218837411  | -0.0042148816454613963201 |
878   | 0.000418446344527163578   | 0.0034395709095284107866  | -0.012216459741582082893  |
879   | 0.0056050065321125372431  | 0.0080501214173936911506  | -0.0040176334038170375892 |
880   | 0.006156000122595922143   | 0.0055767528227762281495  | -0.0032322310391131952277 |
881   | 0.0043107715086210069907  | 0.0045003280168870278544  | -0.0061318243910344740269 |
882   | 0.0054937612069112665494  | 0.0059390830329558866665  | -0.0070265588678549966567 |
883   | 0.0074711957058358827166  | 0.0054413843150000942156  | -0.0028138585187560995193 |
884   | 0.0081506450187929010281  | 0.009323455547672701918   | -0.010183074300842245505  |
885   | 0.0095380173497890425455  | 0.001465948044515884589   | -0.0056926605009752105288 |
886   | 0.0044317301244178267799  | 0.0050863007780324060586  | -0.0030046759541875922746 |
887   | 0.0024821520337865088032  | 0.0016684345821924224159  | -0.010862125661148596192  |
888   | 0.0078144506145839918998  | 0.0030855410692238686293  | -0.007128832011377233234  |
889   | 0.0036838059319095426553  | 0.0096513077405884894339  | -0.0093094826713325199569 |
890   | 0.0054587036362976921328  | 0.0070754194392299409391  | -0.011791801200500053384  |
891   | 0.0039245323082332831885  | 0.0063617544655246395166  | -0.001300867984220101508  |
892   | 0.0057646031493899015791  | 0.0090903243916810871905  | -0.0044921095082903145582 |
893   | 0.0062482519826414645303  | 0.0048619379882053519529  | -0.004252681134941592965  |
894   | 0.006601056710460784932   | 0.0048241609762197830424  | -0.00010428368887022872722 |
895   | 0.0045481270960416736449  | 0.0075590007606862090819  | -0.0050520261486719569496 |
896   | 0.0021726098366416858772  | 0.0014848286557751211572  | -0.010809057693886604812  |
897   | 0.0090657421550045681063  | 0.00036217613820086028446 | -0.0077348296266636631588 |
898   | 0.0023567250650025671835  | 0.0042445950326589348967  | -0.011774980669407887623  |
899   | 0.0019169701263003703813  | 0.0040620231717977467109  | -0.0074478478977305874117 |
900   | 0.0051584785881362144044  | 0.0084270054428321576612  | -0.0091401110864234857978 |
901   | 0.0051090581464460797442  | 0.007197790903054215525   | -0.0093135625438188276992 |
902   | 0.0052393766400113048198  | 0.0010182151658666223522  | -0.0038934188872793949743 |
903   | 0.006173026647856860033   | 0.0070160627097162258856  | -0.0034784705860932321059 |
904   | 0.0038024995363581670649  | 0.0093380472588148986934  | -0.010714830411792228629  |
905   | 0.0072786395444032212301  | 0.0065876052209862976869  | -0.007055541226950861125  |
906   | 0.0079576943309435568125  | 0.0039624165396090864355  | -0.010655063848989900291  |
907   | 0.0036798457842423565496  | 0.0085896786927200825812  | 4.0755389728055842658e-05 |
908   | 0.0032362933000696066446  | 0.0047877066273127972737  | 0.00091399459827760606324 |
909   | 0.0065528941008463712642  | 0.0030309484334282944459  | 0.00020949209661769732866 |
910   | 0.0031996778779988274515  | 0.0067930851253508962515  | -0.0037733402183263721995 |
911   | 0.0097168267224796087134  | 0.0084190807095542476157  | -0.0011549528854420901963 |
912   | 0.0088459265429783034279  | 0.0043974591077216322252  | -0.00028875081051469284922 |
913   | 0.0060121927786019610865  | 0.0050379937202568543173  | 0.00050777663520551723914 |
914   | 0.0027514325544626232201  | 0.0041368691385696718457  | -0.0055311207416067487141 |
915   | 0.0043439398592807617824  | 0.0033865541374212843745  | -0.0097368574316390073264 |
916   | 0.00047296185831934299581 | 0.0035282014542887211311  | -0.011991990008255126732  |
917   | 0.0029577917700870652758  | 0.00048950443091708834269 | -0.01004546234070484434   |
918   | 0.0027176304057464134231  | 0.0033544354207192218428  | -0.00093134304940634647652 |
919   | 0.0020429348698371200231  | 0.0071549841220768109831  | -0.012151342668310078157  |
920   | 0.0085350697422281740501  | 0.0092388044701998787989  | -0.0037989474909069340276 |
921   | 0.003331183900091230863   | 0.0037372854172902729951  | -0.00099542957477455947662 |
922   | 0.0057977141292439122663  | 0.002954137242843843901   | -0.0038548161008006317889 |
923   | 0.0056486603829692273032  | 0.0077442850111578602837  | -0.0035217406286362543631 |
924   | 0.00076910640782287711774 | 0.007568058768740170382   | -0.0041987335005709341615 |
925   | 0.0038219507454997922805  | 0.0038848333748084462949  | -0.01105054867123828749   |
926   | 0.0064685230062351325303  | 0.001185523075874607337   | -0.012314443312372417433  |
927   | 0.0014110553942321343857  | 0.0067416791232152483218  | -0.0039669306750776964568 |
928   | 0.0041399504223058195343  | 0.0092112927555128842894  | -0.004856938416093352362  |
929   | 0.0074118204012097463687  | 0.0066534053930705980284  | 0.0008925708862874961666  |
930   | 0.0062653937479935023838  | 0.0041252859772293653737  | -0.002571013902341763406  |
931   | 0.0048795039521078789613  | 0.0018293438801950856389  | -0.010437343626314923503  |
932   | 0.0085498976514977835517  | 0.005351884270257826863   | -0.0020052689511340943823 |
933   | 0.00056390129159613873542 | 0.0041935256108453777824  | -0.0023084193941854602369 |
934   | 0.00329646652220724019    | 0.0073189622336211554443  | -0.0074714459342332456213 |
935   | 0.0025280744557167611486  | 0.0072080305180830641157  | -0.0096619056622435535442 |
936   | 0.0029455518442978861904  | 0.0024833935393785890738  | -0.010739733764307526562  |
937   | 0.0030776414721686690644  | 0.006233694076756790721   | -0.010591944165499498492  |
938   | 0.0062005952366727202021  | 0.0026411475354717081458  | -0.0087263103733360158909 |
939   | 0.0053197545200182596789  | 0.0036762603231315577404  | -0.0011946103230522655235 |
940   | 8.4182337074357129381e-05 | 0.00022464689805168171536 | -0.010886045544613955072  |
941   | 0.00070396318435626131782 | 0.0038654521825750368103  | 0.00029501613726621477496 |
942   | 0.0017840639641100522212  | 0.0033537474343278269803  | -0.0054355600360111956323 |
943   | 0.0061404798166325765679  | 0.0082757958079840883425  | -0.00045243453991362377704 |
944   | 0.0092382411309427335533  | 0.0072792127160849050965  | -0.009833911853224653124  |
945   | 0.00092577285669436057847 | 0.007081553430861594646   | -0.0034303065488023253525 |
946   | 0.0074679900313313037422  | 0.0046700336377431105744  | -0.011856139727265820397  |
947   | 0.0083722887944716554293  | 0.007488139976302887052   | -0.0015337519284697326023 |
948   | 0.0080836347335719142826  | 0.0066580556977825881837  | -0.010007923766006020933  |
949   | 0.0061350362299828209434  | 0.00061694565237005113707 | -0.0095444572186638328148 |
950   | 0.0056628784455352359703  | 0.0085784377120790861887  | -0.0072488532700317317645 |
951   | 0.00389933745864778393    | 0.0057847105937770147352  | -0.0019248755811397694898 |
952   | 0.00024498237443398612929 | 0.0067505687074919896659  | -0.0095815121609842419242 |
953   | 0.0078080311139238130907  | 0.0064512875894078055422  | -0.012087452237996674717  |
954   | 0.0027181748500688038273  | 0.0016072202632489119515  | -0.0045510718790195163128 |
955   | 0.0034940275241367481363  | 0.00034804939635685544583 | -0.0038829307682540152406 |
956   | 0.0062467331724787725569  | 0.0031402047464760031448  | -0.0060525483170385139739 |
957   | 0.0070612121562079431525  | 0.0054097934345917171942  | -0.0078109764583495725626 |
958   | 0.0063964350691019860803  | 0.0087885278508252045321  | -0.0058209945574423495665 |
959   | 0.002030485760908339217   | 0.0097126266402214299356  | -0.0058196344983982633767 |
960   | 0.0035672624467578944313  | 0.0047775136516072201631  | -0.0030556925508465225191 |
961   | 0.0032831322309560149672  | 0.0074363025499474127988  | -0.0096374586352585087795 |
962   | 0.0071465445329077009404  | 0.0042491996522077482568  | -0.0055726491122948867626 |
963   | 0.0061442982174318436575  | 3.8873510544168768648e-05 | -0.0090198467210948537337 |
964   | 0.0040634745158492999867  | 0.0066320868350191394813  | -0.0050058064471770157    |
965   | 0.00038262020319048518175 | 0.0090230128784157415806  | -0.011098818080570820727  |
966   | 0.0074631627635983058613  | 0.0099926592165586729938  | -0.0040026323508409178409 |
967   | 0.0030640294783312576471  | 0.0054897129280788445685  | -0.0086168684145230042132 |
968   | 0.0047342143465534131802  | 0.0017094819267573337432  | -0.00045137508194770280864 |
969   | 0.0063452338551684001056  | 0.0016760013513718995549  | -0.011702471361229723965  |
970   | 0.0031437978488157328032  | 0.003198054876792374903   | -0.0047140411766633033216 |
971   | 0.0088165556510786668998  | 0.0071284433386227660442  | -0.0085435619601202765494 |
972   | 0.0071827142808854917144  | 0.0072144068887271149346  | -0.0073864945954214581911 |
973   | 0.005526416556166049987   | 7.5763542500994674367e-05 | -0.0053771358972476814356 |
974   | 0.0069539173944031303781  | 0.0025534298530608219233  | -0.010861252500508291122  |
975   | 0.0012000387925768369029  | 0.0034390971167849093346  | -0.0047893013381604303616 |
976   | 0.0021489104334318199184  | 0.0074344024561936450368  | 0.00033812220111704895803 |
977   | 0.0066026587457868810005  | 0.0084783212820460363002  | -0.002751009469072437149  |
978   | 0.0063979013131080673601  | 0.0049304127427418501309  | -0.0062399693396139217783 |
979   | 0.0083738483480910157891  | 0.0014033851801917216189  | -0.012080821353361867812  |
980   | 0.0042710710074950475335  | 0.0063977850257548023877  | -0.0090666278445757485932 |
981   | 0.009497719184048666885   | 0.0016820985242615657269  | -0.0099882601506188772866 |
982   | 0.00045604717358680129779 | 0.0068212965214381462639  | -0.0028774613113178139703 |
983   | 0.004686034705277387219   | 0.0070850871189308446685  | -0.0086392095748988127074 |
984   | 0.00420462290373171       | 0.0059145794643417001768  | -0.0092767868018993095147 |
985   | 0.0097185197451336146485  | 0.0015165051539180081364  | -0.0094797017912730784095 |
986   | 0.0012447805171952545239  | 0.0057246755204562174354  | -0.012255023325043046603  |
987   | 0.0066577357915276087763  | 0.0059970092766715409061  | -0.008868038653681849931  |
988   | 0.0038726500537562607782  | 0.0091602491276024100575  | -0.0014063225342509462143 |
989   | 0.0017871258622807692246  | 0.0025620198630179535568  | -0.010407370005523365608  |
990   | 0.0051207067559789739078  | 0.0042487177113556028399  | -0.0068931100410125891939 |
991   | 0.00081733982446022485167 | 0.0099639989535027263801  | -0.011225990681246324904  |
992   | 0.0022216337824887762327  | 0.0098397517056046483741  | 0.00030382948195134562054 |
993   | 0.0016316726135582845011  | 0.0012894061142872470863  | -0.00037163502783322182677 |
994   | 0.0087253457218679480317  | 0.0046794748902491229911  | -0.003978518036891684484  |
995   | 0.00038215362831601188852 | 0.00094297516130248024667 | -0.0074575548547824825618 |
996   | 0.0078119601430500064734  | 0.0099650488104826850932  | -0.0077856069711883532994 |
997   | 0.0057076236901816646344  | 0.0091464830344278724022  | -0.00029441620127232669439 |
998   | 0.0084193232200643463442  | 0.0035867493722202292185  | -0.0056384537744943079643 |
999   | 0.0034482239976258177196  | 0.0024953838531326529536  | -0.0017463386300006064275 |
